0 0.0530431053193456 -0.811400782512013 -0.5844901796770353
1 0.035052031766276345 0.5313450051585226 0.8471555261538991
2 0.034867028480857286 0.7130552710797405 0.7011078236515391
3 2.1342875643770576e-05 -0.5703343381146261 -0.821412650722736
4 0.10777838969991631 -0.031075880761998832 0.9995170281865468
5 0.13103985530094972 0.3239783658108269 0.9460644896023452
6 0.01864355800479637 0.1721641973175015 0.9850682662445382
7 0.09932939683220829 -0.5212587636401578 -0.8533986766619304
8 0.0341956688749662 -0.39079153211316464 -0.920479211296293
9 0.03610098912590961 0.9998435865081057 -0.017686223978232128
10 0.05472405091260059 -0.701294314668993 -0.7128718567968212
11 0.06093655489457588 0.9912674718009863 -0.13186659679115423
12 0.06204438488068179 0.7047086798739444 0.7094967769555565
13 0.07024149606181788 0.9890078728767293 -0.14786286683223462
14 0.0004846321451956036 -0.8803679253306678 0.4742913830642254
15 0.05129386135658641 -0.881178213850851 -0.47278425886933223
16 0.05367734834240395 0.4482295248065989 -0.8939185047260464
17 0.07281815132792505 -0.7415980004484659 0.670844546620778
18 0.07855913726156273 0.4798566904686925 -0.8773468849961419
19 0.13281659610282873 0.7403092420173922 0.6722664845012237
20 0.04578543129527468 -0.9999991912641297 0.0012717983670970062
21 0.11064317741313744 0.4757413861723335 0.8795852053569493
22 0.07041351187672124 0.10781675926457596 0.9941707833273338
23 0.033417582453154314 0.9964100781699813 -0.08465787690044971
24 0.03209386599195494 -0.998682177399333 0.05132161868966323
25 0.04807672312129055 -0.8473679354922131 0.5310061976094671
26 0.019388161926548957 0.39468782683852766 0.9188152803178017
27 0.04258026492158828 0.7568230568768192 0.6536198134845875
28 0.04267482306602916 0.9969255505411792 0.07835462129426005
29 0.04411580689681272 0.9999932413632086 0.003676578287446413
30 0.01684491695297437 0.1295842409577399 0.9915684164470984
31 0.028240051728352415 0.7226717491394805 -0.6911913938958469
32 0.05137355957571135 0.993715226196819 0.11193770242686309
33 0.02732509350624438 0.9106218275693618 0.4132407133309054
34 0.08004488888706839 -0.17749915636660926 -0.9841209526725574
35 0.03039592643598683 0.6791175837111826 0.7340295004250748
36 0.014780321982859293 -0.8112468158880781 0.5847038598397095
37 0.11144492036458173 -0.5232733530690119 -0.8521648889551324
38 0.042177607565619245 -0.43426735160666247 -0.9007840292370505
39 0.025155221507944425 0.9940069755533852 -0.10931666181882677
40 0.07361948870052804 0.8640000151586127 -0.503491781269483
41 0.09957508085321103 0.9609734023632543 -0.27664077781554686
42 0.05062084840216086 0.30164135211579557 -0.9534214675020458
43 0.05569689946768734 -0.9368466811751064 -0.3497403264869359
44 0.07384527454832492 -0.9351526797552123 -0.35424492310638034
45 0.15815540910591727 0.5776813687963896 0.8162623574228629
46 0.05966331958456652 0.4257659942846164 0.9048333095718968
47 0.05544052411596883 0.9360382712696663 0.3518982164184619
48 0.09271639262427255 0.19431781898464484 0.9809386245963867
49 0.09742143333643909 0.93709253985895 0.34908103893036374
50 0.0028158968509959196 -0.844717065123169 -0.5352131163281593
51 0.02793104344673071 -0.05188638562952034 -0.9986529942809488
52 0.014663055863115913 -0.627803608167169 0.7783717810739825
53 0.016456000648728465 0.0040864242118959495 0.9999916505337234
54 0.024401289814305734 0.8526334065502768 -0.5225095922894339
55 0.038543772615583345 -0.9940957861583074 -0.10850607329682821
56 0.008096181760576705 -0.6465501634578354 -0.7628714741898837
57 0.056729694363499034 -0.9187226454438949 -0.3949034068586537
58 0.03944106123781597 0.648846563783983 -0.7609192707940295
59 0.06478267154374892 0.9628408327472953 0.270069492528303
60 0.05230052276382265 -0.9432878782706422 -0.3319758706708517
61 0.06848498347355207 0.11066400192006057 -0.9938578764989674
62 0.035533870073699826 0.33386578241710957 0.9426206232260205
63 0.1115991970459081 -0.3489114833364232 0.937155684396129
64 0.06439581968821138 0.9753657805969461 0.22059373073709473
65 0.042049551900449275 0.5063817869085939 0.8623093910466587
66 0.1311342318420439 -0.7926557238400733 0.6096695034718149
67 0.038364258254788376 0.43531596238991394 0.9002777420821549
68 0.04102667606272358 0.9985221873778458 -0.05434557308707083
69 0.08669368871664046 0.09669963310850618 -0.9953136093496764
70 0.048678368669476384 -0.9349004561728027 -0.3549100407820062
71 0.026251399377328285 -0.80858660895937 0.5883771713888863
72 0.02249364362154618 -0.37750560046358533 -0.9260073010611892
73 0.0631181499731391 -0.8767425347868981 0.48096000633674796
74 0.07519393733533412 -0.9988526753347873 -0.04788875626426338
75 0.00010091027515366787 -0.6953129829808327 0.7187070722473073
76 0.07241328490798186 0.8373650700429341 -0.5466440701882642
77 0.0810602828984869 0.10720603799719737 0.9942368256189988
78 0.012488409278575453 0.7758954792736747 -0.6308614786485814
79 0.040704766004250555 0.2099594490695791 -0.977710094939394
80 0.03300533833312158 0.9852039741557019 0.17138590755313282
81 0.05639304172556485 -0.9996495401789653 -0.026472567310013996
82 0.07097607333582512 0.6009861555560261 -0.7992594327438295
83 0.0147831709357356 0.8134252027101384 -0.5816695278213998
84 0.11126153175034578 -0.6007220636157471 -0.7994579427870101
85 0.01788161893786689 -0.7130873617615183 0.7010751846243009
86 0.0973091578487784 0.06049525106695959 0.9981684850757139
87 0.05778103670619686 -0.28370357579952216 -0.9589120298956337
88 0.030497038105656172 0.7839995264909524 0.620761421531624
89 0.06256276307621018 -0.9705497109119919 -0.24090093119091263
90 5.5287854705933274e-05 0.6242721640723138 0.7812069285179633
91 0.02162900029595445 -0.3357748149551423 -0.9419422878509277
92 0.07227563407615333 -0.8719950191179552 -0.48951474608378953
93 0.05083134554623669 0.9970642888038698 -0.07656894926818095
94 0.049479420762736745 -0.7398245545191312 0.6727998428437457
95 0.07972658281576807 0.68931975708591 -0.724457226129343
96 0.015197784402184134 -0.7757103385573847 0.6310891146701769
97 0.07987440719474531 0.9295906691683969 0.3685935265235296
98 0.06544741264161762 0.6983157771713572 -0.7157898262434047
99 0.09874522425691412 -0.5924948093349782 0.8055742677811325
100 0.051817583161956386 -0.03894008922136443 -0.9992415471003155
101 0.06560673188985115 -0.6387059768596774 0.7694508919506983
102 0.057522469388459806 -0.8175911001356643 0.575799264482818
103 0.0768632113082118 -0.4770531963466112 0.8788744209814515
104 0.0489984100122566 0.5207052772981231 -0.8537365016173811
105 0.0828009006579634 -0.9909065724768743 0.13455171727678955
106 0.07352088058835145 0.9594559543010052 -0.2818586024167923
107 0.06667666641908143 0.996348475536381 0.08537982956371924
108 0.00018513388153439786 0.7453500203024152 -0.6666733437262881
109 0.044686254455004404 0.5462759020698881 0.8376053001370813
110 0.05108899531030151 -0.07495437211119471 0.9971869644662512
111 0.047849139354102094 0.3234872107087283 0.9462325425115576
112 0.060146394690868465 -0.6849272152321725 0.7286114944428898
113 0.005073963955062207 0.18373540785332662 0.9829757371883457
114 0.05419720792530126 0.8023631937345383 0.5968360791206507
115 0.05166293898358629 0.9305300994312573 0.36621542028218085
116 0.07785969196789477 -0.06564606023452524 -0.9978429710007908
117 0.015182926904955528 -0.9880962168137813 -0.15383714219359654
118 0.1046734217078246 0.6008582025572234 0.7993556282529714
119 0.05520585013508893 -0.9033950286107895 -0.4288093075964081
120 3.8822452998038964e-05 -0.5821533742203022 0.8130789930160025
121 0.017817636158995467 -0.08138696431379862 0.9966825783767791
122 0.07652505760575717 0.0861183251565827 0.996284916111965
123 0.07712384101435853 0.7613257371397776 0.648369587479683
124 0.07740878426203388 -0.6999210707286578 -0.7142202004634489
125 0.027947727734558496 -0.5586418954870391 -0.8294089658344959
126 0.055655090895120635 -0.8688750891727491 -0.49503139235309845
127 0.027217271656760935 0.9466205099795494 -0.3223501358554979
128 0.05754204039927438 -0.8009262379209916 0.5987630260877229
129 0.05095286226841587 -0.640660539711267 0.7678242460725424
130 0.0962645618946493 0.752367916776772 -0.6587431349205701
131 0.021816659326450615 0.9080301057954812 -0.4189049139948674
132 0.05072133810990915 0.9321715250782117 0.3620169165016478
133 0.09295853140141853 0.9977440070293824 -0.06713342265184884
134 0.08828711997745901 -0.9648476193731871 -0.2628099529886443
135 0.06308726962786035 -0.2197706055998893 -0.9755515777826705
136 0.08464786840543723 0.4143619869969493 -0.9101121599736705
137 0.083841719289171 -0.8218384967555408 -0.5697205325864542
138 0.06692614299856502 0.9938315570509175 0.11090011816832673
139 0.00010198985718348127 0.917040295275935 -0.39879455467724967
140 0.08774443709954499 0.8418170830024916 0.5397629097716665
141 0.05236456811050944 0.4434962134305044 -0.8962762457372194
142 0.07435669197134673 -0.6327307203413093 0.7743718974345388
143 0.03771223590365333 0.8547771649642545 0.518995181341476
144 0.1038841022353572 -0.7037139382126881 0.7104834221607067
145 0.08097502135186546 -0.7512254299871691 -0.6600457206441027
146 0.12347344108210861 0.8845495044601193 0.46644632505718964
147 0.12535631217353757 0.36637938805225634 -0.9304655522965126
148 0.0778714069689752 -0.410323414764169 0.911940072206651
149 0.16835694505378626 -0.7738271194529497 -0.6333968654794168
150 0.026859662410221204 0.35033538918619733 0.9366243190755597
151 0.005827131176413065 0.31186735546521377 -0.9501256509510382
152 0.08550334358180714 -0.34703881816408244 -0.9378507656803811
153 0.00018374407839454737 -0.8172351377313125 0.5763043724086108
154 0.014232745328567827 -0.295457269155685 0.9553559557060736
155 0.05630073574544584 -0.16113775989033755 0.9869319238617849
156 0.06043280944418946 0.6184896335363486 -0.7857929582326844
157 0.04651551389118326 -0.7017512368215414 0.7124220670497489
158 0.05751955952295321 -0.6348310266289422 0.7726509998888523
159 0.052519845791931634 0.8730740524969006 -0.4875876319766932
160 0.07474431338021101 0.48410151902908716 -0.8750118395048895
161 0.05432873980815183 0.9112701970251869 -0.41180897029287394
162 0.06749931888451967 -0.05116630491548887 -0.9986901467628962
163 0.0452180349681001 -0.9998667930535322 0.016321646633995223
164 0.13895790457052054 0.23789774163229394 -0.9712902061311307
165 0.013964634585105795 -0.3579113142053635 0.9337555842744876
166 0.019994563842138553 -0.06739847851403581 -0.9977261373212556
167 0.03999728900001326 -0.17321721135329948 0.984883646778129
168 0.02214162941515922 -0.9940583071638514 -0.10884889507265608
169 0.12262697631876472 0.8025405736403884 0.5965975424529976
170 0.01963053032581744 -0.5697695371800822 0.8218045232910287
171 0.004398879716197635 0.6156480643957424 -0.7880212311897287
172 0.040166797273082686 0.5654377706338725 -0.8247909599047484
173 0.05339849235821071 -0.43303773391656736 -0.9013757934426707
174 0.04726127452634101 0.8886760630663227 0.45853555470970964
175 3.95025209906432e-05 0.5914707145326494 0.8063264809307934
176 0.031580330682126304 0.23671403224365506 0.971579367287588
177 0.04776340244214011 -0.7991336666523355 0.6011533771200108
178 0.007374800790911811 0.8388695923894846 -0.544332441587216
179 0.10395596097078016 0.9999515748686403 -0.00984113396546354
180 0.0929731687788351 0.7695250434274774 -0.638616635813646
181 0.04595515923894639 0.32245785675888156 0.9465838212300423
182 0.017207429256048668 0.993049030259311 0.11770141673336801
183 0.028379646935304727 -0.8468389548491341 -0.5318494002535175
184 0.0797856188579787 0.9733209806323286 0.22944774712540156
185 0.11422115503901743 0.9663361169216742 -0.25728293595328144
186 0.06634824669305962 0.9321325662706196 0.3621172170689333
187 0.04806395051892439 -0.3886018884527379 -0.9214057587680716
188 0.006740953244177013 0.8004747255296903 -0.5993665103992438
189 0.04968738200245597 -0.8620997203783328 0.5067386625506292
190 0.07912974790382009 0.029063656118080563 0.9995775627198972
191 0.04382012718591947 -0.026549153168545798 -0.9996475091081021
192 0.020739397781910297 0.34573582352115145 0.9383318924208807
193 0.09982400949688988 -0.6332763443807544 0.7739257533172986
194 0.03684772637401229 0.9233477517610016 -0.3839647500981095
195 0.005976567093024133 0.9699043143090451 -0.24348638788380134
196 0.05813771693533319 -0.872528726895133 -0.48856281146108366
197 0.05868988853959478 0.18087378022561626 -0.983506317024398
198 0.06727072847161812 -0.23344263885115757 0.9723705746093966
199 0.0857134140182475 0.8961240875876971 -0.44380358228062716
200 0.05453606274910011 -0.32772671611791654 0.9447725649819466
201 0.11875463830073106 -0.05433051483004195 -0.9985230068247314
202 0.06984679763557619 0.999288393594437 0.03771878083196079
203 0.09789522156533177 0.16926750856990597 -0.985570144912343
204 0.002813967066941011 0.8372647744650805 0.5467976750498651
205 0.05248435152262311 -0.9425202166868801 -0.33414913008493147
206 0.10201927965463368 -0.693275713936451 0.7206724529672992
207 0.017834122105935744 0.40780195356400145 -0.9130704061951542
208 0.0522154667825963 -0.13531449525424238 -0.990802698509693
209 0.05587195386756397 -0.9957409678590491 -0.09219503743219642
210 0.05220244680715905 -0.9935636172919177 0.11327549776452005
211 0.0748569511794794 -0.6136907743040922 0.7895464733212629
212 0.07992435020393995 0.5846193743294928 0.8113077018977402
213 0.030889566324348743 0.9993750585787035 -0.035348158237920285
214 0.07351573279038255 -0.23599711393718031 -0.9717537559553456
215 0.04118636598628942 -0.9844605366048458 0.17560595624209066
216 0.05201242590598405 0.2083583181488248 -0.9780525605805616
217 0.0805364538570756 0.9681555171052952 0.2503495450336954
218 0.07905452511295144 -0.7676377225674342 -0.6408840198440611
219 0.09272644593522437 -0.15492915892813275 -0.98792558207277
220 0.02729853206511808 0.5447128993040355 0.8386225952905106
221 0.022911591742940076 0.3724669225651497 -0.9280454684954001
222 0.06604864699015606 0.9030460858826894 -0.4295436727178673
223 0.08049034743958654 0.9115072262514253 -0.41128405815376895
224 0.06929300217148818 -0.9812986745003656 -0.1924913281782473
225 0.039049733125133 -0.999925743504589 -0.012186364379707068
226 0.03753324721295973 -0.4152503246014346 0.9097071880107375
227 0.08083114289279704 -0.8725252154116652 0.4885690825981801
228 0.020431016584045333 -0.7522069730755396 -0.6589269076737831
229 0.060096981388065816 0.2746162944483036 -0.9615538938736001
230 0.13387514426376967 0.09055864696003252 0.9958911243006277
231 0.044468459395659576 -0.7362565394972842 -0.6767025255217273
232 0.07508623410646477 -0.9804980609642041 -0.19652875729886446
233 0.028811197787949813 -0.16843047793102983 -0.9857135355182686
234 0.04346875951070559 -0.9990295294085033 0.04404542393738913
235 0.07593852707243264 0.5463582043571568 -0.8375516178311778
236 0.016458530279640032 -0.0049448279238970124 -0.9999877742636673
237 0.03491103937950667 -0.6421348686413522 -0.7665916843241605
238 0.07810888773481832 0.6374022371027515 0.7705312376123422
239 0.07105658145361618 0.6514301980234383 -0.7587085719188521
240 0.009796617773474936 -0.23024771302631428 0.9731320520084373
241 0.05079957140550389 -0.9585796685316332 -0.2848245408629392
242 1.4351815273060208e-05 -0.9851297805976944 -0.17181186041580018
243 0.08806593747147409 0.6723094728685552 -0.7402702024877169
244 0.14267106487578096 0.6276088281333834 -0.7785288426571242
245 0.052645184058697905 -0.8950578940966389 0.44594995931751125
246 0.04623451995565324 -0.9517445153062181 0.3068914752555569
247 0.0665739400904631 -0.1324662735244072 0.9911875132277227
248 0.060424780840726534 -0.9306381117099609 0.36594084909028435
249 0.15117221408284576 -0.31508763672619833 -0.9490625802244546
250 0.06189325185232329 -0.11215539551151682 0.9936906798685672
251 0.028416230886662317 -0.2005266620709864 0.9796882452079684
252 0.033700395629030315 -0.2190516476953357 -0.9757132650743038
253 0.07419328533205559 -0.7331315492166356 0.6800868558818173
254 0.011358401843005133 -0.6132116686210877 -0.7899186347130578
255 0.0619468763480879 -0.9760160392760927 -0.2176986244233266
256 0.021985262934951115 0.2227295296400371 -0.9748802780989714
257 0.045991321203846296 0.3370203251911756 0.9414973714291688
258 0.04813137594951692 -0.44183661974484256 -0.8970955364131802
259 0.06403818384224833 0.7699091404859371 -0.6381535202411764
260 0.034182284677470025 -0.5107317595359189 0.8597401175944649
261 0.06661378639031638 0.7677161958080814 0.6407900145086279
262 0.06589250303249244 -0.22574986436165725 -0.9741853000023627
263 0.07251176353846894 -0.9582998571339537 0.2857645601138179
264 0.04686149977917051 0.02663942723215087 0.9996451074840225
265 0.07040951531817954 0.4754970226819363 0.8797173304082477
266 0.08854779984086139 0.8935118623572178 0.4490395882624786
267 0.026362529742398878 -0.8318208195606397 0.5550442542225491
268 0.08358356138203492 -0.20258240255537124 0.9792652195268111
269 0.020968796457688225 0.5670386783393918 -0.823691166194658
270 0.10317929195408929 -0.9399274589876081 -0.34137424015455275
271 0.08431494558655088 -0.20408148108972632 0.9789539054910725
272 0.08483721053658837 -0.32440321202785033 -0.9459188950570834
273 0.02437441754920013 0.27305394992991106 -0.9619987216351557
274 0.04144982398079773 -0.999408307945144 -0.034395261450150406
275 0.06228708649995871 -0.6778547762065237 0.7351958258681857
276 0.04735844010670965 -0.8135903687526344 0.5814384850291151
277 0.03899228835503314 -0.5350910700467549 0.8447943813474489
278 0.08701699085141093 0.904785992670141 -0.42586653715443235
279 0.06318372229821438 -0.46868619503176906 -0.8833647324784042
280 0.11720825815866598 -0.6654947481599326 -0.7464025322649621
281 0.06638047733130559 0.9422150058522827 -0.335008780104019
282 0.060081498304843814 -0.06695480606218547 0.9977560092252891
283 0.07283906027130135 0.6372168797126597 -0.7706845322239585
284 0.06499766748642712 -0.872755883170113 -0.4881569096017756
285 0.05714359123784223 -0.9992812432736172 -0.037907741182163224
286 0.06122368433406537 0.6100241089133378 -0.7923828535149459
287 0.04952988638765289 -0.9967485138495433 -0.08057543135923426
288 0.0363010189673331 -0.8237674902397046 -0.5669277926016488
289 0.031735689130738605 0.8728714100655539 0.4879503063736836
290 0.04047257596682056 -0.876177895018166 0.48198785906030417
291 0.0687326508184426 0.9975432309491485 0.07005356798574766
292 0.054813112263881275 -0.09541100341184552 0.9954379641283252
293 0.10073585069683849 0.48946659389669456 0.8720220487230631
294 0.04280204478527525 -0.4011220931118107 -0.9160245992426186
295 0.04363233565439173 0.8853024254158324 0.4650157153826574
296 0.040209244148696734 0.4340147732725401 0.9009057534399398
297 0.053974797771490945 -0.997866669796332 -0.06528483215554848
298 0.05506222715916071 -0.24088281417184582 0.9705542075724838
299 0.08971277387285725 -0.9403423362464227 0.34022976157681983
