0 0.05470723577406909 -0.8099150517435321 -0.5865471924400217
1 0.035101667176069856 0.5302086369605844 0.8478672073458198
2 0.03431903664180823 0.7145724205647275 0.6995614739022341
3 2.1342875643770576e-05 -0.5703343381146261 -0.821412650722736
4 0.10641341566194601 -0.024475629943085678 0.9997004268974227
5 0.1313565684514624 0.327803915860261 0.9447457820740344
6 0.01810610059526482 0.1694429183863559 0.9855400029469705
7 0.09844204099959614 -0.5255577441658665 -0.8507579312279643
8 0.03391059475213652 -0.38485474323338875 -0.9229771538942675
9 0.03251018589371929 0.999980409325708 -0.006259470008685918
10 0.05560868661096515 -0.7041807021851967 -0.7100208015755337
11 0.05840613827165265 0.9913929054404577 -0.1309202316004972
12 0.061641011584478024 0.7027325869025709 0.7114540823589535
13 0.07202228718575111 0.9890936031404552 -0.1472883030883024
14 0.0065727455756879145 -0.4898092220514144 -0.8718296427590588
15 0.04971601885634033 -0.8801960255232376 -0.474610320845529
16 0.05204033716456275 0.4485882902855534 -0.8937385220626244
17 0.07267480750237754 -0.7412167554449305 0.6712657606698632
18 0.0780962426116455 0.4886965282551288 -0.8724538401952187
19 0.13153383520718867 0.739480926210169 0.6731775098526024
20 0.0463875937237002 -0.999991749515447 -0.004062130110607993
21 0.10877266883315302 0.4732354364615279 0.8809359918161291
22 0.06860181127609673 0.1141765715902261 0.9934604725402526
23 0.029980845242758555 0.9970423662553252 -0.07685388664200467
24 0.03145417008176194 -0.998095263645577 0.06169152849675651
25 0.04708622080512707 -0.8493094845997595 0.5278952541640157
26 0.017619318639021112 0.40172881287268764 0.9157586804982528
27 0.04156987969407159 0.759290795401964 0.6507514794588276
28 0.043253943838491536 0.9972610338311629 0.07396235800730093
29 0.04327494577395397 0.9999996314569157 -0.000858537147005135
30 0.015566171451890928 0.12883893018754103 0.991665533367037
31 0.026433348641769366 0.7297315388199396 -0.683733779516182
32 0.04882589928201233 0.9924424739085859 0.12271078184986786
33 0.027149421554536368 0.908651618743448 0.41755506912850626
34 0.08104319629972115 -0.17768948414295835 -0.9840866055510609
35 0.026508260847139198 0.6632160316365997 0.7484280161646816
36 0.014780321982859293 -0.8112468158880781 0.5847038598397095
37 0.11280615271319248 -0.5241861760432384 -0.851603694710848
38 0.041756328882560576 -0.43588384898594146 -0.9000029278803492
39 0.024746321280637286 0.993671903795976 -0.11232162572933391
40 0.07563074018238843 0.8668978983605173 -0.4984857408373063
41 0.09872884439393582 0.9611646840824616 -0.2759754519385044
42 0.05146599838967582 0.30059418989188097 -0.9537521339442674
43 0.05453133272356597 -0.9375958817354887 -0.34772685049137564
44 0.07453333683957401 -0.9355719909153923 -0.35313602168938957
45 0.15853620618735564 0.57791020612676 0.8161003575875492
46 0.06180149641771927 0.42583834531887854 0.9047992615249415
47 0.0560783606462626 0.9371043588074769 0.34904930984608395
48 0.095371185664564 0.19443954000619554 0.9809145045732472
49 0.0977573975691591 0.9377428352043601 0.34733035430680154
50 0.0028158968509959196 -0.844717065123169 -0.5352131163281593
51 0.02609695640970198 -0.051779085756945134 -0.998658563413029
52 0.010321237348408879 -0.6426969010612159 0.7661205475421669
53 0.016456000648728465 0.0040864242118959495 0.9999916505337234
54 0.023655182666085676 0.8538391410877003 -0.5205369546407039
55 0.037958308425679516 -0.9935953759774532 -0.11299658771938008
56 0.004409553593600122 -0.6681826602583999 -0.7439972664801987
57 0.056969825852527724 -0.9183253111355922 -0.39582650609543285
58 0.03844568093239304 0.653418882911926 -0.7569965412431755
59 0.06521607301334019 0.9644234941675698 0.2643621075298341
60 0.05104167964333263 -0.9432236064203431 -0.33215843853709603
61 0.0660792368933274 0.10035951411703292 -0.9949512389691231
62 0.02982833932381272 0.3670092453637991 0.9302172938714345
63 0.11261850020809948 -0.3466895726149702 0.9379799252862767
64 0.06597235313297128 0.9747439400703577 0.2233254380855771
65 0.04220602577392736 0.5066076832324973 0.8621766960952968
66 0.13264024254094606 -0.7939299366013828 0.6080092563178001
67 0.036595281045741564 0.4368225173398475 0.8995477132119667
68 0.041378680850747654 0.9985137332733404 -0.05450068315660265
69 0.08889850768690186 0.1016132794950478 -0.9948239750982388
70 0.04873914053316868 -0.9345217529947556 -0.3559060173411078
71 0.0244389840215866 -0.8077286390559106 0.5895544467213241
72 0.021367898060646876 -0.3757038892740425 -0.9267397626002447
73 0.06411725777219561 -0.8763498187215472 0.4816751968149403
74 0.07723055171736622 -0.9987146458341543 -0.05068585795229041
75 0.00010091027515366787 -0.6953129829808327 0.7187070722473073
76 0.07334022472173408 0.835547433188713 -0.5494183168513342
77 0.08093855277342053 0.10984539219470574 0.9939486857044438
78 0.010338322542273815 0.7727059080883255 -0.634764192126018
79 0.03977288647645776 0.20604908527836382 -0.9785416569855111
80 0.03254990904244096 0.9850846405558027 0.17207048248042142
81 0.05720730999305968 -0.9997010587857071 -0.02444980700815526
82 0.07222731035666279 0.5991239190488877 -0.8006563117989528
83 0.0147831709357356 0.8134252027101384 -0.5816695278213998
84 0.11371454828414093 -0.5993882044204459 -0.8004584813727904
85 0.015647136766777966 -0.7153309705663622 0.6987858059152219
86 0.09913254108435234 0.05477986655285245 0.9984984557927227
87 0.05841988482117892 -0.2821383604639492 -0.9593737256954219
88 0.028740547516683142 0.7749852047992095 0.6319793765166133
89 0.06412360976186832 -0.9695840847553032 -0.2447584576459431
90 5.5287854705933274e-05 0.6242721640723138 0.7812069285179633
91 0.018884002918998947 -0.3428112603578553 -0.9394043004861425
92 0.07354267808083498 -0.8722586911698036 -0.48904475835933586
93 0.051350640242039065 0.997010296697615 -0.07726880534170169
94 0.05048386692083618 -0.7407169765870723 0.6718172077252165
95 0.08090590233955232 0.68846587817514 -0.7252687326698519
96 0.014941179909376764 -0.7766433787054039 0.6299405228377156
97 0.08140063263608106 0.9301605347903098 0.36715307368808026
98 0.062143561323595414 0.697744200976418 -0.7163470039050767
99 0.09832865782623089 -0.5851519562869918 0.810923663518032
100 0.05209141972847302 -0.038835415853272846 -0.9992456206936828
101 0.06596282250154238 -0.6432469087626573 0.7656588106769787
102 0.055520412358465915 -0.817950737997505 0.5752882670534286
103 0.0759298701157082 -0.4895203889561766 0.8719918513358904
104 0.04966551781779747 0.5205529172119121 -0.8538294094151174
105 0.0846245618238401 -0.9910716880876244 0.13333007564366958
106 0.0701471119704941 0.9580764176916539 -0.2865127883064341
107 0.06703123331943116 0.9964583491229823 0.08408780210649355
108 0.00018513388153439786 0.7453500203024152 -0.6666733437262881
109 0.0466423599380123 0.5485628377827794 0.836109330771822
110 0.049283661007192926 -0.0731392681261855 0.9973217371831249
111 0.046646264261887206 0.31988464712356773 0.9474564963810373
112 0.05820550029280683 -0.6992429689111861 0.7148840958003402
113 0.003697506953304119 0.18302911953817017 0.9831074922922123
114 0.0532115794365815 0.7978735752893449 0.6028248152282701
115 0.048638410304435345 0.9324774203768255 0.3612282664567949
116 0.07423380497874985 -0.06778268871418212 -0.997700108805585
117 0.012102611230890644 -0.9879086962554006 -0.1550367951905438
118 0.10589152967450369 0.601468815997401 0.7988962782380981
119 0.053324297341442374 -0.8939360313924073 -0.4481945691085436
120 3.8822452998038964e-05 -0.5821533742203022 0.8130789930160025
121 0.01626632525960915 -0.08386862009366983 0.9964768208862581
122 0.07782282036143534 0.08713364943906189 0.9961966307589234
123 0.07714164120073652 0.7622609067054535 0.6472698896971648
124 0.07812502592778033 -0.7030524690738146 -0.7111379793888195
125 0.027248198898186096 -0.5497903605459888 -0.8353026753523011
126 0.055640605939033826 -0.8692799402007293 -0.49432012457982777
127 0.02733703313023725 0.9473246029614554 -0.32027503278263975
128 0.05970453504206381 -0.7985377079846296 0.601944788935542
129 0.049961110522844 -0.6359415123236128 0.7717372563920678
130 0.09554532734558341 0.7508578640180669 -0.6604638279589778
131 0.01987613114170663 0.9088448943810563 -0.41713422055435173
132 0.04798853896619986 0.9331831858407613 0.35940108745534854
133 0.09343924749855488 0.9978680360129684 -0.06526394643002625
134 0.09000680518353263 -0.9652998724040535 -0.2611439379666281
135 0.0605680288862762 -0.22458002168195096 -0.9744556500227881
136 0.08270160997011329 0.4194573196731818 -0.9077750585759614
137 0.08429146478707 -0.8233005132445543 -0.567605730143075
138 0.0669804324826598 0.9941891226062614 0.10764751967134291
139 0.00010198985718348127 0.917040295275935 -0.39879455467724967
140 0.08565204473872653 0.8388570337649093 0.5443517951684718
141 0.05204248479884497 0.43407404897519897 -0.900877194742034
142 0.07664908453034427 -0.6317164800816809 0.775199515475346
143 0.03601315821312454 0.8541929640020545 0.5199561330048765
144 0.105334362619783 -0.7040807015695347 0.7101199656940733
145 0.08198857468022619 -0.753986664818551 -0.6568897238317843
146 0.12461318924195598 0.8849661029877524 0.46565544833349776
147 0.12554219205745942 0.3662995934532823 -0.9304969682035295
148 0.07645101401166514 -0.39434960239641925 0.9189604948471866
149 0.1687093873286904 -0.7692557410713741 -0.6389410026197498
150 0.026333286392651513 0.34853498492251095 0.9372957720405364
151 0.012917367506651076 0.3121245191825696 -0.9500412014881511
152 0.08737550790328444 -0.34950342447319405 -0.9369350864822549
153 0.00018374407839454737 -0.8172351377313125 0.5763043724086108
154 0.012082682625361343 -0.3016372148227149 0.9534227764397049
155 0.05535462192361735 -0.15772310713525203 0.9874833778224329
156 0.05699186465507806 0.6118701765370002 -0.7909582081656276
157 0.04530541057312997 -0.7026404918835799 0.7115450366390035
158 0.05807282553469967 -0.63798290009012 0.7700505302852534
159 0.05210295060868519 0.8735764210482654 -0.4866870006364498
160 0.07702466189723224 0.48548115932417 -0.8742471297872586
161 0.05500151890606113 0.911257885659706 -0.41183621237453377
162 0.06767684345677513 -0.05451389668869533 -0.9985130119672023
163 0.045282157443033016 -0.9998432819803208 0.01770343127251364
164 0.14123984410271112 0.2460272702609661 -0.9692629066914392
165 0.01196511378930434 -0.3524169100721553 0.9358431073076269
166 0.018352497416605603 -0.06828181648070926 -0.9976660731618043
167 0.03800196881574219 -0.17281839725341727 0.9849537052931777
168 0.01906948843970516 -0.9933763510459861 -0.11490615815769767
169 0.12093980557813869 0.803351105262558 0.5955056688843746
170 0.0170604058460165 -0.5634283103444271 0.8261649587718084
171 0.002506092332228952 0.6157640012522331 -0.7879306408319453
172 0.03913234275441388 0.5652814889859571 -0.8248980774676464
173 0.05343902516804959 -0.4290007852144491 -0.9033041161676316
174 0.045066130908618496 0.8886764128875533 0.4585348767294708
175 3.95025209906432e-05 0.5914707145326494 0.8063264809307934
176 0.03208813309331981 0.23984974525763442 0.9708100224553967
177 0.04973671345963771 -0.7970846637056146 0.6038675673401473
178 0.004531431217952526 0.8411353232910406 -0.5408247108926114
179 0.1053315382400862 0.9998654381390134 -0.01640443888338459
180 0.08858907457459643 0.7710315256141452 -0.6367969743247244
181 0.04203299993359044 0.343687230191692 0.939084175036063
182 0.015055944510163049 0.9939782583365075 0.10957747010368049
183 0.025634790540094 -0.842297078852889 -0.5390135721444221
184 0.07920288287710195 0.9737624794366583 0.22756676743622223
185 0.11503815997245684 0.9665267547972373 -0.25656584390974824
186 0.06564789614200728 0.9328560320078608 0.3602493907649934
187 0.048961898648544736 -0.3847949469894376 -0.9230020849225617
188 0.005083667105765695 0.7999672461782765 -0.6000436692791156
189 0.04978893231793916 -0.8619450546358887 0.5070016989998503
190 0.08074767332413799 0.025555956345808577 0.9996733932116284
191 0.04971978542397503 -0.025689543597308705 -0.9996699692147214
192 0.020146404409799628 0.350944060045386 0.9363964260498118
193 0.09624892232551888 -0.6339155536541932 0.773402269737617
194 0.036876081073585365 0.9260037412333273 -0.3775143324721341
195 0.0033167277620486254 0.9669191966743247 -0.25508286320856344
196 0.05764510256426752 -0.8715074278377438 -0.4903823031305674
197 0.05930020855857876 0.18121904968956606 -0.9834427568646843
198 0.067375598916924 -0.23963216938508455 0.9708637512008562
199 0.08546812143064218 0.8943592182448253 -0.4473495151897505
200 0.05482362018811798 -0.33522149213202534 0.9421393480864593
201 0.11881799756685531 -0.05425949928458364 -0.9985268683102054
202 0.07189148913910719 0.999394901645658 0.034782618714890606
203 0.09846658853718857 0.1689736751177739 -0.9856205644755962
204 0.002813967066941011 0.8372647744650805 0.5467976750498651
205 0.051260417676184736 -0.9432082931786502 -0.3322019200411363
206 0.10461921289165407 -0.6975295753436577 0.7165559932907523
207 0.014981059553356896 0.3991488967956488 -0.9168861206206671
208 0.052028103593125125 -0.12941613767501128 -0.9915903707223475
209 0.05786904617147711 -0.9957920561035835 -0.09164158990871867
210 0.05215859722470661 -0.9930868607643091 0.11738180002577012
211 0.07643045946154421 -0.612839895639298 0.79020710090002
212 0.07699237132510572 0.5878431670366203 0.8089749136829621
213 0.03028771431661835 0.9992948985906079 -0.037546047072717276
214 0.0744891454194501 -0.23376125835029318 -0.9722940265652605
215 0.039391701529126015 -0.9845252191659991 0.17524295371324153
216 0.04997213044153033 0.2119476348760118 -0.9772810241023125
217 0.08148069518935286 0.9665658454793306 0.256418537459418
218 0.07989070501153063 -0.7672461735243262 -0.6413527182543779
219 0.0945519732307148 -0.15069355157263337 -0.9885805245474069
220 0.02704934689865943 0.5434898250771286 0.8394157551759629
221 0.02237199503798575 0.3710001927105498 -0.9286327891092016
222 0.06817664026873131 0.9031927110422175 -0.42923528130875876
223 0.08185721209145601 0.9152607158636136 -0.40286203841616247
224 0.0684834348548318 -0.9804981230092197 -0.19652844775094824
225 0.04021484864929622 -0.9999296368818459 -0.011862600277335947
226 0.03502867107939729 -0.4023489004575669 0.915486407490896
227 0.08286307259618744 -0.8703003159394762 0.49252143108259555
228 0.019858903973531624 -0.7551191477697168 -0.6555875781858108
229 0.06073674777131996 0.27697397892862363 -0.9608774193394527
230 0.1340793555788585 0.09457106490788196 0.9955181131863896
231 0.044599195920131576 -0.7354612690507558 -0.6775667655118954
232 0.07510655519108685 -0.9803451031936737 -0.19729034098045753
233 0.027212613404669572 -0.17174432347081853 -0.9851415570137881
234 0.04292864836996003 -0.9985192438870859 0.05439962855720873
235 0.07592414617280241 0.5410233852150612 -0.8410075485097833
236 0.016458530279640032 -0.0049448279238970124 -0.9999877742636673
237 0.03483545360459699 -0.6398924168083059 -0.7684645046527688
238 0.07551618068333929 0.6417675997473761 0.7668991771507463
239 0.07190283453991324 0.6499921834086475 -0.7599408934303109
240 0.008172891877761906 -0.22624224891115777 0.9740710676370702
241 0.052057292578783616 -0.9586494723586855 -0.28458950990226956
242 1.4351815273060208e-05 -0.9851297805976944 -0.17181186041580018
243 0.08979920499807385 0.6707194800907146 -0.7417111156149957
244 0.1424380044298018 0.6280658224822441 -0.7781602165554998
245 0.05160117222851403 -0.8924486946706643 0.451148897128905
246 0.04649431792059507 -0.951261471002326 0.3083854954217057
247 0.06931420522083366 -0.1323614145498608 0.9912015213559551
248 0.061834208276496036 -0.9299100487293062 0.36778703249606204
249 0.15089668798612182 -0.31411810255692413 -0.9493839147816007
250 0.06393473015067157 -0.11367094056308726 0.9935184534126696
251 0.027641284034472944 -0.19854345156902262 0.9800920864077309
252 0.03326511331704824 -0.21975113822778425 -0.9755559631551607
253 0.0746425064796686 -0.7324207350440851 0.6808523091519056
254 0.009616840542544934 -0.6095866991749433 -0.7927194057098622
255 0.06144744773684084 -0.9754249951136926 -0.22033174738891498
256 0.019899551412565837 0.21610110055389606 -0.9763709921640416
257 0.04649947149168188 0.3398512041489953 0.9404792177600088
258 0.048995195076746954 -0.44025325768306817 -0.8978736376013309
259 0.06283091258892061 0.7728199173455917 -0.6346253819017584
260 0.03184143753572716 -0.4953726956135657 0.8686805468298169
261 0.0641007185440182 0.7705353967425206 0.6373972092556152
262 0.06627120458826215 -0.22261944016465846 -0.9749054235467018
263 0.07063124460136583 -0.9559686941007642 0.2934686625506709
264 0.04668412092597777 0.028468779188222066 0.9995946821644922
265 0.07198555454059885 0.47552444155404416 0.8797025096501171
266 0.08902799397862804 0.8942507622442921 0.44756627914254504
267 0.025199548745449895 -0.8328631994247757 0.5534788984630998
268 0.08099548997997023 -0.19850753362012866 0.9800993618486105
269 0.016222917500310085 0.5387170190867618 -0.8424867793302596
270 0.10195560462117027 -0.9377855150280078 -0.3472151030753907
271 0.08645861071777357 -0.20267917088171666 0.9792451958987085
272 0.08311126079052705 -0.3155000839990264 -0.948925548711071
273 0.017911040792767972 0.32344153379813234 -0.9462481567825174
274 0.040840609511429905 -0.9995059899492951 -0.03142890477696695
275 0.0636375923739699 -0.6781181163110122 0.7349529374938266
276 0.04682866885566225 -0.8161390967276034 0.5778554964631311
277 0.0386456443894009 -0.5313797134253522 0.8471337557670515
278 0.08743559670358729 0.9058327519663607 -0.4236354865507015
279 0.06497597422794733 -0.4730322882994021 -0.8810450920504758
280 0.11564282372584282 -0.6611463708478431 -0.7502569401976408
281 0.06798032943484615 0.9428604383392916 -0.33318792567354394
282 0.060668380055258084 -0.06680475056798668 0.9977660674233961
283 0.07349689873922503 0.6379923883691102 -0.7700426691963754
284 0.06608413730211868 -0.8753166113849208 -0.4835502350672777
285 0.056138828136884894 -0.9992575256763637 -0.03852787794768034
286 0.06254107807499613 0.6098380365343621 -0.7925260684645736
287 0.05099909272787762 -0.9969365561200791 -0.07821446842775447
288 0.03566042838946168 -0.8251768977998372 -0.5648743996123715
289 0.030832273903635302 0.8722956804753683 0.488978778500677
290 0.04019817085655804 -0.8751272395821804 0.48389287506768786
291 0.06935081283878332 0.9976307367646946 0.06879617040455548
292 0.05611091946644067 -0.09218365319738797 0.9957420218526402
293 0.10058607277607087 0.4887633248625901 0.8724164213661193
294 0.04382719465066811 -0.4002605653041694 -0.9164013748693237
295 0.043831063872841906 0.8840668476991067 0.46736046987241486
296 0.03986115080170365 0.43460257826669224 0.9006223398095029
297 0.053924442684261345 -0.9975350763153562 -0.07016959113830278
298 0.054762877410042855 -0.23979047881953822 0.9708246629888925
299 0.09018168972487971 -0.9401320194931524 0.34081048388177093
