0 0.056769076096910724 -0.8084497751896667 -0.5885651714090611
1 0.035174852196155 0.5290539288706918 0.8485882042230407
2 0.03367885180486138 0.7163617145931884 0.6977290977629549
3 2.1342875643770576e-05 -0.5703343381146261 -0.821412650722736
4 0.1048012766977192 -0.016875784968688756 0.9998575938010825
5 0.13173664188446657 0.33216700454840625 0.9432205898353465
6 0.01742142537740535 0.1663128793683682 0.9860730328714008
7 0.09734174368341773 -0.5305605937200163 -0.847647011669046
8 0.033560642048777484 -0.3780552561264083 -0.9257830325271661
9 0.028163872990204127 0.9999707144458275 0.007653120324492887
10 0.056713656071623826 -0.7076861304637162 -0.7065269568454497
11 0.05528366793866029 0.9915238542064068 -0.1299247726173583
12 0.061181770615512575 0.7006631588188579 0.7134922129035326
13 0.0741034953459801 0.9892075759638005 -0.14652089153367157
14 0.01581297966601146 -0.494264232407677 -0.8693117211693685
15 0.04778547714043386 -0.8790883237638312 -0.47665891266407423
16 0.05000587195602187 0.44890538805692803 -0.8935792928293822
17 0.07237268573335304 -0.7405840687614192 0.6719637170984617
18 0.07758335045618714 0.49849715218039453 -0.8668913364822817
19 0.129998297844133 0.738320043517483 0.6744505269775849
20 0.04707590736141057 -0.9999520492340387 -0.00979281535854611
21 0.10651636114576694 0.4704519144538591 0.8824256320997814
22 0.0664492179305927 0.12156392716019541 0.9925836043444354
23 0.025848367294913167 0.9976911822386211 -0.06791395205186228
24 0.030682360118438466 -0.9966931802262957 0.08125702732928874
25 0.04590219217717111 -0.8513170775023146 0.5246515353574391
26 0.015444046085425107 0.4094092024350898 0.9123508672443205
27 0.04037888887522261 0.7620501468500863 0.647518010317676
28 0.04391919272232848 0.9976248639043751 0.06888128134534836
29 0.04224616850434917 0.9999812146429117 -0.006129466639691068
30 0.014015630292257735 0.1279674785652303 0.9917783645702589
31 0.02426735550071709 0.7373129981162632 -0.6755512880668701
32 0.04576064358277133 0.9909094454860357 0.13453055729668756
33 0.02696811210246077 0.906496068911038 0.4222142549095598
34 0.08223055332419071 -0.17789946259401362 -0.9840486681098456
35 0.020937284344222595 0.6294138751324311 0.7770702502288814
36 0.014780321982859293 -0.8112468158880781 0.5847038598397095
37 0.11449344930486577 -0.5254652520588351 -0.8508150615020545
38 0.04123287264023729 -0.4375441839633821 -0.8991969122944196
39 0.024233459130238506 0.9932837064437285 -0.1157042718027686
40 0.07801508686787002 0.8702891625627427 -0.4925411389171873
41 0.09769987497888327 0.9613629982865091 -0.2752838272139748
42 0.052464354256750306 0.299478277800148 -0.9541031187067032
43 0.05316873289790224 -0.9382579459284103 -0.34593644922470995
44 0.07536321483911945 -0.9361292670845043 -0.35165607531767284
45 0.15901076876985057 0.5781777568201392 0.8159108293915653
46 0.06441435803549962 0.42592233820593206 0.9047597260141454
47 0.05682910289704414 0.9383525117998054 0.34567985709178395
48 0.09860315315238855 0.194590312662674 0.9808846059643523
49 0.09815834820406766 0.9384428132881769 0.34543463374099
50 0.0028158968509959196 -0.844717065123169 -0.5352131163281593
51 0.02383753604638701 -0.05188972871596157 -0.998652820580698
52 0.005313400553517613 -0.6748587357227626 0.7379469403816744
53 0.016456000648728465 0.0040864242118959495 0.9999916505337234
54 0.022759663463978636 0.8550120427260153 -0.5186081437786015
55 0.037316101979006235 -0.9925290398595905 -0.1220086268892464
56 0.0004896426759395589 -0.7313768240860875 -0.6819735634097177
57 0.057253527928526865 -0.9178297563537005 -0.3969742288256341
58 0.03727498572014806 0.6580284365340467 -0.7529930787945915
59 0.06564187177370999 0.9662192228682801 0.25772158109055754
60 0.04953719731249776 -0.9431735079715284 -0.3323006678607208
61 0.06324382861316906 0.08854475674480249 -0.9960721992170064
62 0.02235354318486712 0.4291231333923416 0.903245999928889
63 0.11389132993072806 -0.3444095523901018 0.9388195035375275
64 0.0678516908842993 0.974007262299469 0.22651678301594677
65 0.042365284082344974 0.5070200174725369 0.8619342793288526
66 0.13446262046587049 -0.7954941037340905 0.6059613279115229
67 0.03441315246301755 0.4385325551642498 0.8987153042321657
68 0.04179220908003954 0.9985044570129664 -0.05467036971926508
69 0.0915221570109346 0.10740770922336536 -0.9942150592298373
70 0.048840057337813866 -0.9341825304482092 -0.3567954593396345
71 0.02222885783837247 -0.8063491903721922 0.5914397544857043
72 0.019970055627642248 -0.3738626377740187 -0.9274840850799828
73 0.06519284881578813 -0.875860415306006 0.48256453754911444
74 0.07967306699037094 -0.9985434296084694 -0.053953861638956886
75 0.00010091027515366787 -0.6953129829808327 0.7187070722473073
76 0.0744466426796423 0.8334681706059779 -0.5525674697145359
77 0.08076813525495208 0.11278494769488667 0.9936194218982747
78 0.0077295187187444775 0.7692381531965767 -0.6389621770235856
79 0.03863808140504479 0.20159123699366546 -0.9794697408125296
80 0.032019293259160204 0.9848947273720117 0.1731541971619829
81 0.05812229337995006 -0.9997523271251959 -0.022254986132446322
82 0.07379486450269701 0.5971248675997707 -0.8021482983176842
83 0.0147831709357356 0.8134252027101384 -0.5816695278213998
84 0.11680075956150908 -0.5982015015752665 -0.8013457203436583
85 0.012923539326625448 -0.7179665881299567 0.696077566316448
86 0.10138767677739662 0.04839018157183705 0.9988285089681034
87 0.05917270595270639 -0.28030128508002544 -0.9599120738809812
88 0.02667670282123291 0.7654275051325855 0.6435221320098523
89 0.06609697980234466 -0.9684992837517697 -0.2490163395689309
90 5.5287854705933274e-05 0.6242721640723138 0.7812069285179633
91 0.015636632662776078 -0.35078349177039325 -0.9364565883698883
92 0.075050720511183 -0.8725406042096758 -0.4885415990531552
93 0.0518918440641213 0.9969469455964287 -0.07808192918948273
94 0.05168253111444351 -0.7417207184102145 0.6707088607443883
95 0.08233801106655084 0.6874370800542248 -0.7262439403991756
96 0.014642941915942606 -0.7777195532030416 0.628611403464542
97 0.08322162265445036 0.9307724764087547 0.36559895672705933
98 0.05806074962549011 0.6970850359941205 -0.7169884605717693
99 0.09784279589745026 -0.5763874945043015 0.8171765147011102
100 0.05243959717980002 -0.03862077517105981 -0.9992539395595028
101 0.0664168721566203 -0.6483748302018126 0.7613212722371355
102 0.05310500644048854 -0.8183573843422554 0.5747096584298041
103 0.07483721447677279 -0.5034763723183414 0.8640089944654297
104 0.05045399132323746 0.5203261862889845 -0.853967598836139
105 0.08688419500700964 -0.9912792558549507 0.13177798341018623
106 0.06606234697938172 0.9564165006419894 -0.2920059542196554
107 0.06748157614807258 0.9965853724909135 0.08256873098908106
108 0.00018513388153439786 0.7453500203024152 -0.6666733437262881
109 0.04910985925707024 0.551186928796284 0.834381788825787
110 0.04707296713211761 -0.07115938287829017 0.9974649578949533
111 0.04514897999628104 0.3155410097309799 0.9489119406867813
112 0.055944479663525816 -0.7154211437018051 0.6986934858322361
113 0.0019897783909298993 0.1820280938104499 0.9832933301226721
114 0.052137023546047635 0.793085697332279 0.6091100694348869
115 0.0450123460086577 0.934791130777136 0.3551978910697576
116 0.06915409537400652 -0.07143188767299134 -0.9974454799253306
117 0.008386835097438358 -0.9877669355228584 -0.15593742683455175
118 0.10743418778457245 0.6019113785166056 0.7985628919579469
119 0.05118657228856079 -0.8829736317444282 -0.4694225874881341
120 3.8822452998038964e-05 -0.5821533742203022 0.8130789930160025
121 0.014374493139415922 -0.08672454169060252 0.9962323292628859
122 0.07946400993846069 0.08774340333095611 0.9961431097848849
123 0.07724132760748256 0.7633742555456186 0.6459564582618341
124 0.07898637737531407 -0.7066200469342077 -0.7075931806276105
125 0.026323302462907566 -0.5392654207005895 -0.8421358596073535
126 0.05564418487726236 -0.869924697111334 -0.4931845712872147
127 0.027445806068959678 0.9481635515397422 -0.3177827552456907
128 0.06232575377297707 -0.7957910633837857 0.6055712868345919
129 0.0487760004748927 -0.6307408487662188 0.7759935448814441
130 0.09474335091161587 0.74924621169913 -0.6622915628743148
131 0.017528636853077113 0.9096501316336214 -0.4153752977957828
132 0.04463870849831276 0.9342281855680433 0.3566758995085617
133 0.09406361695364165 0.997995384684384 -0.06328674544222021
134 0.09214668322205531 -0.9657923211601335 -0.2593167799972102
135 0.05753832201578996 -0.23049872345285155 -0.9730726275497661
136 0.08035805703539603 0.4253754800665344 -0.9050169616963902
137 0.08481010293575192 -0.8253482235771723 -0.5646240429152889
138 0.06703672920986316 0.9946011274940707 0.1037718516146037
139 0.00010198985718348127 0.917040295275935 -0.39879455467724967
140 0.083171572274913 0.8354943896362296 0.5494989762377944
141 0.051712002418879674 0.42322489967012916 -0.9060246598736753
142 0.07942414442570486 -0.6305605442995503 0.7761400646614339
143 0.033902870041968104 0.8535518869532469 0.521007846657372
144 0.10706481090637246 -0.7044962852667576 0.7097076750644166
145 0.08319842328650263 -0.7572260752164321 -0.6531528695583587
146 0.12602875209876396 0.8854122537168376 0.4648065629571836
147 0.12577196418563658 0.3661315782766596 -0.930563091568026
148 0.0748877896109782 -0.3764081989735251 0.9264539210049829
149 0.16922011582880772 -0.7640422093501862 -0.6451662594489007
150 0.025660253964395866 0.34656222972465195 0.9380269830491432
151 0.021499090717127467 0.31365102007319345 -0.9495383286666448
152 0.08968157611247929 -0.35237561778203985 -0.9358586559907034
153 0.00018374407839454737 -0.8172351377313125 0.5763043724086108
154 0.009469352156449552 -0.3086376615536199 0.9511796853753307
155 0.05429115762595084 -0.1534626358468466 0.988154451186118
156 0.05287388799746862 0.6043531947608501 -0.7967165217204636
157 0.04379764143807143 -0.7034824568205513 0.710712623319525
158 0.058767368190523035 -0.6415318702129928 0.7670963821456986
159 0.051597641076924654 0.8742550455571158 -0.48546690445170976
160 0.07978085742059213 0.48715573677724305 -0.8733151138764412
161 0.055791104080054096 0.9111585111862682 -0.41205602470152425
162 0.06792630116174614 -0.05833242296410562 -0.9982972144762985
163 0.045336901113890014 -0.9998141123492073 0.01928057953918088
164 0.14407993890680168 0.25522726092584563 -0.9668810915931133
165 0.009528875831426793 -0.34600103330194826 0.9382341312028593
166 0.016330327261432288 -0.06905793880131184 -0.9976126508262183
167 0.03560680511699634 -0.1724479350149625 0.9850186341938285
168 0.015312695947575795 -0.9925338997687679 -0.12196908546759458
169 0.1189075372974703 0.8043005693561026 0.5942226805949511
170 0.01395962986513582 -0.556242848931608 0.8310197909872233
171 0.00019686499312805347 0.6160569652920225 -0.7877016030929376
172 0.037872317692886334 0.5652102973507509 -0.8249468587543538
173 0.053476113059423507 -0.4242485171207818 -0.905545799902367
174 0.04246315018683045 0.8881293555051918 0.45959356815553104
175 3.95025209906432e-05 0.5914707145326494 0.8063264809307934
176 0.03268274030451817 0.24356954643301942 0.9698834342591965
177 0.0520535766093199 -0.7951503331233855 0.6064123578339817
178 0.0010568496680758988 0.8435206498322191 -0.5370967448296731
179 0.10699983977258579 0.9997045577680889 -0.024306319707227443
180 0.08329995641496936 0.7729521460572351 -0.6344643251637674
181 0.03729167953125004 0.36900913706752164 0.9294257672136506
182 0.012446638540117348 0.994908186096262 0.10078542175655023
183 0.02227751105417279 -0.8369027882242162 -0.5473515534485427
184 0.0785304063824441 0.9741565056971181 0.22587408529528302
185 0.11606601800792371 0.966777318245616 -0.2556200636214126
186 0.06483293544962884 0.9336887278560873 0.35808568733542173
187 0.04999801230478711 -0.3804401364545134 -0.924805548520591
188 0.0030502041739779006 0.7991435780589938 -0.6011402013233427
189 0.04991681445541482 -0.8617830587972296 0.5072770047716441
190 0.08272685501246571 0.021709541677335922 0.9997643201275789
191 0.05645536339398307 -0.023955794917257557 -0.9997130187658267
192 0.01940242500167977 0.35702073293447034 0.9340964598235739
193 0.09205966215067274 -0.6352532404930039 0.7723039042003722
194 0.03687131200679567 0.9289534531547584 -0.3701965449215457
195 5.5669149482707223e-05 0.9630564516152683 -0.26929959339406434
196 0.057085622252061645 -0.8704142799462238 -0.49231999884800215
197 0.060018562522298535 0.1816333482842092 -0.9833663238036308
198 0.06748234372556676 -0.2468414294806453 0.9690558852264154
199 0.08518578045749679 0.8924667412085624 -0.4511131962562931
200 0.05516994056840708 -0.3436068836499055 0.9391135764690022
201 0.11891899781203923 -0.05394641745860778 -0.9985438318087902
202 0.07434540707524595 0.9995130564832481 0.0312033639134533
203 0.09917924865542535 0.16865076945956972 -0.985675868610313
204 0.002813967066941011 0.8372647744650805 0.5467976750498651
205 0.049799365716850834 -0.9439194489146989 -0.33017582279835556
206 0.10775658734729014 -0.7025086273191872 0.7116752268711561
207 0.011549019843338977 0.38985341271988566 -0.9208769280368895
208 0.05178755072489285 -0.1226982011170367 -0.9924440293752808
209 0.0602860572133341 -0.9958480944386489 -0.0910306146464576
210 0.052071903603714706 -0.9925077726068106 0.1221815097102163
211 0.0783545986209745 -0.6118388411121032 0.7909824476602489
212 0.07346690719214014 0.5916300638748706 0.8062095679904925
213 0.02942655048001337 0.9992284671155484 -0.03927429828668527
214 0.07562033524936136 -0.231092729608344 -0.9729317295279072
215 0.03720116098258481 -0.9847041675357389 0.17423461894166622
216 0.047515563988272044 0.21600953144097051 -0.9763912547368767
217 0.08272368258156619 0.9645740988382852 0.2638120691900015
218 0.08087111408026057 -0.766766302531764 -0.6419263488140733
219 0.09674776749463461 -0.1456481802554668 -0.9893364481248383
220 0.026689327869150615 0.5420245575456161 0.8403626473240461
221 0.021744480254704785 0.3692900930026304 -0.9293141703482782
222 0.07072006087561274 0.9033627540242227 -0.4288772955540683
223 0.08357574887045197 0.9193461176955009 -0.39344976283918404
224 0.06752050419254825 -0.9795202936553952 -0.20134546013567944
225 0.04164002189304435 -0.9999342238969866 -0.011469432397942354
226 0.03201766559214544 -0.3876746641947864 0.9217962653110825
227 0.08536206101740748 -0.8676325230784497 0.49720599845187247
228 0.01921368731524592 -0.7579719363193905 -0.6522871635654298
229 0.0615049710048647 0.2794191863278285 -0.9601692133743376
230 0.1343273469128057 0.09927846307516104 0.9950596900535333
231 0.044786040741222444 -0.7346828358412438 -0.6784107389482186
232 0.07509534848643286 -0.9801637741460766 -0.19818924252269315
233 0.02524946598420904 -0.17557722217825844 -0.9844656616927614
234 0.04228222659054061 -0.9978181236169738 0.0660226641502885
235 0.07595202694299867 0.535078482856812 -0.8448023539169693
236 0.016458530279640032 -0.0049448279238970124 -0.9999877742636673
237 0.03468541827090545 -0.6372119502223846 -0.7706886079953337
238 0.07234706017763476 0.6468550292502051 0.7626129890932335
239 0.07292055686411322 0.6483086114458705 -0.7613776620870403
240 0.006209415929585765 -0.22156487059008603 0.9751456343133565
241 0.05357582969658148 -0.9587044885832949 -0.2844041201710041
242 1.4351815273060208e-05 -0.9851297805976944 -0.17181186041580018
243 0.09188836112052667 0.6689049423184512 -0.7433479522686193
244 0.14216605768615723 0.628390865848396 -0.7778977565967801
245 0.05034351453912809 -0.8895054308944272 0.4569245981661738
246 0.0467843135910558 -0.950689757745635 0.31014349020662335
247 0.07265141099058392 -0.13221934559598744 0.9912204823600896
248 0.06353775127847014 -0.9290356390885884 0.3699902448758048
249 0.1505804773111967 -0.31290858692421586 -0.9497832469722186
250 0.06640924347285526 -0.1154913347398231 0.9933084876311156
251 0.02669561246732324 -0.1960212419600244 0.9805996495514617
252 0.03273014809664162 -0.22067234158457485 -0.9753479982342613
253 0.07521858230538385 -0.7318140707050764 0.681504340351597
254 0.00744380962929822 -0.6054447316028277 -0.7958873519376847
255 0.06084199376790602 -0.9747362642052494 -0.2233589381314173
256 0.01738594029124039 0.20907150397094482 -0.9779003559807754
257 0.04708760589256903 0.34319433048908715 0.9392644204483354
258 0.050015635889767075 -0.43851085668232315 -0.8987258917888897
259 0.06137347260581181 0.7761113836879413 -0.6305958453002916
260 0.02906563753291719 -0.47865967707951285 0.8780005202379646
261 0.060445285903064846 0.7735275226134821 0.6337627093474726
262 0.06668045814833841 -0.2191230647883292 -0.9756972288972485
263 0.06836934094080628 -0.9532574223518152 0.30215937306523016
264 0.04646638188561673 0.030518677587210247 0.9995341966727941
265 0.0739683541618529 0.4752374859139819 0.8798575634624947
266 0.08961738071186229 0.895127512435644 0.44581020230673934
267 0.023800438578770185 -0.8338921603205594 0.5519274091363017
268 0.0778077547134604 -0.19368674789783513 0.9810634249062394
269 0.01022460459942513 0.4693009866218831 -0.8830382686813336
270 0.10049826285560472 -0.9352404462761494 -0.3540131461530614
271 0.0890364948240606 -0.20105199663029166 0.9795805707806648
272 0.08104684310258048 -0.3052761316147944 -0.9522638728137841
273 0.010362207020766461 0.42850945866691764 -0.9035372952086622
274 0.040092639649612835 -0.999607200527158 -0.028025785524373036
275 0.06525139927144477 -0.6784442938968621 0.7346518495714743
276 0.04612503379803419 -0.8191084339800727 0.5736387132880005
277 0.03822612029519209 -0.5271656555957962 0.8497625383365958
278 0.08795339748840475 0.9070175000247072 -0.42109292875674165
279 0.06712638040133803 -0.4782795136362539 -0.8782076672609209
280 0.11377562051749575 -0.6560608721791809 -0.7547079779593512
281 0.06987901396011989 0.9436299560495324 -0.3310022749860756
282 0.061453186852770375 -0.06726636503249969 0.9977350530753716
283 0.0742351728892783 0.638813526885935 -0.7693616041027476
284 0.06739217489884841 -0.8782653843892422 -0.4781735193249587
285 0.054894719249140245 -0.9992330357926303 -0.039157887847071415
286 0.06414796644899501 0.609589289121885 -0.7927174140813831
287 0.05285003078093984 -0.9971949848585269 -0.07484759296732474
288 0.034890354056960324 -0.8267265043134108 -0.5626040233287778
289 0.029752940520653554 0.8717206571649653 0.49000315904275665
290 0.039879501321271646 -0.8739863320859713 0.4859505029598285
291 0.07000717861848159 0.9977369941203522 0.06723756809763524
292 0.05769497839184512 -0.08844007998741674 0.9960814988000828
293 0.10040183183690417 0.48808541041684594 0.8727958708301838
294 0.0450141535510059 -0.39937543108689827 -0.9167874699428185
295 0.044032968676183976 0.8826054382126292 0.4701144971573339
296 0.03947785895299389 0.4353557472012035 0.9002585036415273
297 0.05385375005682221 -0.997136779771019 -0.07561906127348061
298 0.05440596245911289 -0.23865683280724911 0.9711039677369322
299 0.09074408976555003 -0.9399088530324943 0.3414254647666766
