0 0.058373900787379536 -0.807534582269262 -0.5898202255257177
1 0.03229473698542502 0.5217025496974242 0.8531274521659742
2 0.03320203941911948 0.7176722020305661 0.6963810813287494
3 2.1342875643770576e-05 -0.5703343381146261 -0.821412650722736
4 0.10360224594770595 -0.011364287840678505 0.9999354243959327
5 0.132023411810067 0.3353071635789381 0.9421088610413593
6 0.016848222404188068 0.16402305371235618 0.9864565058079721
7 0.09648483625782837 -0.5342310719018261 -0.8453384894908228
8 0.033291381928797395 -0.37315165699555897 -0.9277703599929611
9 0.024850133620247357 0.9998321846935606 0.018319455529621727
10 0.05758109003240873 -0.7103633098871456 -0.7038351852288852
11 0.05286234590886567 0.9916085438449834 -0.12927681839228408
12 0.06084934934316528 0.699323574020773 0.7148052453772372
13 0.0756413339017631 0.9893021260883041 -0.14588112735087133
14 0.022928548521056427 -0.498045973609621 -0.8671506259994538
15 0.046367449147159984 -0.8785537766716666 -0.4776434459886908
16 0.04840654159975376 0.44959975705251504 -0.8932301262599238
17 0.0720511769403922 -0.7399939441631097 0.672613531384795
18 0.07722306979255324 0.5053593382523733 -0.8629089982385879
19 0.12883925031434357 0.737330547570384 0.6755321336691229
20 0.047575089227123155 -0.9999069106864102 -0.013644411367266445
21 0.10480046725430363 0.4685041598510274 0.883461290720925
22 0.06483440337734014 0.12696466074604826 0.9919072410874118
23 0.022716007388020175 0.998105847036389 -0.06152006267692064
24 0.029197666372454575 -0.9878869520764787 0.15517528771375003
25 0.045009243248999325 -0.8526193960131176 0.5225324540564217
26 0.013432123108202848 0.3868912512812941 0.9221253492242768
27 0.03949157370986617 0.7640014841935749 0.6452144853845229
28 0.044404005967969284 0.997872844943118 0.0651903775501251
29 0.041454036906829396 0.9999501074396415 -0.009989125659902065
30 0.012831640054230136 0.1273232041444216 0.9918612814735728
31 0.02255360817868077 0.744039315937945 -0.6681358367417473
32 0.043435352702753276 0.9897675299231504 0.14268930131521937
33 0.02685029349545069 0.9049977523239718 0.42541634699263614
34 0.08312169098960664 -0.17804588762182552 -0.984022185675179
35 0.016495540347348365 0.589601804711621 0.8076940707228198
36 0.014780321982859293 -0.8112468158880781 0.5847038598397095
37 0.11580650254573002 -0.5265451279143126 -0.8501471803574367
38 0.03791448504472029 -0.42635086050643073 -0.9045578719713991
39 0.023816693026451362 0.9929832684165083 -0.11825493074231049
40 0.07980032329945125 0.8727788800648477 -0.48811579211571327
41 0.09691313442911642 0.9614921230349652 -0.2748324896036043
42 0.05320816427603073 0.29873144066294866 -0.9543372183664636
43 0.05216204719017752 -0.9386080203736415 -0.3449854838834145
44 0.07599258171244537 -0.936579400129682 -0.35045545687394447
45 0.15938175724920048 0.5783760643465916 0.8157702667975508
46 0.06642194883441731 0.42599097650808626 0.9047274108446627
47 0.057388857403335505 0.9392787420223143 0.3431551322433902
48 0.10107680913159475 0.1946999986841682 0.9808628398060479
49 0.09845888361787238 0.9389202459646658 0.34413481619512354
50 0.0028158968509959196 -0.844717065123169 -0.5352131163281593
51 0.02208915374783324 -0.05212036289440346 -0.9986408101874045
52 0.0019870664383971853 -0.7170722444934621 0.6969988494804769
53 0.016456000648728465 0.0040864242118959495 0.9999916505337234
54 0.022080624533839133 0.855746010991914 -0.5173961390186701
55 0.03687885303149437 -0.9910450717680098 -0.13352777135989416
56 3.10401950649393e-05 -0.744570768988943 -0.6675435341363243
57 0.05746596229345454 -0.9174423786325917 -0.39786867417399463
58 0.03640317179196218 0.6609594920970241 -0.7504215813839871
59 0.06590047985773308 0.9675024952907181 0.2528614672231299
60 0.0484039859111622 -0.943149488935008 -0.3323688335593954
61 0.06113123837170271 0.08006004942710633 -0.996790042328739
62 0.016889064680905133 0.49149732826447956 0.8708790824844046
63 0.11488850845287181 -0.34294352234386744 0.9393560243498634
64 0.06926367854697474 0.9734554741164241 0.22887647304336023
65 0.042465741461644925 0.5074280230173301 0.8616941461195636
66 0.13585124591658287 -0.796695370180766 0.6043810777419594
67 0.03272353651422047 0.4397560435896279 0.8981172652423498
68 0.042098061969645106 0.9984981232290383 -0.054785928011563366
69 0.09349226843800071 0.11171587177283986 -0.993740189382534
70 0.04597863220420674 -0.93502688083945 -0.35457683526655964
71 0.02053189501639743 -0.8050824367960395 0.5931629371113396
72 0.018881970540310475 -0.3726950234788238 -0.9279538886572538
73 0.06592068337823237 -0.875476382844192 0.48326090580766995
74 0.08151990723145047 -0.9984103852447835 -0.05636224476866607
75 0.00010091027515366787 -0.6953129829808327 0.7187070722473073
76 0.07527974114101363 0.8319687194164145 -0.5548225391173391
77 0.08062173226338121 0.11485358687356137 0.9933824306792813
78 0.005735959724611159 0.7668611288477585 -0.6418130639542495
79 0.03776828151836427 0.19837343565074933 -0.9801265122565137
80 0.028761999115973005 0.988260632561115 0.15277736131346448
81 0.058772134749981816 -0.9997842943993528 -0.020769320460433643
82 0.07499310893335126 0.5956482722236669 -0.8032453770778643
83 0.0147831709357356 0.8134252027101384 -0.5816695278213998
84 0.11923344461818185 -0.597562302341394 -0.801822483359286
85 0.010833991240437874 -0.7198946291135306 0.6940833688927377
86 0.1031422072867481 0.04388165478883201 0.9990367362479688
87 0.05973242782166954 -0.2789411018954046 -0.9603082118119044
88 0.02514306117005159 0.7591169331127161 0.6509542855389648
89 0.0686980505789033 -0.956410695193173 -0.29202496831625807
90 5.5287854705933274e-05 0.6242721640723138 0.7812069285179633
91 0.013432724852966696 -0.386636546537123 -0.9222321729813199
92 0.07617815932956902 -0.8727335943031702 -0.48819675682522656
93 0.05225206023238763 0.9969606385786585 -0.07790690036725653
94 0.052583860179572964 -0.7424322729726713 0.6699211297224718
95 0.08343470999023934 0.6866490485076491 -0.7269890536889397
96 0.014423902231538017 -0.7785012185483412 0.6276430934207338
97 0.08459172865912074 0.9311877845585802 0.3645398604938604
98 0.054894758930261967 0.6966057112579599 -0.7174541679039796
99 0.09748401170588 -0.5698091939123672 0.8217770272603989
100 0.05271593968570518 -0.03841090118447522 -0.9992620290345253
101 0.06679568805186516 -0.6517500681059739 0.7584338130145954
102 0.051268865818776106 -0.8186511817002582 0.5742910783746957
103 0.07402573072037387 -0.5133384306411024 0.8581862592857858
104 0.0510475614751573 0.5203991320912327 -0.853923148367985
105 0.08864228645795928 -0.9914412476122537 0.13055363852860555
106 0.06294663331473135 0.955160887248875 -0.29608728353298436
107 0.06784014542524354 0.9966771751747082 0.08145310605350796
108 0.00018513388153439786 0.7453500203024152 -0.6666733437262881
109 0.05105662259111158 0.5530659707840154 0.8331374628239535
110 0.04536679080350078 -0.06977005314889427 0.9975631006024633
111 0.04406281991074228 0.3112619572895452 0.9503241520367044
112 0.054279364764943765 -0.7269198772173062 0.6867222816440256
113 0.0006603643243882737 0.18116982383305047 0.9834518264420995
114 0.051396187607160505 0.7898852658043454 0.6132546509119997
115 0.04227190422260205 0.9365185611029053 0.3506180039726196
116 0.06527448490705813 -0.07438560335453766 -0.9972295533193857
117 0.005561979537128241 -0.9877285659637686 -0.15618028037866122
118 0.1086597312573466 0.6020425113719101 0.7984640345694999
119 0.04964818789847426 -0.8750804665496547 -0.48397745511876766
120 3.8822452998038964e-05 -0.5821533742203022 0.8130789930160025
121 0.012924467211402434 -0.08881574261442864 0.9960480730686886
122 0.08075859148567606 0.08786185735302553 0.9961326688862667
123 0.0773704969301522 0.7641992299172561 0.6449802609335209
124 0.07963817919041268 -0.7091779891537257 -0.705029488532131
125 0.025563587247629093 -0.5314015204283353 -0.8471200765454998
126 0.05566088492423498 -0.8705134967715512 -0.4921445437456016
127 0.02750314888249265 0.9487917152585107 -0.31590232834978155
128 0.06432639369303289 -0.7937968121075595 0.6081830489974839
129 0.04788241076644205 -0.6271270465778902 0.7789169836705916
130 0.09417992283644422 0.7481674396122994 -0.6635099715181199
131 0.01575945885552854 0.9099044474042456 -0.4148179077546851
132 0.04205541350817123 0.9348970379860768 0.3549190448043892
133 0.09457000312584725 0.9980780360274611 -0.061969621586435715
134 0.09381787542135014 -0.9661359964758356 -0.2580334015464746
135 0.055243181540184934 -0.2350815622918967 -0.9719756473648921
136 0.07857993938418759 0.42970681892486473 -0.9029684655454329
137 0.08215449863664523 -0.8328970746138414 -0.5534279204193668
138 0.06707422024603103 0.9948995735862198 0.10087040437094455
139 0.00010198985718348127 0.917040295275935 -0.39879455467724967
140 0.08128556314986723 0.8332820757514567 0.552848064328115
141 0.04857441236265991 0.43379074552672053 -0.9010136453436052
142 0.08154025832483976 -0.6297264586015545 0.7768169587085137
143 0.03225675595397707 0.8531068661898129 0.5217362119498671
144 0.10834915944065938 -0.7048351074686844 0.7093711801867962
145 0.08410994246801805 -0.7596194818515258 -0.6503677750255
146 0.1271338922318211 0.8857114381188812 0.46423619891751583
147 0.1259495989062365 0.36596452948367275 -0.9306287998766178
148 0.07379929419639326 -0.36378769665890665 0.9314818901941182
149 0.16966664474625792 -0.7602967365561767 -0.6495759173353239
150 0.025124829411484525 0.34520094297638826 0.9385288002870302
151 0.032375566012078576 0.35790327150041773 -0.9337586670276738
152 0.09146900434793677 -0.35447973182259174 -0.9350636982189948
153 0.00018374407839454737 -0.8172351377313125 0.5763043724086108
154 0.007470400662689017 -0.3136031337524559 0.9495541451126625
155 0.05378476163288881 -0.1483976908006896 0.9889277654940339
156 0.04976248423303748 0.5990067929182629 -0.8007439428667428
157 0.04261819384745065 -0.7039712758976061 0.7102284440312824
158 0.05931375868434662 -0.6440671932672645 0.7649689213012697
159 0.0512118333282909 0.8748205849824575 -0.4844470498320233
160 0.08187978471939228 0.4884301256202483 -0.872603009613529
161 0.05637547673959298 0.9110285520523511 -0.41234327610062543
162 0.06814035210397762 -0.061076662480504494 -0.998133077951153
163 0.04536377211525305 -0.9997915660408019 0.02041627962388977
164 0.14630004063050184 0.2618040930897192 -0.9651210374048789
165 0.007658336545780513 -0.3412859228820291 0.939959530428072
166 0.014761756902893209 -0.06944210269961927 -0.997585983448372
167 0.03379501547327 -0.17225565201936108 0.9850522779768517
168 0.01242307510204111 -0.991889747726883 -0.1271012523710937
169 0.11736509740139149 0.8050041121457551 0.5932692301379068
170 0.011601927686559021 -0.5510603496245235 0.834465392375081
171 0.005716400553239592 0.7850737879868716 0.6194022500895073
172 0.03690603757593222 0.565236211305734 -0.8249291032741781
173 0.05349770211673181 -0.4207156395295036 -0.907192565365965
174 0.0405138737296703 0.8873396296626798 0.46111645126811335
175 3.95025209906432e-05 0.5914707145326494 0.8063264809307934
176 0.03312376679293879 0.24634205658575217 0.9691829503025227
177 0.053772264865533846 -0.7939694074663972 0.6079577123513263
178 3.7585035112128562e-06 0.8483613100390248 -0.5294176873026342
179 0.10826103422601563 0.9995468427950603 -0.030101645443842744
180 0.07928079175991083 0.7744918536324521 -0.6325838827040794
181 0.03359739192676941 0.3856996757401013 0.9226243873505516
182 0.010454183790044915 0.9954957428864538 0.09480625451386354
183 0.019688420130367666 -0.8329026514508605 -0.5534195273082856
184 0.0780379464680719 0.9743692042246431 0.2249547818087795
185 0.11687762978778722 0.9669807001118906 -0.2548496137158498
186 0.06423354539290711 0.9342949376313632 0.3565010091379928
187 0.050752855641124105 -0.3772936360092219 -0.9260936843683477
188 0.0014812781212604107 0.7983792681493957 -0.6021549171012682
189 0.049962211248195304 -0.8612339165299383 0.5082087573217361
190 0.08424924937328843 0.019047501258629196 0.9998185798912733
191 0.061270123283414316 -0.018735847289421063 -0.9998244686075389
192 0.018819156143085474 0.3614906395576645 0.9323757383759997
193 0.08900836514035085 -0.6376644338294705 0.7703142669254809
194 0.03683961864272861 0.9310267180531836 -0.36495102448289946
195 0.01356942359327031 0.3822124767199665 0.9240744681245062
196 0.056684059365404646 -0.8696790033479562 -0.4936176973485711
197 0.06055228647121337 0.18194214111695511 -0.9833092378726939
198 0.0675524107804572 -0.2521491048768997 0.9676883945308935
199 0.08498034087641958 0.8911909429485837 -0.453628375662738
200 0.055434147794797495 -0.3495376369091707 0.9369223235594041
201 0.11901117554265747 -0.05356907678282032 -0.998564146168205
202 0.07620163342086467 0.9995949085129338 0.028460830539877052
203 0.09971729393153679 0.1683563770796152 -0.985726194384945
204 0.002813967066941011 0.8372647744650805 0.5467976750498651
205 0.04869785958960587 -0.9443892573573694 -0.3288296376362634
206 0.1101398774821625 -0.7061877022653482 0.7080246670626581
207 0.008945861186538537 0.3837202994198735 -0.9234493661339114
208 0.05159312258211796 -0.11787549137209535 -0.9930283825419025
209 0.0621284323895958 -0.9958864850708158 -0.0906096509942283
210 0.051982547552805417 -0.9920659809591136 0.1257182939099627
211 0.07983395005933903 -0.611108678904819 0.7915467027075577
212 0.07079426884153532 0.5944265076781767 0.8041499406015812
213 0.028708424403297572 0.9991776923600645 -0.04054551874148727
214 0.07645248830430679 -0.22909736870246294 -0.9734035112190668
215 0.03551805481266866 -0.9849070755145725 0.17308394668868696
216 0.04565321188963802 0.21890766823903396 -0.9757455778973068
217 0.0837400297082822 0.9630186986869785 0.26943456715729397
218 0.08159706781265798 -0.7663925969446569 -0.6423724677696148
219 0.09841460484378454 -0.14185742771346574 -0.9898870997252762
220 0.02637196706995877 0.540908405730738 0.841081504142037
221 0.021281539425657893 0.36803774956738383 -0.9298108489867042
222 0.07262610339689875 0.9033084708175229 -0.4289916159429092
223 0.08492675699298277 0.9221760260491078 -0.38677044481226247
224 0.06679749680822784 -0.9787734559221876 -0.2049451682332071
225 0.04273758410011761 -0.9999376401079546 -0.011167627112983787
226 0.029759033562134145 -0.3773487871296632 0.9260712137043091
227 0.08729604073440203 -0.8656208607885163 0.5007000353183012
228 0.018754662282322213 -0.759695451230757 -0.6502790334766272
229 0.06208651457779681 0.28100834988573625 -0.9597053231562778
230 0.13451889092059985 0.10276350659000412 0.9947058166680871
231 0.04494566774050136 -0.7341974271059637 -0.6789360338286539
232 0.07506231948273528 -0.9800280289681486 -0.19885940369217084
233 0.023733409466198965 -0.17838052402505178 -0.9839615788477454
234 0.04179244579338774 -0.997240232181031 0.07424230141586066
235 0.07600441591316998 0.5308888484244927 -0.8474414614700628
236 0.016458530279640032 -0.0049448279238970124 -0.9999877742636673
237 0.03453214369581328 -0.6351923858443359 -0.7723539557517526
238 0.06990934798869257 0.6505945035401278 0.7594253037418326
239 0.07369151135958395 0.6470624339176654 -0.7624370181284137
240 0.004713056364392599 -0.21812816376709965 0.9759201320659356
241 0.05473101850021519 -0.9587243408897417 -0.2843371909995779
242 1.4351815273060208e-05 -0.9851297805976944 -0.17181186041580018
243 0.09347594130480621 0.6675932320123469 -0.7445262094589477
244 0.14196535597762805 0.6284848615791144 -0.7778218168487442
245 0.04938928755751963 -0.8874143119231754 0.4609727095977777
246 0.04696712556695524 -0.950382954051474 0.3110823695557078
247 0.0752092947502251 -0.1320994769574288 0.9912364643149352
248 0.06483567213635127 -0.9283756092478697 0.37164328078635683
249 0.1503515520141193 -0.3119705889793159 -0.9500917595747785
250 0.06829717730921918 -0.11685930589848449 0.9931484796468877
251 0.02596949111088491 -0.19402920060183262 0.9809957539733869
252 0.0323171679755211 -0.2214350690415103 -0.9751751177089075
253 0.07568207319102814 -0.7315137596865735 0.6818266784082403
254 0.005742196737788471 -0.6024722209440647 -0.7981398517745659
255 0.060380245129481806 -0.9742306312860424 -0.22555415550150978
256 0.015505374194164475 0.2048841909024221 -0.9787862219699763
257 0.047520151998259534 0.34567664236906825 0.9383536960658531
258 0.05077565022482182 -0.4372942347945251 -0.8993184932021974
259 0.06026524215535947 0.7784593369952152 -0.6276950379324103
260 0.026985582597096543 -0.4673446405539828 0.8840752156606748
261 0.05768156733531853 0.7761549569312418 0.6305422133616926
262 0.06695908162247913 -0.21664494603084072 -0.9762504634361482
263 0.06665399372859282 -0.95127841490193 0.30833322451800677
264 0.04629788045465949 0.03196512600638689 0.9994889847914262
265 0.07553204721694919 0.4748457184147495 0.8800690562127386
266 0.09007141383939685 0.8957835214502825 0.4444905878622531
267 0.022739648662607508 -0.8345267325632426 0.5509674515226087
268 0.07534046052971503 -0.19009735220433305 0.981765245201164
269 0.009370929546275546 0.45308644750438914 -0.8914665843921759
270 0.09940399644128653 -0.933338671557453 -0.3589971088677023
271 0.09290017641165851 -0.17954912709853524 0.9837490081103788
272 0.07948871089391339 -0.2978810421871092 -0.954602998479222
273 0.009378977731360417 0.45023345581761287 -0.8929108775586339
274 0.039515495173664233 -0.9996731380572952 -0.02556593527880681
275 0.06646659390899916 -0.6786955506666023 0.7344197365984643
276 0.04554701288466593 -0.8212859186536581 0.5705168181756055
277 0.03790423426187211 -0.5241574547077985 0.8516213728378604
278 0.08835727730765269 0.9078600586180205 -0.41927331654433275
279 0.06851011374228969 -0.4830231892950497 -0.8756075596996856
280 0.11237084148865341 -0.6523117469622244 -0.7579507799158801
281 0.0713019886144841 0.9442237076359118 -0.3293047068268115
282 0.06209954519005909 -0.06800685373584192 0.9976848539719102
283 0.07475865787591555 0.6393603334669137 -0.7689072531775708
284 0.0683856176583084 -0.8804040939015826 -0.4742242417267736
285 0.05392761434718273 -0.9992175525466104 -0.03955101367553062
286 0.06538149692081159 0.6093831699592472 -0.7928758743778368
287 0.054312339782413996 -0.9974054328993713 -0.07198890485913624
288 0.034306131674135106 -0.8278042504346584 -0.5610170433795334
289 0.028939085741058867 0.8713703208451841 0.49062589001209567
290 0.039647829493297655 -0.8732115430729853 0.4873413598742629
291 0.0704458270545588 0.9978170101585736 0.06603948999049669
292 0.05891096303028587 -0.0857028632537981 0.996320741142179
293 0.10025854164392975 0.48767733132992896 0.8730239518517913
294 0.045880319179420925 -0.398811905248814 -0.9170327498142098
295 0.04415941692637276 0.8815136852714816 0.472158471997582
296 0.03921064507737466 0.43593919471639164 0.8999761210776783
297 0.05379338076070121 -0.9968377793285125 -0.07946346143605823
298 0.05413672815212281 -0.2379304437033397 0.9712821958417296
299 0.09116910157255534 -0.9397580376445875 0.34184035847511324
