0 0.058997198177348345 -0.8072229627297076 -0.5902466335709786
1 0.031049167789396006 0.5183577288712871 0.8551638819076735
2 0.03302233509115453 0.7181553834256338 0.6958827812618882
3 2.1342875643770576e-05 -0.5703343381146261 -0.821412650722736
4 0.10314853006373949 -0.009314005987385065 0.999956623705482
5 0.13213272217147046 0.3364717471907201 0.9416935612726808
6 0.016599109878124824 0.16390357271648437 0.9864763650745881
7 0.09615192199968128 -0.5356079100273361 -0.8444667943241753
8 0.033187786843297505 -0.3713345913942315 -0.9284991229043134
9 0.02357782172812516 0.9997484584389499 0.02242810399795834
10 0.057919841010602886 -0.7113915429374873 -0.7027958968555672
11 0.0519239148519141 0.9916376546603416 -0.12905332951821533
12 0.060725336201230856 0.6988632883459631 0.7152552720548567
13 0.07622163010784888 0.9893402118829093 -0.14562261208850796
14 0.02567391204009025 -0.4997114812476742 -0.8661919160955356
15 0.04581979510333952 -0.8783448176078992 -0.4780275947906629
16 0.047769484285081674 0.44956584588645765 -0.8932471943490188
17 0.07190914759380772 -0.7397511101737922 0.6728805949027227
18 0.07709111127516965 0.5078628290396955 -0.8614379530063654
19 0.12839679217285188 0.7369286703076798 0.6759705133203334
20 0.04776163477296387 -0.9998873739703822 -0.015007977032666094
21 0.10414244630440302 0.4677947638809692 0.8838371223735447
22 0.06421988213092028 0.12898473527479296 0.9916465792136288
23 0.021517248585263483 0.9982478192099037 -0.05917171150703288
24 0.02771242788177429 -0.9887576773539499 0.14952677176219087
25 0.04466843541773317 -0.8530709990600001 0.521794854864221
26 0.013432123108202848 0.3868912512812941 0.9221253492242768
27 0.03915518032333861 0.7647182397139655 0.6443648142541414
28 0.04458576795111355 0.9979615982888566 0.06381730439896995
29 0.04114817956224414 0.9999346205801978 -0.011434796243746128
30 0.012376673936583088 0.1270802103087176 0.9918924438405063
31 0.02188222844153488 0.7466058553976705 -0.6652666357829112
32 0.04254490520696078 0.9893387019926093 0.1456328697086583
33 0.026809301499136278 0.9044520823309441 0.42657523459199925
34 0.08346082037461328 -0.1780992254569549 -0.9840125334017005
35 0.014733014954329361 0.5682902228401294 0.8228281853609026
36 0.014780321982859293 -0.8112468158880781 0.5847038598397095
37 0.11631633637290875 -0.5269800200187625 -0.8498776726688522
38 0.03647895606940954 -0.421507940421984 -0.9068247108241025
39 0.02363779676389802 0.9929213379494517 -0.11877380453900865
40 0.08047901197701018 0.873711195472333 -0.4864450091287881
41 0.09661076626760293 0.961537021202224 -0.2746753663100387
42 0.05348989214437438 0.2984672939431759 -0.9544198627680786
43 0.0517824084904759 -0.9387110699118336 -0.34470498578491826
44 0.07623324152102721 -0.9367564955796356 -0.34998181094074027
45 0.15952618137121 0.5784511472342492 0.815717028302941
46 0.06719579766603849 0.4260197677896379 0.9047138539076668
47 0.05760198052900137 0.9396339536680353 0.3421812869140809
48 0.10202931977186912 0.19474373296588968 0.980854157594548
49 0.09857292357401101 0.9390919210140098 0.3436660644960696
50 0.0028158968509959196 -0.844717065123169 -0.5352131163281593
51 0.021412442553042095 -0.05223738943536611 -0.9986346955443607
52 0.000801843000439693 -0.7348650974745532 0.6782133060576999
53 0.016456000648728465 0.0040864242118959495 0.9999916505337234
54 0.021820490085601548 0.8559983125258296 -0.5169786155663811
55 0.036730070969315 -0.9902185282084397 -0.13952514609457156
56 3.10401950649393e-05 -0.744570768988943 -0.6675435341363243
57 0.057546540891092825 -0.917291177434326 -0.39821714654337514
58 0.03607250882772553 0.6619667743846929 -0.7495331811272434
59 0.06598581725163566 0.9679759442803352 0.25104296702874096
60 0.04797201932930157 -0.9431424769835316 -0.33238873041872014
61 0.060330272410416004 0.07692764609702828 -0.9970366779943305
62 0.01486683524767429 0.5235399321481679 0.8520011381719462
63 0.11527717800344188 -0.34243835042815474 0.9395403004427454
64 0.06980111762712096 0.973245670178312 0.22976698082877
65 0.04249971275522176 0.5076047163727762 0.8615900718532645
66 0.1363841754155908 -0.7971572661633867 0.6037717225929975
67 0.03206887060468757 0.44021059682448854 0.8978945541896485
68 0.04221329593638671 0.9984958668734774 -0.05482703563556061
69 0.09424228858366633 0.11334494838393014 -0.9935556968161595
70 0.04473444028081077 -0.9354417301841667 -0.35348093220151605
71 0.019877639061388466 -0.8045530896872713 0.5938807337123048
72 0.018459648311165394 -0.3722983131317993 -0.9281131213592536
73 0.06618016712063786 -0.8753264550579338 0.48353241574449884
74 0.08222567358724782 -0.9983588218115285 -0.05726834126371084
75 0.00010091027515366787 -0.6953129829808327 0.7187070722473073
76 0.07559737369667857 0.8314121721479438 -0.555656188667271
77 0.08056177697182562 0.11561060687426833 0.9932946126795229
78 0.004969521977599366 0.7660055115931074 -0.6428340036191161
79 0.03743333835639923 0.19717606800095766 -0.9803680932219703
80 0.027364443236922168 0.9895860070827738 0.1439428170697393
81 0.05901020871878584 -0.9997949519470908 -0.020249791631382335
82 0.07545369749529246 0.5950904171016533 -0.8036587556132144
83 0.0147831709357356 0.8134252027101384 -0.5816695278213998
84 0.12018461855350904 -0.5973698829226858 -0.8019658490091313
85 0.010028879423063951 -0.7206120033037554 0.6933385469556328
86 0.10382383377526767 0.04222965700078901 0.9991079301404807
87 0.059944203673202724 -0.27842788641394683 -0.9604571370275002
88 0.02456241497958914 0.7569115130270949 0.6535173765455927
89 0.0681228213921337 -0.9580299754180869 -0.28666804181913946
90 5.5287854705933274e-05 0.6242721640723138 0.7812069285179633
91 0.013432724852966696 -0.386636546537123 -0.9222321729813199
92 0.07660804876875303 -0.8728068294027567 -0.48806581374637087
93 0.0524044981025748 0.99696428874193 -0.0778601757851709
94 0.05292703831477444 -0.7426936104549423 0.669631391878698
95 0.08385716358218549 0.686344237120409 -0.7272768304927661
96 0.014341590248799777 -0.7787924837928913 0.6272816490123867
97 0.08511378055706774 0.931336460635866 0.36415985101361475
98 0.05366841491947588 0.6964269209887539 -0.717627719449384
99 0.09734860779566683 -0.5673095702084963 0.8235046153785971
100 0.05282428969628719 -0.03832260117660655 -0.9992654193151381
101 0.06697013532925457 -0.6528899493057739 0.7574527801094296
102 0.05056507361257095 -0.8187611103128211 0.5741343433721035
103 0.07371817432682501 -0.5169563294311605 0.8560117718005176
104 0.05129118335018409 0.5205214301311515 -0.8538486053008583
105 0.08932487650871629 -0.9915039939332057 0.130076246926569
106 0.061749938305396594 0.9546815934647057 -0.29762905620871477
107 0.06798124614207617 0.9967111838732402 0.0810358929240866
108 0.00018513388153439786 0.7453500203024152 -0.6666733437262881
109 0.051817654819778514 0.5537571317818654 0.832678232572896
110 0.044706645355889536 -0.0692576513674749 0.9975988059972112
111 0.043651545481256555 0.30936646822042946 0.9509428943637036
112 0.05365249004930986 -0.7311459300120418 0.6822210998106307
113 0.00014417887285415035 0.18082129109178016 0.9835159687000011
114 0.05112821507723585 0.7887536202683679 0.6147094651244142
115 0.04122498208094314 0.9371725490666557 0.3488661824767583
116 0.06378361934305093 -0.07556146968490786 -0.9971411456253607
117 0.004479074289637255 -0.9877315706477658 -0.1561612767164045
118 0.10914148448405793 0.6020475091721949 0.7984602661996125
119 0.04907659216392683 -0.8721722084591799 -0.4891989766868251
120 3.8822452998038964e-05 -0.5821533742203022 0.8130789930160025
121 0.01236652110373297 -0.08960330874898419 0.9959775334118909
122 0.08126423693767679 0.08784535563929888 0.9961341242486401
123 0.077433597854507 0.7645059161813967 0.644616711017984
124 0.07988719408147356 -0.7101234933142281 -0.7040771436733317
125 0.025259911278301166 -0.5284228733650478 -0.8489813112811299
126 0.055670236122835934 -0.8707590704501771 -0.4917099157315658
127 0.027519468028862685 0.9490300055930798 -0.31518573648564585
128 0.0650949276871534 -0.7930529546174783 0.6091526993886572
129 0.047541402765926485 -0.6258158250150994 0.7799708668666225
130 0.09397419476934991 0.747786006934682 -0.6639398224483027
131 0.015058616760135575 0.9101465062471608 -0.41428653992869113
132 0.04105714223167205 0.9351251705044787 0.3543175348313567
133 0.09477122311349952 0.9981068071062663 -0.061504484455481644
134 0.0944680937116853 -0.9662619613036402 -0.2575612978256682
135 0.0543654383067394 -0.23685695104554952 -0.9715445356448701
136 0.07789916936899614 0.43132877475170317 -0.9021948171382911
137 0.08115077698167521 -0.8358886686323959 -0.5488990195399884
138 0.06708761480191026 0.9950105224148531 0.09977003700370708
139 0.00010198985718348127 0.917040295275935 -0.39879455467724967
140 0.0805476489461719 0.8323541369992148 0.554244161557244
141 0.047330584446355066 0.43706797091928495 -0.8994284789779002
142 0.08235282048101313 -0.6294161776125424 0.7770683852529432
143 0.03161662696245833 0.8529452117327702 0.5220004461512843
144 0.10883006802100371 -0.7049837603343763 0.7092234469226203
145 0.08445767708158675 -0.7605207726420599 -0.6493136024910647
146 0.12756407963817737 0.8858171096926594 0.4640345333870563
147 0.12601873029289143 0.3658903839986347 -0.9306579537603124
148 0.07340309147480058 -0.3591873655578028 0.9332654694263821
149 0.16985031044707835 -0.7589102097782593 -0.6511952806142858
150 0.02491479992902279 0.3447093245792507 0.9387094766476564
151 0.03401124549172207 0.36251772913862723 -0.9319768752818779
152 0.09216196476137026 -0.3552672974082516 -0.934764755108063
153 0.00018374407839454737 -0.8172351377313125 0.5763043724086108
154 0.00670170138046839 -0.31541923898713164 0.9489524243484384
155 0.053612193260348134 -0.14673114820662328 0.9891764100229877
156 0.04857329871901337 0.5970451632595383 -0.8022076246386538
157 0.04215878140087374 -0.7041270097605621 0.7100740483397836
158 0.059527167718571604 -0.6450053310258964 0.7641780701827119
159 0.05106356091731057 0.8750480301036472 -0.4840360988725187
160 0.08268520820453266 0.4889177283577941 -0.8723299002656358
161 0.05659590542994711 0.910967486692073 -0.4124781669251453
162 0.06822773202551226 -0.06209288673474409 -0.9980703749821183
163 0.04537098161264417 -0.999782868614118 0.020837841196369954
164 0.14716454198975318 0.2642345153818407 -0.9644584599042738
165 0.006936912338439183 -0.33951704254662873 0.9405999031577617
166 0.014153061826585168 -0.06954419148705984 -0.9975788717842872
167 0.033102630384718924 -0.17220403707278994 0.9850613024659091
168 0.01130823753966247 -0.9916443459291449 -0.12900190381059687
169 0.1167744466691153 0.8052700354492399 0.5929082306795713
170 0.010697030537788092 -0.5490966872103573 0.8357588336922387
171 0.008196225432607297 0.7851218049041259 0.619341385234418
172 0.0365337874696325 0.5652633986984463 -0.8249104739860449
173 0.053504811407915444 -0.4193786003896391 -0.9078114284008697
174 0.03977283170620027 0.8869562846589419 0.4618533848571492
175 3.95025209906432e-05 0.5914707145326494 0.8063264809307934
176 0.03329068577000757 0.24739064899990154 0.9689158202792477
177 0.054422042656597246 -0.7935688688833414 0.6084804436785245
178 3.7585035112128562e-06 0.8483613100390248 -0.5294176873026342
179 0.10874350176001436 0.9994789041942926 -0.032278786696156817
180 0.07774083659466047 0.7751010957142513 -0.6318372349130486
181 0.0321635063850646 0.3916389624879949 0.9201189722320299
182 0.009688618977378662 0.995696964469606 0.09266906142835497
183 0.01868604733116667 -0.8314009381714719 -0.5556729973712924
184 0.0778529000872063 0.9744332110005045 0.22467736267645272
185 0.11719553430429763 0.9670612495904606 -0.25454378707903447
186 0.06400810083186492 0.9345215942803108 0.3559064340859633
187 0.051035000256392 -0.3761233281481185 -0.9265696099175619
188 0.0008749116033373715 0.7980577901101255 -0.6025809187524468
189 0.04998215849630465 -0.8610336238239141 0.5085480298306724
190 0.08483621624308678 0.018085258902537836 0.9998364483306398
191 0.06177980504865817 -0.027397120278749465 -0.999624628448315
192 0.018592071293958314 0.36317004388561636 0.9317228768384511
193 0.08786583316396543 -0.6388602344513725 0.769322819651632
194 0.03682113941630338 0.9317856135091274 -0.3630090501040147
195 0.015019496809522014 0.38591837829377584 0.9225329291115316
196 0.05653527644529521 -0.8694179819071848 -0.4940772942935528
197 0.06075417173808726 0.18205840290180136 -0.9832877187948832
198 0.06757730180925833 -0.25414686986031887 0.9671656365588069
199 0.08490382408219367 0.8907383061924689 -0.4545165232215125
200 0.055535847957553806 -0.3517158579122124 0.9361068076309863
201 0.11904960687746029 -0.05339709331492507 -0.9985733575584306
202 0.0769110779682507 0.9996243979701613 0.027405528325367266
203 0.09994474957891375 0.1683746106601864 -0.9857230800204643
204 0.002813967066941011 0.8372647744650805 0.5467976750498651
205 0.04827740148681312 -0.9445558049905458 -0.32835092699528357
206 0.11105263789749112 -0.7075747276496296 0.7066385248424774
207 0.007949135566627501 0.3816025378948196 -0.9243265132366554
208 0.05151581017402345 -0.11609016413219733 -0.9932386791661707
209 0.06283569377143106 -0.995900189570251 -0.09045889903120784
210 0.051943150309393206 -0.9918964907307187 0.12704861933954717
211 0.08040472975442335 -0.6108353613201905 0.7917576405446507
212 0.06977127931805696 0.5954782392759477 0.8033714374738606
213 0.02841955564772412 0.999158354224344 -0.04101930257452332
214 0.07676634529884835 -0.22834434448908947 -0.9735804334208078
215 0.034868939132663535 -0.9849988766933594 0.17256075136838098
216 0.044940783829172 0.21997622540194667 -0.9755052333318934
217 0.0841453856891063 0.9624143902484033 0.2715852378955714
218 0.08187114971697422 -0.7662468011963199 -0.6425463716000639
219 0.09905341790249653 -0.1404142099160785 -0.9900928490064169
220 0.026240281752220884 0.5404785749645958 0.8413577776453011
221 0.02110677700174815 0.3675692607386483 -0.9299961497554942
222 0.07337373444047243 0.9033119701275791 -0.42898424752458164
223 0.0854537689360986 0.9232052485236998 -0.38430725871142957
224 0.06652207502716408 -0.9784875831204369 -0.2063057189685393
225 0.04316150884631495 -0.9999389338151835 -0.011051182767202688
226 0.02889926787148598 -0.37358569340197656 0.9275956714460047
227 0.08804509962453362 -0.8648542846439653 0.5020229739095363
228 0.01858561142962671 -0.7602617642505921 -0.6496168484719105
229 0.062308920765537006 0.2815597766294957 -0.9595436895651748
230 0.13459330328649552 0.10407860907324674 0.9945690740885613
231 0.045010164284881936 -0.7340306924668439 -0.6791162952813351
232 0.07504434398585925 -0.9799764392855551 -0.19911348132460735
233 0.023147145930202735 -0.17943123784241247 -0.9837705173902802
234 0.041604719502483525 -0.9970112960255358 0.07725590979000475
235 0.07603131334983267 0.5293532130595863 -0.8484015416201767
236 0.016458530279640032 -0.0049448279238970124 -0.9999877742636673
237 0.03446507932375609 -0.6344222812275805 -0.7729866551771724
238 0.0689686927345017 0.6519991382259962 0.7582197067819844
239 0.07398634610978003 0.6465918651274903 -0.7628361291594371
240 0.004138563836398464 -0.2168394666454111 0.9762072759946699
241 0.05517401073215431 -0.9587268287981378 -0.2843288021686621
242 1.4351815273060208e-05 -0.9851297805976944 -0.17181186041580018
243 0.09408450039411244 0.6671046607112605 -0.744964006954238
244 0.14188968081838416 0.6284880515008152 -0.7778192393613754
245 0.04902402421643884 -0.8866454487090425 0.4624498332614476
246 0.04704693968752935 -0.9501922631148112 0.3116643436724088
247 0.07619421519277657 -0.13205078710868692 0.9912429518659773
248 0.06533395570230055 -0.9281240170563855 0.3722711497861716
249 0.15026637091103917 -0.31160848192732227 -0.9502105840238518
250 0.06902214485244403 -0.11737837306165279 0.9930872658217904
251 0.025689610674588696 -0.1932518937228283 0.9811491760035986
252 0.03215757353852177 -0.22174247000074937 -0.9751052645729931
253 0.07586718052355021 -0.7314359118846553 0.6819101896917678
254 0.005079089524683516 -0.601374011306671 -0.7989676454806689
255 0.060203023123886874 -0.9740409181227242 -0.22637201643012436
256 0.014767590513997947 0.20313535791168758 -0.9791506658150678
257 0.047683255910429406 0.34661345182421627 0.9380080570093744
258 0.05106339538478213 -0.43684996539997123 -0.8995343838509142
259 0.05984043727043588 0.7793252513858904 -0.6266196234976358
260 0.026194300362609155 -0.463331727064224 0.8861849190184199
261 0.056625275322080296 0.7772425519239401 0.6292010930368456
262 0.06705659764040353 -0.21571790791270162 -0.9764557256761656
263 0.06599728253292778 -0.9505399042923904 0.31060246352502296
264 0.04623256671149354 0.03249446042103726 0.9994719155843979
265 0.07614378005022765 0.4746651280216285 0.8801664707543744
266 0.0902460659408979 0.8960342253321655 0.44398498514407675
267 0.02233364242637995 -0.8347395012647398 0.5506450444962647
268 0.07438529981263223 -0.18873962639085573 0.982027165321734
269 0.009370929546275546 0.45308644750438914 -0.8914665843921759
270 0.09898760438871386 -0.9326179961449365 -0.36086517325256423
271 0.09244114589777445 -0.18357118374954035 0.9830064193568587
272 0.07889371660279725 -0.29513211183893673 -0.9554564545605883
273 0.009378977731360417 0.45023345581761287 -0.8929108775586339
274 0.039292466469517465 -0.9996960960512407 -0.024651887147001863
275 0.0669297105945533 -0.6787920895636761 0.7343305108367609
276 0.04531627933898564 -0.8221019095054458 0.5693403642703543
277 0.037779827253371596 -0.5230492434901598 0.8523024632631139
278 0.08851457072095952 0.9081697013062929 -0.41860219018686295
279 0.0690470120836105 -0.4849614957591793 -0.8745355039282393
280 0.1118355588172227 -0.6509012290107103 -0.7591624266732033
281 0.07184376114854724 0.9444589014802717 -0.32862955347119727
282 0.06235753595226669 -0.06836574074076565 0.9976603257085883
283 0.07495114586274666 0.6395531466660278 -0.7687468846047978
284 0.06876639449920656 -0.8812003881044324 -0.47274292803234813
285 0.05355236039806861 -0.9992123487051074 -0.039682265500129994
286 0.06585692129645362 0.6093003774157003 -0.7929394996347988
287 0.05488343531446304 -0.9974869639490384 -0.0708502417196297
288 0.03408231609622473 -0.8281960122695187 -0.5604385472653244
289 0.02862845728659594 0.8712556535157003 0.49082948792521625
290 0.039561669625739156 -0.8729354694843701 0.4878356958199167
291 0.07060109623341959 0.9978473173344582 0.0655799610279321
292 0.05937948948926295 -0.08467816276226674 0.9964083544166051
293 0.10020273505264751 0.4875424398790215 0.8730992894950783
294 0.04620414911232742 -0.3986205116055047 -0.917115961984833
295 0.044201818808447535 0.8810992388822745 0.4729314234020368
296 0.039113149031375506 0.43615995884878583 0.8998691517643137
297 0.0537690025652251 -0.996724272191852 -0.08087475022293969
298 0.05403382824711801 -0.23768286851005738 0.9713428097313691
299 0.09133146068506205 -0.9397038759495736 0.3419892184343659
