0 0.059289173618308925 -0.807084538231214 -0.5904358967306342
1 0.030471876267423963 0.5167327288669016 0.8561467671595596
2 0.032939213325256726 0.7183760641721677 0.6956549650685356
3 2.1342875643770576e-05 -0.5703343381146261 -0.821412650722736
4 0.1029382121534225 -0.008370247374927187 0.9999649688658511
5 0.13218353716683928 0.33700723696270013 0.9415020564155803
6 0.016477564160733555 0.16390454428251242 0.9864762036478842
7 0.09599595270867647 -0.5362439069290794 -0.8440630736393085
8 0.03314800152929603 -0.3704656552515174 -0.9288461650236081
9 0.02298448470883385 0.9997035765580284 0.02434664282989009
10 0.05807889193643269 -0.7118710401708724 -0.7023102036607756
11 0.051484683656345384 0.991650594987904 -0.1289538578722484
12 0.06066816074930785 0.6986587536721102 0.7154550621229355
13 0.07649044329144765 0.9893583134743055 -0.14549957924089635
14 0.026955873038864972 -0.5005415906175038 -0.8657124904158997
15 0.04556161227507278 -0.8782422199727168 -0.4782160631528328
16 0.047468559324320904 0.4495422030259939 -0.8932590932638391
17 0.07183949572413591 -0.7396351088594049 0.6730081022859504
18 0.07703070889371416 0.509006371910649 -0.8607627509101204
19 0.12819092813010052 0.7367373023860917 0.6761790792925085
20 0.047847742632366325 -0.9998779617402884 -0.015622471830227132
21 0.10383571256679823 0.4674710541149665 0.8840083786733257
22 0.06393428276974303 0.1299166166476992 0.9915249228934262
23 0.020958923902212784 0.9983108910246609 -0.058097890336463676
24 0.027026282901931483 -0.9891582136180732 0.14685376546722367
25 0.04450986289466808 -0.8532728466829917 0.52146471511839
26 0.013432123108202848 0.3868912512812941 0.9221253492242768
27 0.03899907039015091 0.7650466064977157 0.6439749140194276
28 0.04466978931151175 0.9980017947931936 0.06318558055097938
29 0.04100522662044783 0.9999267664664534 -0.012102136337966553
30 0.012164437662835979 0.12696770706255756 0.9919068511525044
31 0.021573029180338352 0.7477086946609889 -0.664026887955872
32 0.04213005608623353 0.9891408826584768 0.1469704536755925
33 0.026790943383212487 0.9042028571442697 0.4271032581614654
34 0.0836184219336648 -0.1781235816641458 -0.9840081247912216
35 0.013902758569867809 0.5566386808614624 0.8307547044518081
36 0.014780321982859293 -0.8112468158880781 0.5847038598397095
37 0.11655512904863623 -0.5271862975919268 -0.8497497323514238
38 0.03580950698871445 -0.41924028054611645 -0.907875314769387
39 0.02355118779279251 0.992896583580003 -0.1189805627619828
40 0.08079431385252954 0.8741413466569088 -0.48567160310733215
41 0.09631530764524765 0.9615649025297699 -0.2745777453161746
42 0.05362055685998091 0.2983482622058597 -0.9544570783637909
43 0.0516066188943568 -0.9387536055583628 -0.34458912932820973
44 0.07634526251830435 -0.9368397572544794 -0.34975887297875374
45 0.1595938965536102 0.5784859877111588 0.8156923206833843
46 0.06754071676020669 0.4263137622473282 0.9045753567937436
47 0.05770102947465763 0.9397993407935861 0.34172679005887296
48 0.1024740340915537 0.19476444705079807 0.980850044688278
49 0.09862583214220655 0.9391699048824157 0.34345289307728116
50 0.0028158968509959196 -0.844717065123169 -0.5352131163281593
51 0.021095879585269695 -0.0522968666954911 -0.9986315825838046
52 0.0002768225055150121 -0.742385053724944 0.6699734561949541
53 0.016456000648728465 0.0040864242118959495 0.9999916505337234
54 0.02169926280728208 0.8561110489640303 -0.5167919038082036
55 0.036661786842314546 -0.9897736114568471 -0.14264711025348634
56 3.10401950649393e-05 -0.744570768988943 -0.6675435341363243
57 0.05758391462224378 -0.9172201628217483 -0.3983806884291022
58 0.0359238185166109 0.6624194688044869 -0.7491331305908059
59 0.06602310062920042 0.9681931340726863 0.2502040270149733
60 0.0477711620999473 -0.943139518454559 -0.33239712503164426
61 0.059958558731707634 0.07549103623626989 -0.997146480437039
62 0.013945130622379915 0.5402103790944568 0.8415300032195069
63 0.11545949677470146 -0.3422132079616357 0.9396223285430196
64 0.07005087246916832 0.9731482042235147 0.23017943569430468
65 0.04251470665900452 0.5076907613708442 0.8615393727617401
66 0.13663265748447717 -0.7973726490364756 0.6034872480579465
67 0.03176245641682037 0.4404200000506935 0.8977918598179353
68 0.04226661382087575 0.99849484789071 -0.05484558993855427
69 0.09459090139434016 0.11409990298179766 -0.993469280923947
70 0.04415646526856086 -0.9356520164436468 -0.3529239353245081
71 0.019572020457525326 -0.8042987771179219 0.5942251064425127
72 0.018300645377395796 -0.37145548381359783 -0.9284507652777318
73 0.06629752951474943 -0.8752560792578092 0.4836597933695208
74 0.08255419466360955 -0.998334694247796 -0.05768741856904111
75 0.00010091027515366787 -0.6953129829808327 0.7187070722473073
76 0.07574509394654232 0.8311562047313338 -0.5560389944388839
77 0.0805330509337394 0.11595610570355358 0.9932543388025377
78 0.004611910494053631 0.765616819065821 -0.6432968881966816
79 0.03727696015589012 0.19662456066146713 -0.9804788534918462
80 0.02671519432651742 0.9901789169633757 0.13980598127847196
81 0.05911917601057962 -0.9997996392728127 -0.020017025502145215
82 0.07566856671527884 0.5948318000395005 -0.8038501910566219
83 0.0147831709357356 0.8134252027101384 -0.5816695278213998
84 0.12063131807716307 -0.5972893996305078 -0.8020257932816297
85 0.00965289944228623 -0.7209417337997504 0.6929956828623177
86 0.1041432023484846 0.0414737805805462 0.9991395926117415
87 0.06004238662756271 -0.2781902376693226 -0.9605259973917862
88 0.024293089285527338 0.7559232871739087 0.6546602049217536
89 0.06785941891859994 -0.9587599641080747 -0.2842170494947183
90 5.5287854705933274e-05 0.6242721640723138 0.7812069285179633
91 0.013432724852966696 -0.386636546537123 -0.9222321729813199
92 0.07680812678253982 -0.8728412777027126 -0.4880042048366964
93 0.05247609743305474 0.9969681912080626 -0.07781019033085639
94 0.05308652955926697 -0.7428132873234311 0.669498633438305
95 0.084054465488225 0.686201494561991 -0.7274115127360096
96 0.014303530014962847 -0.7789266434129374 0.6271150486006971
97 0.08515221619285167 0.9311592491481508 0.36461274350446365
98 0.053094625523758404 0.6963445303848403 -0.7177076668136659
99 0.09728587410705392 -0.5661490661157871 0.8243028781559737
100 0.05287521588261253 -0.03828026118440253 -0.99926704218825
101 0.06705576802035376 -0.6533840088653382 0.757026642172559
102 0.05023708562495989 -0.8188119217648205 0.5740618753895799
103 0.07357541125701106 -0.5186126450488046 0.8550093124612635
104 0.051406636457542766 0.520601971348631 -0.8537995007189447
105 0.08964457858861112 -0.991533329151295 0.12985244388208378
106 0.06119177596627552 0.9544586662947507 -0.29834318214909084
107 0.06804768999434693 0.9967268026551829 0.08084355799181565
108 0.00018513388153439786 0.7453500203024152 -0.6666733437262881
109 0.05217496908121686 0.5540734941714996 0.8324677549650707
110 0.044397799409381024 -0.06902200717427813 0.997615137478193
111 0.04345537953213628 0.3085339308279941 0.9512133375472752
112 0.05336240086637291 -0.733081360695901 0.680140954949962
113 0.00034723914917973036 -0.9930074403059759 0.11805178311645215
114 0.05100620476304311 0.7882435210065118 0.6153634304955542
115 0.04073772229678065 0.937475685701439 0.3480507703175167
116 0.06308811777389431 -0.07611902063955685 -0.9970987386898424
117 0.00397442435449967 -0.9877379413161333 -0.1561209764399605
118 0.1093682582426876 0.602041456294611 0.7984648300975216
119 0.04881344353126652 -0.870840523736475 -0.4915656438547978
120 3.8822452998038964e-05 -0.5821533742203022 0.8130789930160025
121 0.012106160905417778 -0.08996818438575893 0.9959446399265022
122 0.08150153556821094 0.08782764924119105 0.9961356855513039
123 0.0774653357059114 0.7646469223719063 0.6444494426308179
124 0.08000307456520278 -0.7105575688910751 -0.7036390703276822
125 0.025116082515169724 -0.5270419041666268 -0.8498392973100363
126 0.0556751256991114 -0.8708769949320552 -0.491501027158757
127 0.027526017248955637 0.9491405582154625 -0.3148526651474308
128 0.06545339129410767 -0.7927100862713508 0.6095988181777157
129 0.04740882546731774 -0.6251268069304953 0.7805232060976043
130 0.09388021736230377 0.7476141469978184 -0.6641333354144515
131 0.014729642552834606 0.910256579811385 -0.41404463395880375
132 0.040590424076440174 0.9352261954432671 0.35405079205773854
133 0.09486632826065709 0.9981196966621042 -0.061294951954863466
134 0.09477288601046646 -0.9663196951822258 -0.25734460690469163
135 0.05395677601192737 -0.23768784704977952 -0.9713415914933534
136 0.0775820578216079 0.4320774335069169 -0.9018365103798336
137 0.08068609603286209 -0.8372758730478843 -0.5467806803572188
138 0.06709369645185093 0.9950615712673375 0.09925960601864922
139 0.00010198985718348127 0.917040295275935 -0.39879455467724967
140 0.0802015429396107 0.8319244485382903 0.5548889185452
141 0.0467525273418946 0.43856930912839076 -0.8986973690239924
142 0.08273176911920996 -0.6292732813150844 0.7771841078039017
143 0.03131661825414742 0.8528714824036516 0.5221209002736797
144 0.10905152246680228 -0.7050592661815993 0.7091483844524111
145 0.08461944252103387 -0.7609377285767558 -0.6488249172376531
146 0.12776580287042458 0.8858646580164686 0.4639437548640622
147 0.12605117525626577 0.3658538547962931 -0.9306723144752361
148 0.07322222922617037 -0.3570884694661327 0.9340705674489133
149 0.1699381822373949 -0.7582732337300185 -0.6519368857555312
150 0.024813953434414816 0.34464233357933144 0.9387340741152378
151 0.03476799134850797 0.36428225784955737 -0.931288589329875
152 0.09248638531429698 -0.3556306644370127 -0.934626572761597
153 0.00018374407839454737 -0.8172351377313125 0.5763043724086108
154 0.006343026706571298 -0.3162483483235027 0.9486764370335423
155 0.05353139372401137 -0.14598182892499734 0.9892872715362878
156 0.048019652228300395 0.5961478690899472 -0.8028746590717104
157 0.04194332376134404 -0.7041939097385296 0.7100077024139694
158 0.05946620544144884 -0.6441664960931797 0.764885302062365
159 0.050994385641654164 0.8751559646405851 -0.48384092174392085
160 0.08306074033558442 0.48914466019936126 -0.8722026722032279
161 0.05669796596481182 0.9109370204923137 -0.41254544561367534
162 0.06826943474476245 -0.06255981802041022 -0.9980412161675755
163 0.045373785568598786 -0.9997788077070084 0.021031777384536224
164 0.1475699379182178 0.2653505686402887 -0.96415199824627
165 0.006599844042502193 -0.3387001220908944 0.9408943762695222
166 0.01386794446102995 -0.0695835103174653 -0.9975761299729957
167 0.03278035298724677 -0.1721843440892509 0.985064744902869
168 0.010787366965758959 -0.9915305701954769 -0.12987350910725642
169 0.1164992930674239 0.8053932984662143 0.5927407821178762
170 0.010275120419311588 -0.5481865053282723 0.8363561175575726
171 0.009349053083962982 0.7851439966562166 0.6193132523325356
172 0.03635995871241828 0.5652792173035324 -0.8248996341887332
173 0.05350793983261364 -0.41875862163199384 -0.9080975811050664
174 0.03942857679488835 0.8867629207701484 0.462224536721273
175 3.95025209906432e-05 0.5914707145326494 0.8063264809307934
176 0.03336811349892571 0.2478765027912543 0.968791638776872
177 0.05472323616740928 -0.7933908106024398 0.6087125936364415
178 3.7585035112128562e-06 0.8483613100390248 -0.5294176873026342
179 0.10896824284686492 0.9994458852318211 -0.033285469700478375
180 0.07702330910852553 0.77538872596665 -0.6314842227988086
181 0.03149355149551677 0.3943690329351201 0.9189521564596376
182 0.00933151099256112 0.9957865352954368 0.09170156009746921
183 0.01821694223813449 -0.8307076859800039 -0.5567088471128757
184 0.07760361392703206 0.974370314540823 0.2249499725308221
185 0.11734496424837541 0.9670992413034112 -0.2543994054048997
186 0.06390389630309448 0.9346260584122654 0.35563201618632795
187 0.05116516291382782 -0.3755845006007439 -0.9267881542771734
188 0.0005914119937646678 0.7979029388086546 -0.6027859489408429
189 0.04999346035653641 -0.8609586563553115 0.5086749375061214
190 0.08511040914095833 0.017647121460618847 0.9998442774273173
191 0.062001571303925224 -0.03136206935352594 -0.9995080893148712
192 0.01848563270589718 0.3639463094604545 0.9314199288345268
193 0.08733758210983243 -0.6394484983038183 0.7688339339655812
194 0.03681134086322367 0.9321328094016483 -0.36211659122027307
195 0.01568997414608845 0.3872610475926697 0.9219701085270758
196 0.056466879932192356 -0.8693001561946456 -0.49428457232647344
197 0.06084776138587488 0.18211212039332908 -0.9832777713371973
198 0.06758858835500337 -0.25507125195484487 0.966922259763518
199 0.0848686051335515 0.8905341653263523 -0.4549163663647384
200 0.05558334514897879 -0.35271368505616263 0.9357312949635179
201 0.11906806067508219 -0.053312233602111625 -0.9985778916781374
202 0.07724131968118378 0.9996377785551779 0.026913039316829562
203 0.10005258254425353 0.16839709844616413 -0.9857192385435687
204 0.002813967066941011 0.8372647744650805 0.5467976750498651
205 0.04808164390448113 -0.9446304797243014 -0.32813603394908686
206 0.11147782972576648 -0.7082168556103913 0.7059949613342366
207 0.007484805329581448 0.3806621533534839 -0.9247141855753532
208 0.05147923952059198 -0.11526988043847138 -0.993334210960088
209 0.06316550154093387 -0.9959063736986828 -0.09039078949948073
210 0.05192383948678436 -0.9918174960219562 0.1276638342865234
211 0.08067139161439549 -0.6107095796013564 0.7918546643059788
212 0.06929477901738969 0.5959644231095265 0.8030108382753806
213 0.028282462515224337 0.9991493846152482 -0.04123720677944804
214 0.0769116384457687 -0.2279955263689769 -0.9736621795857807
215 0.03456569128486427 -0.9850441723661101 0.17230199792099113
216 0.0446090271278528 0.2204652343079796 -0.97539483311197
217 0.08433719075494858 0.9621314796532121 0.27258579541186784
218 0.08199811765862645 -0.766178325276959 -0.6426280213901308
219 0.09935115624061609 -0.1397434318817592 -0.990187746463219
220 0.02617700771735372 0.5402777398832693 0.8414867579389627
221 0.021025782937544757 0.3673531729614956 -0.9300815267035043
222 0.0737233021640146 0.9033074415162832 -0.4289937832898125
223 0.08570100047269086 0.9236751467906484 -0.3831764909297986
224 0.06639396758375246 -0.9783546016065693 -0.20693543320381635
225 0.0433596799168452 -0.9999395337111806 -0.010996768682966646
226 0.028499615725979463 -0.3718691420943234 0.9282851615522204
227 0.08839564319386362 -0.864497968667671 0.5026363120283597
228 0.018508096931011155 -0.7605086964990829 -0.6493277466343679
229 0.06241248393658417 0.2818062851279075 -0.9594713219593426
230 0.13462819980971866 0.10468763178218954 0.9945051532052696
231 0.045040766494203945 -0.7339560596296019 -0.6791969541546754
232 0.0750349930774606 -0.979952476776897 -0.199231381209952
233 0.02287298207687351 -0.17991652728124785 -0.9836818811033656
234 0.041517198042510604 -0.9969034826908598 0.07863489173919266
235 0.07604510448772928 0.5286503098869905 -0.8488397079875499
236 0.016458530279640032 -0.0049448279238970124 -0.9999877742636673
237 0.03443232186234734 -0.6340641225632433 -0.7732804720656693
238 0.06852916061681412 0.6526483677441968 0.7576609453316407
239 0.07412361493878888 0.6463738492308013 -0.7630208693283279
240 0.0038706480136277413 -0.21624447767017257 0.9763392473301246
241 0.05538050143713509 -0.9587270101224682 -0.28432819076136767
242 1.4351815273060208e-05 -0.9851297805976944 -0.17181186041580018
243 0.09436813299602084 0.6668795365261672 -0.7451655411803773
244 0.1418546393501649 0.628483553765429 -0.7778228735685119
245 0.04885390337410156 -0.8862932026150412 0.46312456099668653
246 0.0470840219747463 -0.9501009641390563 0.3119425555162932
247 0.076654030322286 -0.13202757868237897 0.9912460433551643
248 0.06556633399763374 -0.928007068207407 0.37256258716770413
249 0.15022715471485698 -0.31143940725347463 -0.9502660130771827
250 0.06936022785644311 -0.11761910632423785 0.9930587826646958
251 0.02555889328674501 -0.1928873840016526 0.9812209012719811
252 0.03208296674607711 -0.22188863220662008 -0.9750720152365544
253 0.07595479999073312 -0.7314063654046411 0.6819418806948087
254 0.004768056213582595 -0.6008700632933335 -0.7993467126584467
255 0.06012039942027224 -0.9739532780616371 -0.22674878644215787
256 0.014422908441295127 0.2023450488193794 -0.979314291337711
257 0.0477588245612557 0.3470471372123089 0.9378476872886881
258 0.051196820237142164 -0.43664681535995725 -0.8996330133093201
259 0.05964246609963846 0.7797224818648292 -0.6261252680371167
260 0.02582658708746894 -0.4615231884597671 0.8871281454862823
261 0.05613356497730781 0.7777652893437134 0.6285548143893974
262 0.06710047797756756 -0.21529098210924755 -0.976549943946768
263 0.06569136682523485 -0.9501996523480128 0.3116418147131664
264 0.046201986142314674 0.03273645010767326 0.9994640187792394
265 0.07643114868552535 0.4745761099834204 0.8802144714971485
266 0.09032761793517186 0.8961506998602569 0.4437498429745884
267 0.02214453752376955 -0.8348332407178701 0.5505029156984536
268 0.07393844503516073 -0.18811039426466863 0.9821478908848661
269 0.009370929546275546 0.45308644750438914 -0.8914665843921759
270 0.0987941206634457 -0.9322837825425297 -0.3617277274528359
271 0.0922296206312813 -0.18540250387835808 0.9826626641709938
272 0.07861682083969211 -0.293867125847271 -0.9558462807095418
273 0.009378977731360417 0.45023345581761287 -0.8929108775586339
274 0.0391881813275324 -0.9997063868330754 -0.024230974498713764
275 0.06714500243036901 -0.6788368950970873 0.7342890914721163
276 0.045207086042990605 -0.8224786226172823 0.5687960226105472
277 0.03772161877327576 -0.5225412609086432 0.8526139986230612
278 0.0885883578483064 0.9083114931102015 -0.41829443157172946
279 0.0693016784351489 -0.485834322910772 -0.8740509199593761
280 0.11158668205408331 -0.6502488774073066 -0.759721262984351
281 0.0720956246030416 0.944570157070463 -0.32830963795155466
282 0.062479581562722694 -0.06854571005485548 0.9976479768099947
283 0.07503935559518714 0.6396399175515387 -0.7686746879367505
284 0.06894386771937282 -0.8815670608437388 -0.4720588069672377
285 0.05337668210862319 -0.9992100724371615 -0.03973954126713529
286 0.06604778940010514 0.6095790795208738 -0.7927252650259636
287 0.05515150180177122 -0.9975250088516069 -0.07031256442202698
288 0.03397801730900064 -0.8283747054135894 -0.5601743901955436
289 0.02848392474373561 0.8712058893113693 0.49091781229568976
290 0.039522035913990956 -0.8728107186966786 0.48805885846707814
291 0.0706711247625785 0.9978613551333222 0.0653660151109873
292 0.0595982711928402 -0.08420520019505531 0.9964484353242322
293 0.10017653776506091 0.48748331870599687 0.8731323003894584
294 0.04635353164395984 -0.39853594791839764 -0.917152712593047
295 0.04422044515605937 0.8809068181248935 0.4732897397800589
296 0.039068554586148024 0.4362620368146812 0.8998196681748548
297 0.05375479309589657 -0.9966839029262732 -0.08137074196325941
298 0.05398591094056506 -0.23757329616618114 0.9713696150017953
299 0.09140702819077039 -0.939679246565582 0.3420568864588757
