0 0.0594145170212108 -0.8070265262945685 -0.5905151868131099
1 0.030225243874719088 0.5160237730005061 0.8565742616366209
2 0.03290373361352161 0.7184696520533093 0.6955583074612773
3 2.1342875643770576e-05 -0.5703343381146261 -0.821412650722736
4 0.10284835184843108 -0.007968304667097347 0.9999682525564161
5 0.13220527601403978 0.3372351948199061 0.9414204285943555
6 0.016424446009578392 0.1639153103780399 0.9864744147841193
7 0.09592899190420474 -0.5365152138369983 -0.843890647727204
8 0.033127894757959575 -0.3701210814299108 -0.9289835225025003
9 0.0227302761121375 0.9996832080069337 0.02516910067852785
10 0.05814724447533409 -0.7120764664600325 -0.702101919890406
11 0.051296194084529186 0.991656016401897 -0.1289121605354612
12 0.06064379017154991 0.6985730784466871 0.7155387159822442
13 0.07660527160940557 0.9893661353051094 -0.14544638294379125
14 0.03652769879560692 -0.5130723292405764 -0.8583453762720747
15 0.04545046852427758 -0.8781972748550793 -0.47829859547892506
16 0.04733888678857749 0.449530561355601 -0.8932649519640398
17 0.07180899441562907 -0.739584886032647 0.6730632929762821
18 0.07700504567384771 0.509491723172128 -0.8604755568981002
19 0.12810281955494404 0.7366545596373627 0.6762692213648964
20 0.04788446855658903 -0.9998738791186845 -0.015881620073348094
21 0.10370432006700198 0.4673337347499061 0.8840809806599758
22 0.0638121068847362 0.13031389077440012 0.9914727882656376
23 0.0207198520349467 0.998337313946602 -0.05764206434440038
24 0.026733511131187885 -0.9893284600535655 0.14570243006909905
25 0.04444199258461775 -0.853357655573731 0.5213259169403585
26 0.013432123108202848 0.3868912512812941 0.9221253492242768
27 0.038932332149289255 0.7651861660904564 0.643809079792906
28 0.044705650170586066 0.9980187868934468 0.0629166194874838
29 0.04094391889161684 0.9999232816183915 -0.012386721822453772
30 0.012073495293874064 0.12691966451252365 0.9919129995922165
31 0.021441295007609204 0.7481632679318605 -0.6635146754349289
32 0.041952394828643345 0.9890565754857575 0.14753674284186316
33 0.026783222015294834 0.9040970724940426 0.42732713874466466
34 0.08368583935317901 -0.17813391838521903 -0.9840062535983845
35 0.013545948046613002 0.551249200347832 0.834340649324888
36 0.014780321982859293 -0.8112468158880781 0.5847038598397095
37 0.1166576347838827 -0.5272753216818147 -0.8496944951836153
38 0.03552269706032274 -0.41826669397392174 -0.9083242662794635
39 0.023513466368513286 0.9928867564727687 -0.11906254163667505
40 0.08092917369255491 0.8743247279496981 -0.48534139540707466
41 0.09602099279459182 0.961625097673963 -0.2743668557306827
42 0.05367640008391791 0.29829806195666875 -0.9544727687225526
43 0.051531543795040144 -0.9387707874027422 -0.34454231774810395
44 0.07639321412772981 -0.9368755514197266 -0.3496629822443079
45 0.1596229781887056 0.5785008829155694 0.8156817568549064
46 0.06769587025123278 0.42631431753889276 0.9045750950923578
47 0.057743397892621805 0.9398701208131008 0.3415320717044991
48 0.10266466630730103 0.19477338288355375 0.9808482702845005
49 0.09864844567080139 0.9392029221212628 0.3433625941754303
50 0.0028158968509959196 -0.844717065123169 -0.5352131163281593
51 0.020960064259678595 -0.052323261714656975 -0.9986301999657028
52 5.794757639725215e-05 -0.745183249470343 0.6668597489043859
53 0.016456000648728465 0.0040864242118959495 0.9999916505337234
54 0.02164733916046994 0.8561584402677613 -0.5167133878256631
55 0.03979213836886264 -0.9739040763549548 -0.22696001863588755
56 3.10401950649393e-05 -0.744570768988943 -0.6675435341363243
57 0.05759988633044959 -0.9171896376217125 -0.3984509613984533
58 0.03585818730230028 0.6626109568831768 -0.7489637640222394
59 0.06603859572643607 0.9682854900793816 0.24984637220046213
60 0.047685221190141895 -0.9431383032954498 -0.3324005728890674
61 0.05979964638222974 0.07488026718724095 -0.9971925318542891
62 0.013554506833620531 0.5477153508053557 0.8366647443822204
63 0.11553781355874802 -0.3421187416507134 0.9396567280721894
64 0.07015770744446623 0.9731065182127637 0.23035560382120518
65 0.04252096728240516 0.5077283251583093 0.8615172359459433
66 0.13673910725641053 -0.7974649101119972 0.6033653264317269
67 0.03163096227644371 0.4405092346230409 0.8977480794809993
68 0.04228937502769416 0.9984944177796804 -0.054853419791449566
69 0.09474004038047384 0.11442242728272965 -0.9934321859768428
70 0.043909274932518914 -0.9357453904513022 -0.3526762881866883
71 0.019440982856349407 -0.8041884241189935 0.5943744430180438
72 0.018215692637335277 -0.3713975979073132 -0.9284739222340483
73 0.0663471138299184 -0.8752258398517044 0.48371451214107547
74 0.08269482876715104 -0.9983243420482643 -0.057866294800171005
75 0.00010091027515366787 -0.6953129829808327 0.7187070722473073
76 0.07580830524642221 0.8310472298721209 -0.5562018533966552
77 0.08052054570987062 0.11610207031204961 0.9932372874944113
78 0.004458659989974495 0.7654522554140876 -0.6434926920187101
79 0.037209928326599015 0.19638958864642767 -0.9805259453330579
80 0.026437526997987962 0.990428037034596 0.13803008170611533
81 0.05916547834189346 -0.9998015950902519 -0.019919097745330735
82 0.07576063775215303 0.5947212823040331 -0.8039319600405538
83 0.0147831709357356 0.8134252027101384 -0.5816695278213998
84 0.1208232992442454 -0.5972566576307582 -0.8020501760586649
85 0.009491715223107714 -0.7210820281892409 0.6928497013223652
86 0.10428032169555242 0.04115272423251287 0.9991528678276627
87 0.060084340823246915 -0.2780887461975194 -0.9605553858254565
88 0.024177975590270965 0.7555076395441804 0.6551398374319644
89 0.06774744105197894 -0.9590678031680067 -0.2831765331493653
90 5.5287854705933274e-05 0.6242721640723138 0.7812069285179633
91 0.013432724852966696 -0.386636546537123 -0.9222321729813199
92 0.07689377806568587 -0.872856122342052 -0.48797765285922334
93 0.05250687047520193 0.9969702718790863 -0.07778352646506022
94 0.05315475499404532 -0.7428641382838864 0.6694422096430274
95 0.08413905977938649 0.6861401909091308 -0.7274693384735754
96 0.014287285842795393 -0.7789837982422222 0.6270440511448305
97 0.08502717394468759 0.9308982152801657 0.36527867825566035
98 0.052848435908122215 0.6963094226755439 -0.7177417278473162
99 0.09725907390424951 -0.5656528877912613 0.8246434444858012
100 0.052897109708788574 -0.03826191816581103 -0.9992677447102317
101 0.06709328457923727 -0.6535884673158411 0.7568501274306094
102 0.050096605860199137 -0.8188336103802744 0.574030938636242
103 0.07351436797495087 -0.5193163537092683 0.8545820760875518
104 0.05145648077549001 0.5206407478536053 -0.8537758556403657
105 0.08978181538930952 -0.9915459095760445 0.129756345521191
106 0.060952619486667955 0.9543632750804599 -0.2986481862956787
107 0.06807628142722341 0.996733447073244 0.08076159660066692
108 0.00018513388153439786 0.7453500203024152 -0.6666733437262881
109 0.05232851233220201 0.5542078621400185 0.8323783067465119
110 0.04426527930858783 -0.06892163372268648 0.9976220769434665
111 0.04337050799601271 0.30818703385240886 0.9513257865554019
112 0.05323854508006565 -0.7339037309368216 0.6792534973903435
113 0.0008090656163448563 -0.9919785925912423 0.12640598024103916
114 0.0509544933117236 0.7880283407707014 0.615638964119536
115 0.04052914700349667 0.9376051944290742 0.3477017391092802
116 0.06279009061818394 -0.07635980129077378 -0.9970803281315069
117 0.0037583250427193856 -0.9877427425433045 -0.1560905972601526
118 0.10946582644420864 0.6020372484737688 0.7984680027716412
119 0.04870134883872094 -0.8702748533877218 -0.49256642147123597
120 3.8822452998038964e-05 -0.5821533742203022 0.8130789930160025
121 0.011994585827971183 -0.0901240847148218 0.9959305444428922
122 0.08160348378205629 0.08781824516403228 0.9961365146486248
123 0.07747935494923722 0.7647069453496446 0.6443782179233061
124 0.08005267354821816 -0.7107422173213082 -0.7034525574032625
125 0.025054035387287357 -0.5264518525602309 -0.8502049440787208
126 0.05567732122961604 -0.8709281574792765 -0.49141036263977217
127 0.02752861820423127 0.9491878099734643 -0.3147101863584631
128 0.06560698123367352 -0.7925639670480737 0.6097887815768833
129 0.04734057478593609 -0.6248753553417549 0.7807245290667609
130 0.09384033206819827 0.7475416713996534 -0.6642149121489312
131 0.01458826214713728 0.910303202402126 -0.41394212119139806
132 0.040390237667151795 0.9352684404204232 0.3539391817156574
133 0.09490731983229805 0.9981251188754929 -0.06120659335221301
134 0.0949037710658054 -0.9663442435202887 -0.2572524110969632
135 0.05378182034711234 -0.23804440536163848 -0.9712542721018137
136 0.07744626509734293 0.4323966874591442 -0.9016834836428796
137 0.08048763192098013 -0.8378682771477964 -0.5458724669273798
138 0.0670962719088292 0.9950833079393671 0.09904145728151843
139 0.00010198985718348127 0.917040295275935 -0.39879455467724967
140 0.08005287717583272 0.8317409250593827 0.5551639699956782
141 0.046505294116675186 0.43920799484309136 -0.898385405750734
142 0.08289412796141753 -0.6292124029923852 0.7772333960404354
143 0.031187797399192085 0.8528402094675351 0.522171980400491
144 0.10914581062119186 -0.7050930147810166 0.7091148288584981
145 0.0846886734542759 -0.761115714899378 -0.6486161180029437
146 0.12785244372961924 0.8858846930808971 0.4639054974506821
147 0.12606511724804936 0.3658378266803141 -0.9306786150813956
148 0.07314548401573974 -0.35619824093884245 0.9344104093769902
149 0.16997625431281926 -0.7580021884921512 -0.6522520082307982
150 0.024771645164116084 0.34454073521531076 0.9387713682134181
151 0.03509101260229795 0.3649730188144313 -0.9310180962459756
152 0.09262562476305809 -0.3557855795614058 -0.9345676119875729
153 0.00018374407839454737 -0.8172351377313125 0.5763043724086108
154 0.00618932121656866 -0.316600041498918 0.9485591250538279
155 0.05349676274647915 -0.14566622422091777 0.9893337915593611
156 0.04778262050996143 0.5957668539957907 -0.8031574289514841
157 0.04185077985184455 -0.7042214835891104 0.7099803532856048
158 0.05930553344167674 -0.6428775915508289 0.7659689303632398
159 0.050964742407528275 0.875202564006335 -0.48375662471612435
160 0.08322161975342712 0.4892417857764235 -0.8721481955781919
161 0.05674155050798675 0.9109235903946759 -0.4125750991788922
162 0.06828748489172844 -0.06275852190610706 -0.9980287410331231
163 0.045374880637101635 -0.9997770671105968 0.021114357194413794
164 0.14774405678403238 0.2658253972668885 -0.9640211917628683
165 0.006455305540309641 -0.33835168691360323 0.9410197319730969
166 0.013745542087764738 -0.06959877182999967 -0.9975750653257908
167 0.03264239597139675 -0.17217677160551698 0.9850660685047992
168 0.010564020869377234 -0.9914819800691186 -0.1302439372800898
169 0.11638146347186314 0.8054459669586266 0.5926692115422253
170 0.010094378310968695 -0.547797780975626 0.836610776381813
171 0.00984224643872021 0.7851532760468217 0.6193014880596875
172 0.03628543906357768 0.5652865954236354 -0.824894578133688
173 0.053509246609106074 -0.41849367776268975 -0.9082197100221168
174 0.0392813372530713 0.8866772844799878 0.46238879007518624
175 3.95025209906432e-05 0.5914707145326494 0.8063264809307934
176 0.03340120928505118 0.2480840375505196 0.9687385149319874
177 0.05485193055473076 -0.7933161308448028 0.6088099182351022
178 3.7585035112128562e-06 0.8483613100390248 -0.5294176873026342
179 0.10906448744458992 0.9994314833133069 -0.033715132539604786
180 0.07671601525595458 0.7755126485316268 -0.6313320298919274
181 0.03120631556160778 0.3955323219559971 0.9184520576971329
182 0.00917849583672252 0.9958241070908866 0.0912926488641787
183 0.018015633277648907 -0.8304120857708794 -0.5571496816885545
184 0.07733005767005902 0.9742839399597677 0.2253237766780765
185 0.1174092135357304 0.9671155986910295 -0.254337214674714
186 0.06385949613851628 0.9346704666178485 0.355515286355416
187 0.05122065770598458 -0.37535497888826547 -0.926881135757865
188 0.0004698114421101053 0.7978356669539947 -0.6028749858271402
189 0.049998684062747746 -0.8609299831830876 0.5087234652110796
190 0.08522797381068224 0.017461415330726315 0.9998475378649726
191 0.06600696671420146 -0.06836900940003279 -0.9976601017148367
192 0.018439929835701068 0.364277550583604 0.9312904306073427
193 0.0871121222111944 -0.6397059179513628 0.7686197620006946
194 0.036806914303969505 0.9322802808030639 -0.3617367523846039
195 0.015976116871673787 0.38778018980341405 0.9217518778912405
196 0.05643776567598157 -0.8692504233884778 -0.49437202736294866
197 0.060887751449934135 0.18213503284712051 -0.9832735274631258
198 0.0675933660087394 -0.25546590533246466 0.966818065208064
199 0.08485360734540688 0.8904480447974761 -0.455084914621823
200 0.055603709892279744 -0.3531377551274852 0.9355713366192449
201 0.11907606704357082 -0.05327500710599072 -0.9985798784363005
202 0.07738269132927265 0.9996434386851459 0.02670197546506259
203 0.10009913117818442 0.1684095046881797 -0.9857171190208082
204 0.002813967066941011 0.8372647744650805 0.5467976750498651
205 0.04799774179582296 -0.9446613650604689 -0.3280471084495205
206 0.11165990433928467 -0.7084910635260857 0.7057197835569554
207 0.007285960737659271 0.3802686365971252 -0.9248760803591818
208 0.05146346993214644 -0.11492080809840566 -0.9933746563437228
209 0.06330680046547586 -0.9959089818046118 -0.09036204933987112
210 0.051915385531277766 -0.9917836622098837 0.12792641390092763
211 0.08078572979235057 -0.6106560400250562 0.7918959532545401
212 0.06909073531035283 0.5961718793549512 0.8028568304912063
213 0.028223272381711916 0.9991455525729634 -0.041329950080631034
214 0.07697367776214245 -0.2278465224800711 -0.9736970587373357
215 0.03443566489599509 -0.9850640503986069 0.17218831729327894
216 0.04446695575035511 0.22067203039995256 -0.9753480686396844
217 0.08441989831735915 0.96201007713925 0.2730139400882932
218 0.08205235298743714 -0.766148889869519 -0.6426631143544055
219 0.09947868998806142 -0.13945647978155118 -0.9902282010965643
220 0.02614953624792521 0.5401916090509687 0.8415420521346069
221 0.020991175674054518 0.36726106105048867 -0.9301179027607571
222 0.07387324794937407 0.903304337309575 -0.4290003195776309
223 0.08580720003118526 0.9238745680413546 -0.3826954174358513
224 0.06633913587247228 -0.9782976980408296 -0.20720428086314696
225 0.04344467651031403 -0.9999397900602055 -0.010973434027332458
226 0.02832863232049398 -0.37114116616630877 0.9285764560749494
227 0.08854606679588124 -0.864345543215853 0.5028983813086815
228 0.01847514046538856 -0.760611225922073 -0.64920764243909
229 0.06245682541819216 0.2819098653371591 -0.9594408933465286
230 0.13464319094030863 0.10494773644397151 0.9944777386222814
231 0.04505397280250116 -0.7339246444652617 -0.6792309005386454
232 0.07503080121370656 -0.9799422286947969 -0.1992817814569972
233 0.022755373714547864 -0.1801235352976149 -0.9836439965922066
234 0.04147970226704939 -0.9968571084984281 0.07922061118265358
235 0.07605125294608142 0.5283516874115151 -0.8490256146956962
236 0.016458530279640032 -0.0049448279238970124 -0.9999877742636673
237 0.03441800469608451 -0.6339108608542178 -0.7734061161453694
238 0.0683406826768948 0.6529253979737779 0.7574222235192098
239 0.07418238194669591 0.6462807164975017 -0.7630997546084495
240 0.0037558609954530587 -0.21599073890273063 0.9763954120684163
241 0.05546895175981539 -0.9587268969434996 -0.28432857238956555
242 1.4351815273060208e-05 -0.9851297805976944 -0.17181186041580018
243 0.09448962154755594 0.6667836035961309 -0.7452513844169347
244 0.14183967378356957 0.6284804815817654 -0.7778253558934372
245 0.048781060089666685 -0.8861435025464255 0.46341093307641457
246 0.04709989027048637 -0.9500613738628808 0.312063112036292
247 0.07685112792140567 -0.13201753806348768 0.9912473806490767
248 0.0656658962823245 -0.9279570394516593 0.37268717838438137
249 0.15021045124516835 -0.31136694097347045 -0.9502897600568068
250 0.06950507374305653 -0.11772197426649628 0.9930465934561169
251 0.025502851416720505 -0.19273084802843224 0.9812516599824131
252 0.03205096828263462 -0.22195180259054786 -0.9750576379511144
253 0.07599257977138164 -0.7313949629452825 0.6819541100237382
254 0.004634452425619825 -0.6006557484636269 -0.7995077684660732
255 0.06008500550343325 -0.9739158908689384 -0.22690931561520816
256 0.014275101490956602 0.2020112572556727 -0.9793831997446057
257 0.04779111027456256 0.3472323156496939 0.9377791418924561
258 0.05125383645279777 -0.4365605394242977 -0.8996748831758983
259 0.05955767391637795 0.7798914021344366 -0.6259148511393403
260 0.025669289718798064 -0.460760557103502 0.8875244836159003
261 0.05592306752173297 0.7779923291992816 0.6282737744861524
262 0.06711899030456593 -0.2151092329772625 -0.9765899947715694
263 0.06556036499262531 -0.9500546903053075 0.31208345907607166
264 0.04618886018211662 0.03283918710386128 0.9994606484451289
265 0.07655467023699132 0.4745371050324369 0.880235500276735
266 0.0903625822947856 0.896200497297984 0.44364926309286956
267 0.02206356234610609 -0.8348723659056565 0.5504435780778004
268 0.07374672410620435 -0.18784157786659997 0.9821993390471132
269 0.009370929546275546 0.45308644750438914 -0.8914665843921759
270 0.09871135974123924 -0.9321409615536475 -0.36209560587480427
271 0.09213950828550639 -0.1861790919897151 0.9825158246592699
272 0.07849829727722595 -0.2933284430209814 -0.956011728230824
273 0.009378977731360417 0.45023345581761287 -0.8929108775586339
274 0.03914343281185045 -0.9997107240340196 -0.02405136693363469
275 0.06723708488495635 -0.6788559067991253 0.7342715150432688
276 0.04515999961596234 -0.8226392765119138 0.568563647043983
277 0.037696639863181766 -0.5223253346495244 0.8527462956725538
278 0.08862005646968664 0.9083717364622435 -0.41816359047216034
279 0.06941162164899269 -0.4862023142490309 -0.8738462734479598
280 0.11148019769469902 -0.6499704383678061 -0.7599594918467444
281 0.07220338461132833 0.9446181373421212 -0.3281715627599403
282 0.06253219766781762 -0.06862515000214833 0.9976425155270713
283 0.0750768495866905 0.6396764887933202 -0.7686442543108284
284 0.06901988644309695 -0.881723251095623 -0.47176700655870907
285 0.05330131090201978 -0.9992091344259235 -0.039763119593369464
286 0.06614315080854252 0.6095603577980361 -0.7927396610496602
287 0.055266686617251544 -0.9975413067990351 -0.07008096196309949
288 0.03393334521990836 -0.828450498630875 -0.5600622923552829
289 0.028422063377576287 0.87118528574439 0.4909543745629175
290 0.03950516285318751 -0.8727580421820588 0.4881530495720985
291 0.07070067336479836 0.9978673496061012 0.06527444055750203
292 0.05969205947644221 -0.08400351207897414 0.9964654584873465
293 0.10016527817795615 0.4874586977005284 0.8731460462237144
294 0.04641721681658411 -0.39850062821563564 -0.9171680594698791
295 0.04422820354102835 0.8808245406328525 0.4734428462010218
296 0.03904960632530514 0.4363060433188113 0.8997983310517327
297 0.05374924668939703 -0.9966618796141157 -0.08164004975536211
298 0.05396539330050081 -0.23752749085326558 0.9713808167186296
299 0.09143937608855476 -0.9396688108637039 0.34208555346578545
