0 0.06037946162508707 -0.806607366454981 -0.5910876046581928
1 0.02835002441172082 0.51033762725952 0.8599741311243747
2 0.0326345811081867 0.7191662226091509 0.6948380705301669
3 2.1342875643770576e-05 -0.5703343381146261 -0.821412650722736
4 0.10216492264745065 -0.0049366942411686356 0.9999878144507408
5 0.13237114394993454 0.3389526620105426 0.94080342947715
6 0.015996829968470593 0.1641880491039813 0.9864290570190177
7 0.09541334192866303 -0.5385702893755473 -0.8425805857020082
8 0.03299080141775208 -0.3677768559414196 -0.9299140735755344
9 0.020782887594235546 0.9995044099411434 0.03147911225251768
10 0.05867501073453101 -0.7136498180568844 -0.7005026318204491
11 0.04984630087780532 0.9916951305636146 -0.12861091717430284
12 0.06045953075289886 0.6979552543636345 0.716141370754542
13 0.07747837984408373 0.9894273797453594 -0.1450291702045915
14 0.03973230238335621 -0.520566229031314 -0.8538212934754658
15 0.0445888785110139 -0.8778336428251698 -0.4789656517165841
16 0.04633077175439182 0.44941164295653035 -0.8933247870596182
17 0.07156222234079328 -0.7391896602946079 0.6734973245036258
18 0.07681259637516231 0.5131204524968365 -0.8583166089674845
19 0.12742966013365825 0.7360061289366973 0.6769748726264645
20 0.04816267798016318 -0.9998418193450547 -0.017785845180118776
21 0.10269822055983258 0.466308689825446 0.8846220694699382
22 0.06287974504562595 0.13331785392074927 0.991073332214103
23 0.01889106970701461 0.9985280906410078 -0.0542370002933727
24 0.024638313670371097 -0.9905565703165372 0.13710463523433117
25 0.0439233694454572 -0.8539749702460633 0.520314088021106
26 0.013432123108202848 0.3868912512812941 0.9221253492242768
27 0.038424362148727347 0.7662346280249481 0.6425608880218818
28 0.044977836096480615 0.9981444554948528 0.06089044231144957
29 0.04048633446617945 0.9998871251086494 -0.015024547978561162
30 0.01137659578987144 0.12655477236326643 0.9919596209483942
31 0.020446331349299466 0.7512995020095307 -0.6599614066596858
32 0.04059284173460565 0.9884202473760936 0.1517412751263871
33 0.02672684305185576 0.9033057610806673 0.4289973216681854
34 0.084200250521044 -0.178211206771099 -0.9839922590047081
35 0.013545948046613002 0.551249200347832 0.834340649324888
36 0.014780321982859293 -0.8112468158880781 0.5847038598397095
37 0.11744673365440518 -0.5279694526403924 -0.8492633614366066
38 0.03332592194758025 -0.41076112359843947 -0.9117430007080655
39 0.023212365969127912 0.9928263704613144 -0.11956503718317035
40 0.08195790558638105 0.8757111151148911 -0.4828354200597073
41 0.09376726436340946 0.9620476501688838 -0.27288151055820714
42 0.05410146260176359 0.2979290978519353 -0.9545880015237631
43 0.050961099474557514 -0.93888249629575 -0.344237793028977
44 0.07675965478600152 -0.9371519189611484 -0.34892159690600594
45 0.15984712960795847 0.5786144159156601 0.8156012246769738
46 0.06889138334983907 0.4262521328201575 0.9046043993184351
47 0.058066560986113284 0.9404100547743977 0.3400425398082045
48 0.10412697520192407 0.19484302185336613 0.9808344390543435
49 0.0988205590121133 0.9394482652478395 0.34269075990289694
50 0.0028158968509959196 -0.844717065123169 -0.5352131163281593
51 0.019916001283601575 -0.05254249738639738 -0.9986186889741251
52 5.794757639725215e-05 -0.745183249470343 0.6668597489043859
53 0.016456000648728465 0.0040864242118959495 0.9999916505337234
54 0.02124982605232332 0.8565045852525955 -0.5161394147333445
55 0.0376204625846203 -0.9750617440027202 -0.22193376350247784
56 3.10401950649393e-05 -0.744570768988943 -0.6675435341363243
57 0.057721401967122166 -0.9169537595964681 -0.3989934871171491
58 0.03535424111949228 0.6640417724080752 -0.7476954757768314
59 0.06614805217738651 0.9689792477607654 0.24714209962890019
60 0.04702912307821741 -0.9431298280907189 -0.33242461907261184
61 0.05858891235548947 0.07029609076260464 -0.9975261698940513
62 0.013554506833620531 0.5477153508053557 0.8366647443822204
63 0.11614176036995348 -0.34143374859201814 0.9399058438601191
64 0.07097277990878893 0.9727885989121766 0.2316945010708808
65 0.04256572662404579 0.5080296919803949 0.8613395567755524
66 0.13755438175232335 -0.7981710108506077 0.6024309399738024
67 0.030619431106474318 0.4411837489350181 0.897416792619596
68 0.04246209474597236 0.9984912509543962 -0.05491103502507546
69 0.09587827203781076 0.1168746442569332 -0.9931466747312883
70 0.04202432107681192 -0.936526009362911 -0.350598108646896
71 0.018435213356646545 -0.8033167929149442 0.5955519542582735
72 0.01756367427992712 -0.37096688412781387 -0.9286460956039718
73 0.06671336808914209 -0.8749924867301923 0.4841364974526444
74 0.08376988138899683 -0.9982447596072689 -0.059223305519245505
75 0.00010091027515366787 -0.6953129829808327 0.7187070722473073
76 0.07629102475465642 0.8302260661871956 -0.5574268373727034
77 0.08042200254399921 0.11719491879192179 0.9931089320962504
78 0.003283969666627794 0.7642296209031392 -0.6449442507180324
79 0.036695786609250616 0.1946151025258597 -0.9808796877644318
80 0.02432056542577415 0.9922384389309286 0.12434983034935737
81 0.05951299311673871 -0.9998155966005753 -0.019203457871846383
82 0.07646578926615649 0.5938755423835121 -0.8045569216399105
83 0.0147831709357356 0.8134252027101384 -0.5816695278213998
84 0.12230561526400739 -0.5970389547565743 -0.8022122452962042
85 0.008254997085549552 -0.7221363535532822 0.691750740423723
86 0.1053364551371512 0.03874782468545466 0.9992490210563858
87 0.06040355522179295 -0.27731771110053977 -0.9607782715642343
88 0.02330143541466646 0.7524751619976318 0.6586206272025177
89 0.0669055835084105 -0.9613292228608221 -0.27540175248862847
90 5.5287854705933274e-05 0.6242721640723138 0.7812069285179633
91 0.013432724852966696 -0.386636546537123 -0.9222321729813199
92 0.07754871477276151 -0.872972175397209 -0.48777000828491346
93 0.05274450420981393 0.9969938589768922 -0.0774806115254966
94 0.053675274524337055 -0.7432453767101638 0.6690189160247763
95 0.08478843772356827 0.685667151206134 -0.7279152133022531
96 0.014164058371065933 -0.7794152059902353 0.626507730735383
97 0.08407804251792203 0.928935421622651 0.37024178917937894
98 0.050955694779658785 0.6960442753693715 -0.7179988626213321
99 0.09705523743334198 -0.5618727454013629 0.8272236807388527
100 0.05306626228106671 -0.03811794897725913 -0.9992732468978478
101 0.06739653512571983 -0.6550104698053062 0.7556198015175569
102 0.04902129716166296 -0.8189983373379047 0.5737958900495432
103 0.0730489814417174 -0.5245916335933948 0.8513539909836645
104 0.05184542408933638 0.5210234989969967 -0.8535423325722787
105 0.09083788654983836 -0.9916420311596735 0.12901969631617105
106 0.059120159881660736 0.9536350239617101 -0.3009655147580011
107 0.06829776395971325 0.9967833991015302 0.08014271816952163
108 0.00018513388153439786 0.7453500203024152 -0.6666733437262881
109 0.053513471605102954 0.5552135073343988 0.831707858128944
110 0.04324606512600938 -0.06816298352476131 0.9976741991637366
111 0.042704534023477014 0.3057190430906491 0.9521217709367525
112 0.052298070823996144 -0.7400685408767704 0.67253145265075
113 0.00433406660034467 -0.9918797357879117 0.12717936048472042
114 0.05056920621535939 0.7864450972628776 0.617660188931732
115 0.03893496084631467 0.9385898257204369 0.34503498236277425
116 0.06048985187814742 -0.07878093869626633 -0.9968919518674705
117 0.0021039006255440477 -0.9877889687634153 -0.15579779584226644
118 0.11022137629411179 0.6019733218078741 0.7985161988535947
119 0.04785513541544524 -0.8660406416648925 -0.4999736062880332
120 3.8822452998038964e-05 -0.5821533742203022 0.8130789930160025
121 0.011139468291790253 -0.09131096245393386 0.9958224280140191
122 0.08238978344558631 0.0877132833597715 0.9961457623873368
123 0.07759440538114784 0.7651591040721542 0.6438412424313142
124 0.08042842005962811 -0.7121188125174334 -0.7020589696448303
125 0.024570385748642096 -0.5219645292192837 -0.8529671917705226
126 0.054743389656467294 -0.8729215703427469 -0.48786056617680507
127 0.027544504206129524 0.9495474898426344 -0.3136232844250443
128 0.0667837396056006 -0.7914599239294617 0.6112210637842667
129 0.04681182446781279 -0.6230383838675371 0.7821912632008412
130 0.09354221581464779 0.7470090514437285 -0.6648138664777841
131 0.013496078733219749 0.9106499916216632 -0.4131786450912786
132 0.038852275859230005 0.9355715582101435 0.3531371680639749
133 0.09522616346785526 0.9981647257746457 -0.06055724745417771
134 0.09591228435833576 -0.966528806178174 -0.2565581158875971
135 0.05244418838611263 -0.24078708118046752 -0.9705779626266975
136 0.07640739876803575 0.43481262659251646 -0.9005209490931995
137 0.0789789649098387 -0.842360982824125 -0.538913698671294
138 0.06711545061917086 0.9952471455749994 0.09738130839548176
139 0.00010198985718348127 0.917040295275935 -0.39879455467724967
140 0.07890655812525245 0.8303458360242698 0.5572484119287883
141 0.04462055451285986 0.4440223108007708 -0.8960157294998474
142 0.08413793815613027 -0.6287527149788426 0.7776053133863826
143 0.030195378460197826 0.8526067375074681 0.5225531084558501
144 0.10967760080734681 -0.7058573546554937 0.7083540039265315
145 0.08521756874223346 -0.7624661796458725 -0.6470280711810177
146 0.128520422379781 0.8860314986156536 0.46362504619670736
147 0.1261727764211012 0.365707578933464 -0.9307298032783866
148 0.07257192396812848 -0.3495572781586321 0.9369149957633983
149 0.17027615804249285 -0.7559624775020635 -0.6546149498819457
150 0.024448140565541305 0.34370545917647644 0.939077503368219
151 0.0374726653327941 0.3667287561995547 -0.930327909597647
152 0.09369708274862312 -0.356956635907488 -0.9341209558090479
153 0.00018374407839454737 -0.8172351377313125 0.5763043724086108
154 0.00501121279235728 -0.31922226227741285 0.947679875942552
155 0.05341991847425422 -0.1441866210129225 0.9895505132740197
156 0.045970033994827325 0.5929164186303058 -0.8052640067199155
157 0.04113725782934758 -0.7044117090665698 0.7097916202167467
158 0.05809350056408608 -0.6330600476768895 0.7741026908849591
159 0.05073753549821814 0.875566433210184 -0.4830977344550442
160 0.0844538237446377 0.4899835111086903 -0.8717317011796691
161 0.057072631197605875 0.9108134517699041 -0.41281818767466205
162 0.06842933351931835 -0.06425418538845072 -0.9979335647527177
163 0.04538121192308354 -0.9997637224358759 0.021737049044454834
164 0.1490863820800651 0.26939779061806235 -0.9630289873155983
165 0.005345517136426444 -0.33571392403651684 0.9419639914603974
166 0.012802877373670403 -0.06968499658712349 -0.9975690458563019
167 0.031587928107477355 -0.1721362955974333 0.9850731423290319
168 0.008849474308973993 -0.9911136087344407 -0.13301809869861353
169 0.11547994381257108 0.8058467018059048 0.5921242210791121
170 0.008710312203243383 -0.5448491697359035 0.8385340674284478
171 0.013605564679099633 0.785218250068432 0.6192191048082005
172 0.03571369659181398 0.5653548028447872 -0.8248478325729733
173 0.05351866148419042 -0.416477293972259 -0.9091461178521
174 0.03815827995582798 0.8859669812783976 0.46374832407723426
175 3.95025209906432e-05 0.5914707145326494 0.8063264809307934
176 0.032691440908666956 0.2446955599534788 0.9695999602614748
177 0.05583105192861024 -0.7927738039419747 0.6095159520335555
178 3.7585035112128562e-06 0.8483613100390248 -0.5294176873026342
179 0.10980151194148204 0.9993160286203147 -0.03697938537242631
180 0.07436444229250799 0.7764758940848832 -0.6301469558008523
181 0.029006061565451137 0.40443911494089785 0.914564925145188
182 0.008026341651129695 0.9961223370887399 0.0879789153881024
183 0.016466948228796536 -0.8281766639857445 -0.5604671384028177
184 0.07523003317304776 0.9736460538496056 0.22806438087323275
185 0.11790589742555728 0.967242426329716 -0.25385446363576863
186 0.06352252929395366 0.9350065673587836 0.35463039773254684
187 0.05164045530500294 -0.3736227671388341 -0.9275807392758436
188 0.0018859684843520743 0.603529890025749 0.7973403738965608
189 0.050046107106423016 -0.8607753659128753 0.5089850385203436
190 0.08613036352309715 0.016077420077603436 0.9998707499290337
191 0.06475075521474492 -0.0706430807715578 -0.9975016567099542
192 0.018087931800943695 0.36678849744557196 0.9303043577999727
193 0.08540030042944516 -0.6417355785533118 0.7669259724503051
194 0.03676849438087609 0.9333851626771766 -0.35887621555920984
195 0.01814609969961724 0.39095292412353533 0.9204106752527684
196 0.05621843217500029 -0.8688840491190918 -0.49501566559697047
197 0.061191997152905145 0.18230840409858953 -0.9832413975189538
198 0.06762892902497264 -0.2584622491453094 0.966021358856391
199 0.08474056163949258 0.8898147391596342 -0.4563219586807897
200 0.05576005384173016 -0.35631954750841965 0.9343641581650032
201 0.1191393057917092 -0.05297346457961904 -0.9985959203053214
202 0.07846338319062006 0.9996853466344648 0.025084013321832205
203 0.10046282484974142 0.16856097308388734 -0.9856912287085713
204 0.002813967066941011 0.8372647744650805 0.5467976750498651
205 0.0473567323440512 -0.9448905869049257 -0.32738628373599465
206 0.11305276364867248 -0.7105739456725397 0.7036225321373375
207 0.0057644716158433305 0.3774459156557653 -0.9260316305368737
208 0.05134076910663855 -0.11229407389883572 -0.9936750177835824
209 0.06438958352573396 -0.9959276392887904 -0.09015618281990972
210 0.05184708763516633 -0.9915247258892184 0.12991812017694185
211 0.08166331879160964 -0.6102533787405601 0.7922062949356882
212 0.06752970935706173 0.5977440804292973 0.801686980255844
213 0.027761598559916428 0.9991164138598317 -0.042028461259834594
214 0.07744473508686608 -0.2267135407936864 -0.9739614830273267
215 0.033437559006351564 -0.9852254010277903 0.17126269053599996
216 0.0433808680196856 0.2222271211540382 -0.9749949264604347
217 0.08506383843727991 0.9610767493774273 0.27628152635693504
218 0.08246465729069224 -0.7659213729929372 -0.6429342504429314
219 0.10045520181791115 -0.1372668006096831 -0.990534111199802
220 0.025931882808259383 0.5395298475491187 0.8419664741565573
221 0.020738944602079635 0.36773837202857207 -0.9299292928700416
222 0.07502542752187712 0.9032583059822151 -0.42909722986071464
223 0.08662602479925822 0.9253659032862898 -0.37907511793198606
224 0.06592039544656027 -0.9778643677340344 -0.2092397627510535
225 0.044097634963394756 -0.9999417403533647 -0.010794253058184237
226 0.02702278219811359 -0.3657062019562689 0.9307303443268199
227 0.08970309310840772 -0.863182683311911 0.5048917262447953
228 0.01822763139164974 -0.7613336371343767 -0.648360311067651
229 0.06279595999873991 0.28266390035651345 -0.959219015363667
230 0.13475888456651705 0.10692406085067074 0.9942671900506433
231 0.04515684571058403 -0.7336939075628366 -0.6794801321636827
232 0.07499507068210416 -0.979864080313431 -0.19966568085555947
233 0.021851583345364804 -0.18169144885372115 -0.9833555905233039
234 0.041192427824265104 -0.996498757394375 0.08360757448620705
235 0.07610304750276344 0.5261131679687041 -0.850414566249858
236 0.016458530279640032 -0.0049448279238970124 -0.9999877742636673
237 0.034302853297981904 -0.6327404556418025 -0.7743639427260313
238 0.0668936044237489 0.6550254093694166 0.7556068508691727
239 0.07460929676906743 0.645635169620033 -0.763646009450525
240 0.002889694049191375 -0.2160412837935741 0.9763842295412316
241 0.056146183711792516 -0.9587222237938504 -0.28434432929772696
242 1.4351815273060208e-05 -0.9851297805976944 -0.17181186041580018
243 0.09541972716199654 0.6660587861908402 -0.7458992514662987
244 0.14172595375593217 0.6284346547344785 -0.7778623816130696
245 0.04822391243560273 -0.8850205704528948 0.4655519196343547
246 0.04722127258816965 -0.9497483053339053 0.31301462667960905
247 0.07836282902711307 -0.13193870337560162 0.9912578769177902
248 0.06641389247477533 -0.9276042253021103 0.3735644538786737
249 0.1500844352822745 -0.3108115536252653 -0.950471555667527
250 0.0706146014984431 -0.11850428401303786 0.9929535410433649
251 0.025072811457130858 -0.19152508265662194 0.9814877190843369
252 0.030868469740184385 -0.21642238612101214 -0.9762998262755594
253 0.07628647124302039 -0.7313311360203735 0.682022557901973
254 0.003604220683006284 -0.5990457178869865 -0.8007148230682788
255 0.05981405827570103 -0.9736325466676128 -0.22812203766742678
256 0.013139907319617136 0.19954688045986804 -0.9798882806211814
257 0.04803533750493098 0.34862090723661454 0.9372638172027766
258 0.05168767825737507 -0.43591415992596855 -0.8999882472432833
259 0.05890864297736479 0.781160521521254 -0.6243302328228567
260 0.024468996644143714 -0.4551606242226526 0.8904093475235113
261 0.054326818443247694 0.7801840116405746 0.6255500843101373
262 0.0672556645819097 -0.2137427898784421 -0.9768899732185709
263 0.06455805369449123 -0.9489605991707536 0.31539464361571584
264 0.04608782047009142 0.033607630708055475 0.9994351040253644
265 0.07750877948607185 0.47422275906387495 0.8804048925272088
266 0.09063101458694182 0.8965794276604825 0.4428829753964378
267 0.021444111074314907 -0.8351522327162193 0.5500188616666831
268 0.07227277422157652 -0.18579774795369278 0.9825880097249997
269 0.009370929546275546 0.45308644750438914 -0.8914665843921759
270 0.09808002255196886 -0.9310543429815588 -0.3648805426645519
271 0.09145963733497921 -0.1919798499655874 0.9813988675391828
272 0.07759243559888179 -0.2892667762561269 -0.9572485216255954
273 0.009378977731360417 0.45023345581761287 -0.8929108775586339
274 0.03879973549564801 -0.9997423570200078 -0.022698448847428835
275 0.06794012475606735 -0.6790018786593648 0.7341365327900888
276 0.04479339861565378 -0.8238551428725277 0.5668004089293576
277 0.03749312949915937 -0.5203633952387315 0.8539449261489992
278 0.08883767864221401 0.9087644411357855 -0.4173094661365394
279 0.07026856193389311 -0.48889203520200153 -0.8723443000994762
280 0.11066728489847927 -0.6478582775818078 -0.7617608891041422
281 0.0730260548586623 0.944991876548918 -0.3270937988659436
282 0.06294151857799812 -0.06927721197194987 0.9975974478222133
283 0.0753582491625652 0.6399448035756741 -0.7684208797114326
284 0.06960192997594801 -0.882901813859062 -0.4695576504374923
285 0.05272115752482774 -0.9992024525727718 -0.03993067458179908
286 0.06687374086240575 0.6094305055986566 -0.7928394912249047
287 0.05615576133161088 -0.9976660296865297 -0.06828245169526662
288 0.0335914352786724 -0.82901544614776 -0.5592257058187065
289 0.02701929378694068 0.8742335959796527 0.4855055299999017
290 0.03937806374311822 -0.8723697255378013 0.48884666508538355
291 0.07091822642380456 0.997912846393939 0.06457515777717253
292 0.06041154967941581 -0.08247713009422827 0.996592957536536
293 0.10007774856168719 0.4872822023831177 0.8732445563761954
294 0.04689884689717331 -0.3982481359539759 -0.9172777235980297
295 0.044283261658131415 0.8801974072124226 0.47460775840321945
296 0.038907290092787115 0.4366362115275356 0.8996381599192429
297 0.05369096775594214 -0.9965108022895237 -0.08346388991827404
298 0.05380834683291079 -0.2371999983589713 0.9714608385202689
299 0.0916866360078139 -0.9395910432323352 0.3422990965187785
