0 0.06059013464171316 -0.8065220003435981 -0.5912040789454697
1 0.027946053545942706 0.5090425734748976 0.8607413423265166
2 0.03257673656491787 0.7193125157004175 0.6946866234186005
3 2.1342875643770576e-05 -0.5703343381146261 -0.821412650722736
4 0.10201763811300818 -0.004289258402150017 0.9999908010888698
5 0.1324070115726682 0.3393190474035733 0.9406713475327776
6 0.015899119503299235 0.16428869363240817 0.9864122997735565
7 0.095300718450561 -0.5390112598977126 -0.8422985585310475
8 0.03296490336994433 -0.3673345389643688 -0.9300888863349753
9 0.020359898079953684 0.9994602305317553 0.03285190383236176
10 0.058790612606306275 -0.7139914505957313 -0.7001544175938643
11 0.0495300098665257 0.991703066414452 -0.12854971047875982
12 0.060420061947699895 0.6978299636258013 0.716263458418767
13 0.07766655159991703 0.9894409929018371 -0.14493626725366857
14 0.04044122090376403 -0.522111114057295 -0.8528774733675701
15 0.044399430008163765 -0.8777502112018987 -0.4791185309868762
16 0.04610836961273575 0.44937894301533404 -0.893341236915895
17 0.07150555878867908 -0.739101347426635 0.6735942385680956
18 0.07677173385440439 0.5138881666194772 -0.8578571863710605
19 0.12728386263610889 0.7358619664211336 0.6771315724250513
20 0.048222411922436516 -0.9998347163083603 -0.018180760836134582
21 0.10247978385940656 0.46609225247436953 0.8847361257365772
22 0.06267803825771144 0.13396113279535019 0.9909865866398933
23 0.01849444998635164 0.9985668715803926 -0.05351824905719371
24 0.02417219831562859 -0.9908257627545822 0.1351455062582561
25 0.04381101259250501 -0.8541016743015936 0.5201060756761207
26 0.013432123108202848 0.3868912512812941 0.9221253492242768
27 0.03831473975732693 0.766457554678933 0.6422949609607649
28 0.04503641064962431 0.9981707143821253 0.060458456396748614
29 0.04038115293335476 0.9998806151616613 -0.015451712653871495
30 0.011225173362165223 0.12647624973366864 0.991969635751673
31 0.020233428495284214 0.7519022190091761 -0.6592746415941364
32 0.0402978541742916 0.9882843902440408 0.15262360236858638
33 0.026715224961987243 0.9031381908046123 0.4293499834752199
34 0.08431151671854681 -0.17822756440795787 -0.983989296326544
35 0.013545948046613002 0.551249200347832 0.834340649324888
36 0.014780321982859293 -0.8112468158880781 0.5847038598397095
37 0.11761901272183994 -0.5281229117956963 -0.8491679398307705
38 0.03284889216590204 -0.4091182099477931 -0.9124813917495049
39 0.023144146867857082 0.9928166134697244 -0.11964602800974128
40 0.08218036561322063 0.8760078856758015 -0.48229678024408573
41 0.09327761130740647 0.9621366934936291 -0.27256739172752587
42 0.05419315764985059 0.2978525450476734 -0.9546118904605283
43 0.05083826604562054 -0.9389022786760175 -0.3441838332882328
44 0.07683902482540209 -0.9372123877650694 -0.34875914356429016
45 0.15989613368983568 0.5786389565223614 0.8155838142059422
46 0.06915263680145577 0.4262240086710513 0.904617650962206
47 0.05813641768772107 0.9405266565312769 0.3397198969064036
48 0.1044450528330303 0.19485841732748788 0.9808313806137253
49 0.09885767430040827 0.9394998353691 0.3425493531470085
50 0.0028158968509959196 -0.844717065123169 -0.5352131163281593
51 0.01968839161912283 -0.052593847283988075 -0.9986159858663732
52 5.794757639725215e-05 -0.745183249470343 0.6668597489043859
53 0.016456000648728465 0.0040864242118959495 0.9999916505337234
54 0.021163533400337945 0.8565760667267109 -0.5160207766272568
55 0.037129230796475794 -0.9753295929486908 -0.2207536752095898
56 3.10401950649393e-05 -0.744570768988943 -0.6675435341363243
57 0.05774759385993249 -0.9169020372803123 -0.39911233259724355
58 0.03524451611399988 0.6643445037686077 -0.7474265049571378
59 0.06616972563009528 0.9691267495216379 0.24656306163256572
60 0.046887139224103 -0.9431281374005686 -0.33242941573112056
61 0.058327433384729864 0.06932260680632386 -0.9975942943830302
62 0.013554506833620531 0.5477153508053557 0.8366647443822204
63 0.11627386148429722 -0.3412937958214204 0.9399566718385516
64 0.0711490446745738 0.9727198736293629 0.23198286024289902
65 0.042574711667607124 0.5080982610419691 0.8612991101389383
66 0.1377314221174668 -0.7983241575387147 0.6022279796639322
67 0.030398746138813652 0.4413282504788298 0.897345739015512
68 0.04249922458383841 0.9984905929140334 -0.05492299939171293
69 0.09612453565680298 0.11740294401490353 -0.9930843613392738
70 0.04161691894586505 -0.9367108501126074 -0.35010396067642024
71 0.018216306557916697 -0.8031216911757919 0.5958150293194491
72 0.017421761294351336 -0.37087615891362835 -0.9286823325279066
73 0.0667898105267772 -0.8749414132477181 0.4842287923947582
74 0.08400286585680297 -0.9982274129139241 -0.05951497380637877
75 0.00010091027515366787 -0.6953129829808327 0.7187070722473073
76 0.07639552738746223 0.8300508704324372 -0.5576876836495077
77 0.08039995226445171 0.11742642926938202 0.9930815846188282
78 0.003028656117993497 0.7639726901738643 -0.6452485789744203
79 0.036583963720804115 0.19423549961861689 -0.9809549279594381
80 0.023863169496829872 0.9926086326651445 0.12135939336793035
81 0.05958689199268829 -0.9998184208454929 -0.019055847869481734
82 0.07661887271833649 0.5936916442223269 -0.8046926317424499
83 0.0147831709357356 0.8134252027101384 -0.5816695278213998
84 0.12263024693543544 -0.596999095380779 -0.8022419087248756
85 0.007985922486845628 -0.7223603631097057 0.6915168152749533
86 0.10556718412530286 0.038238020431246404 0.9992686594672624
87 0.060472388819428034 -0.2771517341481826 -0.9608261633920337
88 0.023112241782401614 0.7518513607785355 0.6593326408539657
89 0.06672619266172292 -0.9617981801151785 -0.27375949431413477
90 5.5287854705933274e-05 0.6242721640723138 0.7812069285179633
91 0.013432724852966696 -0.386636546537123 -0.9222321729813199
92 0.07769073024067936 -0.8729980508286147 -0.4877236955997108
93 0.05279655742348627 0.9970006684392024 -0.07739293980579534
94 0.05378783759481006 -0.7433262660944719 0.6689290411800419
95 0.0849298082149497 0.6855635696080402 -0.7280127691368344
96 0.014137569945464976 -0.7795074123285965 0.6263930029340807
97 0.08387495801754433 0.9285095562072725 0.37130850250401476
98 0.050543053800452424 0.6959875682143786 -0.7180538314715936
99 0.0970112907436508 -0.5610566445619196 0.8277774106563429
100 0.05310332538970261 -0.03808599579238785 -0.999274465261923
101 0.0674660095402379 -0.6552856674217967 0.7553811581391016
102 0.04878792808365225 -0.819033828235797 0.5737452293530771
103 0.07294838058022404 -0.5257109397461938 0.8506632752336107
104 0.05193160037493708 0.5211258006204387 -0.8534798766975744
105 0.09106838908537854 -0.9916628746374911 0.1288593926173309
106 0.0587220411345166 0.9534774545418249 -0.30146433235200853
107 0.06834644186281043 0.996794026089292 0.08001043402394373
108 0.00018513388153439786 0.7453500203024152 -0.6666733437262881
109 0.053772819611034035 0.5554263363414985 0.8315657429802291
110 0.04302373847154101 -0.06800033423036804 0.9976852983504159
111 0.042556321936971286 0.30522610893463725 0.9522799076031274
112 0.052095694575659886 -0.7413762739632008 0.6710895770345722
113 0.005096723703141019 -0.9918770991716329 0.12719992192948362
114 0.050487982827138955 0.7861160345586788 0.6180789433476424
115 0.038589521578789115 0.9388019064786961 0.34445751609155745
116 0.05998940995408124 -0.07933903641678328 -0.9968476901214429
117 0.0017447654082829152 -0.987800800521955 -0.1557227616252195
118 0.11038738204197958 0.6019521104255015 0.7985321889280887
119 0.04767416653946751 -0.86514454506082 -0.5015225978473022
120 3.8822452998038964e-05 -0.5821533742203022 0.8130789930160025
121 0.010953671491982836 -0.09156726490249956 0.9957988933505979
122 0.08256176194977409 0.08768347163862124 0.9961483869391141
123 0.07762102620877352 0.7652555517717206 0.6437266038331486
124 0.08050960223476598 -0.7124119254327472 -0.7017615325031757
125 0.024463413307763266 -0.5209976941656586 -0.8535580839486361
126 0.054326894019573344 -0.8736637886531674 -0.48653014746898626
127 0.02754701899124078 0.9496250694984795 -0.3133883012813464
128 0.06703937546937344 -0.7912236457381125 0.6115268942776677
129 0.046695615190866104 -0.6226597337486708 0.7824927194345226
130 0.09347917818275575 0.7468985524869696 -0.6649380063531257
131 0.013256613664232997 0.9107229726010143 -0.413017756490895
132 0.03851720445139159 0.9356326353528708 0.3529753131065145
133 0.09529653634090726 0.9981728904618065 -0.06042251854335888
134 0.09613268610136598 -0.9665681264380334 -0.2564099392653684
135 0.05215426406344743 -0.241385411816133 -0.9704293291952567
136 0.07618207027690828 0.4353304627923714 -0.9002707304833251
137 0.0786538792601557 -0.8433250107354161 -0.5374038763054377
138 0.06711949818445107 0.995282106687806 0.09702333795063225
139 0.00010198985718348127 0.917040295275935 -0.39879455467724967
140 0.0786558491956233 0.8300452174901514 0.5576960972803443
141 0.04421343295046615 0.4450515820333924 -0.8955049354021308
142 0.08440811356268654 -0.6286543920350772 0.7776848046445343
143 0.029978536262553614 0.8525574116690138 0.5226335808271716
144 0.10980152270775709 -0.7060441741506025 0.7081677937805374
145 0.08533211994691271 -0.762756467468167 -0.6466858366591023
146 0.1286665060620842 0.8860618319883535 0.4635670716233442
147 0.1261963683079868 0.36567755225791165 -0.9307416009691747
148 0.07245060439245167 -0.3481563884664681 0.9374364667378722
149 0.17034318710557125 -0.7555279280682557 -0.6551164399623082
150 0.02437801528754451 0.3435119000663565 0.9391483240217179
151 0.03799408137890655 0.36725774499898567 -0.9301192121111466
152 0.09393092151442042 -0.3572072505673508 -0.9340251496304122
153 0.00018374407839454737 -0.8172351377313125 0.5763043724086108
154 0.004755184959492321 -0.3197745987334909 0.9474936443084117
155 0.05339568597329636 -0.1437305341253463 0.9896168620026857
156 0.04557703364367895 0.5923133231721899 -0.8057077182159278
157 0.04098121773290177 -0.704448256460055 0.7097553479688536
158 0.05783304629362645 -0.6309621246783318 0.7758136356248228
159 0.05068815439261457 0.8756470369452638 -0.48295161940817605
160 0.0847214234030208 0.49014400986100615 -0.8716414684934247
161 0.05714389500477546 0.9107878851559948 -0.4128745914355476
162 0.06846096378785048 -0.06457291641822481 -0.9979129914302374
163 0.04538211694098208 -0.9997608221194745 0.021870037837016715
164 0.1493799023452308 0.27015879187930014 -0.9628157804950628
165 0.005103859005069493 -0.3351484203645356 0.9421653444736526
166 0.012596938863093784 -0.06969674414577423 -0.9975682251633111
167 0.031359440472403015 -0.17213167393219392 0.9850739499292939
168 0.00847624119347895 -0.9910346791426787 -0.13360488290690498
169 0.11528438764664556 0.8059331243574029 0.5920065870102418
170 0.008409827297078402 -0.5442165284775031 0.8389447956402705
171 0.014419417859991455 0.7852307665705215 0.6192032325747914
172 0.03558930642999296 0.5653722923036555 -0.8248358449384399
173 0.05352058259659345 -0.4160423573154913 -0.9093452352761129
174 0.037915454353249105 0.8858002836988514 0.46406665189284424
175 3.95025209906432e-05 0.5914707145326494 0.8063264809307934
176 0.03232474880316999 0.24308640962807107 0.9700046378518681
177 0.05604218559851972 -0.7926625102826818 0.6096606800445289
178 3.7585035112128562e-06 0.8483613100390248 -0.5294176873026342
179 0.10996160807747556 0.9992897592459982 -0.03768258306001704
180 0.07385424898572837 0.7766884163915679 -0.6298849925527344
181 0.028527909242057444 0.4063643451792627 0.9137111244627752
182 0.007769225155392478 0.9961638994409925 0.0875070594324611
183 0.016129020358220697 -0.8276981033235109 -0.561173636011763
184 0.07477360682883034 0.9735069759168643 0.22865731530218275
185 0.11801482515939861 0.9672703133961162 -0.25374818388035625
186 0.06345006666972547 0.9350786261060866 0.3544403518217889
187 0.05173041223637082 -0.3732525098476693 -0.9277297903443736
188 0.002715512236095166 0.6033951936811347 0.7974423115451712
189 0.050058100783459174 -0.8607562478086788 0.5090173689161543
190 0.08632678245915062 0.015785551261126834 0.9998754004231639
191 0.06446792906016861 -0.07117043043950787 -0.997464169697867
192 0.018011057608614413 0.36732771446284956 0.9300915816130685
193 0.08503219050187034 -0.6421931380033012 0.7665428712743162
194 0.03675910283391781 0.9336194836864886 -0.35826618551151934
195 0.018612323295415654 0.39150265338635254 0.9201769788423559
196 0.05617164077592257 -0.8688078244534164 -0.4951494361993373
197 0.06125759783830215 0.18234553381079302 -0.9832345123617544
198 0.06763643601679296 -0.25910692818907116 0.9658486422646271
199 0.08471644531397365 0.8896833036957108 -0.4565781632153311
200 0.05579409989737249 -0.35699537038962825 0.9341061532397548
201 0.11915346919263355 -0.05290433840897856 -0.9985995849075385
202 0.07869758618608629 0.9996941084731239 0.02473235702730271
203 0.1005435188716479 0.16860734539905575 -0.9856832975542822
204 0.002813967066941011 0.8372647744650805 0.5467976750498651
205 0.04721789746390257 -0.9449387001046543 -0.32724738814011356
206 0.11335483560101359 -0.711022285366044 0.7031694743892456
207 0.005434394110086887 0.3768788520207423 -0.9262625604543927
208 0.051313677483696675 -0.11173449993391307 -0.9937380950353661
209 0.06462495954385619 -0.9959312664732232 -0.09011610544759371
210 0.05183143790540852 -0.9914685499417193 0.13034613333913844
211 0.08185431271713381 -0.6101677646727348 0.7922722379045464
212 0.06719111022615998 0.5980815380489904 0.8014352586734339
213 0.02765948792583167 0.9991101377935551 -0.042177393923089536
214 0.07754606615656953 -0.22646935889302205 -0.9740182901170714
215 0.03322029440562017 -0.9852625020050061 0.1710491220171428
216 0.043145501333945374 0.22255847315512317 -0.9749193433442893
217 0.08520608218853723 0.9608733602235218 0.27698806041553176
218 0.0825534862871794 -0.7658714643503097 -0.6429937014418666
219 0.10066722016474154 -0.13679315705246833 -0.9905996326385442
220 0.025882922905276468 0.5393855996129118 0.8420588904169468
221 0.020678521100125795 0.3675112909153487 -0.9300190595088543
222 0.0752765034219063 0.9032433003791085 -0.42912881553241744
223 0.08680506675269614 0.9256816470745617 -0.3783034341230946
224 0.06582976387925517 -0.9777710421041889 -0.2096754378139906
225 0.04423989087229624 -0.999942160773877 -0.01075523625356564
226 0.026739972738484233 -0.3645581796483695 0.9311806127983266
227 0.08995550043645464 -0.8629312578616182 0.5053213276771182
228 0.018175009040970868 -0.761476241921683 -0.6481928208402423
229 0.06286950096742837 0.2828186814054003 -0.9591733907110386
230 0.1347842247397644 0.10734957762504659 0.994221337622425
231 0.045179546836749386 -0.7336458416257353 -0.6795320294623841
232 0.07498647973462128 -0.9798471878982992 -0.19974856286790976
233 0.021654621572243068 -0.1820278774885164 -0.9832933701683468
234 0.041130006376079185 -0.9964203101600376 0.0845373615662001
235 0.07611537849667784 0.5256381655388773 -0.8507082454807428
236 0.016458530279640032 -0.0049448279238970124 -0.9999877742636673
237 0.03427659301104057 -0.6324870844105295 -0.7745709057625827
238 0.06657854673427747 0.655476395823787 0.7552156609325962
239 0.0747097130436771 0.6455020855368154 -0.7637585073618636
240 0.002697062452388609 -0.21493776074759635 0.9766277484306951
241 0.05629320569519663 -0.9587203169926982 -0.2843507583696942
242 1.4351815273060208e-05 -0.9851297805976944 -0.17181186041580018
243 0.09562162837888444 0.6659036664511574 -0.7460377383262229
244 0.14170146523159308 0.6284195921581327 -0.777874550420443
245 0.048103103891315016 -0.884782164320025 0.46600485158544475
246 0.04724764074664981 -0.949677938040567 0.3132280542975309
247 0.07869159201071196 -0.1319211358030624 0.9912602150436736
248 0.06658178777879639 -0.9275173195070539 0.3737801787340385
249 0.15005751512237167 -0.3106909245189912 -0.9505109938456969
250 0.07085557427428535 -0.11867280264133155 0.9929334146423171
251 0.024979237582705642 -0.1912617789510012 0.9815390628561343
252 0.030394440461757766 -0.21409861000844727 -0.9768120521330861
253 0.07635128858438378 -0.7313224598194125 0.6820318612525986
254 0.0033788934886909328 -0.5987034221672655 -0.8009707936530551
255 0.059755267053646484 -0.9735716930076908 -0.22838160734642948
256 0.012892593178071277 0.19903257728938034 -0.9799928740442692
257 0.048087819472539234 0.34891576578643313 0.9371540899903639
258 0.051781228288801204 -0.43577703115522054 -0.9000546534058596
259 0.05876779190375608 0.7814304326570668 -0.623992370880758
260 0.024209342870352937 -0.45400069210581373 0.8910013308449333
261 0.05398132004119831 0.7806895519981873 0.6249190534788241
262 0.06728427434073077 -0.21345259682374992 -0.9769534220776329
263 0.06434062481252184 -0.9487268277699625 0.3160971468861176
264 0.04606575836499963 0.03377022247949536 0.9994296233720938
265 0.07771782960978757 0.4741512003216898 0.8804434332956893
266 0.0906894779202254 0.896661043499429 0.4427177126234222
267 0.02130975887003615 -0.8352085376856224 0.5499333583053898
268 0.07195142129439765 -0.18535745248688584 0.9826711631098024
269 0.009370929546275546 0.45308644750438914 -0.8914665843921759
270 0.09794350723762982 -0.9308200962950284 -0.3654776988180184
271 0.09131442641065117 -0.1932070398387104 0.9811580095768281
272 0.07739614924962959 -0.28839964250969313 -0.9575101285105454
273 0.009378977731360417 0.45023345581761287 -0.8929108775586339
274 0.038724886214352404 -0.9997488623138557 -0.0224100937559624
275 0.06809229922055289 -0.679033717759209 0.7341070835689484
276 0.04471242515777619 -0.8241157660693641 0.566421401534145
277 0.03745338647188863 -0.5200734706395537 0.8541215283183824
278 0.08889469287097605 0.9088525349475178 -0.41711757301685437
279 0.0704585504722997 -0.48944926300229347 -0.8720317763398945
280 0.11049136287499918 -0.6474043469824233 -0.7621467125877156
281 0.07320410644721834 0.945074486599334 -0.32685503633721985
282 0.06303183447215693 -0.06942841417238878 0.9975869362143368
283 0.07541803327367813 0.6400003549347925 -0.7683746128571268
284 0.06972829359111189 -0.883153631521592 -0.4690838551157182
285 0.05259449343601537 -0.9992011133419808 -0.039964172656844765
286 0.06703245082497976 0.6094052530562737 -0.79285890141148
287 0.05635044745956408 -0.9976930697859864 -0.06788621731261031
288 0.033517231859696704 -0.8291345887397263 -0.5590490441413928
289 0.02649565854812868 0.8754913072537513 0.48323386773188554
290 0.03935096241243025 -0.8722889151069135 0.48899084713479435
291 0.07096347231448467 0.9979226234986216 0.0644238892774129
292 0.0605680554677287 -0.08214991080154822 0.9966199838229703
293 0.10005829957645225 0.48724622547149643 0.8732646310047028
294 0.04700201505594272 -0.3981975146121063 -0.9172996998564544
295 0.044294206071238865 0.8800619099150007 0.47485896297401947
296 0.038876953191578446 0.4367064025254993 0.899604089582321
297 0.05367472963255998 -0.9964820241928148 -0.08380677455069126
298 0.053774258616775504 -0.23713427874099335 0.9714768828160497
299 0.09174021912982361 -0.9395746312541027 0.342344143083706
