0 0.06279851553722005 -0.8057450589294126 -0.5922625262591222
1 0.023824365367701338 0.49432003659557266 0.8692799902333836
2 0.031989144186906814 0.720715971563559 0.6932304727384647
3 2.1342875643770576e-05 -0.5703343381146261 -0.821412650722736
4 0.1005130508594564 0.002202787630502973 0.9999975738603843
5 0.13277578028460604 0.34298674814144314 0.939340242190953
6 0.014783281430167038 0.16607275320720472 0.9861135029205202
7 0.09411874971966377 -0.5434779411951638 -0.8394234494188652
8 0.03277354320176298 -0.36402778480053255 -0.931388088764945
9 0.015967998229315713 0.9988877654586674 0.047151161353567304
10 0.06001092175465059 -0.717536742611461 -0.6965206551155062
11 0.04621887822680667 0.9917739625940303 -0.12800159030471112
12 0.06002102666931214 0.6967108108644829 0.7173521074232336
13 0.07959222360570462 0.9895888991755761 -0.14392293294840586
14 0.047800535420731025 -0.5351353998960016 -0.844766301279914
15 0.04238744926784598 -0.8767939518232207 -0.48086626628015794
16 0.04372795164583929 0.44889958676270214 -0.893582207188726
17 0.07085283546865598 -0.7381314940279726 0.6746568739174256
18 0.07636568952319324 0.5214495828220755 -0.8532820943713066
19 0.12577872750006058 0.7342998493915662 0.6788252582097422
20 0.04882992585775113 -0.9997601459370543 -0.02190092682787587
21 0.10021345412337115 0.4639716921906143 0.8858500261589305
22 0.060599417760196436 0.1404466438026246 0.9900882487155267
23 0.014388573392014393 0.9989170168778384 -0.04652734026226095
24 0.019361836497544686 -0.9933394748924761 0.11522450963375754
25 0.04264990076327509 -0.8552714185228137 0.5181802781445604
26 0.013432123108202848 0.3868912512812941 0.9221253492242768
27 0.0371851800499294 0.7686630603636573 0.6396538905004616
28 0.045635655723466534 0.9984223062568455 0.05615067558597936
29 0.03919626062059295 0.9998093863932933 -0.019524110219580008
30 0.009652095993807036 0.12567661738981348 0.9920712614734157
31 0.018084977526340116 0.7566446102673557 -0.6538263789060221
32 0.03724082996648377 0.9869301570001059 0.16114858114096567
33 0.026606777467806177 0.9014817207032875 0.4328171753036611
34 0.08545765137747305 -0.17839022187188083 -0.983959820694169
35 0.013545948046613002 0.551249200347832 0.834340649324888
36 0.014780321982859293 -0.8112468158880781 0.5847038598397095
37 0.119425359128084 -0.5297650938305318 -0.8481444130327853
38 0.027901180864347713 -0.391700031005843 -0.9200929766659572
39 0.022377117992395612 0.9927800873667557 -0.119948731248217
40 0.0844710062146926 0.8789944436539692 -0.47683201237485007
41 0.08819127537930543 0.9630074469930312 -0.2694747799627346
42 0.055132218910663916 0.2971303008939121 -0.9548369412055093
43 0.04958439132534964 -0.9390220985499466 -0.34385679931456137
44 0.07765788719663316 -0.9378471044980922 -0.3470487121205677
45 0.16041145024458478 0.5788920326490015 0.8154042031627673
46 0.06944880718768659 0.4315259242358448 0.9021005358120567
47 0.05885432925115777 0.9417163974684836 0.3364078279989647
48 0.10775689660598554 0.1950234056073361 0.9807985885314663
49 0.09923698080600149 0.9400017753451041 0.3411695507340191
50 0.0028158968509959196 -0.844717065123169 -0.5352131163281593
51 0.01730869795463109 -0.05319133777064967 -0.9985843387446894
52 5.794757639725215e-05 -0.745183249470343 0.6668597489043859
53 0.016456000648728465 0.0040864242118959495 0.9999916505337234
54 0.020268245779439746 0.8572520940957514 -0.514896928684226
55 0.03206078588722675 -0.9781695102667946 -0.2078085878505009
56 3.10401950649393e-05 -0.744570768988943 -0.6675435341363243
57 0.058014875961861424 -0.9163541115974702 -0.40036875772019387
58 0.03409994958671238 0.6673391423857306 -0.7447539654408546
59 0.06635369121443788 0.9705924506594817 0.24072867449230384
60 0.04542390233162318 -0.94311147897669 -0.33247667320039226
61 0.05564178026267809 0.059687068784325045 -0.9982171376108182
62 0.013554506833620531 0.5477153508053557 0.8366647443822204
63 0.11766403100490011 -0.34001598835517255 0.9404196550811
64 0.07296321119673405 0.9720132035435224 0.23492622700979734
65 0.042664543536276814 0.5090299814240169 0.8607487891431884
66 0.1395054900144731 -0.7998004027343537 0.6002660375083415
67 0.028087501836836535 0.44279250958020705 0.8966241093455285
68 0.04287649965821524 0.9984843794748804 -0.055035842363525614
69 0.09866243505226932 0.12279569782535078 -0.9924319707645382
70 0.03742977472667971 -0.9389523643548886 -0.34404717332418905
71 0.015934222749864297 -0.8009915908730251 0.5986755977578344
72 0.015942304234627922 -0.36998534118930304 -0.9290375919762531
73 0.06752157975137178 -0.874403664244272 0.4851991673078084
74 0.08641129331049341 -0.9980462563052153 -0.06247935879268175
75 0.00010091027515366787 -0.6953129829808327 0.7187070722473073
76 0.07747353796544852 0.8282974320238454 -0.5602886435603556
77 0.08015719935928971 0.11970970686105178 0.9928089373506068
78 0.00037454546751803324 0.761471835180288 -0.6481979977037604
79 0.035419937992198045 0.19040998611298168 -0.9817046588401493
80 0.01916814299869498 0.9959556708899119 0.08984598834798126
81 0.06032600615298123 -0.9998437317530003 -0.01767801103728237
82 0.07820523751457378 0.5917685432427228 -0.8061079277791441
83 0.0147831709357356 0.8134252027101384 -0.5816695278213998
84 0.1259916962574884 -0.5965729841622406 -0.8025588293500726
85 0.00518306686099823 -0.7245681287268985 0.6892031825472084
86 0.10799029864376612 0.03319895687128467 0.9994487627000489
87 0.06117687615536847 -0.27545950955167314 -0.9613126747305227
88 0.021171030448884496 0.7460756798275127 0.6658611566760106
89 0.06492594567061498 -0.9662301794121368 -0.25768050060722464
90 5.5287854705933274e-05 0.6242721640723138 0.7812069285179633
91 0.013432724852966696 -0.386636546537123 -0.9222321729813199
92 0.07916204368859468 -0.8732858396214431 -0.48720821248894297
93 0.05334612068577277 0.9971017753938338 -0.07607923176836506
94 0.05494602115157194 -0.7441269936678312 0.6680381855065439
95 0.08399195020609028 0.6885981470966206 -0.7251431526361543
96 0.01386808562690278 -0.780433468957003 0.6252388347917446
97 0.08183405647569522 0.9240121727589754 0.38236305338413307
98 0.046229900132899564 0.6954172534356319 -0.7186061811757829
99 0.09656135739084669 -0.5526917164174664 0.8333857849780706
100 0.053494216449284614 -0.037746179508152906 -0.9992873590376986
101 0.0682585825154119 -0.6574395924645258 0.7535072542849726
102 0.04636901664187845 -0.8193983023270964 0.5732245826405845
103 0.07191200931687239 -0.5368000588758862 0.843709486014496
104 0.05286387044747263 0.5225511893436261 -0.8526079137068585
105 0.09348815111066185 -0.9918826029901676 0.12715699699760746
106 0.054586223589159544 0.9518558710259596 -0.306545919551071
107 0.06886363975634685 0.996899631773908 0.07868369697114395
108 0.00018513388153439786 0.7453500203024152 -0.6666733437262881
109 0.056502906513462375 0.557515362232544 0.8301666223564491
110 0.03841583421906752 -0.08546185456114418 0.9963414431885135
111 0.04094988986942228 0.3009578545477688 0.9536374414765834
112 0.050032170310716835 -0.7543094034376062 0.6565190963601917
113 0.0129524333535406 -0.9918741625111267 0.12722281926938636
114 0.049692702838115554 0.7829892427027603 0.6220352448308359
115 0.03501946195702207 0.9409641201057146 0.3385063140824382
116 0.05478330020245586 -0.08564986518733485 -0.9963252985814379
117 0.0044982236167588185 0.15073265035121686 -0.9885745637624396
118 0.11215067903572323 0.6015820670100516 0.7988110018345478
119 0.04585048085997104 -0.8563555082511503 -0.5163867189306035
120 3.8822452998038964e-05 -0.5821533742203022 0.8130789930160025
121 0.009025171328043693 -0.09420936289560546 0.9955524074315747
122 0.08436961409042744 0.08725996333759838 0.9961855744781295
123 0.07792340247889003 0.766221125273086 0.642576989305753
124 0.08136128103072586 -0.7153905512284937 -0.6987248093584426
125 0.023313808875841942 -0.5111338808657911 -0.8595011086851926
126 0.05007753243744716 -0.8816420099621934 -0.47191881321878193
127 0.02755385785329348 0.9504186428228819 -0.3109733161779499
128 0.06969402340356089 -0.7888422252048217 0.6145957563585234
129 0.045480021551428385 -0.6189706799808683 0.7854140928987852
130 0.09285969458105856 0.745855743272467 -0.6661075065088787
131 0.010718095658137231 0.9114361468381578 -0.4114415514223278
132 0.03501795051550879 0.9361680247184525 0.35155288292766274
133 0.09605016384513702 0.998249068365619 -0.05915063403864588
134 0.09844811069840997 -0.9669625518094391 -0.2549184642158698
135 0.04915738632340143 -0.24765103237333533 -0.9688493000278326
136 0.0738491859575044 0.4405625886636069 -0.8977218976219871
137 0.07532917965209784 -0.8530451623488345 -0.5218370923892345
138 0.0671595780223517 0.9956319662124742 0.09336481058665912
139 0.00010198985718348127 0.917040295275935 -0.39879455467724967
140 0.07601761795802521 0.8269685405535051 0.5622481951369926
141 0.04003674111589722 0.45544280600126347 -0.8902650450633763
142 0.08721343003889805 -0.6276638471185207 0.7784844860499007
143 0.027701353846502588 0.852072389844016 0.5234239605382115
144 0.11111626259656118 -0.7076762996903407 0.7065368036108148
145 0.08651510230514387 -0.7657063370950392 -0.6431903336746427
146 0.13020385545611782 0.8863447564470555 0.4630258877415063
147 0.1264461085962067 0.36532949871048587 -0.9308782720484698
148 0.07125501829862427 -0.3344741028326116 0.9424049419089012
149 0.17107677086133433 -0.7511906602950429 -0.6600852913718782
150 0.023653221626562384 0.34129758414383604 0.9399552963080644
151 0.04330918168634402 0.371163695667236 -0.9285674509795394
152 0.09638109068291295 -0.3597241437432366 -0.9330587014803491
153 0.00018374407839454737 -0.8172351377313125 0.5763043724086108
154 0.0020949138502950283 -0.3251206128333702 0.9456725580827932
155 0.05303649976820094 -0.13950765868511633 0.9902209920862095
156 0.041509293894685884 0.5863916259254173 -0.8100276915294597
157 0.039339526218505366 -0.7047344375484914 0.7094711921799303
158 0.05518384322589643 -0.6099316965704394 0.7924539895279129
159 0.050174731885086754 0.8765146196115856 -0.48137523991908565
160 0.08749939870181128 0.49179364356422967 -0.8707117847771554
161 0.05787043046215549 0.9104904967040335 -0.4135299933640151
162 0.06880571259427999 -0.06775657900911496 -0.9977018823280738
163 0.04538213890585358 -0.9997307001765646 0.02320618720246349
164 0.1524673652595125 0.27775882157530996 -0.9606508403353922
165 0.002581567040786833 -0.3294399504551522 0.9441765295982033
166 0.010432763243897589 -0.0696835155189422 -0.9975691493149341
167 0.028998643099765183 -0.17217512959246972 0.9850663555059711
168 0.004707917864782442 -0.9902537418875892 -0.13927500377895516
169 0.1132593855352856 0.8068183558522345 0.5907995774032824
170 0.005294120189923915 -0.5378673846671811 0.8430294636080561
171 0.022788382176410823 0.7853238088997023 0.6190852244846939
172 0.03429363223567288 0.5656071270698908 -0.8246748315595331
173 0.05353871383388996 -0.411587529967953 -0.9113702349621033
174 0.03541611003037136 0.883822876709869 0.46782167821114456
175 3.95025209906432e-05 0.5914707145326494 0.8063264809307934
176 0.028571735885361958 0.22575956937886926 0.9741830509888105
177 0.05820398995624322 -0.7916225365366756 0.6110104415206338
178 3.7585035112128562e-06 0.8483613100390248 -0.5294176873026342
179 0.11162669669220607 0.9989925034764949 -0.04487736620798236
180 0.06856983450249136 0.7789668239978426 -0.6270651378530895
181 0.02356228178560154 0.42627391318780633 0.9045941360276191
182 0.005041875322168462 0.9963887950354947 0.08490800390843606
183 0.012587297589739694 -0.8228879885478863 -0.5682036239796555
184 0.07002855086035223 0.9720469990136977 0.23478635332673026
185 0.11916739749305834 0.9675661546361379 -0.2526177673930266
186 0.06271250811785833 0.9358074757408175 0.35251151519858104
187 0.0526395538536062 -0.36952922074118344 -0.9292191103385755
188 0.011240497242883687 0.6035085182078156 0.7973565503904805
189 0.050216362203365304 -0.8608257002569788 0.5088999054598873
190 0.08837471292537044 0.012925260854547616 0.9999164653269002
191 0.061593130866592065 -0.07677818543401403 -0.9970481985548443
192 0.017205329199055066 0.37279755616092675 0.9279127017777269
193 0.08128694868462913 -0.6472460842294887 0.7622811203549473
194 0.0366399956471968 0.9359400706714769 -0.35215931637750375
195 0.023347514059629842 0.3956817871427543 0.9183876759427448
196 0.0557029318554438 -0.8680838814624259 -0.4964175407307128
197 0.061928905077281625 0.18271868392239107 -0.983165236644212
198 0.0677110571277487 -0.2656784563857429 0.9640616981358034
199 0.084475666710284 0.8884448159977096 -0.458983451691666
200 0.056149804723860317 -0.36370785172602943 0.9315130694696863
201 0.11930863142743821 -0.05212013843142999 -0.9986408219023938
202 0.08110511418513854 0.9997791292343855 0.021016487511807867
203 0.10141902110789412 0.16938731059484208 -0.9855495619244354
204 0.002813967066941011 0.8372647744650805 0.5467976750498651
205 0.04578445419308294 -0.9454053691403199 -0.32589674438486704
206 0.1164805139038313 -0.7155946747071281 0.6985157561077628
207 0.002015089355800275 0.3720369965809852 -0.9282179017746857
208 0.05102350961739745 -0.10615126852876758 -0.9943499928042105
209 0.06707167036922183 -0.9959615329214877 -0.08978098317951494
210 0.0516523975107272 -0.9908871395689256 0.1346947535612006
211 0.08384414741684913 -0.6093214860954355 0.7929232791275901
212 0.06368456280880014 0.6014973285260151 0.798874811078724
213 0.026564402395793357 0.9990462162417556 -0.04366529300292509
214 0.07857724211334567 -0.22397102160606916 -0.9745958041571561
215 0.0309549246724746 -0.9856873530227003 0.16858363530041293
216 0.03844943034209249 0.20663821669881274 -0.9784174198160693
217 0.08673059146691971 0.9587534598242957 0.28423898971629946
218 0.08346122615714742 -0.7653421434095466 -0.6436236505297804
219 0.10286786518975893 -0.13191573334096252 -0.9912609340113813
220 0.025339148341869296 0.5378746788119532 0.8430248097730803
221 0.01997099234065632 0.36503422945302444 -0.9309940984386725
222 0.07790001079451445 0.9029919750665969 -0.42965741348814934
223 0.08868663284056882 0.928802977313889 -0.3705739188513612
224 0.06489628673658533 -0.9768287588436736 -0.214022372419166
225 0.04572587075093988 -0.9999464552896989 -0.010348263311590777
226 0.02381749784764264 -0.3533002496219249 0.9355099858457341
227 0.0925988992814767 -0.8603469250192914 0.5097089057588162
228 0.01765151695157731 -0.7626781513898009 -0.6467781979880243
229 0.06363039603167756 0.2842417080255729 -0.9587526539304624
230 0.13505235024516027 0.11169002193619787 0.9937430950702961
231 0.04542032070021364 -0.7331755888592065 -0.6800393781987597
232 0.0748806434659251 -0.9796734463598563 -0.2005989493925672
233 0.01959659400587829 -0.18543573810738648 -0.9826563931673008
234 0.04048066425612611 -0.9955985986299847 0.09371995735173358
235 0.07626531464233469 0.5209293483504487 -0.8535997973448547
236 0.016458530279640032 -0.0049448279238970124 -0.9999877742636673
237 0.03397937010244788 -0.629873129436819 -0.7766980370861435
238 0.06329252155025139 0.6600522874839553 0.7512196601442204
239 0.07580596197058222 0.6445823966096268 -0.7645348481141914
240 0.0006568642314216886 -0.20624673218898673 0.9785000181202678
241 0.057818259943792895 -0.9586816324005918 -0.2844811552594243
242 1.4351815273060208e-05 -0.9851297805976944 -0.17181186041580018
243 0.09771569861304492 0.6643397926905972 -0.7474306923372991
244 0.14145151380871643 0.6281608487623878 -0.778083509709669
245 0.04685338753444807 -0.8824186198188345 0.47046506713785163
246 0.04752387574648277 -0.9488928925008262 0.31559828668960727
247 0.08211282735871174 -0.1317296858332437 0.9912856752068371
248 0.06834517955704991 -0.9264489663607199 0.3764203936148434
249 0.1497873988370485 -0.3094417980963731 -0.9509183842953524
250 0.07335664141416774 -0.12038931102672076 0.9927267568623863
251 0.024004401318053162 -0.18850572546619937 0.982072090768525
252 0.025501390857054163 -0.18925206856133645 -0.9819285384106398
253 0.07704162049670879 -0.7313260577654782 0.6820280032617462
254 0.001007991174627611 -0.5953046393629007 -0.8035000848494086
255 0.05914738575627356 -0.9729522713613322 -0.23100622860179448
256 0.010305954644318356 0.19409409227491578 -0.9809829169480866
257 0.04863567177907797 0.3518966214453125 0.9360388708891177
258 0.05273824914882386 -0.43441531688636925 -0.9007126803007246
259 0.057307986473169224 0.7841154744073764 -0.6206149553425981
260 0.02153381333229744 -0.4431279489757762 0.8964583765220346
261 0.050413654306588715 0.7864134520170811 0.6177004795906978
262 0.06756502770320089 -0.2106050735858001 -0.9775712265507408
263 0.062088593508749394 -0.9463831348680095 0.32304637753331783
264 0.04583413941146264 0.03536925514752999 0.9993743121525133
265 0.07992498814597694 0.4733565597840234 0.8808709141011719
266 0.09130081772644248 0.8974893800145946 0.4410360674151476
267 0.019918684863122062 -0.8357069274125549 0.5491756836156046
268 0.06859117362882566 -0.18086403759422148 0.9835081087134544
269 0.009370929546275546 0.45308644750438914 -0.8914665843921759
270 0.09653877695969278 -0.9284268443800756 -0.3715152683732593
271 0.08985785923792403 -0.2053243286293051 0.9786939869402106
272 0.07536728931311881 -0.2797090244850786 -0.9600848200141515
273 0.009378977731360417 0.45023345581761287 -0.8929108775586339
274 0.03794456269122784 -0.9998093964459366 -0.019523595427378186
275 0.06966222731028587 -0.6793688844523688 0.7337969193434544
276 0.043845035806886985 -0.8267484937976076 0.5625717092099345
277 0.037070914316227124 -0.5181327847888604 0.8553001913521009
278 0.08955819978055515 0.9094973878215901 -0.4157096360991698
279 0.07251005662694872 -0.49470288067166945 -0.8690621726062825
280 0.10867796165004963 -0.642792013526617 -0.766040747836822
281 0.07504059988937768 0.9459613932309847 -0.3242792662451522
282 0.06399607807871982 -0.07116426116911266 0.9974646098645578
283 0.0760118136279646 0.6405216408916177 -0.7679401197681429
284 0.07103955158040087 -0.8856813487387645 -0.4642936016103205
285 0.051265563903700566 -0.9991892945239559 -0.04025858552804946
286 0.06868085470640915 0.6091964577300204 -0.793019341434492
287 0.05840555240339242 -0.9979716530689619 -0.06365987488837557
288 0.03274641989744909 -0.8303141017342813 -0.5572956957138584
289 0.02110894255923318 0.8889174156730522 0.45806749296707605
290 0.039080672681998906 -0.8715213078081367 0.4903576348303297
291 0.07139343252848553 0.9980215110659673 0.06287339222281008
292 0.06219723451368816 -0.07884112657232013 0.9968871935985573
293 0.09984807567717727 0.486918274416064 0.8734475336502374
294 0.048043444167045785 -0.39776117697458513 -0.9174889896297355
295 0.04438691073288982 0.8786693521900868 0.47743080076787386
296 0.03857007139273827 0.43741116572995004 0.8992616260548241
297 0.05343683058673016 -0.996262476614903 -0.08637753000138355
298 0.05342163007489321 -0.23654768627239373 0.9716198804672418
299 0.09229413318074027 -0.9394129846610438 0.3427874622127089
