0 0.06412782253473912 -0.8053721830282203 -0.5927694718896703
1 0.02143796482080046 0.4844589238617297 0.8748140094275667
2 0.03165089360285063 0.7214451093573118 0.6924716269887282
3 2.1342875643770576e-05 -0.5703343381146261 -0.821412650722736
4 0.09963954535953455 0.00586781720366724 0.9999827842124405
5 0.13299173357185 0.3450539248709944 0.9385828620484833
6 0.014032232794319673 0.16767908310961305 0.9858416328637777
7 0.09340521447031286 -0.5460400797129157 -0.837759053276724
8 0.03272311517215735 -0.3630568635448711 -0.931766984730067
9 0.013359531642534967 0.9984496724032766 0.055661941017085624
10 0.06075426955653421 -0.7196376893202461 -0.6943497649670639
11 0.04422750943449187 0.9918064554506856 -0.12774957896739747
12 0.05979200744355341 0.6961956907503488 0.7178520461631662
13 0.07989885139040406 0.9900495860488964 -0.14071892965912178
14 0.052173937125589646 -0.5411946263678787 -0.8408973637671437
15 0.04115496646094944 -0.8761510004458319 -0.48203674592064844
16 0.042251658091600273 0.4484985896234825 -0.8937835392899933
17 0.07040882669132512 -0.7375072418179103 0.6753392245872725
18 0.07533989722980827 0.5242411940244228 -0.8515698271356539
19 0.12489190000060153 0.7333206062802055 0.6798829961139137
20 0.049182085622027326 -0.9997167624999708 -0.02379904990912599
21 0.09886661480676485 0.46281600384166816 0.8864543680235486
22 0.05937535845011009 0.1441376378858601 0.9895576493285698
23 0.01199624928164705 0.9990344975498049 -0.04393259274626139
24 0.01652252608212327 -0.9945891779845755 0.10388631784776355
25 0.041963355948333225 -0.8558499888206275 0.5172241261152961
26 0.013432123108202848 0.3868912512812941 0.9221253492242768
27 0.03651735194762738 0.7698793369715535 0.6381894753944484
28 0.045965633439459516 0.99860129583693 0.052872033749461186
29 0.037258494110930976 0.9997682088257744 -0.021529714844898143
30 0.008715868535480448 0.1252148666520437 0.9921296473593111
31 0.01689165823931172 0.7578727603366161 -0.6524023905073908
32 0.0354267037699778 0.9861789092810432 0.1656839125843301
33 0.026551850888235255 0.9005621833853286 0.43472721775413353
34 0.08613274880795761 -0.17848578792107372 -0.9839424899404403
35 0.013545948046613002 0.551249200347832 0.834340649324888
36 0.014780321982859293 -0.8112468158880781 0.5847038598397095
37 0.12051412077210583 -0.5307772571717405 -0.8475113587847918
38 0.024965412132723273 -0.3809275492408015 -0.9246048897931466
39 0.0218702919774367 0.9928094067180834 -0.11970581411145911
40 0.08581826213750052 0.8806861703125008 -0.4737001893817447
41 0.0851643939127234 0.9634795799232031 -0.2677818124350646
42 0.05567982142250615 0.296760684410574 -0.9549518816087896
43 0.04888097862351224 -0.9389324466452105 -0.34410152664125015
44 0.07813997846664994 -0.9382285862832981 -0.3460160688188395
45 0.16072321770514408 0.5790426136202066 0.8152972780598989
46 0.06839730390565697 0.43707236760006524 0.8994263424430449
47 0.059259759411593525 0.9425553370263471 0.33405005110484465
48 0.10973456523134582 0.19512535351495944 0.9807783115544828
49 0.09945701490126782 0.940273786758788 0.34041916211384055
50 0.0028158968509959196 -0.844717065123169 -0.5352131163281593
51 0.015911767611285866 -0.053772466123891076 -0.9985532143491177
52 5.794757639725215e-05 -0.745183249470343 0.6668597489043859
53 0.016456000648728465 0.0040864242118959495 0.9999916505337234
54 0.019735696383750983 0.8576085657429265 -0.5143029729297319
55 0.029066912987480233 -0.9798762243348287 -0.19960607451508222
56 3.10401950649393e-05 -0.744570768988943 -0.6675435341363243
57 0.05816882089970158 -0.9160143834286265 -0.4011454217012494
58 0.03341472945964119 0.6690094135891279 -0.7432539300462064
59 0.06643123637386528 0.9714082460673765 0.23741528904496273
60 0.04456262509220406 -0.9431024621018953 -0.33250224958237967
61 0.05406752039801841 0.0543643863995371 -0.998521163266659
62 0.013554506833620531 0.5477153508053557 0.8366647443822204
63 0.11850623598853915 -0.3393977223321212 0.9406429641876711
64 0.0740288364035193 0.9715988991273395 0.23663385052553615
65 0.04267323844267314 0.5093786568689843 0.8605424939689785
66 0.14053316520473846 -0.8004250537442001 0.5994328430596662
67 0.02669606694514781 0.44363831716512064 0.896205915815612
68 0.043093685097554596 0.998481206477302 -0.055093378110545176
69 0.1001568127634432 0.1259221346031692 -0.9920401282291867
70 0.034976877607688105 -0.9405640599199984 -0.3396163264432524
71 0.01456908785672109 -0.7996510708278026 0.6004649572822286
72 0.015057219748794138 -0.3694924311433094 -0.9292337398780819
73 0.06790677332891405 -0.8740782241223712 0.4857851975051131
74 0.08783503205030578 -0.9979378122033068 -0.06418818407524458
75 0.00010091027515366787 -0.6953129829808327 0.7187070722473073
76 0.07810889607033462 0.8273101955096099 -0.5617453519218927
77 0.08000071025372409 0.12096675273950896 0.9926565593052104
78 0.0032853607970563118 0.6398406658218815 0.7685075942114115
79 0.03472511471958439 0.1882288315117591 -0.9821251992428042
80 0.016424996942441296 0.9975014303180711 0.07064627742069882
81 0.060724376489062724 -0.9998674770628778 -0.01627969016644986
82 0.0791450539963194 0.5906072941149935 -0.8069591217268478
83 0.0147831709357356 0.8134252027101384 -0.5816695278213998
84 0.12800722318825303 -0.5960848739081953 -0.8029214302145952
85 0.0035807130609521332 -0.7259036042482034 0.6877964505138622
86 0.10943225772024955 0.030540268543991625 0.9995335372048608
87 0.06158743624246942 -0.2744794882931554 -0.9615929546883794
88 0.02003459415854429 0.7432114183866779 0.6690566400385415
89 0.06390154149835799 -0.9685232741062773 -0.2489230152365525
90 5.5287854705933274e-05 0.6242721640723138 0.7812069285179633
91 0.013432724852966696 -0.386636546537123 -0.9222321729813199
92 0.08003596243487054 -0.8734768562110581 -0.4868656710671297
93 0.05368088654099182 0.9971837688322871 -0.07499687445111175
94 0.05562571541211847 -0.7445707346854601 0.6675435723980527
95 0.08217590095992315 0.6923003874219789 -0.7216094328481149
96 0.013712306299460799 -0.7809574773956253 0.6245841964858392
97 0.08069009808816274 0.921528207722584 0.3883114244670146
98 0.04364256907208517 0.6950937770576647 -0.7189190782666082
99 0.09629806911809907 -0.547816904787817 0.8365982541391631
100 0.053731051682728424 -0.03754523169761673 -0.999294929225988
101 0.06878781714279573 -0.6581214456527207 0.7529117895025771
102 0.044934334841564234 -0.8196110904189853 0.572920291543424
103 0.07130079501418923 -0.5429603769882361 0.8397583158390232
104 0.05345253778068754 0.5236820931357205 -0.8519137663689856
105 0.09495119756379984 -0.9920174625376116 0.12610057105516345
106 0.05212415716773016 0.9509053364301675 -0.3094818914712619
107 0.06762514534826489 0.9977583068590593 0.06692055808003389
108 0.00018513388153439786 0.7453500203024152 -0.6666733437262881
109 0.058153641455252196 0.5586554304229598 0.8293998493241589
110 0.034387681912537625 -0.1094531555590614 0.9939919550671242
111 0.03996797257300847 0.2989895766648903 0.9542563770003057
112 0.04883531063240148 -0.7614599974184797 0.6482119038797799
113 0.017571851126129478 -0.9918808359931078 0.1271707796217883
114 0.04926784583746118 0.7816471036471049 0.6237209354832431
115 0.0329093976947519 0.9422139486027455 0.33501175361235125
116 0.0516829796695623 -0.08974054532342006 -0.9959651773656824
117 0.009587518367497945 0.15066325046964726 -0.988585142998781
118 0.11323137245583634 0.6012139286393393 0.7990881127948604
119 0.04480970944822897 -0.8515835685023415 -0.5242188720914365
120 3.8822452998038964e-05 -0.5821533742203022 0.8130789930160025
121 0.007881503504684044 -0.09575882589519023 0.9954045646184142
122 0.08546167204119302 0.08693766583143415 0.9962137532978461
123 0.07809376348509686 0.7665734879204235 0.6421565911968173
124 0.08073615666263191 -0.7138132617829724 -0.7003360816798986
125 0.022597839070029237 -0.5054264709043222 -0.8628696787517813
126 0.046507835457861975 -0.8860661515264617 -0.4635588151670566
127 0.027541788589584698 0.9508805041813052 -0.3095581799402285
128 0.07125192136184415 -0.7876857550633124 0.6160772283328928
129 0.044695249521879886 -0.6169909175719116 0.786970271124501
130 0.0925204607482643 0.7453211674531685 -0.6667056002061525
131 0.009158605752706968 0.9118261808188883 -0.4105764435196446
132 0.03292027527554047 0.9364024589667497 0.35092796246669283
133 0.09647217114939617 0.9982827405227018 -0.058579603741267576
134 0.09984747682576378 -0.9671871431617053 -0.2540650115673131
135 0.04738672904019797 -0.25142205861611344 -0.9678775482679798
136 0.07246728272265672 0.44355112810587977 -0.8962490707141634
137 0.07339279124009195 -0.8585556585450689 -0.5127203732837647
138 0.06718221603159626 0.9958287907145121 0.09124154527446597
139 0.00010198985718348127 0.917040295275935 -0.39879455467724967
140 0.07441893492583779 0.825171923435458 0.5648816661689655
141 0.03759675837098304 0.461380961341019 -0.887202123820743
142 0.08888201278821546 -0.6270993315272567 0.7789392969917923
143 0.02632585007001995 0.8518054092392464 0.5238583251135368
144 0.11192404963091145 -0.7083991002712062 0.7058120959114723
145 0.08721367804179647 -0.7674055174343997 -0.6411620480122332
146 0.13113510007283605 0.886487083704833 0.4627533364812192
147 0.12659920466337002 0.3650911257011094 -0.9309717879368293
148 0.07059559109967758 -0.3270695662590237 0.9450002639296637
149 0.17154359432604532 -0.7487572266802989 -0.6628443373025281
150 0.02322525569319028 0.3398429893677532 0.9404821862096002
151 0.04638409326089596 0.37252908320337 -0.9280205181824681
152 0.09785626154531171 -0.36114038354972083 -0.9325114601813538
153 0.00018374407839454737 -0.8172351377313125 0.5763043724086108
154 0.0005117076450364441 -0.32793387268668217 0.944700680186436
155 0.05273046828459369 -0.13738115380990648 0.9905182575691671
156 0.03909896491920221 0.5831641802498571 -0.8123543185541099
157 0.03834511026998549 -0.7048304978191877 0.7093757603301343
158 0.05365121135652803 -0.5980885863832176 0.8014299987136272
159 0.049868668356552744 0.8770548784326941 -0.4803901957965131
160 0.08830142774223075 0.4913622727404513 -0.8709552898555346
161 0.05829647430832598 0.9103748098105071 -0.41378461264585836
162 0.06902392582372746 -0.0695454715047818 -0.9975787825496177
163 0.04537450569098445 -0.9997127899816309 0.023965340538858494
164 0.15433695250940568 0.28203123504436906 -0.9594052232812514
165 0.001069521016075979 -0.3261956471244226 0.9453022795894862
166 0.00913561523520679 -0.0656145843544644 -0.997845041236359
167 0.027604397881274157 -0.17228295524614096 0.9850475030838138
168 0.0025725639906644523 -0.9898144262347646 -0.1423636246291303
169 0.11205984134176111 0.8073344677491576 0.590094108752311
170 0.0034459274914032815 -0.5343184697213518 0.8452832501088808
171 0.027689921528997092 0.7853460021163874 0.6190570708422668
172 0.03351952129012118 0.5657899288120406 -0.8245494263262003
173 0.053548636639198545 -0.4089879790520178 -0.9125397706352015
174 0.033947076791199245 0.8824478761874197 0.47041018889083636
175 3.95025209906432e-05 0.5914707145326494 0.8063264809307934
176 0.026393898383527313 0.21480845943436938 0.9766561962919361
177 0.05946545920701577 -0.7910868310110463 0.6117038710036911
178 3.7585035112128562e-06 0.8483613100390248 -0.5294176873026342
179 0.11262168230780334 0.998795038861229 -0.04907616882149597
180 0.0654383006012282 0.780386376731423 -0.6252976115514928
181 0.020611075549979103 0.4381454538788462 0.8989040890135609
182 0.0033702988511315236 0.9963635208053248 0.0852040750693131
183 0.01045171423593479 -0.8201757754061005 -0.572111612744403
184 0.06720079656833372 0.9711628131563715 0.2384172609988687
185 0.11987120112257005 0.9677467975718306 -0.25192486139614395
186 0.062286103133756134 0.936224782919398 0.35140170154329947
187 0.05313202333287433 -0.36717560588866405 -0.9301516405620605
188 0.01614820374728754 0.6038262198870097 0.7971159866524851
189 0.05033808155474318 -0.861067584244276 0.508490526326427
190 0.08960002309043957 0.011358979702614087 0.9999354847089464
191 0.059941760053546185 -0.08015578352766478 -0.996782348543084
192 0.016720665550124147 0.37594098108543733 0.9266436093453183
193 0.07912489337469282 -0.6504730831677825 0.7595293069225171
194 0.036550947900565095 0.9372295311363187 -0.3487130711143422
195 0.026074936317190357 0.39745309951640495 0.9176224897444497
196 0.05542508245825959 -0.867733738409019 -0.4970293343724373
197 0.062320335671173996 0.18292782712212324 -0.9831263449142122
198 0.06775367008940199 -0.269488261907894 0.9630036742888691
199 0.08434116226489503 0.8878147336164288 -0.4602010416911175
200 0.05637394570224738 -0.3669852298473365 0.9302267686289712
201 0.11940683918224948 -0.05160723679004036 -0.99866745872232
202 0.08255573420334084 0.9998184155588847 0.01905612524416331
203 0.10197407039493535 0.1701222122551231 -0.9854229715697838
204 0.002813967066941011 0.8372647744650805 0.5467976750498651
205 0.044938579260717634 -0.9456565298435173 -0.3251672301513742
206 0.11832959719825838 -0.7182458164096259 0.6957894417207477
207 5.286687339043949e-05 0.6645924149553859 0.7472060773198838
208 0.050844424549746456 -0.10302651001145172 -0.9946786105244549
209 0.06852830351002133 -0.995974435133221 -0.08963774071818861
210 0.05153217457406114 -0.9905433247141735 0.13720029833856548
211 0.08503250084297082 -0.6088568587473314 0.7932801053577053
212 0.059990242960698915 0.6098966419173584 0.7924809689689271
213 0.025885997931075707 0.9990093244458006 -0.04450134459030535
214 0.07914750163922928 -0.222354220588963 -0.974965948423982
215 0.029599821709049456 -0.9859715219326316 0.16691362418283942
216 0.03439857583798082 0.18344367737146008 -0.9830302219323858
217 0.08767625309049855 0.9574907437238607 0.2884639937377422
218 0.08398925636288916 -0.7650170661203871 -0.6440100065562299
219 0.10417717055042244 -0.12904853467785465 -0.991638278656839
220 0.024985145942569304 0.5369625654836464 0.8436060711429363
221 0.019472112052199328 0.3635167307781067 -0.9315876697576012
222 0.07947421659583942 0.9027685743552176 -0.43012661061209395
223 0.0898223521855549 0.9305338983159701 -0.36620576741073274
224 0.06434802169448225 -0.9763000037020674 -0.21642158573336245
225 0.04661738453779806 -0.9999489447216954 -0.010104847844866963
226 0.022088377108567654 -0.3471540405960948 0.9378081211515525
227 0.09419045787002442 -0.858834159369679 0.5122537327338639
228 0.017358846549649424 -0.7631731471022198 -0.6461940479005462
229 0.0640814513288875 0.2849463150059013 -0.9585434771383913
230 0.13521667307895263 0.11420561915324855 0.9934571337273809
231 0.04554393282774959 -0.7325849165263396 -0.6806756496879377
232 0.07480410207756602 -0.9795714689240814 -0.20109633828072915
233 0.018392176766534922 -0.18695322792815866 -0.9823688159582642
234 0.04009276396469913 -0.9951083778707092 0.09878925190285551
235 0.07637263759625865 0.5183093777446068 -0.8551931880820839
236 0.016458530279640032 -0.0049448279238970124 -0.9999877742636673
237 0.033782756737815486 -0.6283274178211097 -0.7779490060500474
238 0.05973009402863721 0.6560696225837597 0.7547003712221183
239 0.0764747890636615 0.6444379158132724 -0.7646566371007615
240 0.0022980400481658696 -0.9774679068662806 -0.21108408525147573
241 0.05872429510631586 -0.9586422167870795 -0.2846139494008579
242 1.4351815273060208e-05 -0.9851297805976944 -0.17181186041580018
243 0.09895969579621221 0.6634480682261849 -0.7482223337798355
244 0.1413064509611407 0.6279231709185714 -0.7782753313728802
245 0.04611428521812476 -0.881105279498914 0.4729201692031549
246 0.04769254045314736 -0.9483741551185829 0.3171536881436412
247 0.08415355685678516 -0.1316083768735754 0.9913017881234266
248 0.06828203006017007 -0.9234021195062211 0.38383398193935175
249 0.14963475583421332 -0.30870445939724245 -0.9511580082973892
250 0.07478808231967728 -0.12137171036511576 0.9926071266735125
251 0.023421690977519685 -0.18686086313099035 0.9823863892735594
252 0.02270907045409308 -0.17434270888128547 -0.9846850358667666
253 0.07744907715544926 -0.731578696155396 0.6817570031408338
254 0.0015774618885514287 0.7998576164744987 -0.6001897977871115
255 0.058789551173257924 -0.9725919585703632 -0.23251856296705628
256 0.008748262873492783 0.19146076973887738 -0.9815002667605326
257 0.04896955735062248 0.3535704921795173 0.9354078827227905
258 0.053295213660685285 -0.43365285454062047 -0.9010800196146685
259 0.05644303051296037 0.7856158603707901 -0.6187145706493934
260 0.019978967381276386 -0.4382949219098651 0.8988312196558513
261 0.048304282602837936 0.7901262453781336 0.612944138045755
262 0.0676967764522232 -0.20945288055436606 -0.9778187412948672
263 0.06075350006001119 -0.9450628121569342 0.32688879007703425
264 0.045694019392649186 0.036255888775048525 0.9993425391371725
265 0.08126801317418389 0.4728538287241465 0.8811408835486613
266 0.09166884931389327 0.8979615960809676 0.4400738255835277
267 0.019118124431006318 -0.8355955502063628 0.5493451342055611
268 0.06657352630309867 -0.1782601810648892 0.9839833879932693
269 0.009370929546275546 0.45308644750438914 -0.8914665843921759
270 0.0957139504188598 -0.9270383087787857 -0.37496663059073504
271 0.08903386629940409 -0.21203080708894856 0.9772629824388157
272 0.0741677186742828 -0.2748048391912191 -0.961500026186733
273 0.009378977731360417 0.45023345581761287 -0.8929108775586339
274 0.037477589329348596 -0.9998396482155477 -0.017907480453980936
275 0.07058831456319248 -0.6795726661932463 0.7336082001743183
276 0.043307987671172256 -0.8282494754832472 0.5603595331229101
277 0.03686567046447901 -0.5178776853021267 0.8554546762196764
278 0.09001721324882163 0.9096464484406239 -0.4153833637007617
279 0.0737951912393942 -0.4974043310638981 -0.8675188363596932
280 0.10761030844893628 -0.64013440581593 -0.7682629383815714
281 0.07612355260563801 0.9465126546539407 -0.3226666927030894
282 0.06457289171412074 -0.07223588770089115 0.9973875758841516
283 0.07634281666695178 0.6407854758606597 -0.767719984060613
284 0.07181928905494141 -0.8871108467909411 -0.4615564380504938
285 0.05046320735408132 -0.9991838417175168 -0.04039369320357134
286 0.06966190262139757 0.6091111688239549 -0.793084852972187
287 0.05965801387553471 -0.9981345586628342 -0.06105245943407399
288 0.03229244893424353 -0.8311864284528461 -0.5559938139546174
289 0.017950256557002765 0.8972637211689034 0.44149497695232326
290 0.03894314102360434 -0.8709866138031784 0.4913067459089818
291 0.07161653891057747 0.9980773759663892 0.06198025156488886
292 0.06156269008195716 -0.08859945189407994 0.9960673356375405
293 0.09971676634197885 0.4867593296057656 0.8735361212003461
294 0.048637939331433025 -0.39757972568985167 -0.9175676333221341
295 0.04442438587477463 0.8778526429729703 0.47893082718214197
296 0.038391119312675026 0.43781473479658467 0.8990652134272553
297 0.05324101961289158 -0.9961940998311739 -0.08716258062699299
298 0.0532231965916119 -0.23644567291767468 0.9716447106625488
299 0.09180245661811079 -0.9394936987193074 0.34256618348388573
