0 0.06494629052747883 -0.8051747195067147 -0.5930376641220043
1 0.020002211567668425 0.4780225816268373 0.8783475459377191
2 0.03144799077169561 0.7218512710948596 0.692048222610777
3 2.1342875643770576e-05 -0.5703343381146261 -0.821412650722736
4 0.09911276064409144 0.00804012893918003 0.9999676776409532
5 0.13312258237618319 0.3462787208741143 0.9381316791739778
6 0.01354042243032754 0.16883279879609517 0.9856447057894022
7 0.09296474440085528 -0.547574518432922 -0.8367569221482147
8 0.03271413623556281 -0.3627809789818431 -0.9318744342930412
9 0.011766413603614655 0.9981464129577148 0.06085834617903425
10 0.06121585175312626 -0.7209178821555998 -0.6930204955037655
11 0.04300115237911587 0.991822887962838 -0.12762193742870226
12 0.05965446878837258 0.6959327004808857 0.7181070090184204
13 0.07897473958440498 0.9907380195731779 -0.13578724745798973
14 0.05484856641341036 -0.5445297086552771 -0.8387415551835972
15 0.040389074826225106 -0.8757300221935547 -0.482801126996278
16 0.04132630991676576 0.44821271142244096 -0.8939269351123411
17 0.07011624676647335 -0.7371053376796572 0.6757778637719339
18 0.07355223505222074 0.524809973243445 -0.851219414712925
19 0.12435207122763675 0.7327043557153442 0.6805470792794297
20 0.04939500028441043 -0.999691151944794 -0.02485157385943336
21 0.09804252213626766 0.4621457892398382 0.8868039633920718
22 0.058630102217797825 0.14633619347832588 0.9892349157193523
23 0.010500289734945581 0.9991235596772263 -0.041858242890833536
24 0.014791405199915288 -0.9952649056945878 0.09719962701956877
25 0.041544342163305784 -0.8561647815720403 0.516702880576159
26 0.013432123108202848 0.3868912512812941 0.9221253492242768
27 0.03610865078281606 0.7705882018637095 0.6373333689274828
28 0.044377218491725164 0.998610535025678 0.052697242202312915
29 0.035177752150715 0.9997566310477481 -0.02206079500056017
30 0.008142772704228559 0.12494218234099168 0.9921640242781787
31 0.01615456715349469 0.7585725870320574 -0.6515885436404569
32 0.03431744646692066 0.9857410383742893 0.1682694424569655
33 0.026521361591045612 0.9000210211642303 0.43584648841363405
34 0.08654428852901541 -0.17854696530775094 -0.9839313904838044
35 0.013545948046613002 0.551249200347832 0.834340649324888
36 0.014780321982859293 -0.8112468158880781 0.5847038598397095
37 0.12118549591210985 -0.5314071057808555 -0.8471165728077894
38 0.02317216719850257 -0.3741325928367587 -0.9273752223222508
39 0.021541319130189987 0.9928442821975865 -0.11941621040528486
40 0.08606850633751065 0.8801047983578068 -0.4747794687089621
41 0.08331123553787854 0.963751708022992 -0.2668007595243414
42 0.05601111039652581 0.29655529242345663 -0.9550156849683874
43 0.048436422188578264 -0.9389272577516363 -0.34411568498252476
44 0.07843306092807664 -0.9384627267230136 -0.3453805300702493
45 0.1609161638595265 0.5791344259224066 0.8152320631032152
46 0.06777120122016388 0.4402665799851389 0.897867105171021
47 0.059515894268407254 0.9429483394398739 0.33293907723123206
48 0.11094790280541776 0.19518885510064402 0.9807656758087019
49 0.09958952065115804 0.9404314998981858 0.3399832260557109
50 0.0028158968509959196 -0.844717065123169 -0.5352131163281593
51 0.0150312175994006 -0.05397689378259195 -0.9985421848562948
52 5.794757639725215e-05 -0.745183249470343 0.6668597489043859
53 0.016456000648728465 0.0040864242118959495 0.9999916505337234
54 0.01940931613148282 0.8578153156179114 -0.5139580569378626
55 0.02723988753750333 -0.9809171345028806 -0.19442627198672932
56 3.10401950649393e-05 -0.744570768988943 -0.6675435341363243
57 0.0582613654331504 -0.9158037539597114 -0.40162605024238723
58 0.032993693962048126 0.6699976253024322 -0.7423632413374881
59 0.0664689623307875 0.9718873411849708 0.235446376154759
60 0.04403871807390737 -0.9430965038059554 -0.3325191490861593
61 0.053111551374172394 0.05125557245588487 -0.9986855692820537
62 0.013554506833620531 0.5477153508053557 0.8366647443822204
63 0.11902710357728165 -0.33906742773833337 0.9407620737715302
64 0.07467634726599644 0.9713475678254453 0.23766342267919996
65 0.04266573850826488 0.5095684936490278 0.8604300961032574
66 0.14113450464934668 -0.8006843374173409 0.5990864643893683
67 0.025838376869880282 0.4441494565596923 0.895952710938323
68 0.04322393530943998 0.9984794499351151 -0.05512520346692679
69 0.10106650649627684 0.1278054980245278 -0.9917992511968853
70 0.033489642152072056 -0.941652755767891 -0.336585928931583
71 0.013730724424861809 -0.7988108679829367 0.6015822447449287
72 0.014513585689460476 -0.3692012607883764 -0.9293494655038401
73 0.06812566484332518 -0.8738772816361358 0.486146579377288
74 0.08870345334091966 -0.9978712648295048 -0.06521455993537191
75 0.00010091027515366787 -0.6953129829808327 0.7187070722473073
76 0.07849573651474039 0.8267259564650863 -0.5626048283714674
77 0.07990040676777976 0.12170046550643736 0.9925668726567074
78 0.00593041639180842 0.640479559097075 0.7679752172946835
79 0.03429855774769228 0.18693835103218326 -0.9823716470426904
80 0.014765165095474356 0.9982752314542472 0.058707429384781865
81 0.05917210446893088 -0.9998752172442325 -0.01579714976819773
82 0.07971855770789787 0.5898886934520325 -0.8074845691017594
83 0.0147831709357356 0.8134252027101384 -0.5816695278213998
84 0.1292279123846133 -0.5956571334393197 -0.8032388059492971
85 0.002598348260473602 -0.7269729965354477 0.6866660486060687
86 0.11033943562927265 0.028893515173585342 0.9995824952353426
87 0.06183577307862083 -0.2738893027735794 -0.9617612228750972
88 0.01934492058309997 0.7416522622246117 0.6707845570204459
89 0.06328789558617359 -0.9698177939473938 -0.24383077439693823
90 5.5287854705933274e-05 0.6242721640723138 0.7812069285179633
91 0.013432724852966696 -0.386636546537123 -0.9222321729813199
92 0.08057105328161111 -0.8736020433801693 -0.4866410071109839
93 0.053889437607589824 0.9972401343790417 -0.07424361510373033
94 0.05603865467924168 -0.7451110565929774 0.6669404121380685
95 0.0810740246605028 0.6945123691111599 -0.7194807635730117
96 0.013618490760086453 -0.7812685216400886 0.6241950793576558
97 0.0800146642285884 0.9200582709996342 0.3917815436760181
98 0.04205196282481217 0.6949014342142382 -0.7191049970115594
99 0.09613795368810238 -0.5448729792366135 0.8385185963935546
100 0.05387766480566726 -0.03742086542948671 -0.9992995941310635
101 0.06913169749773182 -0.6583230429352017 0.7527355253610238
102 0.044058083303391844 -0.819738406085379 0.5727381125685651
103 0.07092785752348434 -0.5465815405444246 0.8374058869724308
104 0.05382618905788014 0.5244682193318752 -0.8514300246707607
105 0.0958558632031557 -0.9921020070759374 0.12543367791744187
106 0.05061622602532129 0.9503293157742183 -0.3112461912700395
107 0.06658028893184283 0.998321272916701 0.05791921997038466
108 0.00018513388153439786 0.7453500203024152 -0.6666733437262881
109 0.05917069830329093 0.5593179677278395 0.8289532019220383
110 0.03192312205188259 -0.12589253441235523 0.9920438850067239
111 0.03933453953045826 0.2981079824918014 0.9545321528239202
112 0.048113078993647466 -0.7656447877018339 0.6432635999844961
113 0.020380560007313288 -0.9918869397254475 0.12712316390841766
114 0.04901919492502721 0.7806230606270248 0.6250021097702761
115 0.031125971659382405 0.9407857203820379 0.33900181168431825
116 0.04978545825598431 -0.09233503671389191 -0.9957279954862394
117 0.012700202743505699 0.1506253488911723 -0.9885909185661239
118 0.113903208729304 0.6009249084848276 0.7993054825049691
119 0.04418960858269588 -0.8488617952332822 -0.5286148433342838
120 3.8822452998038964e-05 -0.5821533742203022 0.8130789930160025
121 0.0071845110876507644 -0.09669237144694397 0.9953143148292233
122 0.08613533659926334 0.08672494867834843 0.9962322938334903
123 0.07641918778915588 0.7672974671768326 0.6412913509973587
124 0.07956424863701307 -0.7107025075067334 -0.7034926764534521
125 0.022148366982600823 -0.5019949708684271 -0.8648705389957545
126 0.04344076424891327 -0.8890154609703318 -0.45787717802453143
127 0.027528382452013715 0.9511579953716104 -0.3087044992232209
128 0.07221916113461167 -0.78686521136269 0.6171248975265454
129 0.044198129389753746 -0.6158178998633042 0.7878885163574537
130 0.09232311893181315 0.7450234774034525 -0.6670382433696492
131 0.00818401033630202 0.9120537365411205 -0.41007070324686734
132 0.031129553529555022 0.9386663480399333 0.344826749335626
133 0.09674706762501993 0.9983130726183852 -0.05806039131145059
134 0.10071170999551347 -0.9673216599803351 -0.2535523735500991
135 0.046307394240516726 -0.2537455848175728 -0.9672709952157089
136 0.0716234685925614 0.4453356622394224 -0.8953636959011545
137 0.07222178659176776 -0.8618237957245178 -0.5072077928452841
138 0.06719581619024544 0.9959451826712384 0.0899621760183327
139 0.00010198985718348127 0.917040295275935 -0.39879455467724967
140 0.07342989331165264 0.8240825013640555 0.5664697970285454
141 0.03611942228440293 0.4649247484993195 -0.8853502008995336
142 0.08990332069919744 -0.6267622393637524 0.7792105590324956
143 0.025476660026514854 0.8516490826175919 0.5241124307594832
144 0.1124285380483058 -0.708757387353391 0.7054523129680669
145 0.08763959668420147 -0.7684252745113193 -0.6399395264337121
146 0.13171070380439523 0.8865657381459835 0.4626026285546457
147 0.12669477326064144 0.3649335879970352 -0.9310335527528587
148 0.07020980712444251 -0.3228008447231244 0.9464669115431544
149 0.17184000123181264 -0.7473202204720789 -0.664464060784
150 0.02296455668003427 0.33891573721804114 0.9408167319228287
151 0.04823414922696541 0.3731287667044178 -0.9277795661996658
152 0.09872067467383816 -0.3618931719683993 -0.9322195728918432
153 0.00018374407839454737 -0.8172351377313125 0.5763043724086108
154 0.0011279807439076705 -0.9413057512018923 -0.3375551551291155
155 0.052509675226710836 -0.13619883540865774 0.9906815215967871
156 0.0376262167346665 0.5812967964861632 -0.8136916089004016
157 0.037730098651646074 -0.7048646405492236 0.7093418347337297
158 0.052727035612633366 -0.5910882444769745 0.8066068975908454
159 0.04968103947377729 0.8773934910486768 -0.47977146837365753
160 0.08768032120115729 0.489676726396158 -0.871904067903082
161 0.058576386482101284 0.9103393970519473 -0.41386251603050134
162 0.06916190040236606 -0.07060379678604838 -0.9975044380249114
163 0.04536720094892353 -0.9997018306716886 0.024418225809309378
164 0.15549299809573355 0.28456033204209497 -0.9586581337620271
165 0.00019297927172322486 -0.3244148550406543 0.9459149020017347
166 0.00832523169846759 -0.06712476957906234 -0.9977445892155756
167 0.026754594343413176 -0.17238012095904492 0.9850305040444916
168 0.0013408440730471622 -0.9895878616017261 -0.1439300669440647
169 0.11132759192028882 0.8076461758055459 0.5896674102463839
170 0.0023172475632077458 -0.5322487402829194 0.8465880216889708
171 0.030659385845077006 0.7853470301693779 0.6190557666350732
172 0.03304446781351573 0.5659164640660174 -0.8244625859910297
173 0.05355469041305035 -0.4074141526384808 -0.9132435098208301
174 0.03305377696237304 0.881539296850447 0.4721106523987989
175 3.95025209906432e-05 0.5914707145326494 0.8063264809307934
176 0.02508446706321012 0.20780553731853085 0.9781701583363482
177 0.060229444838958035 -0.7907832528896807 0.6120962726150319
178 3.7585035112128562e-06 0.8483613100390248 -0.5294176873026342
179 0.1132332183640991 0.9986667822620612 -0.051620325515642156
180 0.06352593170277879 0.7812799853779091 -0.6241807305964308
181 0.01880655065357357 0.4454588931299386 0.8953023927877385
182 0.0023290789410612845 0.9962926411315733 0.08602890925191402
183 0.00913389302602598 -0.8185831492291313 -0.5743880463572668
184 0.06546784661325598 0.9706151395676315 0.24063717676640756
185 0.12030854604227122 0.9678587852286178 -0.2514942779782164
186 0.06202789007451172 0.9364756783896168 0.35073252456067866
187 0.05341801293298272 -0.36615433457391877 -0.9305541377441351
188 0.019167822669466813 0.6039337367025734 0.7970345297868008
189 0.05042214497209655 -0.8612775777529272 0.5081347597439584
190 0.09035225978659572 0.010441567354315293 0.9999454853496691
191 0.058953820126649244 -0.08221603455224628 -0.9966145311315222
192 0.01642244330316966 0.3778250891644889 0.9258769907486879
193 0.07782544560789767 -0.6525162179696082 0.757774758940042
194 0.036489959806200914 0.9379879515729966 -0.3466678564619076
195 0.02771264304111624 0.39840454461636476 0.91720980087929
196 0.05524101179416039 -0.8674067839110678 -0.4975997098321682
197 0.06255693552352778 0.1830517712713876 -0.9831032748569235
198 0.06777953254033596 -0.2717865448561701 0.9623575603875854
199 0.08426221015837586 0.8874672269358415 -0.4608708290994427
200 0.056533247760920315 -0.3690885978621351 0.9293942150283502
201 0.11946860695904027 -0.051281208099631215 -0.9986842532531702
202 0.08344681892213625 0.9998394113109775 0.017920702813166704
203 0.10232714089945753 0.17067671579683444 -0.9853270820822935
204 0.002813967066941011 0.8372647744650805 0.5467976750498651
205 0.04442368907972896 -0.9457990196490191 -0.3247525433787307
206 0.1194574340302578 -0.7198441100158977 0.6941357628558122
207 0.003427580758524566 0.9292085617733933 0.3695557450872898
208 0.05073294864826272 -0.10118584948622548 -0.9948675408634814
209 0.06941990695973481 -0.9959808461876137 -0.08956647825724208
210 0.05145378760043651 -0.9903337784216416 0.13870474871868965
211 0.08576070106778969 -0.6085827284824079 0.793490430057545
212 0.05735477783028578 0.6168698838789504 0.7870651474707607
213 0.02546198332137782 0.9989871579068783 -0.044996203585832444
214 0.0795091732364 -0.22152062542962575 -0.9751556862928439
215 0.02876751664518347 -0.9861552531043646 0.16582465671505767
216 0.03192687341085033 0.1674378098870709 -0.9858826399831884
217 0.08826845955983859 0.9567192458125825 0.29101251638340825
218 0.08430839134316696 -0.7648141007858038 -0.6442510312286681
219 0.10497913686088274 -0.12730554437751412 -0.9918635482619295
220 0.024757246879138158 0.536398592457241 0.843964780076687
221 0.01913418615012566 0.36259366545938987 -0.9319473342248069
222 0.08044258126260248 0.902608010789654 -0.4304634465995271
223 0.0905228141251833 0.9315525410607562 -0.3636067425712126
224 0.06401506579762688 -0.975991338839981 -0.21780933522083326
225 0.04716586863971073 -0.999950442824677 -0.009955495705002818
226 0.021032283457390815 -0.34358423027223106 0.9391218646737166
227 0.09512960409319764 -0.8578596741140121 0.5138840136927796
228 0.01718610891918963 -0.7634039565825653 -0.64592135672548
229 0.0643573598526629 0.2853329512477281 -0.958428456866897
230 0.13531922766953008 0.11572145750701575 0.9932817043882626
231 0.04383544139645916 -0.7317731602115329 -0.6815482682789431
232 0.07475258298881209 -0.9795095252873871 -0.2013978397880114
233 0.017633015014715505 -0.18819904638330023 -0.9821309072320331
234 0.03985448639312867 -0.9948095594629721 0.10175431391880778
235 0.07644467524651455 0.5167672860318265 -0.8561259090153156
236 0.016458530279640032 -0.0049448279238970124 -0.9999877742636673
237 0.033655919855174646 -0.627386159870406 -0.7787082935240034
238 0.057174294182794565 0.6518552558230969 0.758343408658508
239 0.07691874064548798 0.644475003908279 -0.7646253784288249
240 0.005339845820101625 -0.977865541998019 -0.20923427485218724
241 0.059278602149715136 -0.958612036956732 -0.28471558194391994
242 1.4351815273060208e-05 -0.9851297805976944 -0.17181186041580018
243 0.09972084558377892 0.6629157004048946 -0.7486940457601411
244 0.14121894106036145 0.627748752883044 -0.7784160219662638
245 0.0456635191718439 -0.8803335468714542 0.47435518997131804
246 0.047798320403457425 -0.9480353707189086 0.3181649507187449
247 0.08540423950256176 -0.13153453290446238 0.9913115890846858
248 0.06748548654333758 -0.9199289960412074 0.3920849936462964
249 0.14954423353352728 -0.30825623652567635 -0.9513033652011467
250 0.07568155377728443 -0.12177202769587307 0.9925580956653548
251 0.023063812887463578 -0.18585996079247621 0.9825762438478854
252 0.020952622543674002 -0.16467246849064937 -0.9863483046678775
253 0.07771204296486327 -0.7316249382761462 0.6817073783467693
254 0.004765999867851815 0.8006502978573664 -0.5991319558669111
255 0.05857244869583697 -0.9723731852771433 -0.2334317642352521
256 0.007786517601023568 0.18994053220395848 -0.9817955969681658
257 0.04917903611752778 0.35454737654554797 0.9350380515169794
258 0.053631664615375226 -0.4332010869262616 -0.9012972973918792
259 0.055913946719194495 0.7865001236190043 -0.6175901193731088
260 0.019011689126904707 -0.43541934066897475 0.9002277477235388
261 0.0470163536547555 0.7924795203165691 0.6098985242471247
262 0.06779389227136887 -0.2085653768094399 -0.9780084271601837
263 0.059937752490948376 -0.9442822296630344 0.32913685716219665
264 0.04560696715986495 0.036781015567744546 0.999323349518966
265 0.08210060121174696 0.4725405043271949 0.8813089536423651
266 0.09189593470902388 0.898241548034199 0.43950212898816077
267 0.01861294577464638 -0.8357879091251013 0.5490524300650089
268 0.0653321328213765 -0.17669214664999575 0.9842661658881791
269 0.009370929546275546 0.45308644750438914 -0.8914665843921759
270 0.09521317902119439 -0.9262011904573831 -0.3770296471039464
271 0.08854412174666476 -0.2159638172651934 0.976401367078235
272 0.07343579747172435 -0.2718979104942681 -0.9623261018328719
273 0.009378977731360417 0.45023345581761287 -0.8929108775586339
274 0.03719053993910966 -0.9998562178216729 -0.01695711306028716
275 0.07115277485686224 -0.6796988437985816 0.7334912962938764
276 0.04297237816706407 -0.829143360352058 0.5590360346025086
277 0.036746799087947056 -0.5180426649584038 0.8553547786052259
278 0.09032313042164307 0.9096502236551036 -0.41537509627350067
279 0.07460403528322218 -0.4989197706884618 -0.8666481768377365
280 0.1069606337378231 -0.6385386127383379 -0.7695897868619352
281 0.07678348610994157 0.9468579869684917 -0.3216519120322086
282 0.06495481813560448 -0.07315664076853173 0.9973204629964553
283 0.07653773065523314 0.6409306784084459 -0.7675987659414841
284 0.0722966921498348 -0.8879591694942384 -0.45992229051341094
285 0.049967736323878624 -0.9991809990446544 -0.040463948746091584
286 0.07026269236631125 0.6090705140672044 -0.7931160752966184
287 0.060436241851913076 -0.9982329163528888 -0.0594225942685651
288 0.03199451961761527 -0.8317278095120332 -0.5551836190705874
289 0.016034136639711875 0.902516323949054 0.4306556455051833
290 0.03884085638399761 -0.8708239288446629 0.49159504162628154
291 0.07172447763026511 0.998124100110135 0.06122320458235745
292 0.0608917329585835 -0.09631847091117848 0.9953505674692372
293 0.09963443911461704 0.48667404627653316 0.873583638056956
294 0.04844030469478699 -0.39236873650684473 -0.9198080096476776
295 0.044441004059356984 0.8773567176807947 0.47983871242364584
296 0.03828168440448368 0.4380581838879911 0.8989466210675442
297 0.05310348285272333 -0.9961722647650296 -0.08741177788439991
298 0.05311034655382931 -0.23608692168249745 0.9717319411290761
299 0.09035042568328246 -0.9395701388717089 0.3423564723217565
