0 0.06533482553074342 -0.8050891213580808 -0.5931538642467682
1 0.01932936824763988 0.47487217134087434 0.8800547828891128
2 0.031353047516487376 0.7220328702127092 0.691858753165989
3 2.1342875643770576e-05 -0.5703343381146261 -0.821412650722736
4 0.09886549517949471 0.009049763431705528 0.999959050052466
5 0.13318415392056648 0.3468479788913213 0.9379213610633919
6 0.01329912644957796 0.16942063169765192 0.9855438344158867
7 0.09275528715524145 -0.5482920280112424 -0.8362869435901287
8 0.03271548146819073 -0.36272772110372137 -0.9318951659617626
9 0.011011200561637515 0.9979923927254554 0.06333390925973635
10 0.06143609231239518 -0.7215220262074105 -0.6923914829758905
11 0.042418785703824215 0.9918297646873934 -0.12756848309888266
12 0.059589977349809115 0.6958215084032168 0.7182147509230593
13 0.07853651733040506 0.9910514172425661 -0.13348066669559783
14 0.05611385686231331 -0.5460326812393218 -0.837763875455726
15 0.04002353054682566 -0.8755243034147991 -0.48317408263485184
16 0.04088263649473255 0.44806702472963317 -0.8939999671979493
17 0.06997227728373677 -0.7369101432841983 0.6759907105314852
18 0.07270570785511517 0.5250883670573216 -0.8510477112248616
19 0.12409732859924429 0.7324084370212587 0.6808655383995263
20 0.04949519026816324 -0.9996793500842517 -0.0253218683182783
21 0.0976525066264248 0.4618381396232699 0.8869642229477562
22 0.05827831670335869 0.14736091012510164 0.9890827883282075
23 0.009792676164017819 0.9991587160755467 -0.04101048756434157
24 0.01397363291528705 -0.9955615454090253 0.09411274782298709
25 0.041346284773091685 -0.8563039255242624 0.5164722520443267
26 0.013432123108202848 0.3868912512812941 0.9221253492242768
27 0.03591500892958779 0.7709142417748346 0.6369389545543057
28 0.04363368232729176 0.9986203870725509 0.05251021351193307
29 0.03418388703426747 0.9997532483630869 -0.022213563141824617
30 0.007867047568569324 0.12321827627336784 0.9923795928938784
31 0.01581016720451249 0.7588080724524903 -0.651314293702308
32 0.03379263929221746 0.9855398476187714 0.1694438218276744
33 0.02650770131319611 0.89977026094556 0.43636392783771544
34 0.08673876751750433 -0.1785771412455328 -0.9839259141950542
35 0.013545948046613002 0.551249200347832 0.834340649324888
36 0.014780321982859293 -0.8112468158880781 0.5847038598397095
37 0.121504547726337 -0.5317075752028254 -0.8469280102062582
38 0.02232451344235758 -0.3708541534623575 -0.9286911202653539
39 0.02138058442536345 0.992865028703064 -0.11924359428692097
40 0.08588321661733132 0.878996641042952 -0.476827961675076
41 0.08243396756190419 0.9638760426804911 -0.26635122366265945
42 0.05616691459627432 0.296463388813553 -0.9550442183968154
43 0.04822614333516344 -0.938921384653358 -0.3441317094378562
44 0.07857123301639919 -0.9385736010700254 -0.3450791146598774
45 0.16100811746813828 0.5791776207331468 0.8152013761285558
46 0.06747933304184896 0.44172666972127245 0.8971496805198973
47 0.05963665139281368 0.9431306436005809 0.3324223053610484
48 0.1115229664721674 0.19521915398495945 0.9807596453348785
49 0.09965164842178828 0.9405039678856029 0.33978270466790533
50 0.0028158968509959196 -0.844717065123169 -0.5352131163281593
51 0.014613041649630511 -0.054072499727622084 -0.9985370122199809
52 5.794757639725215e-05 -0.745183249470343 0.6668597489043859
53 0.016456000648728465 0.0040864242118959495 0.9999916505337234
54 0.019254877614919733 0.8579097197221645 -0.5138004601070704
55 0.026376298968510313 -0.9814077348851447 -0.19193451463353256
56 3.10401950649393e-05 -0.744570768988943 -0.6675435341363243
57 0.058304785483495825 -0.9157039063522134 -0.4018536498419502
58 0.032793969245963284 0.6704572514110337 -0.7419481612824187
59 0.06649800049948916 0.9721101136449997 0.23452489622448577
60 0.043791695906316715 -0.9430927952252464 -0.3325296672392278
61 0.052660941354316156 0.04982320153497385 -0.9987580530783245
62 0.013554506833620531 0.5477153508053557 0.8366647443822204
63 0.11927502946279588 -0.3389232488548181 0.9408140259295112
64 0.07498161331240992 0.9712292122963065 0.23814662958416188
65 0.042658877749444275 0.5096527377614347 0.8603801990354463
66 0.14141111401979695 -0.8007726948185115 0.5989683557860959
67 0.025430824225783938 0.44439007829109983 0.8958333875874632
68 0.04328487170263112 0.9984786664336762 -0.05513939314888666
69 0.10149586179502028 0.12868887723359096 -0.9916850169667574
70 0.03278950192205309 -0.9421950810647961 -0.33506481345748973
71 0.013333173949332094 -0.7984091249155608 0.6021153288628087
72 0.014255761872743057 -0.3690657527179594 -0.9294032871529593
73 0.06822506577527135 -0.8737816592118884 0.48631842657349444
74 0.08911373649444312 -0.9978397328204286 -0.06569526318430922
75 0.00010091027515366787 -0.6953129829808327 0.7187070722473073
76 0.07867831183782832 0.8264546550246288 -0.5630032887897919
77 0.07985172345162482 0.12203854169825203 0.9925253620639445
78 0.007175664629687948 0.6407839919557833 0.7677212226148309
79 0.03409643395364269 0.18633524667043133 -0.9824862217091238
80 0.013984740629369278 0.9985942494346712 0.05300495256111045
81 0.05844417250790088 -0.9998793682241018 -0.01553219236846331
82 0.07998950911323446 0.5895463784700984 -0.8077345279439226
83 0.0147831709357356 0.8134252027101384 -0.5816695278213998
84 0.12980114788083053 -0.5954192111301418 -0.8034151871959849
85 0.002142630130172624 -0.7275167941370821 0.6860898733026909
86 0.11077120210424442 0.02813052460498051 0.9996042584870518
87 0.06195256172064011 -0.27361246974689024 -0.9618400160104627
88 0.019019931015353448 0.7409630609605841 0.6715457857003659
89 0.06300101014056604 -0.9704031859514606 -0.24149048986503602
90 5.5287854705933274e-05 0.6242721640723138 0.7812069285179633
91 0.013432724852966696 -0.386636546537123 -0.9222321729813199
92 0.08082446245039406 -0.8736635787318863 -0.48653052442513123
93 0.05398892641225244 0.9972682482447782 -0.07386501907392502
94 0.05624016169086223 -0.7452475670470076 0.6667878701735027
95 0.08055492660387417 0.695544803897048 -0.7184827247553117
96 0.013574472468945494 -0.7814132408052109 0.624013899760492
97 0.07970126324074071 0.9193764196692565 0.39337895083003493
98 0.04129739072092398 0.694811859825067 -0.7191915457278621
99 0.09606236991246946 -0.5434904118434803 0.8394153752667413
100 0.053947548759334954 -0.037360971752599906 -0.9993018351777913
101 0.06929958433023936 -0.6583621525988731 0.7527013192663994
102 0.04364387495141569 -0.819797711666411 0.572653221370941
103 0.0707515353027238 -0.5482575754456559 0.8363095305964479
104 0.05400670644235846 0.524864067485696 -0.8511860611302153
105 0.09628656503089751 -0.9921426096363606 0.12511211829376184
106 0.04990219365342717 0.950058300449604 -0.3120724687421334
107 0.06609345004992308 0.9985548184023934 0.05374267061993921
108 0.00018513388153439786 0.7453500203024152 -0.6666733437262881
109 0.059653970529957315 0.5596217875695396 0.8287481251124934
110 0.03075772740582648 -0.13422169762681987 0.9909513287170942
111 0.03903055662259315 0.2977490923531747 0.9546441630277015
112 0.04777383499640602 -0.7675759602651894 0.6409579902169661
113 0.021705163919297416 -0.9918904139144228 0.12709605337961938
114 0.04890665138525489 0.7801325541571572 0.6256142565065396
115 0.030585430502627794 0.939820871394245 0.3416675719054445
116 0.048887503672771004 -0.09358344758536805 -0.9956114394371113
117 0.014172679592368852 0.15061225274923387 -0.9885929138537262
118 0.11422506673075276 0.6007836825481888 0.7994116378836608
119 0.04389460143971127 -0.8476274517847269 -0.5305918421733701
120 3.8822452998038964e-05 -0.5821533742203022 0.8130789930160025
121 0.006855208325802567 -0.09713676337646941 0.9952710430836134
122 0.08645546228836123 0.08662154004816992 0.9962412904511052
123 0.07563096885181886 0.7676954754360868 0.6408148383074167
124 0.07901378637965473 -0.7092308332278824 -0.7049763295309167
125 0.02193273187663374 -0.5003875702792622 -0.8658015243172169
126 0.041993694970885245 -0.8905074448581338 -0.45496866996776586
127 0.02752039279827968 0.9512876141424138 -0.3083048413165677
128 0.0726764875867869 -0.7864866268849114 0.6176073070578052
129 0.04395854356993752 -0.6152727053579666 0.7883143396142739
130 0.09223236805279052 0.7448900810469267 -0.6671872054812675
131 0.0077171329964343715 0.9121585580145285 -0.40983748613426774
132 0.03058548533522985 0.9397880114828948 0.34175794573502816
133 0.09687512405912087 0.9983287035195799 -0.057791000414551805
134 0.10112275689479311 -0.9673846461745614 -0.2533119546048281
135 0.045797700365481975 -0.25484921681862405 -0.9669808047148267
136 0.0712245853757503 0.44616863055651135 -0.8949489108923074
137 0.07167116123372663 -0.8633425676469998 -0.504618282356759
138 0.06720221041358614 0.9959992077709753 0.08936206197033295
139 0.00010198985718348127 0.917040295275935 -0.39879455467724967
140 0.07295901143962198 0.8235692867638679 0.5672156819934143
141 0.0354243628806748 0.4665771407528493 -0.8844805095234693
142 0.09038673956268244 -0.6266048279620919 0.7793371475649016
143 0.02507285698404194 0.8515768400449266 0.5242298021851652
144 0.11267006816795751 -0.7089056883920224 0.7053032858036554
145 0.08784078184606754 -0.7689026039056799 -0.6393659247309519
146 0.131984538516213 0.8866009121828323 0.4625352121909959
147 0.12674053172064362 0.36485590692043657 -0.9310639973628374
148 0.07003174702263766 -0.3208488170579044 0.9471304221661045
149 0.17198308044845914 -0.7466537985174011 -0.6652128269655782
150 0.022841504030966013 0.3384687305464361 0.9409776397142942
151 0.04910134897617337 0.3733615264643102 -0.9276859223660991
152 0.10581579819330572 -0.4271729666542361 -0.9041699268167566
153 0.00018374407839454737 -0.8172351377313125 0.5763043724086108
154 0.02238869913817889 -0.9401654341849669 -0.3407182947301078
155 0.05239641763018877 -0.13566772208362982 0.9907543939769528
156 0.03692968665488224 0.5804413949155572 -0.8143020244777008
157 0.03743734970335737 -0.7048746523273295 0.7093318860071259
158 0.05229302604613501 -0.587840752512149 0.8089766681962778
159 0.04959214424861282 0.8775557164409709 -0.47947467560005125
160 0.08738694442733122 0.48887886387115315 -0.872351681639951
161 0.05871276284477724 0.9103389672633834 -0.4138634613998155
162 0.06922830739030729 -0.07109535502396618 -0.9974695235915814
163 0.0453630711210416 -0.9996966439396038 0.024629658866762282
164 0.15604321643686486 0.2857354507020048 -0.9583085370652409
165 2.9416814316648635e-06 -0.3241355445917978 0.9460106493756709
166 0.00794007480743015 -0.06785375658687709 -0.9976952779867452
167 0.026353292162938136 -0.17243447939842416 0.9850209897837682
168 0.0007796773591806137 -0.9894994540273427 -0.1445366060193424
169 0.11098156796430851 0.8077924475780548 0.5894670148836622
170 0.0017835471508252086 -0.5313105862171302 0.8471771131077666
171 0.03205638192313912 0.7853441380091192 0.6190594356721442
172 0.03281928759976336 0.5659800527843531 -0.8244189346747325
173 0.053557590544914074 -0.40667364452935834 -0.9135735037998908
174 0.03263241802952612 0.8810924376049954 0.472944094365589
175 3.95025209906432e-05 0.5914707145326494 0.8063264809307934
176 0.024471525902393834 0.20440066696419537 0.9788873108507394
177 0.06058903280552072 -0.7906452063704249 0.6122745770024003
178 3.7585035112128562e-06 0.8483613100390248 -0.5294176873026342
179 0.11352345903567479 0.9986041470835901 -0.05281815433594218
180 0.06262192389874664 0.7817096944728291 -0.6236424885839612
181 0.01795301982132561 0.4489380993630743 0.8935628589753887
182 0.0018314343380602116 0.9962439173840085 0.086591322171247
183 0.008507215831154822 -0.8178456061807801 -0.5754377155268782
184 0.06464700561434503 0.9703540766121085 0.24168774483258815
185 0.12051726840182209 0.967912125300296 -0.2512889128009114
186 0.061906878529866025 0.9365927600472144 0.35041975090902233
187 0.05354646346270076 -0.36571431120302234 -0.9307271579691327
188 0.020587518494322547 0.604004434575557 0.796980955238619
189 0.050464280456054555 -0.8613914357485898 0.507941723447664
190 0.0907090159227324 0.0100187269545177 0.9999498112956524
191 0.05849233617810706 -0.08318678886702482 -0.9965339724053531
192 0.016280929429399852 0.37870640318902477 0.9255168611017477
193 0.0772166907366558 -0.653499585252928 0.7569268736636658
194 0.03645941005581695 0.9383391409403457 -0.3457161503015648
195 0.02847959549226978 0.39882951517792586 0.9170250911632356
196 0.05514998135575989 -0.8672368583424815 -0.4978958038909975
197 0.06266807892267268 0.18310961079013335 -0.9830925034991803
198 0.06779177739274565 -0.27286587978956095 0.9620520836455108
199 0.08422576513964727 0.8873126737233352 -0.46116831965123756
200 0.0566141336087067 -0.3700339357493423 0.9290182379231592
201 0.1194984367173272 -0.051122702520923394 -0.9986923797080647
202 0.08386941628142809 0.9998486222377818 0.017399212890512262
203 0.10249788787429016 0.17096754795180866 -0.9852766604093218
204 0.002813967066941011 0.8372647744650805 0.5467976750498651
205 0.04418057112158209 -0.9458642722720759 -0.3245624415104375
206 0.11999017675185987 -0.7205944007577344 0.6933568414579909
207 0.005015259459960443 0.9292090507495684 0.369554515606407
208 0.0506797812557896 -0.10033358090634967 -0.9949538544789447
209 0.0698418807490088 -0.9959835475565266 -0.08953643390662855
210 0.05141545293523865 -0.9902348552407055 0.13940922303211828
211 0.08610569602680287 -0.6084568984570453 0.7935869219688747
212 0.05610871137995175 0.6202764532702403 0.7843832746294961
213 0.025259122875203047 0.9989767713701312 -0.0452262121220504
214 0.07967960630564874 -0.2211401190773853 -0.9752420457170824
215 0.028372656293115084 -0.9862442229056309 0.16529468468546832
216 0.03075948790613946 0.15929539281444616 -0.9872309647838703
217 0.08855217731267322 0.9563547295661537 0.2922081984415374
218 0.0844584198192451 -0.7647169463931172 -0.6443663491362552
219 0.10535894360689352 -0.1264836285820643 -0.9919686949197108
220 0.024646407944353934 0.5361300440688389 0.8441354013703872
221 0.018964989187040697 0.3621614993963241 -0.9321153621494532
222 0.08090217870254528 0.9025261680053465 -0.430635014908896
223 0.0908556572167135 0.9320246022053854 -0.36239500670386315
224 0.06385815634865336 -0.9758496526320877 -0.21844325454871313
225 0.04742622453297513 -0.999951144853956 -0.009884730915035252
226 0.020532854158441836 -0.34194376494016165 0.9397204167296502
227 0.10199195678036943 -0.8939582641211598 0.4481502225922495
228 0.017105967277630904 -0.7634953729284173 -0.6458132977238058
229 0.06448795108428398 0.2855049702748704 -0.9583772284170494
230 0.13536831893967677 0.11643266238231184 0.9931985879624309
231 0.0430298168649808 -0.7314951180611278 -0.6818466779656088
232 0.07472701003952151 -0.9794803275312363 -0.20153979254554708
233 0.017273317107312735 -0.18876856378493928 -0.9820216032891391
234 0.039741446013892644 -0.9946686824304367 0.10312231665405437
235 0.07648040564090748 0.5160529401141342 -0.8565566898924775
236 0.016458530279640032 -0.0049448279238970124 -0.9999877742636673
237 0.03359440004148367 -0.6269440914664367 -0.7790642503512302
238 0.05596324751656558 0.6497427063159867 0.7601542051381268
239 0.07711479908648047 0.644388432655381 -0.7646983378169077
240 0.006776817629439502 -0.9780613463632072 -0.20831707263253862
241 0.059540925761037235 -0.9585961441770932 -0.2847690860483449
242 1.4351815273060208e-05 -0.9851297805976944 -0.17181186041580018
243 0.10008108126927173 0.6626671478844617 -0.74891404788178
244 0.14117785248414094 0.6276587998089169 -0.7784885554858402
245 0.04545059936796166 -0.8799764873206688 0.4750172436478247
246 0.04784920310564633 -0.947869005429898 0.31866023998192183
247 0.08599651210785102 -0.13150082545592456 0.9913160610543997
248 0.06711385223767129 -0.9182825674152582 0.3959256576445151
249 0.1495021502657227 -0.3080450316133608 -0.9513717772239849
250 0.07610053479425538 -0.12192171777748967 0.9925397194743323
251 0.022894043562622323 -0.18538967789376584 0.9826650840090156
252 0.02012447823800063 -0.16001636745088071 -0.9871143612306654
253 0.07783730186819712 -0.7316506093303867 0.6816798265068974
254 0.006274375811620467 0.8008471400374197 -0.5988688155964421
255 0.05849143685432506 -0.9723098875170095 -0.23369527730927792
256 0.007328900752523175 0.18924179287655096 -0.9819305188397337
257 0.04927985535589964 0.35499552368965015 0.9348680003938048
258 0.05378974627941814 -0.43299083187944293 -0.9013983245537724
259 0.05566337881102524 0.7869098954160446 -0.6170679188681824
260 0.018552836761154354 -0.43421945514329874 0.900807118519307
261 0.046407394754270574 0.7936110140629625 0.6084254747772782
262 0.06783949070872136 -0.20816970413050717 -0.9780927227426943
263 0.05955198665017068 -0.9439201013963723 0.33017395745252576
264 0.04556524457535486 0.037024308123562825 0.999314365256485
265 0.08249739994160031 0.47239143737268163 0.8813888641779926
266 0.09200400770511993 0.898371771002579 0.43923588317177564
267 0.018373674163054226 -0.8358721773957529 0.5489241323313113
268 0.06474291980247225 -0.17595682111858285 0.9843978855634763
269 0.009370929546275546 0.45308644750438914 -0.8914665843921759
270 0.09497706571128424 -0.9258075818898894 -0.3779951339834889
271 0.08831602304140175 -0.21778142417839363 0.9759975672525165
272 0.0730899199513315 -0.2705466507335787 -0.9627068659653586
273 0.009378977731360417 0.45023345581761287 -0.8929108775586339
274 0.03705433074076308 -0.9998635810134242 -0.016517244413391734
275 0.07141939011387424 -0.6797588765758692 0.7334356616066007
276 0.042811802509318556 -0.829562704468971 0.5584135737552649
277 0.036692130355197736 -0.5182047501646572 0.8552565912676646
278 0.09047476770098443 0.9096285528347994 -0.4154225509859432
279 0.07499264730325048 -0.4996009432085273 -0.8662556767751365
280 0.10665410052807658 -0.6377913406936956 -0.7702091960864518
281 0.0770951645395592 0.9470233893545132 -0.3211645995677138
282 0.06514305516590374 -0.07357200437237968 0.9972899077864122
283 0.07662802315546453 0.6409952000236185 -0.7675448869914262
284 0.07252273070556542 -0.8883537447988661 -0.4591596934638657
285 0.04973206751471938 -0.9991797730269851 -0.04049421160786542
286 0.07054716436040782 0.6090539529659207 -0.7931287930573357
287 0.060807797959363426 -0.998279060748642 -0.05864227886780282
288 0.03184914539143759 -0.8320242162689968 -0.5547393113363804
289 0.015131825242774444 0.9050422031548869 0.42532177290675854
290 0.03878977831443256 -0.8707641638382068 0.49170089584537935
291 0.07177446886035664 0.9981357504175216 0.06103297255132702
292 0.06058113091679443 -0.09985814165146466 0.9950016841925022
293 0.09959500305680641 0.48663667911550307 0.8736044542809033
294 0.04802950980886731 -0.38699253110329934 -0.9220828492441783
295 0.04444722322904002 0.8771229928033439 0.48026581753827224
296 0.03822975655644065 0.4381727794581186 0.8988907694163663
297 0.053034034609391545 -0.9961667820661118 -0.08747423796780242
298 0.053060937127263307 -0.2358718263846866 0.9717841743504327
299 0.08966287961648728 -0.9396044688850248 0.342262241638324
