0 0.06542123330366585 -0.8050707800307368 -0.5931787581671321
1 0.019180485832444152 0.47416335923596753 0.8804368851644409
2 0.03133205109043629 0.7220722874023903 0.6918176145238569
3 2.1342875643770576e-05 -0.5703343381146261 -0.821412650722736
4 0.09881074422848184 0.009272449188288972 0.9999570099189518
5 0.13319780027690392 0.3469735401492629 0.9378749183320172
6 0.013244778318636205 0.16955473484083625 0.9855207719236838
7 0.09270867091940918 -0.5484506686559931 -0.8361829130344592
8 0.03271625997108576 -0.36272233632475165 -0.9318972618969935
9 0.01084332235212117 0.9979572431562602 0.06388537259777786
10 0.061485174378325756 -0.7216560718675213 -0.6922517706273772
11 0.04228924723477114 0.9918312143213368 -0.12755721186143257
12 0.059575698486877916 0.6957979388943673 0.7182375848076668
13 0.07843909749283265 0.9911199736908118 -0.13297066500218907
14 0.05639488571568026 -0.5463607907722319 -0.8375499306350288
15 0.039942065245631445 -0.8754780505999575 -0.48325788448580753
16 0.04078357946251768 0.44803376930736244 -0.8940166338274904
17 0.06993981359189735 -0.7368663402105342 0.6760384579776014
18 0.07251761584326978 0.5251508891326925 -0.8510091325262864
19 0.12404080522725232 0.7323423437431116 0.6809366281533444
20 0.04951740149694252 -0.9996767588590786 -0.025423961080202204
21 0.09756586553630381 0.4617706177916595 0.8869993779841726
22 0.05820024575136731 0.1475871751584874 0.9890490512248308
23 0.0096355159682734 0.9991659339784585 -0.0408342549455065
24 0.013792093019528575 -0.995625444781681 0.0934343282914789
25 0.04130230687471897 -0.8563340017085805 0.5164223828590011
26 0.013432123108202848 0.3868912512812941 0.9221253492242768
27 0.03587196430748051 0.7709858435746781 0.6368522819362759
28 0.043468504837913105 0.9986226993048377 0.05246622183004783
29 0.033962272668616136 0.9997526903164068 -0.022238664643069988
30 0.007792749801383629 0.12255488232183613 0.9924617377103668
31 0.015734032903746784 0.7588524604526238 -0.6512625762816401
32 0.03367606765231662 0.9854956909336583 0.1697004512403886
33 0.026504731371337683 0.8997150081218906 0.4364778392544418
34 0.08678195076022567 -0.17858397406425383 -0.9839246740515343
35 0.013545948046613002 0.551249200347832 0.834340649324888
36 0.014780321982859293 -0.8112468158880781 0.5847038598397095
37 0.12157553639086746 -0.5317745159035022 -0.846885980658315
38 0.022136308522521176 -0.3701199689280215 -0.9289839657393019
39 0.02134443460858399 0.9928699975051568 -0.11920221497149226
40 0.08584242765989836 0.8787544422296403 -0.47727416676547013
41 0.08223906685390597 0.9639032738453519 -0.26625265946129545
42 0.05620144108273771 0.29644342587972156 -0.9550504150319469
43 0.048179442261821054 -0.9389197952189114 -0.3441360459848364
44 0.0786018796851565 -0.9385982314441477 -0.3450121156277242
45 0.16102860251634427 0.5791871884596316 0.8151945784438382
46 0.06741487706234452 0.4420465770342166 0.8969920979207857
47 0.05966343806887233 0.9431708138401161 0.33230831455167187
48 0.1116507868689114 0.1952259039086723 0.9807583017456655
49 0.09966539832625558 0.9405198829116981 0.3397386493288123
50 0.0028158968509959196 -0.844717065123169 -0.5352131163281593
51 0.014520022590619321 -0.05409362583879506 -0.998535867980521
52 5.794757639725215e-05 -0.745183249470343 0.6668597489043859
53 0.016456000648728465 0.0040864242118959495 0.9999916505337234
54 0.019220572264883416 0.8579304059777955 -0.5137659180003818
55 0.02618454158246141 -0.9815165016218209 -0.19137752491884202
56 3.10401950649393e-05 -0.744570768988943 -0.6675435341363243
57 0.058314398810529904 -0.9156817219863806 -0.4019041975646146
58 0.03274956075299659 0.6705586884630935 -0.7418564856673128
59 0.06651105503590714 0.9721191377056514 0.23448748816604412
60 0.043736902885514045 -0.9430918810435754 -0.3325322599533625
61 0.05256099322691397 0.04950838365953023 -0.9987737080777711
62 0.013554506833620531 0.5477153508053557 0.8366647443822204
63 0.11933022700427354 -0.3388922539569806 0.9408251910997906
64 0.07504932542135015 0.9712029722397345 0.2382536184671821
65 0.04265706844553733 0.5096709897999082 0.860369387040463
66 0.14147183140046823 -0.8007892239067247 0.5989462570839437
67 0.025340145867476013 0.44444343830481003 0.8958069156619626
68 0.0432983466123751 0.9984784964955135 -0.05514247034780783
69 0.1015911427521981 0.1288844194118067 -0.9916596222660684
70 0.03263429728199449 -0.9423179163642875 -0.3347192024650927
71 0.013244792363316056 -0.7983195743012177 0.6022340552372661
72 0.014198439995621965 -0.3690358363841103 -0.9294151663623099
73 0.06824679316047327 -0.873760369490528 0.48635667642973296
74 0.08920481838405214 -0.9978327253902074 -0.065801611989
75 0.00010091027515366787 -0.6953129829808327 0.7187070722473073
76 0.07871882690482213 0.8263948375434902 -0.5630910871976827
77 0.07984080252017238 0.12211285446891385 0.9925162219195482
78 0.007451723795719167 0.6408519497173332 0.7676644960811283
79 0.03405151106453224 0.18620193757336106 -0.9825114953240629
80 0.013811825483653646 0.9986609222031851 0.0517335719265903
81 0.05828232430517984 -0.9998802584709106 -0.015474776901300346
82 0.08004965704242684 0.5894701377105886 -0.807790168761331
83 0.0147831709357356 0.8134252027101384 -0.5816695278213998
84 0.1299280549166888 -0.5953631316152991 -0.8034567452658693
85 0.0020422216055799853 -0.7276395392216598 0.685959693394073
86 0.11086733080225036 0.027962415118972326 0.9996089752201679
87 0.06197844241968285 -0.2735511865716828 -0.9618574469874548
88 0.01894785422792462 0.7408140906171558 0.6717101183867015
89 0.06293757447387519 -0.9705309453732562 -0.240976521829189
90 5.5287854705933274e-05 0.6242721640723138 0.7812069285179633
91 0.013432724852966696 -0.386636546537123 -0.9222321729813199
92 0.08088077443606295 -0.8736774512497062 -0.4865056126889158
93 0.05401109698294471 0.9972746088989094 -0.07377909219777147
94 0.056285513613690684 -0.7452803334427223 0.6667512464056627
95 0.08043981438034595 0.6957728875205076 -0.7182618526633411
96 0.013564726459120423 -0.7814451756995006 0.6239739076083044
97 0.07963217761922806 0.9192261766206283 0.393729902617799
98 0.04112961602582439 0.6947920867469604 -0.7192106479980703
99 0.09604559317728242 -0.5431842272476972 0.8396135392365478
100 0.05396311775827207 -0.03734755988922994 -0.9993023365179932
101 0.06933732158144769 -0.6583659665794503 0.7526979832907128
102 0.043551909425163765 -0.8198107756288663 0.5726345188362266
103 0.07071237667199928 -0.5486266755875328 0.8360674439504101
104 0.05404713441545998 0.5249540407169907 -0.8511305746681317
105 0.0963824695556043 -0.992151682937595 0.12504014572967348
106 0.049743540126049535 0.9499982394706831 -0.3122552561648926
107 0.06598595303864425 0.9986039306240082 0.05282224666067361
108 0.00018513388153439786 0.7453500203024152 -0.6666733437262881
109 0.059761496479710845 0.5596880820574521 0.8287033551294762
110 0.03049897663115656 -0.13612424046150523 0.9906917740441668
111 0.03896268125563194 0.2976743125299587 0.9546674832944801
112 0.04769869169354574 -0.7680007108095758 0.6404489895346751
113 0.021999017180364625 -0.9918912368659812 0.1270896306882426
114 0.04888208105738238 0.7800230777672784 0.6257507476227753
115 0.030585430502627794 0.939820871394245 0.3416675719054445
116 0.04868804039531593 -0.09386242995373244 -0.9955851767896008
117 0.014499713529174486 0.15060980162777787 -0.9885932872792741
118 0.1142969076524826 0.6007519278293109 0.7994355015943228
119 0.043829008295290135 -0.8473593538112719 -0.5310198918200181
120 3.8822452998038964e-05 -0.5821533742203022 0.8130789930160025
121 0.006782118356405081 -0.09723555611428678 0.9952613961302555
122 0.08652668509704467 0.08659838480752768 0.9962433034900297
123 0.07545584354971181 0.7677831502556077 0.6407097893614353
124 0.0788918664135007 -0.7089040466012712 -0.7053049359761654
125 0.021884579167416422 -0.5000319617082952 -0.8660069498971437
126 0.04167263499514399 -0.8908478051104559 -0.4543018689482613
127 0.027518472715336473 0.9513162481943215 -0.30821647574631716
128 0.07277804321709916 -0.7864033561900243 0.6177133326819696
129 0.04390495118939028 -0.6151524516261089 0.788408181881941
130 0.09221243582220849 0.7448610877174768 -0.6672195740566499
131 0.007612915810581131 0.9121815910423583 -0.4097862186109139
132 0.03058548533522985 0.9397880114828948 0.34175794573502816
133 0.0969033846668138 0.9983322887293347 -0.05772903325405933
134 0.10121424391917276 -0.9673985832287602 -0.2532587237727216
135 0.0456845723012313 -0.25509472127530863 -0.9669160683210681
136 0.07113601512590323 0.44635266531374757 -0.8948571384122237
137 0.07154914895782742 -0.863677506943737 -0.5040448035635832
138 0.06720362829345715 0.9960111173636799 0.08922922216378402
139 0.00010198985718348127 0.917040295275935 -0.39879455467724967
140 0.07285416488741163 0.8234554740339438 0.567380897002651
141 0.035270314311483385 0.4669420003990221 -0.8842879442033345
142 0.09049413490080502 -0.6265700411922155 0.7793651156424602
143 0.02498299042687577 0.8515609381205075 0.5242556329380936
144 0.11272396812512539 -0.7089368188933721 0.705271994919227
145 0.08788544137023097 -0.7690081796851983 -0.6392389377824679
146 0.1320454889431024 0.8866085554916158 0.4625205609798016
147 0.1267507442743312 0.36483837598377167 -0.9310708670179323
148 0.0699925613701667 -0.3204211343274378 0.947275195851933
149 0.17201510669680645 -0.7465069409387525 -0.6653776274644843
150 0.02281419757281502 0.33836878227058204 0.9410135850160313
151 0.04929326361214693 0.37340917995268796 -0.9276667420615342
152 0.10577103981533025 -0.4264466991505686 -0.904512693544753
153 0.00018374407839454737 -0.8172351377313125 0.5763043724086108
154 0.02253644530015212 -0.9402678847106298 -0.3404354637545828
155 0.052370499394954945 -0.1355520916552428 0.9907702208120148
156 0.036774992140166454 0.5802538393044939 -0.814435683140415
157 0.03737217144873814 -0.7048763563792206 0.7093301926589295
158 0.052196896115004235 -0.5871250555399278 0.8094962440661703
159 0.04957238782127368 0.8775919194112879 -0.47940840937973905
160 0.08732183481734034 0.48870145034586565 -0.8724510831157513
161 0.058743387684433705 0.9103402282835454 -0.41386068763372835
162 0.06924315300279614 -0.07120375457540999 -0.9974617914157738
163 0.04536209604508954 -0.999695491712296 0.024676382435655633
164 0.1561657122196609 0.28599462828471794 -0.9582312208398795
165 2.9416814316648635e-06 -0.3241355445917978 0.9460106493756709
166 0.007854358794714144 -0.06801697418188016 -0.9976841640635284
167 0.026264220959253976 -0.17244728939735965 0.9850187472223578
168 0.0006570123397595087 -0.9894818621323969 -0.1446569891536677
169 0.11090474861972503 0.8078248237746172 0.589422644707097
170 0.001665030177812959 -0.5311059729589768 0.8473054027251913
171 0.03236597026680869 0.7853431980182878 0.6190606281507559
172 0.03276923420000493 0.5659944938927703 -0.8244090203794877
173 0.053558239477464666 -0.40650951615028824 -0.9136465472376386
174 0.03253893436339311 0.8809917403707793 0.4731316448922703
175 3.95025209906432e-05 0.5914707145326494 0.8063264809307934
176 0.02433598183788976 0.2036360221774294 0.9790466640930623
177 0.06066874622923932 -0.790614998883001 0.612313582685565
178 3.7585035112128562e-06 0.8483613100390248 -0.5294176873026342
179 0.11358801103043803 0.9985900653935629 -0.053083719700863966
180 0.062421195087915195 0.7818057533844521 -0.6235220637435128
181 0.01776345911388189 0.44971278006659965 0.8931732281280995
182 0.0017204587049681923 0.9962317159195306 0.08673158707199809
183 0.00836773961543073 -0.8176832175795283 -0.5756684424986225
184 0.06446459841310868 0.9702959142084653 0.24192114184245758
185 0.12056378602766533 0.9679240023830974 -0.2512431603261783
186 0.06188009767254334 0.9366186232618531 0.3503506166100911
187 0.0535744053440757 -0.3656201336612435 -0.9307641580236824
188 0.020902043984042534 0.6040221364926771 0.7969675392554089
189 0.05047384043753666 -0.8614179187154198 0.5078968097123611
190 0.09078833281596077 0.00992575716819662 0.9999507384589693
191 0.05839035171185354 -0.08340196670789692 -0.9965159868006408
192 0.016249462536278583 0.37890128165059117 0.9254370960597696
193 0.07708200223849891 -0.6537193986148271 0.7567370401101486
194 0.03645247804155756 0.9384164960913787 -0.34550612131130104
195 0.02864926980074072 0.39892201761726387 0.9169848547605197
196 0.05512942737370482 -0.8671978536028322 -0.4979637363369354
197 0.06269269466096605 0.18312239620429133 -0.9830901220175079
198 0.06779450068172298 -0.2731049349958136 0.9619842485617591
199 0.0842177508362165 0.88727919743977 -0.46123272411076566
200 0.0566325721578851 -0.3702396470778566 0.9289362753879645
201 0.11950511560444847 -0.05108712183822504 -0.9986942004348911
202 0.08396336980466723 0.9998506083580049 0.01728470324094772
203 0.1025361410097937 0.17103465857160347 -0.985265012860649
204 0.002813967066941011 0.8372647744650805 0.5467976750498651
205 0.04412661254516345 -0.9458785789396776 -0.3245207449502358
206 0.1201084671946989 -0.720760420648853 0.6931842583513336
207 0.005368063484842756 0.9292140219978422 0.3695420156390795
208 0.05066789803618621 -0.10014617370462538 -0.9949727352507319
209 0.06993561908659768 -0.9959841216341018 -0.08953004776468497
210 0.051406830998117874 -0.9902129026819358 0.13956506497764778
211 0.08618236387291885 -0.6084292803992777 0.7936080964511496
212 0.05583202240241422 0.6210429625966025 0.7837765233848453
213 0.025213874280977704 0.9989744728628814 -0.04527695405311896
214 0.07971740110933502 -0.22105674882650522 -0.9752609465154726
215 0.028284852722115575 -0.9862641439181354 0.16517578037178277
216 0.030500391167745167 0.15743246687395082 -0.9875297556904209
217 0.08861549866558235 0.9562738193104574 0.292472874813017
218 0.08449166216766342 -0.7646952671529533 -0.6443920766069934
219 0.10544334148730532 -0.12630130086743271 -0.9919919260756078
220 0.0246215255999246 0.5360702403381439 0.8441733811390908
221 0.018926565169172384 0.3620660526267867 -0.9321524411464345
222 0.08100438820080612 0.9025074958386898 -0.43067414590961595
223 0.09092970666028337 0.9321286156770635 -0.3621273861998859
224 0.06382335720107092 -0.9758185795807548 -0.21858202063527105
225 0.04748412910075072 -0.9999513001855241 -0.009869004877888604
226 0.020421935624737805 -0.3415835432270984 0.9398514153824641
227 0.10195402715165103 -0.8934563391916774 0.4491500528311292
228 0.017088301279577764 -0.7635141810537647 -0.6457910616676257
229 0.06451696424545554 0.28554226201831245 -0.9583661182457701
230 0.13537927386312476 0.11659011461251663 0.9931801171865253
231 0.04285075585670915 -0.7314321410781728 -0.6819142343416802
232 0.07472122738231819 -0.9794738515366406 -0.20157126321968385
233 0.017193376842608885 -0.18889336880624785 -0.981997604488436
234 0.03971630967109863 -0.9946374442955404 0.10342318117924945
235 0.07648848375974854 0.5158955705119326 -0.8566514812490361
236 0.016458530279640032 -0.0049448279238970124 -0.9999877742636673
237 0.03358061137100503 -0.6268462346001403 -0.779142989551742
238 0.05569409457256207 0.6492624768594832 0.7605644194558993
239 0.07715026652682794 0.6443425234726409 -0.7647370217564396
240 0.007095813815074283 -0.9781050876870935 -0.20811159852498184
241 0.05959919970052511 -0.9585924728870217 -0.28478144413627926
242 1.4351815273060208e-05 -0.9851297805976944 -0.17181186041580018
243 0.10016110756473476 0.6626122231350902 -0.7489626437626736
244 0.1411687530943957 0.6276381823135364 -0.7785051779546235
245 0.04540333674041773 -0.8798978689963867 0.4751628564351569
246 0.04786058418324075 -0.9478315044769327 0.31877176650543315
247 0.08612812345900611 -0.13149330235842704 0.9913170589851036
248 0.06703176183046107 -0.9179166285423425 0.3967733144321318
249 0.14949286752244062 -0.30799819956809316 -0.9513869397163349
250 0.07619325570157347 -0.12195157692037742 0.9925360511773027
251 0.02285629268443148 -0.1852855917942556 0.9826847151927481
252 0.019940828284054975 -0.15897543992290966 -0.9872825378286184
253 0.07786518850934734 -0.7316566351016907 0.6816733589569651
254 0.006609398354853293 0.8008891659933302 -0.5988126115860521
255 0.058480036421053296 -0.9723204528575689 -0.23365131490075594
256 0.007227020539547101 0.18908822109934223 -0.981960103385818
257 0.049302412225385644 0.3550937668410819 0.9348306888151519
258 0.053824763527066284 -0.43294441859076377 -0.9014206179199062
259 0.055607695211005864 0.7870001782420141 -0.6169527692190367
260 0.018450777742131916 -0.43396694968591704 0.9009287910708041
261 0.046272160082433365 0.7938637749928528 0.6080956394795947
262 0.06784960242594992 -0.2080839165400927 -0.9781109771786306
263 0.059466315501494026 -0.9438402943741189 0.330402025895388
264 0.04555592297772107 0.03707796531553355 0.9993123758305308
265 0.08258578432992085 0.47235828442212774 0.881406632115838
266 0.09202807030059472 0.8984004986397862 0.43917712149403176
267 0.018320500880559438 -0.8358903779807261 0.5488964164569112
268 0.06461188366921064 -0.17579406529926828 0.9844269635709684
269 0.009370929546275546 0.45308644750438914 -0.8914665843921759
270 0.09492445045950847 -0.9257198920291838 -0.37820983792264873
271 0.08826566607732475 -0.21818144109278997 0.9759082225100234
272 0.07301312776513712 -0.2702485918679067 -0.9627905787830568
273 0.009378977731360417 0.45023345581761287 -0.8929108775586339
274 0.037024040622095605 -0.9998651764726277 -0.016420379939606447
275 0.07147857472094106 -0.6797722361291687 0.7334232795514126
276 0.042776210789910056 -0.829657063375966 0.5582733713785464
277 0.036680116301340465 -0.5182480531965015 0.8552303522198192
278 0.09050906249022093 0.909621674896467 -0.41543761090992487
279 0.07507947076338894 -0.4997492089934511 -0.8661701496302098
280 0.10658608583233832 -0.6376260274481111 -0.7703460580289488
281 0.07716434967575456 0.9470602982009523 -0.32105574527100966
282 0.06518558101321548 -0.07366452165742055 0.9972830782927099
283 0.0766479137441577 0.6410091715242084 -0.7675332188393202
284 0.07257295420495428 -0.8884407995123319 -0.45899122623628497
285 0.04967961207814102 -0.9991795106436282 -0.040500685302345865
286 0.07061037132488206 0.6090504924475257 -0.7931314504225805
287 0.0608906271633041 -0.9982892736179434 -0.058468163810392645
288 0.031816475808790656 -0.832093346200346 -0.5546356130011046
289 0.014931780880624817 0.9056069676994372 0.42411793177632867
290 0.03877819700758115 -0.8707522999518326 0.49172190527633997
291 0.07178468836714051 0.9981380459141838 0.06099542030853414
292 0.06051272417487516 -0.10063460043274187 0.9949234529328085
293 0.0995862033252754 0.4866286320094175 0.8736089368296566
294 0.04793885830974398 -0.38580831824672296 -0.9225789622420595
295 0.044448462344364795 0.8770711559976271 0.4803604764309676
296 0.038218202674498894 0.4381981921053272 0.8988783813373324
297 0.053018241339161255 -0.9961659675903026 -0.08748351281742242
298 0.053050297500860405 -0.23582021183056337 0.9717967008033049
299 0.08951010956168147 -0.939611889440686 0.3422418694749432
