0 0.06559411810312613 -0.8050348344852087 -0.5932275408857655
1 0.01888342026042876 0.47273631746112343 0.8812039344858237
2 0.03129016966766245 0.7221501015856829 0.6917363882143167
3 2.1342875643770576e-05 -0.5703343381146261 -0.821412650722736
4 0.0987014567382022 0.009715997457807652 0.999952798582713
5 0.13322505324771963 0.3472236430109869 0.9377823530724914
6 0.01313528952448982 0.16982666242946193 0.9854739492894115
7 0.09261536233319466 -0.5487670754152394 -0.8359752968480617
8 0.03271833527021686 -0.36271843900330486 -0.93189877884189
9 0.010507506546738132 0.9978859272151682 0.06498981663248425
10 0.061583491105301716 -0.7219239300276062 -0.6919724266569411
11 0.04203003749330232 0.9918340282596539 -0.12753532995302883
12 0.0595471953470495 0.6957520275655167 0.7182820589005913
13 0.07824422304581262 0.991255919757788 -0.13195340672048475
14 0.05695678131532472 -0.5470109836172489 -0.837125428954401
15 0.03977888399320847 -0.8753849658284216 -0.48342648003763
16 0.04058496266040263 0.4479663064558361 -0.8940504394497639
17 0.06987437239862936 -0.7367782654699724 0.6761344448636373
18 0.07214145863710632 0.5252766377395922 -0.8509315212430371
19 0.12392785335999196 0.7322098022070199 0.6810791477882411
20 0.04956176846284716 -0.9996716119911212 -0.025625537634814167
21 0.09739261447638309 0.46163648887387954 0.8870691924197326
22 0.058044214820295 0.148038128417003 0.9889816542963732
23 0.009321290343906058 0.999179730540695 -0.04049525992785157
24 0.013429213527079216 -0.9957510543280182 0.09208603479703177
25 0.04121438799040067 -0.856393246300613 0.5163241304555672
26 0.013432123108202848 0.3868912512812941 0.9221253492242768
27 0.03578585591377498 0.7711281175111354 0.6366800031285202
28 0.04313820939031848 0.9986274638578321 0.05237545635958062
29 0.033518205039650466 0.9997517938543968 -0.022278929168960532
30 0.007644803263811494 0.12130662094347362 0.9926150833607539
31 0.015582192120858658 0.7589328048252687 -0.6511689471712012
32 0.03344297975208864 0.9854079848110356 0.17020899938209408
33 0.026498861741304256 0.8996050088577866 0.4367045088363316
34 0.08686828310101251 -0.17859779070110773 -0.9839221662086302
35 0.013545948046613002 0.551249200347832 0.834340649324888
36 0.014780321982859293 -0.8112468158880781 0.5847038598397095
37 0.12171760902787393 -0.5319085742971705 -0.8468017882533972
38 0.02176008012580234 -0.36864520037752535 -0.9295701782214263
39 0.021271663016766792 0.9928803206950015 -0.11911619863222186
40 0.08576159557278341 0.8782728390292062 -0.4781598270699642
41 0.08184931764011151 0.9639573011042005 -0.2660569894738826
42 0.05627038930984614 0.296403996271261 -0.9550626529157269
43 0.04808607084559708 -0.9389163134666803 -0.3441455452365155
44 0.0786631089900918 -0.938647480122377 -0.34487810608954567
45 0.1610696293657447 0.5792062870148501 0.8151810087842277
46 0.06728640146517137 0.44268145689767513 0.8966789435014919
47 0.059716959717762724 0.9432507789681347 0.33208126712599606
48 0.11190645879456534 0.19523942086311344 0.9807556110168506
49 0.09969283646101519 0.9405515102605232 0.33965108059102195
50 0.0028158968509959196 -0.844717065123169 -0.5352131163281593
51 0.014333886572892954 -0.05413574130098597 -0.9985335855712579
52 5.794757639725215e-05 -0.745183249470343 0.6668597489043859
53 0.016456000648728465 0.0040864242118959495 0.9999916505337234
54 0.019151977265435768 0.8579714676146784 -0.5136973435390871
55 0.025801186787568948 -0.9817337362344272 -0.19026000930093562
56 3.10401950649393e-05 -0.744570768988943 -0.6675435341363243
57 0.058333587021961515 -0.9156373627161433 -0.4020052487197473
58 0.03266071612494034 0.6707608164535273 -0.7416737335989442
59 0.06653623456591341 0.9721385667512923 0.23440692616632133
60 0.04362742725791648 -0.9430899481466042 -0.3325377417750284
61 0.05236129815159032 0.04888253708228822 -0.9988045342149777
62 0.013554506833620531 0.5477153508053557 0.8366647443822204
63 0.11944073338600579 -0.33883138960075504 0.9408471126709277
64 0.07518461446730759 0.9711505590975297 0.23846717083186852
65 0.042653141482564716 0.509706996441458 0.8603480561834422
66 0.14159242781582776 -0.8008188330482656 0.5989066677164432
67 0.025158668173322116 0.44455004724937147 0.8957540150569137
68 0.04332522383696883 0.9984781611354477 -0.05514854246101841
69 0.10178156364776725 0.12927466929959394 -0.99160882402159
70 0.032324306819039965 -0.9425661129985914 -0.33401964407310936
71 0.013067989133679877 -0.7981402030530561 0.6024717555789868
72 0.014083765806524335 -0.36897621057462177 -0.9294388393164944
73 0.06828986110582706 -0.8737177411576352 0.4864332521388722
74 0.08938688252726298 -0.9978187104609207 -0.06601379442287196
75 0.00010091027515366787 -0.6953129829808327 0.7187070722473073
76 0.07879979505130208 0.8262757153507239 -0.5632658716997238
77 0.07981884884400312 0.12226059698759148 0.9924980334611438
78 0.00800312309332726 0.6409882180641635 0.7675507177398301
79 0.03396165803971089 0.18593609815572465 -0.9825618389712806
80 0.013466557014423607 0.9987896233049445 0.04918626208980553
81 0.05795853976458993 -0.9998820061237008 -0.01536143971259106
82 0.08016988277803068 0.5893174689077545 -0.8079015539285451
83 0.0147831709357356 0.8134252027101384 -0.5816695278213998
84 0.13018131567769456 -0.5952474292867023 -0.8035424680298935
85 0.0018423583348018426 -0.7278863443061923 0.6856977977014126
86 0.11105978510540153 0.02762775565859052 0.9996182807038241
87 0.06203012568488769 -0.2734288752474508 -0.9618922237864874
88 0.01880385404759739 0.7405206489628824 0.6720336066444829
89 0.06281104130157412 -0.9707839775006458 -0.23995513961577392
90 5.5287854705933274e-05 0.6242721640723138 0.7812069285179633
91 0.013432724852966696 -0.386636546537123 -0.9222321729813199
92 0.08099339904798385 -0.8737054135724773 -0.4864553939408488
93 0.05405550605502333 0.9972874481588092 -0.07360533774727548
94 0.056376830915282304 -0.7453484666438118 0.6666750807340248
95 0.08020985204470668 0.6962275827911832 -0.7178211148752495
96 0.013545273045835146 -0.7815088022256393 0.6238942154274606
97 0.07949460975239393 0.9189270958732078 0.39442742357756067
98 0.04079396963968928 0.6947526839754922 -0.7192487108843852
99 0.09601205952062454 -0.5425730123632971 0.8400086465358659
100 0.0539942991569708 -0.03732061677953849 -0.9993033431161905
101 0.06941326051298415 -0.6583682991547031 0.7526959430395141
102 0.04336806949012635 -0.8198367636169941 0.5725973113995673
103 0.07063408303163679 -0.5493612592765696 0.8355849488867434
104 0.054128334773638334 0.525136156816077 -0.8510182235442674
105 0.09657449085795267 -0.9921698856730633 0.124895628280178
106 0.04942625439759068 0.9498782995100102 -0.31261992278159645
107 0.06577170182870641 0.9986991722152174 0.05098983640530263
108 0.00018513388153439786 0.7453500203024152 -0.6666733437262881
109 0.05997672768643421 0.5598186364094646 0.8286151666054922
110 0.029981751376075682 -0.13998821369488784 0.9901531699825611
111 0.03882658670855552 0.29753010790525203 0.9547124357050604
112 0.04754866838124708 -0.7688454469740652 0.639434655510045
113 0.02258617831168598 -0.9918929380187054 0.12707635306625942
114 0.04883341112610339 0.7798035994031113 0.626024237835846
115 0.030585430502627794 0.939820871394245 0.3416675719054445
116 0.04828920655951163 -0.0944220243330105 -0.9955322603114659
117 0.015153573470378191 0.1506054121374513 -0.9885939559975614
118 0.11444093576186551 0.600688016673886 0.7994835249236805
119 0.043697780782878615 -0.8468298419362605 -0.5318639100429807
120 3.8822452998038964e-05 -0.5821533742203022 0.8130789930160025
121 0.006636043174710839 -0.09743314160500537 0.9952420725215444
122 0.08666921924846575 0.08655191153940921 0.9962473420837188
123 0.07510562245270987 0.7679577225994628 0.6405005357529738
124 0.07864846669794535 -0.708250786129039 -0.7059609223941494
125 0.021788021022794004 -0.4993224892696389 -0.8664162115920796
126 0.041031077410005216 -0.8915384295649735 -0.4529450613582411
127 0.027514474018682084 0.9513733253315422 -0.30804025036933674
128 0.07298107710753085 -0.7862377285399418 0.6179241330619422
129 0.04379738751490125 -0.6149129206465831 0.7885950164830418
130 0.09217282547306581 0.7448038026568017 -0.6672835196136407
131 0.007403966877596984 0.912227370045411 -0.40968429960157454
132 0.03058548533522985 0.9397880114828948 0.34175794573502816
133 0.0969596863983806 0.9983395813143638 -0.05760278101846066
134 0.10139737276359591 -0.9674263941223391 -0.2531524678043818
135 0.045458466011101484 -0.2555860010907394 -0.9667863238826068
136 0.0709589509603112 0.4467195725710478 -0.8946740319702704
137 0.07130550204033022 -0.864344583582336 -0.5029000306540834
138 0.06720646130968867 0.996034832256729 0.08896411035529929
139 0.00010198985718348127 0.917040295275935 -0.39879455467724967
140 0.07264424821457828 0.8232280986939067 0.5677107516339773
141 0.034962661180089775 0.46766914014248046 -0.8839036007158206
142 0.09070889179766409 -0.6265006766216755 0.7794208761590767
143 0.024803114457141257 0.8515292969422805 0.5243070249853472
144 0.11283201679614203 -0.70899711192192 0.7052113834066892
145 0.08797470829408596 -0.7692187892939685 -0.6389854882523712
146 0.13216749433063596 0.8866236580686894 0.4624916096026995
147 0.12677121811093342 0.36480302026462963 -0.9310847203159357
148 0.06991459934912715 -0.31957239159593936 0.9475618642229391
149 0.1720794095596666 -0.7462145692940647 -0.6657055028864292
150 0.02275962699651393 0.3381682498609432 0.9410856681439723
151 0.049676225187304864 0.37350024169433677 -0.9276300822279708
152 0.10568228302926924 -0.4250012204715857 -0.9051927764833647
153 0.00018374407839454737 -0.8172351377313125 0.5763043724086108
154 0.022830324803900136 -0.9404603705825643 -0.33990335591709864
155 0.05231784901512675 -0.13532337402045735 0.9908014858909525
156 0.036465698605987515 0.5798814856759265 -0.8147008423772988
157 0.03724168174616099 -0.7048792054785448 0.709327361437535
158 0.05200497559146268 -0.5857001656130931 0.8105278008808798
159 0.04953287267927792 0.8776644884014505 -0.47927554266728456
160 0.08719171350312355 0.488346463427613 -0.8726498333568529
161 0.05880497916388508 0.9103441925316587 -0.4138519676452951
162 0.06927293901656942 -0.07141965085960887 -0.9974463561871845
163 0.04536008394025725 -0.9996931876629195 0.02476954865052761
164 0.15641094738947345 0.2865108652814754 -0.9580769927702367
165 2.9416814316648635e-06 -0.3241355445917978 0.9460106493756709
166 0.007682782531581573 -0.06834476994482529 -0.9976617625333692
167 0.026086194860829345 -0.1724737073953576 0.9850141218567887
168 0.00041396159073511535 -0.9894491400737364 -0.14488063779312835
169 0.11075119276254833 0.8078894314670084 0.5893340873595502
170 0.0014280875707827212 -0.5307010644640384 0.8475590717918938
171 0.0329842040662132 0.7853409923025253 0.6190634263217986
172 0.03266911292639939 0.566023710041149 -0.8243889613958044
173 0.05355954306057378 -0.4061817240834863 -0.9137923216029814
174 0.03235213032150186 0.8807888475843683 0.4735092459192328
175 3.95025209906432e-05 0.5914707145326494 0.8063264809307934
176 0.02406563433993275 0.20209781030902052 0.979365342999383
177 0.06082796344406051 -0.7905550791467322 0.6123909428096598
178 3.7585035112128562e-06 0.8483613100390248 -0.5294176873026342
179 0.1137171764605313 0.9985617252866753 -0.05361418462028954
180 0.062019914070362156 0.7819984946732244 -0.6232803176170504
181 0.017384462899985593 0.4512639234620208 0.8923905374787786
182 0.0014980836815388285 0.9962057731781434 0.08702906116084175
183 0.008088552493671021 -0.817360109874693 -0.5761271133922008
184 0.06409978575613391 0.9701794244705604 0.24238787992383656
185 0.12065696775602058 0.9679477814414004 -0.2511515327499936
186 0.06182665510314216 0.9366701801229809 0.35021275486250153
187 0.05362963712873624 -0.36543560148866594 -0.9308366243141795
188 0.021530026342873015 0.6040598548121747 0.7969389511150113
189 0.05049317179861338 -0.8614721338954983 0.5078048468866133
190 0.09094700773478252 0.009740887553805585 0.9999525564293859
191 0.05818700196761547 -0.08383167994034517 -0.9964799292702184
192 0.016186508960658694 0.37928998407816844 0.9252778544729052
193 0.07681326891431266 -0.6541603921601753 0.7563558562798637
194 0.03643845880450258 0.9385704660346799 -0.34508764145857757
195 0.02898779468618205 0.3991050531808527 0.9169052058558228
196 0.055087970356463976 -0.8671185248260815 -0.4981018609716694
197 0.06274183493386748 0.18314789757185784 -0.9830853714784938
198 0.06779995113479098 -0.27358218481233876 0.961848630582436
199 0.08420181527256096 0.8872131878851495 -0.46135968532444444
200 0.056669950010361264 -0.3706463592146208 0.928774071774695
201 0.11951852680453579 -0.051015563415901445 -0.9986978583582515
202 0.08415132319620988 0.9998545160647294 0.017057159932585584
203 0.10261298660564082 0.1711715973630314 -0.9852412315043398
204 0.002813967066941011 0.8372647744650805 0.5467976750498651
205 0.04401876904441554 -0.9459069817594468 -0.32443794762440115
206 0.12034497341146154 -0.7210915742671608 0.692839766122664
207 0.0060736561266100135 0.9292262323131463 0.3695113113033413
208 0.05064402292260063 -0.09977376626589277 -0.9950101484734309
209 0.07012305813824755 -0.9959852427481535 -0.0895175749666056
210 0.05138947572849017 -0.9901690312966492 0.13987597885646827
211 0.08633570060221975 -0.6083744157993299 0.7936501560516598
212 0.0552788849681964 0.6225866032250782 0.7825509066410051
213 0.02512319704932722 0.998969886152232 -0.04537804051517086
214 0.07979290332415923 -0.22089126843890067 -0.9752984402363482
215 0.028109181749666638 -0.9863041392461851 0.16493679063763136
216 0.0299825630419649 0.1536454956205638 -0.9881260353191345
217 0.08874243575519754 0.9561121070944126 0.2930010898742229
218 0.08455804193524014 -0.7646518107037183 -0.6444436425223892
219 0.10561213471056463 -0.12593699280175596 -0.9920382421278175
220 0.0245714868766482 0.535950493108558 0.8442494115702383
221 0.018848801590854895 0.361875886288953 -0.9322262831108039
222 0.08120888997618156 0.9024696332522076 -0.4307534806099957
223 0.09107789382533046 0.9323356852876253 -0.3615939296216876
224 0.0637538343213788 -0.9757568930773973 -0.21885722654722767
225 0.047599990213032566 -0.9999516101060253 -0.009837552864797408
226 0.020200166975801192 -0.3408677737666595 0.9401112491654173
227 0.1018795412977694 -0.8924539751465405 0.4511384513041845
228 0.01705312364064387 -0.7635501843743172 -0.6457484927910758
229 0.0645749837811849 0.2856158450880039 -0.9583441913188943
230 0.13540123412746324 0.11690437299657089 0.9931431757678642
231 0.04249259641737031 -0.73130495409798 -0.6820506316335697
232 0.07470955445081473 -0.9794609129798103 -0.2016341239591066
233 0.017033486861618968 -0.1891411131639854 -0.9819499169056884
234 0.039666018612480924 -0.9945750470040503 0.10402151641314994
235 0.076504789346779 0.5155823123960359 -0.8568400545868269
236 0.016458530279640032 -0.0049448279238970124 -0.9999877742636673
237 0.03355291000987639 -0.626650961318889 -0.7793000530463938
238 0.05515575765097662 0.6482899015168736 0.7613935930852336
239 0.07722215298687549 0.6442573915613662 -0.7648087430322332
240 0.007733449835671942 -0.9781927991413198 -0.20769893525983582
241 0.05971572609598458 -0.9585849779644388 -0.2848066713068997
242 1.4351815273060208e-05 -0.9851297805976944 -0.17181186041580018
243 0.1003211322013647 0.6625027071079285 -0.7490595190468287
244 0.14115058840037464 0.6275962688852784 -0.7785389670923847
245 0.045308869411480455 -0.8797414194261431 0.4754524528762839
246 0.04788343010983644 -0.9477559139448165 0.3189964381973966
247 0.08639133931264963 -0.13147824306293665 0.991319056409733
248 0.06686812036290797 -0.9171847053054624 0.3984623148476305
249 0.14947437721289006 -0.30790464996353106 -0.9514172200096209
250 0.0763782682222304 -0.12200761068597935 0.9925291647778913
251 0.02278076294941022 -0.18507792247408467 0.9827238486027887
252 0.01957396597680693 -0.1568867906454705 -0.9876165930769715
253 0.07792101372547862 -0.7316690240800302 0.6816600613221931
254 0.007279256260304687 0.8009720974851933 -0.5987016778414522
255 0.058456844097092064 -0.9723397829027218 -0.23357085987915505
256 0.007023050941372187 0.18878284507024992 -0.9820188579692256
257 0.04934769988520981 0.3552887453498711 0.9347566033078956
258 0.05389467614774111 -0.4328519214500805 -0.9014650376453728
259 0.05549632276200291 0.7871799042955337 -0.6167234374282157
260 0.01824649064685153 -0.43347787173723407 0.9011642107375093
261 0.046001784466858264 0.7943706598167609 0.6074333336443464
262 0.06786980948320538 -0.20791467282507053 -0.9781469668838338
263 0.0592950320341642 -0.9436814069844335 0.3308555607993918
264 0.04553722156599302 0.03718486935081761 0.9993084035928862
265 0.08276277668220669 0.47229196462796674 0.8814421706203166
266 0.09207624719333012 0.8984577227004836 0.4390600420442071
267 0.018214151445190802 -0.8359262345105749 0.5488418082261695
268 0.0643497042974634 -0.175469263350156 0.9844849097976838
269 0.009370929546275546 0.45308644750438914 -0.8914665843921759
270 0.09481900935919965 -0.9255441433878 -0.37863972142465924
271 0.08816530987096677 -0.21897726058584532 0.9757299623083832
272 0.07285961797851584 -0.26965488448425196 -0.9629570308553672
273 0.009378977731360417 0.45023345581761287 -0.8929108775586339
274 0.03696343673574863 -0.999868323716659 -0.01622760697201753
275 0.07159687668126992 -0.6797989734211616 0.7333984972274861
276 0.04270518286432714 -0.8298474037035838 0.5579904000665434
277 0.03665623029322676 -0.5183425863107413 0.8551730603899376
278 0.09057830972284968 0.9096056597242128 -0.4154726751516633
279 0.07525361801043395 -0.5000424041872681 -0.8660009203312758
280 0.10645016880509209 -0.6372962127258675 -0.7706189312787909
281 0.07730263826653225 0.9471342789232085 -0.32083743186949676
282 0.06527137911610412 -0.07384977649191252 0.9972693771053509
283 0.07668750640136333 0.6410367173259487 -0.767510212987405
284 0.07267339400917684 -0.8886142259836839 -0.4586553797563246
285 0.0495746090914245 -0.9991789966198193 -0.04051336463206883
286 0.07073677583748912 0.6090438028720503 -0.7931365873436625
287 0.061056573993968716 -0.9983096528240345 -0.05811916274651311
288 0.03175074300548922 -0.8322350464020484 -0.5544229680849995
289 0.014532206672316092 0.90674036602633 0.42168935084779785
290 0.03875478337092927 -0.8707300797618923 0.4917612512163282
291 0.07180416672137607 0.9981423249899984 0.06092535649103996
292 0.06037657480908411 -0.1021764944093097 0.994766286114595
293 0.09956856555625053 0.4866128137312474 0.8736177479381692
294 0.04775791401395976 -0.3834570993750757 -0.923558689493447
295 0.04445078537020384 0.8769675929972931 0.48054951964655424
296 0.03819507582619741 0.4382489639241279 0.8988536285844478
297 0.052986269751398855 -0.9961647682316209 -0.08749716872014132
298 0.05302938259461108 -0.23571288877985253 0.9718227379841742
299 0.08920458812074371 -0.9396264984023972 0.34220175847013107
