0 0.06689333193701988 -0.8047961589501498 -0.5935512973105908
1 0.01668543739733472 0.4616452855428419 0.8870646145214384
2 0.030980809289347537 0.7226908123081777 0.6911714619436673
3 2.1342875643770576e-05 -0.5703343381146261 -0.821412650722736
4 0.0978908674219742 0.012965809403112184 0.9999159403602496
5 0.1334277383732417 0.3490567202373211 0.9371015985778514
6 0.012280474382105232 0.17201794833071324 0.9850938155587478
7 0.0919123603213024 -0.5511034410415949 -0.8344369342689196
8 0.032755449912974195 -0.36296506952985425 -0.9318027464550575
9 0.007986212286429335 0.9973066539044023 0.07334465268855471
10 0.06232736691762353 -0.7239224318862238 -0.6898813757537854
11 0.04008053079383376 0.9918515364031427 -0.1273990962869252
12 0.058871538958950226 0.6958431497238791 0.7181937837257791
13 0.07678181022734273 0.9922279148342517 -0.12443377766375588
14 0.06116391386643085 -0.5516654897678503 -0.8340654575027058
15 0.038544826430936915 -0.8746635443533897 -0.4847305273852328
16 0.0390742042888265 0.4474207411662452 -0.8943235881794954
17 0.06936562377208218 -0.7363337586828271 0.6766185009471882
18 0.06932144882893632 0.5262475509307104 -0.8503314148844727
19 0.12308483929027889 0.7312015464154413 0.6821614900591115
20 0.049892416133425696 -0.999634640608917 -0.027029341366025895
21 0.09609450113965906 0.46066871409402127 0.8875721581116438
22 0.05687849444987048 0.1513537626568461 0.988479660149674
23 0.006968569776690213 0.9992567214579049 -0.03854873047454374
24 0.010750692488276675 -0.996651874058888 0.08176210573919013
25 0.04055645342090128 -0.8568003660086315 0.5156482646218011
26 0.013432123108202848 0.3868912512812941 0.9221253492242768
27 0.035155687519742185 0.772620922915933 0.6348676314575598
28 0.04066359232071781 0.998669287311852 0.05157183902128802
29 0.030151451574963406 0.9997558715994784 -0.02209518504939854
30 0.006561643415535806 0.11487603083397036 0.9933798354807856
31 0.01446083693540455 0.7592003157435043 -0.6508570354347899
32 0.03169702025440841 0.9847764250295186 0.1738257538631173
33 0.02645768645054546 0.898800736776938 0.43835742901111374
34 0.0875966606890593 -0.17932903540469397 -0.9837891527460658
35 0.013545948046613002 0.551249200347832 0.834340649324888
36 0.014780321982859293 -0.8112468158880781 0.5847038598397095
37 0.12278710781728953 -0.5329207329069516 -0.8461651685326674
38 0.018946504554027493 -0.3572855503097703 -0.933995201026132
39 0.020705594675651227 0.9929736081048279 -0.11833601990636503
40 0.08518523774129143 0.8747850796661373 -0.48451116023628377
41 0.07892843018773531 0.9643439958952162 -0.264651955558328
42 0.056783122206511424 0.2961287809351345 -0.9551480226131818
43 0.04738703983579605 -0.9388796896175785 -0.34424544793446354
44 0.07910026697543718 -0.9389784377327898 -0.34397600711806825
45 0.16137986742731272 0.5793476555330813 0.8150805445036228
46 0.06634341953629595 0.44728278062118443 0.8943925950944481
47 0.059634071287565905 0.9435901112984219 0.33111584356510626
48 0.11382533020405562 0.19534139582235374 0.9807353053083051
49 0.09989671306107216 0.9407818800068304 0.3390124691671587
50 0.0028158968509959196 -0.844717065123169 -0.5352131163281593
51 0.012966923048771433 -0.054677722320400225 -0.998504054414329
52 5.794757639725215e-05 -0.745183249470343 0.6668597489043859
53 0.016456000648728465 0.0040864242118959495 0.9999916505337234
54 0.01866461256142138 0.8579746635638476 -0.5136920056634156
55 0.022932713282125584 -0.9833486243152867 -0.18172914751693836
56 3.10401950649393e-05 -0.744570768988943 -0.6675435341363243
57 0.05847589188943126 -0.9153055093926563 -0.40276025682215705
58 0.03199319028434629 0.6722469887897664 -0.7403269453850047
59 0.06669005317805045 0.972342426681758 0.23355985373053756
60 0.04281109643093238 -0.9430704366583438 -0.33259307193782744
61 0.05087180734742984 0.044348113878216036 -0.9990161384059042
62 0.013554506833620531 0.5477153508053557 0.8366647443822204
63 0.12027416629860256 -0.3384213047567731 0.9409946973743919
64 0.07619363567859357 0.9707603334410498 0.24005077591505877
65 0.042610856796902664 0.5099575330762727 0.8601995782716719
66 0.14776523948427356 -0.7761202063994967 0.630584986515222
67 0.023792460721389047 0.44534597685714605 0.8953585655463147
68 0.043523713825974295 0.9984758340244313 -0.05519065925694528
69 0.10320395264744664 0.13216601407439416 -0.9912275948154828
70 0.030017419318076617 -0.9445346069264987 -0.32841190039065965
71 0.01175825106542723 -0.7973614426100354 0.6035020545440117
72 0.013222391050853443 -0.36853706247009815 -0.929613055838778
73 0.06859757951692948 -0.8733984095083644 0.487006384217147
74 0.09074821790372857 -0.9977136230612165 -0.06758347696042888
75 0.00010091027515366787 -0.6953129829808327 0.7187070722473073
76 0.0794044665905504 0.8254039129631179 -0.5645426294489847
77 0.07964930718342371 0.12333289881443754 0.9923653541262047
78 0.012108443497499377 0.6420257399839144 0.7666830826346093
79 0.03328743821633762 0.18397530698580167 -0.9829308655340313
80 0.010901183190080191 0.9995531903131843 0.029890127713595005
81 0.05552677854961103 -0.9998938372471587 -0.014571006662283588
82 0.08106851446302997 0.588164444128666 -0.8087413595599136
83 0.0147831709357356 0.8134252027101384 -0.5816695278213998
84 0.13732287993181208 -0.558802571434617 -0.8293007211850595
85 0.0003853707625157399 -0.7297156640099386 0.6837507218998269
86 0.11251140811704324 0.025181523738637707 0.9996828951533583
87 0.062414505171518475 -0.2725222342686847 -0.9621494851784748
88 0.01773010056500967 0.7385042149381276 0.6742488594863323
89 0.06187572439512114 -0.9725811689213819 -0.23256368989917212
90 5.5287854705933274e-05 0.6242721640723138 0.7812069285179633
91 0.013432724852966696 -0.386636546537123 -0.9222321729813199
92 0.08183829611315065 -0.8739244758455611 -0.4860617352950768
93 0.054391492182427656 0.9973882224653744 -0.07222695956054599
94 0.05708538880610557 -0.7459773599334354 0.6659713045370211
95 0.07849352117007401 0.6995442052290611 -0.7145893260680859
96 0.013400964161092896 -0.7819758929204079 0.6233086738457365
97 0.07848788208539426 0.9167448057456468 0.3994733547289185
98 0.038272828998021 0.6944631475120343 -0.7195282737653041
99 0.09576123843882259 -0.5380385264631401 0.8429202477348452
100 0.054230059059536845 -0.03711277752194291 -0.9993110835693791
101 0.07000219634259977 -0.6581633390548894 0.7528751683540363
102 0.04199342439211161 -0.8200243357942999 0.5723286544504977
103 0.07004760592231685 -0.5547210869784512 0.8320363667902057
104 0.05475228872912587 0.5265926533575183 -0.8501177432743587
105 0.09799348908145498 -0.9923162148942701 0.1237276430629334
106 0.047047430286629686 0.9489867311513939 -0.31531600672752413
107 0.06419544996292915 0.9992925377871587 0.03760882772568339
108 0.00018513388153439786 0.7453500203024152 -0.6666733437262881
109 0.061597004852378165 0.5607192250409236 0.8280060088365941
110 0.029206668518212794 -0.1459368705032685 0.9892939046753054
111 0.03779215833390962 0.29666913204453393 0.954980327594209
112 0.04643437018054489 -0.7749819276662244 0.6319833951859359
113 0.02696706718259225 -0.9919079919351295 0.12695879463518503
114 0.048487510980777304 0.7781344196176038 0.6280977829975003
115 0.030585430502627794 0.939820871394245 0.3416675719054445
116 0.04530217398534386 -0.09868186165004242 -0.9951190331720532
117 0.038222869615262924 0.14906376345712052 -0.9888275857923866
118 0.1155359237876188 0.6001919275436852 0.7998560183629274
119 0.04271104283386051 -0.843132989132318 -0.5377050889072953
120 3.8822452998038964e-05 -0.5821533742203022 0.8130789930160025
121 0.0055458209834456824 -0.09891204321848739 0.995096180128506
122 0.08774174054226577 0.08619900615454605 0.996277938799193
123 0.07247956724152808 0.7692371883497526 0.638963338588191
124 0.07684150891199326 -0.7033684772227086 -0.7108254252975256
125 0.021053328472932765 -0.4940764176931287 -0.8694184800655694
126 0.03624383062648344 -0.8971721363562767 -0.4416810588489328
127 0.027477668344160815 0.9517927932888095 -0.30674171324338245
128 0.07450071635405815 -0.7850320232409539 0.6194551819835027
129 0.042974914723389185 -0.6131568690513315 0.7899611724225237
130 0.09188636143829353 0.7444031940207405 -0.6677303982384805
131 0.005814448369855845 0.9125579237024829 -0.40894747326253694
132 0.03058548533522985 0.9397880114828948 0.34175794573502816
133 0.09737195936940554 0.9983994458643659 -0.05655569376930277
134 0.10277726991955424 -0.9676324908701193 -0.2523635524644725
135 0.04376904922951188 -0.25928153164248385 -0.9658017847100551
136 0.06963415806569556 0.4494224206361066 -0.8933193649695401
137 0.06949389987065095 -0.8692284089249432 -0.4944107332146133
138 0.06722764992130988 0.996208306125882 0.08700006210228287
139 0.00010198985718348127 0.917040295275935 -0.39879455467724967
140 0.07106050659063687 0.8215328182611653 0.5701612302847916
141 0.03267389418627491 0.4730099077629046 -0.8810571077734567
142 0.09231814501612319 -0.6259891110919191 0.7798317977579197
143 0.023448149290111686 0.8512985845668861 0.5246815414271939
144 0.11365289821045803 -0.7093662328143002 0.7048400866457923
145 0.08864204591973733 -0.7707753932713789 -0.6371069714948591
146 0.13299215303997655 0.8868346202488211 0.462086957539519
147 0.12692691781570628 0.3645252464494743 -0.931193505508361
148 0.06944798680149798 -0.31415320389228685 0.9493723002511771
149 0.17257217317620113 -0.7440783650079992 -0.6680923489511182
150 0.022352173114423522 0.336640315837162 0.9416333138504902
151 0.05251115970913637 0.3740183276616236 -0.9274213123350156
152 0.10504894153631807 -0.4144493762356231 -0.910072367747699
153 0.00018374407839454737 -0.8172351377313125 0.5763043724086108
154 0.02496713838897362 -0.9414885677087166 -0.3370449181841929
155 0.05188806541849556 -0.13303562157961307 0.9911112568177833
156 0.03414979974777804 0.5772053462360185 -0.8165990376412147
157 0.036257439765781586 -0.7048777220374004 0.7093288355730122
158 0.050579392046765974 -0.5752890415991704 0.8179501932366713
159 0.04923639371002142 0.8782153074953251 -0.47826548451763856
160 0.08622046326282931 0.4856738237146376 -0.8741401128871751
161 0.05928082900438729 0.9104314837855153 -0.41365990056096213
162 0.06950018239715244 -0.07300140573707894 -0.9973318378355372
163 0.04534241843949947 -0.9996759234924898 0.02545678670684433
164 0.1582603729568393 0.29029460632575915 -0.9569373237251082
165 2.9416814316648635e-06 -0.3241355445917978 0.9460106493756709
166 0.006389063618342554 -0.07086546741317985 -0.9974858823704281
167 0.02475589242655023 -0.1727058414343235 0.9849734475276287
168 5.519990309009833e-05 -0.9894065468708154 -0.1451712265194761
169 0.1096031489660013 0.8083674106129067 0.5886782902901925
170 0.0008979089253960672 -0.8479395770728255 -0.5300928915138909
171 0.037579848212502674 0.7853104256082978 0.6191022011194228
172 0.03191759756963449 0.5662565654610975 -0.8242290349606727
173 0.053569646290000175 -0.4037427340686175 -0.9148725619925421
174 0.030957826141698334 0.8792058842982906 0.4764420353151691
175 3.95025209906432e-05 0.5914707145326494 0.8063264809307934
176 0.021838900471690764 0.19123575077336277 0.9815441343241517
177 0.062013466783931444 -0.7901252846197802 0.6129453765259278
178 3.7585035112128562e-06 0.8483613100390248 -0.5294176873026342
179 0.11468876445825166 0.9983417459040301 -0.05756525328088959
180 0.05901782190498136 0.7834709667995997 -0.6214283902285931
181 0.014570053901879447 0.4635823543926733 0.8860538362287846
182 0.000580361929119826 -0.07969967857160454 0.9968189209859446
183 0.005984792901980685 -0.8150070241325881 -0.5794510769810882
184 0.06136373679467486 0.9692984193951754 0.2458873200431748
185 0.12136198852673934 0.9681270832968761 -0.2504594789323881
186 0.061430755117920594 0.9370495988467191 0.3491962905032108
187 0.054016728970518325 -0.36420355084781736 -0.9313193724764032
188 0.0261153274494383 0.6043277454405501 0.7967358257859011
189 0.050646843678182944 -0.8619280224518255 0.5070306540163872
190 0.09211602564880957 0.008586028834373979 0.9999631393750749
191 0.0566884457548602 -0.08702290459228551 -0.9962063110000468
192 0.01571364741181903 0.38216070818110115 0.9240958787498834
193 0.07482542720095255 -0.6575235274631548 0.7534340122614653
194 0.03632682011776596 0.9396946672819185 -0.3420145205717507
195 0.03149222066074874 0.40040595334704515 0.9163378593751564
196 0.05476275995268635 -0.8664711292251935 -0.4992271849761569
197 0.06310641948550709 0.18333666719148545 -0.9830501851193145
198 0.06784114101537934 -0.2771258246092233 0.9608336366586351
199 0.08408633324385531 0.8867577048032491 -0.4622345432484182
200 0.056971027939890985 -0.373501806974688 0.9276294519831951
201 0.11962128572742962 -0.050461374878215864 -0.9987260133016463
202 0.08556284957347306 0.9998812536241173 0.01541034234089502
203 0.10320392396711148 0.17231505490222304 -0.9850418883753339
204 0.002813967066941011 0.8372647744650805 0.5467976750498651
205 0.04321305782667563 -0.9461111657123499 -0.3238420326554575
206 0.12211509045264184 -0.7235398480742298 0.6902826147663872
207 0.011364871543341839 0.9293484676726378 0.3692037725085161
208 0.05046096139685628 -0.09707947135956717 -0.9952766330224713
209 0.07152715680989367 -0.9959926502757583 -0.08943511948150447
210 0.05125469111192405 -0.9898414924935502 0.14217531339209658
211 0.08748562452018252 -0.6079782949955237 0.7939536465149184
212 0.0511411308713367 0.6346442999281063 0.7728043818255458
213 0.024435837169447135 0.9989359019902931 -0.04612010098470575
214 0.08035536261626608 -0.21970039906738378 -0.9755673911368872
215 0.026788759735552028 -0.9866096107220117 0.16309958930347002
216 0.029206763399714005 0.1478063449824283 -0.9890163215958245
217 0.08970663505662493 0.954904503099115 0.29691310169986135
218 0.08505155487416002 -0.7643216819047144 -0.6448351468168811
219 0.10687811362245345 -0.12321925022082571 -0.992379471963733
220 0.024184579945101696 0.5350462592964939 0.844822762721761
221 0.017950706922550613 0.3615257720926946 -0.9323621164079872
222 0.08274607593508143 0.9021646857955182 -0.43139179373682335
223 0.09219268430387767 0.933849244295402 -0.3576668686486164
224 0.06323555069492677 -0.9753146665941687 -0.22081961218674756
225 0.04847115060239102 -0.9999539023029266 -0.009601732611840053
226 0.01853948834141484 -0.3356934354993998 0.9419712932794769
227 0.10137372256009267 -0.8850072861077914 0.4655771724817721
228 0.016795656721064423 -0.7637547009286474 -0.6455065892842554
229 0.06500993828917312 0.2861270809644844 -0.9581916789133286
230 0.13556771748771324 0.11923403882116479 0.9928661762727105
231 0.039804861794054486 -0.7302990657529054 -0.6831275682919213
232 0.07461755735845577 -0.9793644360137215 -0.20210220550881006
233 0.01583376062218448 -0.19092479347270694 -0.9816046674896184
234 0.03928799489743012 -0.9941108949730786 0.10836756200923164
235 0.07663330547111681 0.513294062942232 -0.8582127970079775
236 0.016458530279640032 -0.0049448279238970124 -0.9999877742636673
237 0.033340314316721804 -0.6252072745198964 -0.7804587522011672
238 0.0511174142995413 0.6404400287031752 0.7680081833123109
239 0.07780068886089 0.6439003825845894 -0.7651093368319455
240 0.01250108044377212 -0.9788603921109588 -0.2045295400581051
241 0.0605888164657428 -0.958522278502059 -0.2850176163243622
242 1.4351815273060208e-05 -0.9851297805976944 -0.17181186041580018
243 0.10152018053624949 0.6616951327658315 -0.7497729998299543
244 0.14101513921856887 0.6272506659186117 -0.7788174382386788
245 0.04460285059596382 -0.8786007570544757 0.47755702246255594
246 0.048058661228931945 -0.9471629575823557 0.3207527580299889
247 0.08836498574308337 -0.1313669456193337 0.9913338113867836
248 0.06566365546945321 -0.911695994998734 0.41086544354967164
249 0.14933887534572896 -0.3072081622525943 -0.9516423409271908
250 0.07774681810216603 -0.12227258016286834 0.9924965572435579
251 0.022212966958134312 -0.18354569334121112 0.9830111792120647
252 0.016842405206017312 -0.14088630302828875 -0.9900257823001486
253 0.07834144218169235 -0.731774461350286 0.6815468712535467
254 0.012295235985761177 0.8015773673516859 -0.5978910637813049
255 0.05826699169895162 -0.9724120574858593 -0.2332697804176908
256 0.005483924995078288 0.18655798509202307 -0.9824439516829468
257 0.04939271233850894 0.3578769192490559 0.9337687672378021
258 0.05441387307357807 -0.4321713190308428 -0.9017915230290987
259 0.054660498717351375 0.7884930417094567 -0.6150436758277976
260 0.016707623932823355 -0.4304610673020162 0.9026091454983209
261 0.04397757390832378 0.7982232607084279 0.602361707003363
262 0.06802131787988974 -0.20674400352662564 -0.9783950720469633
263 0.058012833993347605 -0.9425206379968236 0.3341479417115427
264 0.04539413266766302 0.037972396778496585 0.9992787884684116
265 0.08409950715203188 0.47179546489946367 0.8817080238379931
266 0.09243987488381042 0.8988769643272883 0.4382010988139567
267 0.01741631806675729 -0.8361747186010006 0.5484631619102028
268 0.062378995567160346 -0.17306348659148282 0.9849106708777196
269 0.009370929546275546 0.45308644750438914 -0.8914665843921759
270 0.0940227731835793 -0.9242170398219668 -0.3818675991789837
271 0.08742743768893736 -0.2247702838475592 0.9744117812809365
272 0.07171134382223117 -0.2653032256260479 -0.96416502657606
273 0.009378977731360417 0.45023345581761287 -0.8929108775586339
274 0.03650787569633989 -0.9998901546157554 -0.014821562079650085
275 0.07248145717375222 -0.680000000781536 0.7332121104681175
276 0.0421757313260175 -0.8313198848279678 0.5557942506806042
277 0.0362000688433107 -0.5210234302571575 0.8535423745327849
278 0.0910885928845904 0.9093678644912055 -0.4159928930050421
279 0.07607222532679744 -0.5010952839916555 -0.865392117113001
280 0.10543548004835628 -0.6348567608735322 -0.7726298552173394
281 0.07833665178539106 0.9476952435757906 -0.31917663652564365
282 0.06594544301508971 -0.07524664058325489 0.9971649527941375
283 0.07697661302694889 0.6412267078868302 -0.7673514899266292
284 0.07342646229232933 -0.8898861940536997 -0.45618259681033535
285 0.04878319113185949 -0.9991755752829331 -0.04059765705086513
286 0.07168445463198347 0.6090026641169005 -0.793168175797868
287 0.061810342587850266 -0.9985359218593729 -0.05409263125835515
288 0.031241385203329884 -0.8334327182317719 -0.5526209407729678
289 0.011655355157499723 0.9151176916895742 0.40318681818326524
290 0.038568570062064274 -0.8706237527584764 0.49194947010109424
291 0.0718368562105782 0.9980904869437067 0.06176876129949778
292 0.05938289153300653 -0.11327597179842218 0.9935635632475273
293 0.0994347674498733 0.48650550650403546 0.8736775103785446
294 0.04641761814552451 -0.3665175966321151 -0.9304111195374968
295 0.044461680856748204 0.8761955149537273 0.4819558274105344
296 0.03802047940810433 0.43862779197268387 0.8986688267149183
297 0.05273091872225158 -0.9961729235975637 -0.08740426929551312
298 0.05288733894418606 -0.23474085695021346 0.9720579869937181
299 0.08690725645854228 -0.9398521719863425 0.34158146145912915
