0 0.0683697114169478 -0.8045903486299154 -0.5938302542743938
1 0.014259501185459964 0.4483124691075281 0.893876909894596
2 0.030640443335465024 0.7232147381893028 0.6906232275747596
3 2.1342875643770576e-05 -0.5703343381146261 -0.821412650722736
4 0.09699134262551141 0.016487878992293117 0.9998640656840986
5 0.13365371143376528 0.3510456571573892 0.936358343045512
6 0.01124006349918499 0.1748027307991787 0.9846034761797005
7 0.09110904208810088 -0.5536752061743803 -0.8327327098581858
8 0.03284167193883916 -0.36377137975994733 -0.9314882625495311
9 0.0051224297314886235 0.996548855142313 0.08300830870789537
10 0.06318433883696217 -0.7261632896946484 -0.6875222736027148
11 0.03786033011641175 0.9918637962652501 -0.1273036121179855
12 0.05556662818652145 0.6990386986761581 0.7150838396671705
13 0.07512510854437271 0.9932354832842051 -0.11611750404306609
14 0.06591610885217009 -0.5565760124460033 -0.8307966913569808
15 0.03712623459426972 -0.8738016959116052 -0.48628242434001523
16 0.03731787617512589 0.4467213467761056 -0.8946731460899798
17 0.06874791284025818 -0.7353675413200554 0.6776684876640617
18 0.06612804433799417 0.5274013016947323 -0.8496163057349488
19 0.12213464919911893 0.7300442538484028 0.683399873736401
20 0.05026363866693189 -0.9995965965563961 -0.028401481525960694
21 0.09462583178194862 0.459650708598684 0.8880997838558051
22 0.05556617345413592 0.1549716653214572 0.9879189151683929
23 0.004310469181832332 0.9992875068910653 -0.03774226505443471
24 0.007676935968392703 -0.9974447755574312 0.07144172249593281
25 0.0398134632739317 -0.8571876735552806 0.5150041672694364
26 0.013432123108202848 0.3868912512812941 0.9221253492242768
27 0.03439480505966319 0.7735544355494864 0.633729859831234
28 0.037864725967580656 0.9987296581606635 0.05038918445742397
29 0.026255441086757782 0.9997893983555899 -0.02052215719089135
30 0.005386403689212883 0.11232802165813285 0.9936711807989452
31 0.013224414703194229 0.7588792399604827 -0.6512313714471993
32 0.029722363207428045 0.9841180502074378 0.17751524795326998
33 0.026416554492642463 0.8979304173334977 0.44013743947463807
34 0.08843602560484479 -0.1800417502810382 -0.9836589694379553
35 0.013545948046613002 0.551249200347832 0.834340649324888
36 0.014780321982859293 -0.8112468158880781 0.5847038598397095
37 0.12400727123964682 -0.5340791388144187 -0.8454344879901984
38 0.015776926978075916 -0.3436498211438887 -0.9390978652024363
39 0.020019603983453985 0.9931112653931469 -0.11717514475870142
40 0.08458987829733852 0.871111756050171 -0.49108482818265464
41 0.0756229028060709 0.9647425968244681 -0.26319521627944126
42 0.05735885722753967 0.2958160153022172 -0.9552449346061556
43 0.04659693904777654 -0.9388214809680544 -0.3444041621016636
44 0.07962714681365288 -0.9394431161633924 -0.3427048752107488
45 0.16195503062706632 0.5785866480617079 0.8156209233980682
46 0.06531146330998866 0.45206373997800214 0.8919856360934862
47 0.05703751794682536 0.9423623290916194 0.3345941432676584
48 0.11600293637901918 0.19545772372419606 0.980712128117398
49 0.10012392934868423 0.9410299824906578 0.3383231769383119
50 0.0028158968509959196 -0.844717065123169 -0.5352131163281593
51 0.011383341352384661 -0.054637532679813604 -0.9985062543733325
52 5.794757639725215e-05 -0.745183249470343 0.6668597489043859
53 0.016456000648728465 0.0040864242118959495 0.9999916505337234
54 0.018092408843437553 0.8583015462546574 -0.5131456476448615
55 0.019695218233656355 -0.9851423845827053 -0.1717395763902463
56 3.10401950649393e-05 -0.744570768988943 -0.6675435341363243
57 0.0586337956074261 -0.9149325229817485 -0.40360683640177875
58 0.031234034773191213 0.673874969810529 -0.7388453999740803
59 0.0668050554356755 0.9726921042310722 0.23209926834552694
60 0.04189618445360396 -0.9430357212424572 -0.3326914914161748
61 0.04919998068704065 0.03954199840441846 -0.9992179093481987
62 0.013554506833620531 0.5477153508053557 0.8366647443822204
63 0.12122822868699432 -0.3380500045678298 0.941128149834915
64 0.07732554141146529 0.9703243263024962 0.241807158259649
65 0.042536475584183865 0.5102050786094168 0.8600527761487424
66 0.1461792010299551 -0.7813144041384483 0.6241376465858965
67 0.022233187289078176 0.44624470234086705 0.8949109819600556
68 0.043742062299332064 0.9984735814965008 -0.05523139554230537
69 0.10480457187149282 0.13536685214981248 -0.9907955466891496
70 0.02744266145343409 -0.9469925409342698 -0.32125554845769644
71 0.01023424275216431 -0.7953401681787248 0.6061633582471294
72 0.012243239710282548 -0.36805371559652084 -0.9298045291541633
73 0.06891832040983308 -0.8730477498814351 0.48763472643666717
74 0.09228255735814557 -0.9975946922318072 -0.06931688128389765
75 0.00010091027515366787 -0.6953129829808327 0.7187070722473073
76 0.08008441505968053 0.824461307805709 -0.5659183262020235
77 0.07944598307630138 0.12448057514500348 0.9922220449131178
78 0.04860399698494959 0.643617148088667 0.7653476116681954
79 0.03252259453246083 0.18182271610638132 -0.9833313276346373
80 0.008046194016986441 0.99997077997787 0.0076445529921804955
81 0.052764819609650626 -0.9999048544395537 -0.013794276647036403
82 0.08208155566848215 0.5868451561125161 -0.8096991804042268
83 0.0147831709357356 0.8134252027101384 -0.5816695278213998
84 0.13690085707838218 -0.5652909634489082 -0.8248915847813003
85 9.896599141825347e-06 -0.7301720802787968 0.6832632971127122
86 0.11417379590543428 0.022537324341423418 0.9997460022483358
87 0.06284345280041136 -0.27151679700077147 -0.962433701065399
88 0.016525456748410088 0.73658479165962 0.6763452111871231
89 0.06084240625919328 -0.974422745931538 -0.22472274520226326
90 5.5287854705933274e-05 0.6242721640723138 0.7812069285179633
91 0.013432724852966696 -0.386636546537123 -0.9222321729813199
92 0.08279698457712012 -0.8741930493989999 -0.4855785336920052
93 0.05477859246990325 0.9975099859352418 -0.07052537103393197
94 0.05793420856759963 -0.7469179362160543 0.6649162327381926
95 0.07657078604541115 0.7031740357171269 -0.7110177743863291
96 0.013240649760318832 -0.7824882487207068 0.6226653520262722
97 0.07739779046265764 0.914404156064495 0.4048024695724802
98 0.03540868677469219 0.6941473026674259 -0.7198329821559561
99 0.09547781498074535 -0.5330073267343368 0.8461106249465941
100 0.054501488425740846 -0.0368627873493749 -0.9993203364831693
101 0.07070977612978266 -0.6574673552351393 0.7534830302004891
102 0.0404453550561646 -0.8202161371200729 0.572053746083203
103 0.06938322459912345 -0.5604944995754955 0.8281581467000219
104 0.05549268992288103 0.5284330523188491 -0.8489749756129356
105 0.09967781268128931 -0.9924959571524474 0.12227745105311588
106 0.04435282351442422 0.9479943303421902 -0.3182872124969245
107 0.062467266582701624 0.9997291486502107 0.02327293146823206
108 0.00018513388153439786 0.7453500203024152 -0.6666733437262881
109 0.06343991967618332 0.5616034098592649 0.8274065566784242
110 0.029206668518212794 -0.1459368705032685 0.9892939046753054
111 0.03659387446650905 0.2961364308228257 0.9551456508509673
112 0.045193496040551374 -0.7815259964008657 0.6238726768737624
113 0.03188484315491545 -0.9919296639622684 0.1267893597732129
114 0.04813273965529255 0.7761912103426842 0.6304975852346771
115 0.030585430502627794 0.939820871394245 0.3416675719054445
116 0.04192680704424559 -0.10362182507439462 -0.9946167690966464
117 0.04195021599401373 0.1495736829137102 -0.9887505819869988
118 0.11680874282438648 0.5995951670518832 0.8003034647232412
119 0.041584266395518966 -0.839487847499159 -0.543378462861042
120 3.8822452998038964e-05 -0.5821533742203022 0.8130789930160025
121 0.004325426040499871 -0.10056218308426111 0.9949307751463554
122 0.0889638073065547 0.08579908186951463 0.9963124597988064
123 0.06950243480883171 0.7706326406297248 0.6372796350081003
124 0.07483242362064679 -0.6978875667473206 -0.7162073332349398
125 0.020199190149052366 -0.4882938620106252 -0.8726792677282694
126 0.030872851176717717 -0.9046841644405499 -0.4260828119163036
127 0.027134369557597245 0.9510951991989847 -0.30889791527403304
128 0.07621701382202993 -0.7837346155791267 0.6210958479518587
129 0.042010793804357356 -0.6112503600711269 0.7914372984089881
130 0.09158360968132742 0.7440079857486652 -0.6681707245474123
131 0.003963236955661503 0.9129003783559396 -0.4081824337200002
132 0.03058548533522985 0.9397880114828948 0.34175794573502816
133 0.10665153478858838 0.9983934435156819 0.056661556146109536
134 0.10435430535973032 -0.9678615024761252 -0.2514838206021563
135 0.04186803797136932 -0.263490356552673 -0.9646620299378147
136 0.06813929762768046 0.45238300463230763 -0.891823759001657
137 0.06747316665957563 -0.8745091580330299 -0.485009002510635
138 0.06725175213891696 0.9963957395292494 0.08482647138694414
139 0.00010198985718348127 0.917040295275935 -0.39879455467724967
140 0.06924617614229475 0.8196307309983321 0.5728921930024355
141 0.03011870694127501 0.47880819508469324 -0.8779195363583945
142 0.0941389724008377 -0.6254269988513154 0.7802826853825713
143 0.02190064340274339 0.8510499140612806 0.5250847967483794
144 0.11460579860797473 -0.7096123220113761 0.7045923306775508
145 0.0893939196652643 -0.7724907897252934 -0.6350259678072957
146 0.133932597189789 0.8871138257004298 0.4615507125453794
147 0.12710826645985573 0.3641829468790718 -0.9313274296414098
148 0.06893568900324042 -0.3088378773566382 0.9511146962957969
149 0.17338848383848945 -0.74252418749657 -0.6698192524723059
150 0.021894389997331527 0.3348681906925251 0.9422649812352758
151 0.05564284731277434 0.3743000318706649 -0.927307654525519
152 0.10439920511672039 -0.4030745031495214 -0.9151671677408267
153 0.00018374407839454737 -0.8172351377313125 0.5763043724086108
154 0.027250512249699526 -0.9420741823726754 -0.33540458390853156
155 0.05133737927910261 -0.13168391272032534 0.9912917568156541
156 0.03153227008889498 0.5744180103399359 -0.8185621231141282
157 0.035130442299750285 -0.7048307910464406 0.7093754689815885
158 0.048990907058748895 -0.5640728406100045 0.8257250332199941
159 0.048900065212127336 0.8788520433178157 -0.47709442037829386
160 0.08513176525015013 0.4826098855738857 -0.8758354288029008
161 0.05984752647580623 0.9106391672025863 -0.4132025013919688
162 0.06976520673636913 -0.07471780975728477 -0.9972047176508313
163 0.04531589895681861 -0.9996568497761403 0.026195089151274387
164 0.16037730740260295 0.2944027665471812 -0.9556814380583971
165 2.9416814316648635e-06 -0.3241355445917978 0.9460106493756709
166 0.004904795664409498 -0.07388262867814735 -0.9972669437916846
167 0.023258450770866107 -0.173041512890778 0.9849145317317999
168 5.519990309009833e-05 -0.9894065468708154 -0.1451712265194761
169 0.10831004781550989 0.8088933505196353 0.5879553958295803
170 0.00668731628944103 -0.8478511875236976 -0.5302342537168414
171 0.04269621963815236 0.7852447822407336 0.6191854584562714
172 0.031064625336604642 0.5665479658022815 -0.8240287631177062
173 0.05358210562645498 -0.40101904966677004 -0.9160697144892198
174 0.029391140270260862 0.8772908212234357 0.4799591805530026
175 3.95025209906432e-05 0.5914707145326494 0.8063264809307934
176 0.016570167032108542 0.16791661037140035 0.9858012030634672
177 0.06333977753879069 -0.7896745277792876 0.6135259898134382
178 3.7585035112128562e-06 0.8483613100390248 -0.5294176873026342
179 0.11579682390182695 0.9980769037222108 -0.06198785571613801
180 0.05563153063981035 0.7851990074199088 -0.6192435052116333
181 0.011350780044605211 0.47754545951294564 0.8786070419126912
182 0.006412527572388231 -0.09223204336422565 0.9957375408092534
183 0.0035795661460708175 -0.8125039231497002 -0.5829557229038463
184 0.05826290077910781 0.968282912532667 0.24985636133037623
185 0.12217385090602353 0.9683319197679638 -0.24966636369060527
186 0.06099204843341817 0.9374639913820219 0.34808226737667713
187 0.05439987326180952 -0.36309238175811265 -0.9317531445126552
188 0.03128563815301159 0.6048760496411077 0.7963196371875857
189 0.05083840360316999 -0.862535500001464 0.5059965525942094
190 0.09346527537528704 0.007219463609030182 0.9999739393330198
191 0.055047401192767714 -0.0905577284544747 -0.9958912078220018
192 0.015176722403243569 0.38532025107581747 0.9227829127757347
193 0.07263320993967232 -0.6614451122393544 0.7499935756355969
194 0.03618685869885886 0.9409069636024562 -0.338665152982125
195 0.03425895011686257 0.401762733921262 0.9157437991229388
196 0.054365804210260604 -0.8656389710310661 -0.5006687246396335
197 0.06322772948204651 0.18399720486331783 -0.9829267666527788
198 0.06788906247130816 -0.28106873884962036 0.9596876387874775
199 0.08396439716502004 0.8863240076264499 -0.4630656038888969
200 0.05735428339958333 -0.376344998785503 0.9264795960457736
201 0.11974223078489576 -0.049794594955381785 -0.9987594797113214
202 0.08716633306791884 0.9999066776045814 0.013661481682736133
203 0.1039054020752102 0.17386174143759933 -0.9847700720799172
204 0.002813967066941011 0.8372647744650805 0.5467976750498651
205 0.04230649382321271 -0.9463241905673169 -0.3232190067850476
206 0.12411137659747389 -0.7262476229264865 0.6874331896218191
207 0.01735971692936814 0.92949668737234 0.36883045991870905
208 0.05024745037620369 -0.09422454684087739 -0.9955509704543667
209 0.07311446254661878 -0.9959994619224816 -0.08935922923865923
210 0.05109254651135909 -0.9894737353316477 0.14471256714202907
211 0.08878809609928986 -0.6075603048630841 0.7942735523449564
212 0.050041106462112475 0.6380136716606946 0.7700250351605715
213 0.023643641885777864 0.9988963831846127 -0.04696824097940319
214 0.08098433102625259 -0.21844613323731596 -0.9758490082352212
215 0.02528546008586889 -0.9869637638636011 0.16094262586460378
216 0.029206763399714005 0.1478063449824283 -0.9890163215958245
217 0.09082402629309878 0.9535494752044591 0.3012364492177209
218 0.0856021134130251 -0.7639384318758222 -0.6452891385286984
219 0.10831346549602358 -0.12016945276037286 -0.9927533946672117
220 0.023721422100112004 0.5340076835639856 0.84547962358334
221 0.014071928887378333 0.35145171741897785 -0.9362060084849119
222 0.08449513484225636 0.9017782896205997 -0.4321989314759418
223 0.09346195627995853 0.9354850400565583 -0.35336629696446636
224 0.06265451195330993 -0.9748602594977859 -0.22281713231237318
225 0.049463136133759765 -0.9999564289673113 -0.009334889765959021
226 0.01666049295592087 -0.33019594207515907 0.9439124111044934
227 0.10089496349308254 -0.8767439464329585 0.4809574330366062
228 0.01651666403224392 -0.7638584503715915 -0.6453838143274984
229 0.06550284771218687 0.28662686776190216 -0.9580422948267999
230 0.13575844305781332 0.12181980368981932 0.992552233098578
231 0.0367558868296908 -0.7290418144040042 -0.6844691613582876
232 0.07450428495487697 -0.9792562631077858 -0.20262569226081614
233 0.014472268259301571 -0.19280669935811637 -0.9812367587298332
234 0.038857562488117794 -0.9935947282341708 0.11300228327456091
235 0.07679175331682007 0.5108244618209943 -0.859685040701123
236 0.016458530279640032 -0.0049448279238970124 -0.9999877742636673
237 0.03309090973980899 -0.6236204283715681 -0.7817272934455225
238 0.050040510968423865 0.6381656715773737 0.7698990684630028
239 0.07853624824192816 0.6440900666947936 -0.7649496623864189
240 0.01787545496288738 -0.9796408703362022 -0.20075797659602038
241 0.06157671178643195 -0.9584373082560967 -0.2853032178977444
242 1.4351815273060208e-05 -0.9851297805976944 -0.17181186041580018
243 0.10287689186532081 0.6608078471985828 -0.7505551206145852
244 0.14086299988500262 0.6267937288248446 -0.7791852292657037
245 0.04380809872512602 -0.8773748604355717 0.47980553797935793
246 0.04826682900473719 -0.9464310322839506 0.3229060252301519
247 0.09059995028337797 -0.13125202520449478 0.9913490333276765
248 0.06434699184285517 -0.9054871878076434 0.42437360039970146
249 0.14919200565032165 -0.3064307460563486 -0.9518929550487016
250 0.08957054831226041 -0.003870060239170999 0.9999925112888322
251 0.021566155817539578 -0.1818760317776618 0.9833214678144737
252 0.013795915610612167 -0.12179459272160355 -0.9925553270139548
253 0.0788198255142891 -0.7319137068489013 0.6813973332254101
254 0.017963006788954405 0.8022552778382819 -0.5969811296687871
255 0.05802077658081044 -0.9723525381778145 -0.2335177541412255
256 0.0037177404496833576 0.18413424233290512 -0.9829011042828708
257 0.0467733634686754 0.36733735499633813 0.9300877741505338
258 0.05499143947078837 -0.4314245874196651 -0.9021490039731639
259 0.053710989934650046 0.7899104704085105 -0.6132221854589132
260 0.014951097897933944 -0.4283284914280998 0.9036230981061342
261 0.04168979807768537 0.8026737796892964 0.596418312427862
262 0.06819529523807671 -0.20562490496263244 -0.9786308795757
263 0.05656457532954016 -0.9412709107814137 0.33765229529314317
264 0.04522467695102753 0.03884549231839261 0.9992452290236575
265 0.08563343606224691 0.4712401339120993 0.8820049524750452
266 0.09285725679178496 0.8993305405785857 0.43726945786623234
267 0.01651126573128169 -0.8364226521252982 0.5480849815600519
268 0.06013695399035049 -0.17040174980157852 0.9853746717186109
269 0.009370929546275546 0.45308644750438914 -0.8914665843921759
270 0.09312034175972074 -0.9227158747265847 -0.38548075766184975
271 0.0866211871888765 -0.23097436222330284 0.9729598367844062
272 0.07041600587696166 -0.2605819040618595 -0.9654517446643803
273 0.009378977731360417 0.45023345581761287 -0.8929108775586339
274 0.035989281970973425 -0.9999114272125406 -0.013309309891207578
275 0.07347894781346741 -0.6802276744505389 0.7330008942092852
276 0.04157171528939053 -0.8330078644064226 0.5532611479555121
277 0.032976831128260546 -0.5326271246703487 0.8463500139217798
278 0.09176478940193686 0.908882366896718 -0.4170525664040683
279 0.07459757690431834 -0.4979774159203431 -0.8671899983471313
280 0.10429516511629387 -0.6321635576066665 -0.7748349736776746
281 0.07950325739184677 0.9483403142601747 -0.31725486339678544
282 0.0667701965085223 -0.07683928413914577 0.9970434917359341
283 0.07728821919222753 0.6414077099413967 -0.7672002017907276
284 0.07427974114932842 -0.8912676594554172 -0.45347762812388265
285 0.04787802867623595 -0.9991725400578382 -0.040672290252305336
286 0.07275790764408306 0.6089721710000718 -0.7931915877941843
287 0.06026669516185459 -0.9990896986022061 -0.04265881089473736
288 0.030630646999255207 -0.835036612514054 -0.5501943799795246
289 0.008349368077333769 0.9255802097365728 0.37855154912376443
290 0.038335124855591526 -0.8706178818889919 0.4919598598820083
291 0.07177874348287519 0.9980261525272827 0.0627996725436452
292 0.0583154508123285 -0.12493267651276418 0.9921652212909687
293 0.09928037026502355 0.48640658906723866 0.8737325850121274
294 0.04493401774836985 -0.3487270767614433 -0.9372243199647662
295 0.04446036194912768 0.8753302709247502 0.48352550791328824
296 0.037818897132946346 0.4390534060081527 0.8984609655809429
297 0.052411425742141776 -0.9962144258305661 -0.08692995897316114
298 0.05275546409097633 -0.23330979786142764 0.9724024569188725
299 0.08430476063919902 -0.9399727971719929 0.3412493817967433
