0 0.06928255061356793 -0.8044971643850151 -0.5939564904068899
1 0.012796291942359645 0.4397333082283965 0.898128397076114
2 0.030435775115834576 0.7234935293847097 0.6903311617900906
3 2.1342875643770576e-05 -0.5703343381146261 -0.821412650722736
4 0.09644577033072671 0.01857965788579781 0.9998273832581536
5 0.13379125124513291 0.35222875294173367 0.9359139413434929
6 0.010559630359277658 0.17666926733246463 0.9842702728317106
7 0.09060961095051143 -0.5552253422263375 -0.8316999575265388
8 0.032917248046575774 -0.3645111307268186 -0.9311990311293585
9 0.0033498656427270557 0.9960199805363175 0.08913023265106909
10 0.06372104877842374 -0.7275335009790319 -0.6860721572496532
11 0.03648385547662648 0.991867376953824 -0.12727571070216398
12 0.05352207729297012 0.7010742823663731 0.7130882488195096
13 0.07410377555211006 0.9938121536475418 -0.11107386399344629
14 0.06884234589156485 -0.5594692608098989 -0.8288511001433402
15 0.03624018442591339 -0.8732471208341779 -0.48727760666258685
16 0.036210289818881254 0.4462484664445671 -0.8949091049910444
17 0.06834957137795607 -0.7346523625737954 0.6784437383930525
18 0.06415659205322065 0.5281457793793761 -0.8491537173702718
19 0.12154619742473695 0.7293382388144384 0.6841532967128443
20 0.050491671020534735 -0.9995753235951528 -0.029140563818251447
21 0.0937198287833659 0.45906183094407277 0.8884043197611522
22 0.05475980467710496 0.15713347247269507 0.9875773751097545
23 0.002673067962057037 0.9992730481049624 -0.03812316003451714
24 0.005777506754334942 -0.997872855934164 0.06519020930933807
25 0.0393556924483138 -0.8573909009234505 0.5146657585401169
26 0.013432123108202848 0.3868912512812941 0.9221253492242768
27 0.03390047584111945 0.774058052776452 0.6331146270083541
28 0.036139143839015696 0.9987736938848072 0.04950866998513954
29 0.02380379701123496 0.9998284943496291 -0.018519770153914886
30 0.004685939144514418 0.11239604005100344 0.9936634894071802
31 0.01247731057207583 0.7584064927938151 -0.6517818589744462
32 0.02850451510256482 0.9837426071549955 0.17958419437103063
33 0.026393744195701004 0.8974128845619488 0.4411916982698138
34 0.08894118974156798 -0.1803980162154933 -0.9835936944417215
35 0.013545948046613002 0.551249200347832 0.834340649324888
36 0.014780321982859293 -0.8112468158880781 0.5847038598397095
37 0.12476495168725363 -0.5347987505001622 -0.8449794651134814
38 0.013830647186828434 -0.3347247543807568 -0.942315944259006
39 0.01957126526576326 0.9932121293075445 -0.11631709331123052
40 0.08424975190569173 0.8689959100390878 -0.49481926835495965
41 0.07358384058058377 0.964967553380175 -0.2623692453842085
42 0.05771612175360698 0.2955748817832169 -0.9553195744141525
43 0.046109848080595615 -0.9387718220472864 -0.34453949865003597
44 0.07995895260527264 -0.9397695953962826 -0.3418085832285483
45 0.16236139461520105 0.5780544328176331 0.8159982063092323
46 0.06469234448952824 0.45479311065067585 0.8905971179521536
47 0.055431282291374645 0.9415820927285247 0.33678355460588033
48 0.11734949506674937 0.19552963630293307 0.9806977930673867
49 0.10026193116339768 0.9411764730500731 0.33791544293953907
50 0.0028158968509959196 -0.844717065123169 -0.5352131163281593
51 0.010409914961500339 -0.05437060119047646 -0.9985208248835805
52 5.794757639725215e-05 -0.745183249470343 0.6668597489043859
53 0.016456000648728465 0.0040864242118959495 0.9999916505337234
54 0.017748424655959803 0.8584505094819149 -0.5128964054955355
55 0.017700382592014178 -0.9862273208179776 -0.16539550076164095
56 3.10401950649393e-05 -0.744570768988943 -0.6675435341363243
57 0.05872952628413741 -0.9147043536877693 -0.40412367580313857
58 0.030763679725849015 0.6748549471086176 -0.7379504050835834
59 0.06685276500349945 0.9729654151712499 0.23095086248082572
60 0.04133662944056676 -0.9430066311634726 -0.332773937653955
61 0.04817520952074602 0.03674475768873961 -0.9993246833649191
62 0.013554506833620531 0.5477153508053557 0.8366647443822204
63 0.12182226511392137 -0.3378669121101628 0.9411938959115403
64 0.07801873520129535 0.9700584320193631 0.24287165019436624
65 0.042477024872407065 0.5103415070000836 0.8599718287437581
66 0.14521804416197434 -0.7844350738878058 0.6202109438365568
67 0.021264302908443996 0.4468010369061644 0.8946333513901527
68 0.04387340582115118 0.9984723828679848 -0.05525306009560309
69 0.10578769047118904 0.13730338131460007 -0.9905290412095838
70 0.02587450991750972 -0.9486303178887152 -0.3163866621435789
71 0.009276927808040746 -0.7939544866877771 0.6079771978194153
72 0.01163682879688911 -0.367761115000262 -0.9299202988932783
73 0.0691032018970653 -0.872834340283004 0.4880166128552728
74 0.09322601665158715 -0.9975213332821563 -0.070364690342452
75 0.00010091027515366787 -0.6953129829808327 0.7187070722473073
76 0.08050166079386899 0.8239028132380614 -0.5667311129084128
77 0.07931454425643893 0.1251544643487766 0.9921372687554736
78 0.05023458508694397 0.6465614588081118 0.7628619009912124
79 0.03204979049913475 0.180529335601774 -0.9835696004793876
80 0.006311136798991621 0.9999805031056427 -0.006244470240598374
81 0.051056477528820185 -0.999910563048476 -0.013374075821511457
82 0.08270563956895646 0.5860275928177426 -0.810291096123018
83 0.0147831709357356 0.8134252027101384 -0.5816695278213998
84 0.13666645011005976 -0.569172279084881 -0.8222182901889998
85 9.896599141825347e-06 -0.7301720802787968 0.6832632971127122
86 0.11521024748176528 0.020974068687692193 0.9997800200257474
87 0.06310500916126684 -0.2709070045628152 -0.9626055240225888
88 0.015787267031922434 0.7355755523400643 0.6774426963216957
89 0.060216939022544484 -0.9754681592305843 -0.22014056947163416
90 5.5287854705933274e-05 0.6242721640723138 0.7812069285179633
91 0.013432724852966696 -0.386636546537123 -0.9222321729813199
92 0.0833901175038162 -0.8743699462007396 -0.4852599274418977
93 0.05502106426453058 0.9975879869528697 -0.06941331491379099
94 0.05848046788125963 -0.7475985780032246 0.6641508610003879
95 0.07539462352667588 0.7053498419222977 -0.7088593658125635
96 0.013144232301112613 -0.782842325640862 0.6222201324171427
97 0.07674982912070157 0.9130298731608505 0.4078926950999261
98 0.0336367716456448 0.6939583335167359 -0.7200151604950237
99 0.09530282501720849 -0.5299582136513505 0.848023756615031
100 0.05467147505415689 -0.03669977700196646 -0.9993263362725942
101 0.0711673415143508 -0.6567991312837722 0.754065581461508
102 0.039494988586623 -0.8203205481584287 0.5719040114119283
103 0.06897223543944325 -0.5639120855070793 0.8258348259906799
104 0.05596864711875837 0.5296704460668052 -0.8482035242578231
105 0.10074425945366962 -0.9926239314409321 0.12123419785995959
106 0.04268901413272764 0.9473916488947823 -0.3200766527012324
107 0.06143534893698327 0.9998909942245382 0.014764811839797531
108 0.00018513388153439786 0.7453500203024152 -0.6666733437262881
109 0.06457752516354046 0.5620976183479126 0.8270708962644039
110 0.029206668518212794 -0.1459368705032685 0.9892939046753054
111 0.035841985230189576 0.29602481242534134 0.9551802502295268
112 0.044437994524543514 -0.7853592603978168 0.6190402507974698
113 0.03489818195911127 -0.9919452884606843 0.12666706241422757
114 0.047931075990174835 0.7749627748501557 0.6320068809724676
115 0.030585430502627794 0.939820871394245 0.3416675719054445
116 0.03984768245893688 -0.10672037261231365 -0.9942890736951145
117 0.044223847763369684 0.14981907508818126 -0.9887134290277046
118 0.11761208137270147 0.5992089660990437 0.8005926648093368
119 0.04088378197248617 -0.8375036664807688 -0.546431705367898
120 3.8822452998038964e-05 -0.5821533742203022 0.8130789930160025
121 0.003582513733160893 -0.10154649536191883 0.994830794296051
122 0.08972102536613917 0.0855598448888761 0.9963330331483502
123 0.0676618765609145 0.7714706929591616 0.6362648582981077
124 0.0736115490014331 -0.694540881794971 -0.7194532392834604
125 0.019660829149685446 -0.484810601853351 -0.874619163025023
126 0.027586430790489627 -0.9100567352002 -0.4144837013885503
127 0.026874770111411032 0.950585510160029 -0.31046286069962925
128 0.07727435665263832 -0.7829645471582443 0.6220663291750209
129 0.04139943740705833 -0.6101161795580885 0.7923119634597487
130 0.0914077695362113 0.7437930946590637 -0.6684099283654402
131 0.0027923029782345563 0.9130886373373555 -0.4077611315039865
132 0.03058548533522985 0.9397880114828948 0.34175794573502816
133 0.10538089022171047 0.9988836894775542 0.04723743108710396
134 0.10533498539769146 -0.9680009583044885 -0.2509464977272884
135 0.040701169021229194 -0.26609869812594206 -0.963945788338576
136 0.06721933433069154 0.4541583239936513 -0.8909209935495277
137 0.06624149783371575 -0.8776365208780464 -0.4793267541261162
138 0.06726681361219113 0.996506773865961 0.08351197302934707
139 0.00010198985718348127 0.917040295275935 -0.39879455467724967
140 0.06811563641358556 0.8184648566580254 0.5745565928746774
141 0.028560389174982787 0.4822442409200796 -0.8760368097856484
142 0.09526203731542247 -0.6250886530013517 0.7805537623309208
143 0.020938979994742854 0.850902281429894 0.5253240023617819
144 0.11520762383069015 -0.7096850844224497 0.7045190422893483
145 0.08985604872362624 -0.7735245812084834 -0.6337662994087334
146 0.13453119994440518 0.8872561872988118 0.46127698631080183
147 0.12722308560191742 0.36395643203838246 -0.9314159734393062
148 0.06861943213383992 -0.30568963996469184 0.9521312115555592
149 0.1739337005995413 -0.7417271900936966 -0.6707017037966352
150 0.021613832571842122 0.33375783911603846 0.9426588485918925
151 0.05753425615651958 0.37433548132642025 -0.9272933448591753
152 0.10403279015746626 -0.39634191887461595 -0.9181029807939779
153 0.00018374407839454737 -0.8172351377313125 0.5763043724086108
154 0.028590887201567796 -0.9422543638038993 -0.33489806492798513
155 0.050966313698912906 -0.13107127107055452 0.9913729479363199
156 0.029918784332421938 0.5728247386083597 -0.8196778750449865
157 0.03442846782293684 -0.704779987613703 0.7094259433226479
158 0.048022774356431416 -0.5574505292373153 0.8302101586062635
159 0.048692116046826245 0.8792509664686194 -0.47635883319615124
160 0.08446737802805421 0.480687911666936 -0.8768917445028662
161 0.060210565540227155 0.9108160900922223 -0.4128123666135945
162 0.06993238747734792 -0.07573992959790751 -0.9971276062092073
163 0.04529501980784322 -0.9996457592201736 0.026614959573943813
164 0.16169543494462707 0.29684948316461385 -0.9549242819956468
165 2.9416814316648635e-06 -0.3241355445917978 0.9460106493756709
166 0.00397593200218524 -0.0758606102110447 -0.9971184321926899
167 0.022338853878309955 -0.17328716097421684 0.9848713417708406
168 5.519990309009833e-05 -0.9894065468708154 -0.1451712265194761
169 0.10751448977463678 0.8092051254729831 0.5875262248685191
170 0.010253814045336734 -0.8482984010815466 -0.5295184819460897
171 0.04580451248990093 0.7851865580168608 0.6192592906930302
172 0.03053714776959064 0.5667413924482531 -0.8238957422428006
173 0.05359052536616063 -0.3993577850392964 -0.9167951567981296
174 0.02843014410033504 0.8760501090446486 0.4822200809203815
175 3.95025209906432e-05 0.5914707145326494 0.8063264809307934
176 0.013350520367666726 0.1475048516393225 0.989061332144201
177 0.06415099620238125 -0.7894095662515104 0.6138668721397191
178 3.7585035112128562e-06 0.8483613100390248 -0.5294176873026342
179 0.11648532423660088 0.997905265218258 -0.06469220702432527
180 0.053548567813634214 0.7862990995030266 -0.6178460375536364
181 0.009358019964501012 0.4869120678276059 0.8734509935902787
182 0.010014203441212148 -0.09434561058503665 0.9955395048732806
183 0.0020818128383482933 -0.8110822572313261 -0.5849321088849003
184 0.0563476631995851 0.9676456342012251 0.2523131518793836
185 0.12268181073281462 0.9684589078921053 -0.24917332065137035
186 0.060726081443849396 0.9377115987301867 0.3474146767292327
187 0.05460850640845812 -0.36253519798182465 -0.9319700801121671
188 0.03440139716183631 0.6050771769425252 0.7961668229355353
189 0.05096524219984452 -0.8629503369978657 0.5052887450510549
190 0.09429497205602985 0.0064764636408003685 0.9999790274894316
191 0.05406356911779457 -0.09269022189106037 -0.9956949948482146
192 0.014844859891827466 0.38722258495654677 0.9219862632922303
193 0.07131181601167091 -0.6639175012784226 0.7478058247273925
194 0.03609356092022534 0.9416250685566528 -0.3366633782663015
195 0.03593112472395265 0.40255511357810414 0.9153957507723748
196 0.05410699246605387 -0.8650812895366585 -0.5016317000485436
197 0.0632542613082469 0.1847563470513397 -0.9827843569289475
198 0.06791968609088968 -0.28346691897503545 0.9589820153927814
199 0.08389406119388254 0.886098675175901 -0.4634966427618576
200 0.057611912488721675 -0.3779074079514829 0.9258433944330928
201 0.11981935972919872 -0.049362044221135284 -0.9987809512552343
202 0.08815859645954019 0.9999201365802144 0.012638056077002531
203 0.10435584537808833 0.1749504104208236 -0.9845772462806488
204 0.002813967066941011 0.8372647744650805 0.5467976750498651
205 0.04174999455490668 -0.9464463377628215 -0.3228611617016565
206 0.12533782034352195 -0.7278897531793057 0.6856941790744393
207 0.021061211062755863 0.9295873286990809 0.36860195105575183
208 0.05011404025121902 -0.09256048191661875 -0.9957070639436899
209 0.07409249603573992 -0.99600312764047 -0.08931836166433857
210 0.050987727809525596 -0.9892486005618474 0.14624365383300073
211 0.08959180494089174 -0.6073172806258839 0.7944593889263197
212 0.050041106462112475 0.6380136716606946 0.7700250351605715
213 0.02314932051421716 0.9988692778038409 -0.04754120170581719
214 0.08136812260897602 -0.2177147111746771 -0.9760124510159319
215 0.024352940590054866 -0.9871844331145413 0.15958350483781727
216 0.029206763399714005 0.1478063449824283 -0.9890163215958245
217 0.09152640133293552 0.9527212453214531 0.30384573176719065
218 0.08593783719781671 -0.7636968265432147 -0.64557505925169
219 0.10920061697155435 -0.11830135575796591 -0.9929777385348713
220 0.023422339485948563 0.5333584742415374 0.8458893177920734
221 0.011608588853050945 0.34226347194661383 -0.9396040207295037
222 0.08557884858891113 0.9015204145246943 -0.4327365736741272
223 0.0942482125263598 0.9364559049478851 -0.3507853162380625
224 0.06229872047505314 -0.974606255889653 -0.22392553668742704
225 0.050078294895846476 -0.9999579503150198 -0.009170474457973409
226 0.01549945072838694 -0.32694625073128447 0.9450429350737225
227 0.10064025029314408 -0.8717461139881532 0.48995786833824184
228 0.016350634100272172 -0.7638618885967482 -0.6453797449172146
229 0.06580750190829007 0.2868976122791327 -0.9579612518617506
230 0.13588061975386842 0.12338964101423422 0.9923583004592537
231 0.03487150654440642 -0.7281967471533324 -0.6853681473743186
232 0.0744298507518624 -0.9791900517178226 -0.20294541782668538
233 0.013629959763496976 -0.19390713430288647 -0.9810198893327506
234 0.03859052537327182 -0.9932821406155214 0.11571771313955172
235 0.07689610184818062 0.5093605570290753 -0.8605532075026099
236 0.016458530279640032 -0.0049448279238970124 -0.9999877742636673
237 0.03293351923430116 -0.6226689536912761 -0.7824853826807319
238 0.050040510968423865 0.6381656715773737 0.7698990684630028
239 0.07903021646661651 0.6445236052392542 -0.7645844114873086
240 0.02118133723976484 -0.9801386998047823 -0.19831320970876035
241 0.06218617803548928 -0.9583773826345636 -0.28550445260017093
242 1.4351815273060208e-05 -0.9851297805976944 -0.17181186041580018
243 0.10371383444456031 0.6602737331408067 -0.7510250310903777
244 0.14076995468850062 0.6264796017439994 -0.7794378157355979
245 0.04332015584261348 -0.876651282582394 0.48112631267333894
246 0.048401302885824914 -0.945943954120239 0.3243301337578226
247 0.09197881961198281 -0.13119085742450373 0.9913571298620006
248 0.06355920266558018 -0.9016648635270652 0.43243551412981673
249 0.14910480060536588 -0.3059574874434601 -0.9520451753342827
250 0.08893549378045368 -0.016700988289721833 0.9998605287689611
251 0.021164626374289362 -0.18088686875226936 0.9835039098615721
252 0.011946513021803717 -0.10927896810469573 -0.9940111202245038
253 0.07911546092437563 -0.732008268055205 0.6812957474539373
254 0.021454857420603476 0.8026571922510218 -0.5964406355436441
255 0.05785412546644639 -0.9722484869590328 -0.23395059223235876
256 0.0026139932849857783 0.18265790528799816 -0.9831765302506975
257 0.045177942417579324 0.37322547258202315 0.9277406677600835
258 0.05534248897140582 -0.43097430616788907 -0.9023641988815306
259 0.053122701518468284 0.7907506022026094 -0.612138452571157
260 0.013860714887628805 -0.4276267627570668 0.9039553925796955
261 0.04027939146575709 0.8054538737275141 0.5926584659796414
262 0.0683053114686385 -0.20504118594393708 -0.9787533458776546
263 0.055672485542169074 -0.9405338234635383 0.33970005434361905
264 0.045115443241497764 0.03938034789113014 0.9992242932394977
265 0.08659038276731731 0.47090423542760773 0.8821843350776187
266 0.09311804578960904 0.8995990741378019 0.43671673406272116
267 0.015951515430023964 -0.8365634631328868 0.5478700321710536
268 0.05874808393418012 -0.16879233783406128 0.9856516355632512
269 0.009370929546275546 0.45308644750438914 -0.8914665843921759
270 0.09256854824131995 -0.9218012522713769 -0.38766280620008087
271 0.08613816478966224 -0.23462288368784542 0.9720864686076027
272 0.0696188576575897 -0.2577740925056866 -0.9662052148652841
273 0.009378977731360417 0.45023345581761287 -0.8929108775586339
274 0.03566771228190813 -0.9999229167604108 -0.012416140195435703
275 0.07409282531672402 -0.6803673401178262 0.7328712591587926
276 0.041191228909124196 -0.834025183432322 0.5517263754803476
277 0.03100183098427334 -0.5401240937367379 0.8415853868533292
278 0.09220699516110388 0.9083968110517793 -0.4181091169431228
279 0.07371968398482907 -0.4959617991930336 -0.8683443405361775
280 0.10359576885064777 -0.6305371690417932 -0.7761590548700447
281 0.08022155003648482 0.9487429010320548 -0.31604890087023013
282 0.06730909667787136 -0.07782453761237045 0.996967071344596
283 0.07747258884180762 0.6415020040644711 -0.7671213585745527
284 0.074806845548725 -0.892089811620574 -0.451858128180482
285 0.04731465830672629 -0.9991710635784942 -0.04070854587701183
286 0.07342073141855172 0.608959976663563 -0.7932009498367439
287 0.0593455567425155 -0.9993662229326998 -0.035597085010282935
288 0.03023657935826997 -0.8361339139688988 -0.5485253666978859
289 0.006370957522881308 0.9327424378586803 0.3605434018498273
290 0.038179207959437286 -0.8706665935262767 0.4918736452762531
291 0.07171749007065731 0.9979851995282978 0.0634471553535977
292 0.0576784928453607 -0.13154985239942812 0.991309556260651
293 0.09918385715262933 0.48635644029968106 0.8737605009263252
294 0.04403502062662734 -0.33845252655543445 -0.9409834681163336
295 0.044452447382758845 0.8748010367209456 0.48448234864849193
296 0.03769164293101635 0.439313952293887 0.8983335969003522
297 0.05220008633410977 -0.996254439045748 -0.08647018377245472
298 0.0526879418269848 -0.23226837765933875 0.9726517366146522
299 0.08269276506788799 -0.9400659499074259 0.3409926829488415
