0 0.07015166820994616 -0.804433267499546 -0.5940430271790116
1 0.011427936447810367 0.4313732301104878 0.9021735622063218
2 0.030244919038961916 0.7237291789770882 0.6900841075529487
3 2.1342875643770576e-05 -0.5703343381146261 -0.821412650722736
4 0.09593319059501823 0.020513645883234344 0.999789573026533
5 0.13392077409002387 0.35332429882971617 0.93550090318315
6 0.00988499595992259 0.17854286785444806 0.9839321340104251
7 0.09013179905200529 -0.5566758659065169 -0.8307297877873585
8 0.0330044298424111 -0.3653657696038478 -0.9308640364746014
9 0.0016587798591646103 0.9954637456050381 0.09514163749898336
10 0.06423746208623655 -0.7288280828389949 -0.6846967399259581
11 0.0351695802189126 0.9918679461480222 -0.12727127485848508
12 0.05157245723297111 0.7030650933700702 0.7111254984069509
13 0.07313335582953365 0.9943312148445264 -0.10632702001753064
14 0.07162256381087888 -0.5621494977856791 -0.8270356353503208
15 0.03538991438189763 -0.8727051373213397 -0.48824762497419444
16 0.035139658746635556 0.44577032182003673 -0.8951473734444295
17 0.06795675124923847 -0.7338862311417027 0.6792724046659243
18 0.062279645252644455 0.5288761377095137 -0.8486990225995712
19 0.12098582986568576 0.728670272223354 0.68486468326082
20 0.050708311869107583 -0.9995567057881655 -0.02977233470708833
21 0.09285756437209518 0.4585280029739829 0.8886799595403798
22 0.05399450601569026 0.15914159395073968 0.9872557688232659
23 0.001116750659093515 0.9992278243251542 -0.03929064894372183
24 0.003967675765393578 -0.998237536924154 0.05934492291340907
25 0.03892035704174093 -0.8575608549078358 0.5143825231573693
26 0.013432123108202848 0.3868912512812941 0.9221253492242768
27 0.03341136748024744 0.7744907327719921 0.6325852550054442
28 0.034498038432399805 0.998820303558726 0.04855925451296136
29 0.021434490577316077 0.9998785165168679 -0.01558692426450936
30 0.004035564773624365 0.1131903089447918 0.9935733259105654
31 0.011776559924645175 0.7577943670227565 -0.6524934461805573
32 0.027345703807409947 0.9834075144695354 0.18141019950612022
33 0.026373659364612376 0.8969331593532478 0.442166153897606
34 0.08941317140693368 -0.18068329824326618 -0.9835413289414608
35 0.013545948046613002 0.551249200347832 0.834340649324888
36 0.014780321982859293 -0.8112468158880781 0.5847038598397095
37 0.1254892936868679 -0.5354859612203792 -0.8445441287084332
38 0.011985965368195444 -0.3257886954064208 -0.9454426084884171
39 0.019125898855639575 0.9933188514096599 -0.115402163906029
40 0.08394386420492143 0.8670897444322265 -0.4981519598480528
41 0.07164373409194547 0.9651665361631202 -0.2616363076311933
42 0.05805672054542775 0.2953251159918436 -0.9553968159170325
43 0.04564622571707225 -0.9387152111894618 -0.3446937079227355
44 0.08027929654991396 -0.9401075436564171 -0.34087799336463165
45 0.1627341920320018 0.5776187455067577 0.816306673278615
46 0.06411515681233966 0.45724258412202773 0.8893420147870056
47 0.05389945762529252 0.9408219073987417 0.3389013699567965
48 0.11863307024637927 0.19559796506611696 0.9806841673352303
49 0.10039153064323121 0.9413113304571513 0.3375395964223868
50 0.0028158968509959196 -0.844717065123169 -0.5352131163281593
51 0.00948634096482657 -0.05396509698129217 -0.9985428224707239
52 5.794757639725215e-05 -0.745183249470343 0.6668597489043859
53 0.016456000648728465 0.0040864242118959495 0.9999916505337234
54 0.01742785305789733 0.8585640085108867 -0.5127063909195184
55 0.01580326799106492 -0.9872429013300874 -0.1592213986038035
56 3.10401950649393e-05 -0.744570768988943 -0.6675435341363243
57 0.05881939436699987 -0.9144887770336871 -0.4046112661301353
58 0.030314628819220417 0.6757726030886978 -0.7371101606372858
59 0.06688544947562147 0.9732618588601099 0.22969839809664255
60 0.040807696913011476 -0.9429730940452686 -0.33286895906150965
61 0.047204318960023986 0.03419837616259942 -0.9994150644591272
62 0.013554506833620531 0.5477153508053557 0.8366647443822204
63 0.1223912195593012 -0.3377233969333462 0.9412454022006171
64 0.07867487484956281 0.9698076752488876 0.24387101719628004
65 0.04241114028259291 0.5104613486078519 0.8599006986724996
66 0.1443153354491166 -0.7873453487559517 0.6165122073344279
67 0.020337400312929195 0.44733370152382657 0.8943671279072102
68 0.04399598834636166 0.9984713702064806 -0.05527135675911316
69 0.1067204259005588 0.13911893820705068 -0.9902756793096268
70 0.024397632148755535 -0.9502745945845169 -0.31141322208158095
71 0.008353693583673582 -0.7925455803332144 0.6098126786926361
72 0.01105806584934027 -0.36748575100670233 -0.9300291515899058
73 0.06927077616985762 -0.8726315312996173 0.4883791668178373
74 0.09412177687628669 -0.9974515053076176 -0.07134770185204097
75 0.00010091027515366787 -0.6953129829808327 0.7187070722473073
76 0.08089717387618113 0.823387498457508 -0.5674795391764246
77 0.0791852896700323 0.12577177258527755 0.9920592024777338
78 0.05173679027323626 0.6489281430213433 0.760849699477414
79 0.031599216190069224 0.17932253032887732 -0.9837903384951739
80 0.004678974932587722 0.9998096947911264 -0.019508311092321238
81 0.04942818085663005 -0.999915311268888 -0.013014234132009202
82 0.0832986507937654 0.5852460339395111 -0.8108557700097303
83 0.0147831709357356 0.8134252027101384 -0.5816695278213998
84 0.13646140491188563 -0.5727797022603701 -0.8197093464628311
85 9.896599141825347e-06 -0.7301720802787968 0.6832632971127122
86 0.11620422453868975 0.019534565674251932 0.9998091821662364
87 0.0633518254205122 -0.27033391204447893 -0.9627666259269314
88 0.015087996840523716 0.7347286347002717 0.6783611378546642
89 0.05962957534753507 -0.9764048853100131 -0.2159479102532368
90 5.5287854705933274e-05 0.6242721640723138 0.7812069285179633
91 0.013432724852966696 -0.386636546537123 -0.9222321729813199
92 0.08395591455506758 -0.8745464376104468 -0.4849417784259023
93 0.055254380989895616 0.9976635765778895 -0.06831828430086395
94 0.05901500450293135 -0.7483054729880861 0.6633542937948594
95 0.07428203136152176 0.7073736358183791 -0.7068398258085683
96 0.013054202010019032 -0.783197451539361 0.6217730710655216
97 0.07614970783471424 0.9117719649742329 0.4106968272181151
98 0.03194760151808172 0.6937823485322604 -0.7201847352346904
99 0.09513599463808424 -0.5270963156293939 0.8498055507290585
100 0.05483506227760216 -0.03653815728965542 -0.999332258591644
101 0.07161721236775828 -0.6559991570516537 0.7547616219360387
102 0.03859427482965552 -0.8204083739851947 0.5717780162746456
103 0.06857984189471274 -0.5670690557401573 0.823670253209357
104 0.05643590406600905 0.5309222837901092 -0.8474205146059982
105 0.10177868457024482 -0.9927569763097068 0.12013986011481824
106 0.041104648853710804 0.9468254105009275 -0.321747792579452
107 0.06047630979005476 0.9999761252743367 0.00691005653552606
108 0.00018513388153439786 0.7453500203024152 -0.6666733437262881
109 0.06565778026204236 0.5625450956185065 0.8267666027335437
110 0.029206668518212794 -0.1459368705032685 0.9892939046753054
111 0.03511863516661065 0.2960619694996657 0.9551687338978276
112 0.04372578104464659 -0.7888676297690249 0.6145631478559389
113 0.037751505688304085 -0.9919616266991174 0.1265390499270523
114 0.04775002776720918 0.773772563817772 0.6334635107745922
115 0.030585430502627794 0.939820871394245 0.3416675719054445
116 0.03787172892761596 -0.10969889021320754 -0.9939648653176785
117 0.04636943394910639 0.15002247870246999 -0.988682586012299
118 0.11838966385017888 0.5988288958683611 0.8008769902257646
119 0.04021356339123786 -0.8357903989832246 -0.5490486398921888
120 3.8822452998038964e-05 -0.5821533742203022 0.8130789930160025
121 0.0028848335327401227 -0.10243604849442733 0.9947395920384627
122 0.09044336024015501 0.08534122655744476 0.9963517827803947
123 0.06590709351483907 0.7722549069019026 0.6353128038737562
124 0.07246262939462167 -0.6913879613447558 -0.7224836931775986
125 0.01914079781161905 -0.48155687793581753 -0.8764148408788547
126 0.024479978314215056 -0.9158046879244434 -0.401623920571986
127 0.02664664301957534 0.9502667306391778 -0.31143721781496886
128 0.07827968270376547 -0.782250271762427 0.6229642945848575
129 0.04080659925487701 -0.6090661818140102 0.7931194022153935
130 0.09124793330174509 0.7436079571549198 -0.6686158882765851
131 0.0016570314211499858 0.9132440992944633 -0.4074128312950448
132 0.03058548533522985 0.9397880114828948 0.34175794573502816
133 0.10420957962234477 0.9992641604520826 0.038355412082190225
134 0.10627346908908473 -0.9681325902410371 -0.2504381914029488
135 0.039595059983871715 -0.26858753875880576 -0.9632552797797098
136 0.06634544744497373 0.45581203751685256 -0.890076056556256
137 0.0650796609826796 -0.8805204192828151 -0.4740082185215943
138 0.06728135200949668 0.9966092492347288 0.08228003609497396
139 0.00010198985718348127 0.917040295275935 -0.39879455467724967
140 0.06703214134943443 0.8173601872405999 0.5761270036320216
141 0.027089961791426073 0.4854067465519803 -0.8742884480546574
142 0.09633052599773864 -0.6247723791016715 0.7808069379248863
143 0.020019234297170032 0.8507653829544805 0.5255456813316196
144 0.11579060687437123 -0.7097018257135355 0.7045021778382765
145 0.0902946105832551 -0.7744909939830958 -0.6325849351976983
146 0.13511355689051122 0.8873710697165351 0.46105594522805154
147 0.1273345732910243 0.3637295880729045 -0.9315045822540623
148 0.06831757194125901 -0.3027817724149099 0.9530599132758054
149 0.1744376125428305 -0.7409456242880774 -0.6715650242890492
150 0.021348234573907516 0.3326918219223314 0.9430356046438543
151 0.059303743169117365 0.37427589801156746 -0.9273173955920566
152 0.10370753777442901 -0.390129527337406 -0.9207599860438616
153 0.00018374407839454737 -0.8172351377313125 0.5763043724086108
154 0.029819963043401756 -0.9423426622543251 -0.3346495284554141
155 0.0505910627821199 -0.13063240391939815 0.9914308725504967
156 0.02838410196400274 0.571397108757182 -0.8206737135451173
157 0.033755877748011406 -0.7047174088541692 0.7094881067768971
158 0.047109133898281176 -0.5513570978154662 0.8342693514018757
159 0.048493886294474244 0.8796343082357356 -0.4756505900076639
160 0.08384162638845548 0.4788275798400542 -0.8779089638365225
161 0.06056454757581472 0.911013447474299 -0.412376646430169
162 0.07009378478030465 -0.07668793553807207 -0.9970551441835644
163 0.045272170325663386 -0.9996356080983397 0.026993536668293218
164 0.1629580241914501 0.29911822967464946 -0.9542160576495785
165 2.9416814316648635e-06 -0.3241355445917978 0.9460106493756709
166 0.0030807064996886957 -0.0778574436430818 -0.996964502110965
167 0.02146671652157973 -0.17354800788887378 0.9848254103940471
168 5.519990309009833e-05 -0.9894065468708154 -0.1451712265194761
169 0.1067591685296948 0.8094919770270252 0.587130938657535
170 0.013643710240728411 -0.8487254335852722 -0.5288337530694232
171 0.0487260981061262 0.7851171094609021 0.6193473374704682
172 0.030034345672481276 0.566934488692741 -0.8237628818602476
173 0.05359916327189447 -0.39779035360253173 -0.9174763400659293
174 0.027519339009988375 0.8748313340296753 0.4844276385590099
175 3.95025209906432e-05 0.5914707145326494 0.8063264809307934
176 0.010314611362636913 0.1208880707582166 0.9926661444556052
177 0.06491857151271666 -0.7891640180814086 0.6141825075379519
178 3.7585035112128562e-06 0.8483613100390248 -0.5294176873026342
179 0.1171441653286881 0.9977361806693468 -0.0672496377934077
180 0.051570900997044346 0.7873709858360692 -0.6164794649163396
181 0.007457669998511355 0.49650011921470527 0.8680366533849728
182 0.013447539728779 -0.09670854014411874 0.9953127439469432
183 0.0006464140509435543 -0.809849689234694 -0.5866374355992546
184 0.05452361766783906 0.9670308561882057 0.25465922952036474
185 0.12317000433622134 0.9685799299282123 -0.24870247152020716
186 0.06047616823884112 0.9379414845319363 0.34679355760167674
187 0.054788120418566864 -0.36208493985225193 -0.9321451047622312
188 0.03729932191850716 0.605129673091124 0.7961269237656955
189 0.05109167495070438 -0.8633688084526048 0.5045733847431209
190 0.09508258723444725 0.005836231814058046 0.9999829690540797
191 0.05314798424950466 -0.09468184318988673 -0.995507583381546
192 0.014528810295800812 0.3889998914557101 0.9212378001620677
193 0.07007779176703163 -0.666306500996991 0.7456779779027586
194 0.03600002124245795 0.9422884486902458 -0.334802149731644
195 0.03749845760130811 0.4032845497534175 0.9150746264268196
196 0.053851809819900266 -0.8645244647051771 -0.5025907380028278
197 0.06329690592825021 0.185413882062204 -0.9826605173398507
198 0.06794979799138563 -0.2857253948610722 0.9583115353221437
199 0.0838307550569231 0.8859134998469514 -0.46385048322592654
200 0.05787137296035577 -0.3792667368412012 0.925287383641335
201 0.1198946443061641 -0.04893562826392454 -0.9988019344626916
202 0.08910487055157193 0.999931547643727 0.011700428488772115
203 0.10479717375510696 0.17608080384408958 -0.9843757161356731
204 0.002813967066941011 0.8372647744650805 0.5467976750498651
205 0.04122239875317936 -0.946556195238738 -0.322538942230491
206 0.1265003063122811 -0.7294352440386137 0.6840498700784381
207 0.024585445929516482 0.9296726025624278 0.36838682392941563
208 0.049987126187451505 -0.09104468240338684 -0.9958468084028117
209 0.07502214676843445 -0.9960063825001342 -0.08928205877440608
210 0.050884779757253536 -0.9890357243302782 0.14767645715713126
211 0.09035650304537199 -0.6070957530436941 0.794628684755534
212 0.050041106462112475 0.6380136716606946 0.7700250351605715
213 0.022675304661384028 0.9988418489841365 -0.04811403867844978
214 0.08173022663911578 -0.2170446549507335 -0.9761616760339022
215 0.023461763790418557 -0.9873946978901111 0.15827732174413428
216 0.029206763399714005 0.1478063449824283 -0.9890163215958245
217 0.09220349570365069 0.9519394773765774 0.30628619200350626
218 0.08625469866986538 -0.7634632349045344 -0.6458512901195628
219 0.11004612114971679 -0.11653299431679225 -0.9931868209131465
220 0.023128305221693884 0.5327344448310123 0.8462824654278223
221 0.00920417006932177 0.32946821979851487 -0.9441666654477892
222 0.08661321815343168 0.9012625666770369 -0.43327333855975914
223 0.09499820759925608 0.9373540650619699 -0.34837818059086334
224 0.061961848715406054 -0.9743841982310294 -0.22488982688790965
225 0.05066589688506437 -0.9999593705614276 -0.009014279027940024
226 0.014393184215671543 -0.32394794252457093 0.9460749074645713
227 0.10042271768870689 -0.867067621263703 0.4981904657418724
228 0.016196664926922934 -0.763826361556493 -0.6454217918472924
229 0.06609793063756922 0.287130956492669 -0.9578913371690992
230 0.13600051654163636 0.12486630620677899 0.9921735763334332
231 0.03307625297040221 -0.7273384441596061 -0.6862789430308084
232 0.07435597217214258 -0.9791274102797297 -0.2032474217275828
233 0.012826497328807845 -0.19491850673374492 -0.9808194409434833
234 0.038335307576725854 -0.9929893669253713 0.11820371048808206
235 0.07699989976144545 0.5080075011851822 -0.8613526448206839
236 0.016458530279640032 -0.0049448279238970124 -0.9999877742636673
237 0.0327819735061315 -0.6217832556153566 -0.783189366013334
238 0.050040510968423865 0.6381656715773737 0.7698990684630028
239 0.07952703214106605 0.6451672728380513 -0.7640413536312752
240 0.024321494406535946 -0.9806263533029137 -0.19588760861225754
241 0.0627662171861596 -0.9583149793904222 -0.28571384333968586
242 1.4351815273060208e-05 -0.9851297805976944 -0.17181186041580018
243 0.10451028925255523 0.6597743838533393 -0.751463746571281
244 0.1406821024343796 0.6261593438701691 -0.7796951173914579
245 0.042857571084019976 -0.8759848588359713 0.4823386021148664
246 0.048534047999711456 -0.945452941123305 0.32575870843508137
247 0.09329055936818381 -0.13114124298246096 0.9913636943064917
248 0.06282683326118693 -0.8980369914458496 0.43991994953046526
249 0.1490242112072918 -0.3055119778017412 -0.952188233186941
250 0.08836185149222665 -0.028483061199121557 0.9995942753060999
251 0.02078064599417947 -0.17997754202981525 0.9836707194813242
252 0.010213643348550122 -0.09663469009277531 -0.9953199167457031
253 0.07939651172257742 -0.7321023342055364 0.6811946654597385
254 0.024774152924590603 0.8030342815454461 -0.5959328340197318
255 0.057686259903913 -0.9721056757147467 -0.2345432907656405
256 0.0015528446660265682 0.18124291578296026 -0.9834383587589467
257 0.04367551594429578 0.37887480202350643 0.9254479371588922
258 0.05567283534715194 -0.43055197480230867 -0.9025657854105883
259 0.05256079501483366 0.7915269708490158 -0.6111342360059542
260 0.012819023372849023 -0.4273535474171306 0.9040845897978763
261 0.03893764898809027 0.8081169022489958 0.5890221322662562
262 0.06841260726657908 -0.20455929139473594 -0.9788541751987798
263 0.05482449117373217 -0.9398564111054079 0.34156979741198223
264 0.04500781288317756 0.03988945134580456 0.9992040991065493
265 0.08750818587098691 0.4705910840448301 0.8823514218368504
266 0.0933686363206893 0.8998465102904699 0.436206668814294
267 0.015417666295044097 -0.8366916434824135 0.5476742587767822
268 0.05742273501903873 -0.16728426012911396 0.9859087058714183
269 0.009370929546275546 0.45308644750438914 -0.8914665843921759
270 0.09204922773353552 -0.9209437343233601 -0.38969557119698495
271 0.08568820173494356 -0.2379724427119499 0.9712719065790525
272 0.06886156604979914 -0.25517471093967325 -0.9668949616669094
273 0.009378977731360417 0.45023345581761287 -0.8929108775586339
274 0.03536053945687088 -0.9999327968379101 -0.01159317937042382
275 0.07467617312021584 -0.6804991037463342 0.7327489132031763
276 0.040821469505221544 -0.8349635088829334 0.5503053141974006
277 0.02913228804843888 -0.5474999055583872 0.836805744132745
278 0.0926440524157887 0.9077660703223221 -0.4194767711942688
279 0.07290648040942109 -0.493982073219995 -0.8694720877275334
280 0.1029330405703705 -0.6290139745928832 -0.7773939926233439
281 0.08090443389186044 0.9491286551831323 -0.3148885452191916
282 0.06784163309322092 -0.0787621553616456 0.9968934360716736
283 0.0776426840498261 0.6415798247233042 -0.7670562746683024
284 0.07530901476555509 -0.8928512276250374 -0.45035173512318516
285 0.04677510546877352 -0.9991699136547177 -0.04073676039185992
286 0.07405193409207966 0.6089519936842914 -0.7932070785034175
287 0.05849275957771421 -0.9995836294275191 -0.028854250648874973
288 0.029849860627160472 -0.8372416221932738 -0.546833124515309
289 0.004551008406561112 0.9403179720658481 0.34029709286147436
290 0.03802249740196325 -0.8707453658033615 0.49173418422148585
291 0.07164254533737242 0.9979457205649687 0.06406511379889539
292 0.05708649696388318 -0.13745237696581472 0.9905083765756085
293 0.0990913060319448 0.4863157784287719 0.8737831330777779
294 0.043190099678167976 -0.32915614939677523 -0.9442755049847941
295 0.044439954249353285 0.8743007313829382 0.48538462182403286
296 0.03756804437967342 0.4395597506326387 0.8982133519514016
297 0.05199003657897622 -0.9963011412951741 -0.0859304128579258
298 0.05263266918769651 -0.2311750648240056 0.9729121694190164
299 0.08115456650564831 -0.9401683632675765 0.340710212219661
