0 0.07145262525469007 -0.8043847892586105 -0.5941086691922455
1 0.009381106187497526 0.41524671069644725 0.9097088376265128
2 0.029899199295087723 0.7218516624492527 0.6920478144024805
3 2.1342875643770576e-05 -0.5703343381146261 -0.821412650722736
4 0.09517696732860288 0.02331026528541366 0.9997282788499702
5 0.13411233938898492 0.35491219686207953 0.9348996376716233
6 0.00876265112482948 0.1769058707257559 0.984227774909224
7 0.0894113186174764 -0.5588063709397972 -0.8292981609753477
8 0.03316198151794317 -0.3668886314270058 -0.9302648720281868
9 6.758010641691786e-07 0.998390991191539 0.05670475030873773
10 0.06502170261667403 -0.7307501610458953 -0.6826450044726016
11 0.03319268088967436 0.9918638883013203 -0.12730289503301176
12 0.04864356058492169 0.7061570523932655 0.7080552360905573
13 0.07175088417817135 0.9950128273614175 -0.09974704700510223
14 0.0757800675138298 -0.5660623052493144 -0.8243624606784518
15 0.03410371543981858 -0.8718703198466354 -0.4897368123497821
16 0.03350552250148889 0.44500430017855663 -0.8955284321687352
17 0.06551697135088137 -0.7273067552109213 0.6863125263497388
18 0.05946546130974968 0.5300032458523399 -0.8479956128341609
19 0.12014766861291812 0.7276721850329709 0.6859250623277602
20 0.05103286995266987 -0.9995318194511307 -0.030596436143973234
21 0.09156502767559643 0.45777461340227166 0.8890682782128719
22 0.052850959986508364 0.1620625982771891 0.9867804792554656
23 0.0031896590817608325 -0.007960950245044215 0.9999683111335058
24 0.0012524262284293807 -0.998716164835154 0.05065591867651311
25 0.03826779230720422 -0.8573887398935016 0.5146693586214682
26 0.013432123108202848 0.3868912512812941 0.9221253492242768
27 0.03264231401374688 0.7750616507711594 0.6318856205864201
28 0.0320418180190188 0.9989000557392745 0.04689006978107579
29 0.017812233526689102 0.9999640775191537 -0.008476064609709136
30 0.0030891488518222624 0.11511781943170453 0.9933518448411366
31 0.010743583200351682 0.7566318156164685 -0.6538411853018485
32 0.02560902214667634 0.9829463078853662 0.18389278347593455
33 0.0263461989035476 0.8962360036749534 0.44357753067163924
34 0.09010483426773931 -0.18102207080323254 -0.9834790337786106
35 0.013545948046613002 0.551249200347832 0.834340649324888
36 0.014780321982859293 -0.8112468158880781 0.5847038598397095
37 0.1265806073033147 -0.5365185272035753 -0.8438885411991957
38 0.009327768438223734 -0.3119141847919259 -0.9501102785074943
39 0.018323886670264484 0.9935301914652698 -0.11356829948090404
40 0.08351578420956142 0.8644273036986833 -0.5027578309884636
41 0.06873700800044434 0.9654366420766386 -0.26063785246158033
42 0.05856652758143144 0.2949382113308372 -0.9555163271744583
43 0.04495075526165844 -0.9386137929114388 -0.34496977803338463
44 0.0807674363703686 -0.9406619973116627 -0.33934496727317703
45 0.1632677795504531 0.5770886285622495 0.8166815259231361
46 0.06327124248834375 0.46065685968789216 0.8875783106985488
47 0.05159736502168079 0.9396449537051229 0.3421510791689798
48 0.12056056651707305 0.1956998332495841 0.980663844171939
49 0.10058230252268477 0.9415053768780209 0.3369979603940887
50 0.0028158968509959196 -0.844717065123169 -0.5352131163281593
51 0.00810766097420793 -0.05311094133720824 -0.9985886179555
52 5.794757639725215e-05 -0.745183249470343 0.6668597489043859
53 0.016456000648728465 0.0040864242118959495 0.9999916505337234
54 0.016960420621592 0.8586942587015935 -0.5124882145697799
55 0.0129616061982592 -0.9887325600594259 -0.14969276762199868
56 3.10401950649393e-05 -0.744570768988943 -0.6675435341363243
57 0.058965948711661886 -0.9142975654968104 -0.40504316032566906
58 0.0296389446542501 0.6771243661655798 -0.7358685974716286
59 0.06692164737883492 0.9736728571428076 0.22794992270970776
60 0.04002163345546109 -0.9429117155893276 -0.3330427849457048
61 0.045756495368176116 0.030586429175738183 -0.9995321257219687
62 0.013554506833620531 0.5477153508053557 0.8366647443822204
63 0.12325024198243008 -0.33756130478720614 0.9413035458928002
64 0.0796519602038614 0.9694361752644902 0.24534364081540103
65 0.042295892859703074 0.5106246947519468 0.8598037108023442
66 0.14298390033745254 -0.7915983816509637 0.611041735209286
67 0.018959328938608494 0.446979224320387 0.8945443382113294
68 0.044175259141209185 0.9984700715476534 -0.05529481190513058
69 0.10811355520501663 0.14178968688836444 -0.9898968050721749
70 0.02217706074275527 -0.9521008291024274 -0.3057842560081705
71 0.006947620573641872 -0.7902816693843255 0.6127437335747494
72 0.010187550738056134 -0.36707758547698505 -0.9301903279654045
73 0.0695079893705191 -0.872325651924195 0.48892530819648544
74 0.09546065807813978 -0.9973468299007628 -0.07279629720596269
75 0.00010091027515366787 -0.6953129829808327 0.7187070722473073
76 0.08148714731517037 0.8226444636150331 -0.5685561418923681
77 0.07900363532257636 0.1268339482264587 0.9919239636067313
78 0.05389963373489018 0.651857998749469 0.758341050890915
79 0.030922846682227174 0.1775565662514969 -0.9841105963157687
80 0.0023470494706242804 0.9992584686869151 -0.038503412283606396
81 0.04698398709823576 -0.9999212932956406 -0.012546203169620648
82 0.08418525898518035 0.5840668261354077 -0.8117055763071431
83 0.0147831709357356 0.8134252027101384 -0.5816695278213998
84 0.13618631977811066 -0.5780289992348804 -0.8160162229046201
85 9.896599141825347e-06 -0.7301720802787968 0.6832632971127122
86 0.11593956319723003 0.0222637185352163 0.999752132699393
87 0.0637180862442809 -0.2694878216580596 -0.9630037974888749
88 0.014045347698645384 0.7336490855798135 0.6795285271626965
89 0.058762690840045255 -0.9777120315392249 -0.20995043077698541
90 5.5287854705933274e-05 0.6242721640723138 0.7812069285179633
91 0.013432724852966696 -0.386636546537123 -0.9222321729813199
92 0.08466943327553472 -0.8749965396668556 -0.4841291724023959
93 0.05560866549558343 0.9977782939580512 -0.0666218890918046
94 0.05984086652064435 -0.7494539346843068 0.662056492896347
95 0.07262612649537196 0.710319113293749 -0.7038797889480718
96 0.012922097211578281 -0.7837422961414963 0.6210861560515217
97 0.075278947352755 0.9099780385250777 0.41465644743818
98 0.029411499917073633 0.6935248848706123 -0.7204326714309978
99 0.0948850811760122 -0.522881077828693 0.8524056419620323
100 0.055086751156696825 -0.036348364288799555 -0.9993391798651391
101 0.07228608243656968 -0.6545666125463795 0.7560043318259215
102 0.03725164112826877 -0.8205164508705568 0.5716229122863998
103 0.06798863137122721 -0.5716376185764185 0.8205062053563527
104 0.05713764014497514 0.5329248020685265 -0.8461626057326226
105 0.10336517714544599 -0.9929756127564066 0.1183191973901065
106 0.03872824843623482 0.9459910309831518 -0.32419279649528526
107 0.05907700562929957 0.9999903501646905 -0.004393128441065816
108 0.00018513388153439786 0.7453500203024152 -0.6666733437262881
109 0.0658188348969264 0.5658318988289406 0.8245206257381531
110 0.029206668518212794 -0.1459368705032685 0.9892939046753054
111 0.03402196828467773 0.2963615990188833 0.9550758098847288
112 0.0426701222089383 -0.7938796699257733 0.6080748882157075
113 0.04200228151024017 -0.9919885816217119 0.12632756600261197
114 0.04749724410267104 0.7719605972312071 0.6356703833925551
115 0.030585430502627794 0.939820871394245 0.3416675719054445
116 0.0349156340202433 -0.11420835046161697 -0.9934568197384507
117 0.049552496976887433 0.15029360280798099 -0.9886414076676118
118 0.11923657308185555 0.5968102232559009 0.8023824259150008
119 0.03920286619303544 -0.8335207343238896 -0.5524881767532802
120 3.8822452998038964e-05 -0.5821533742203022 0.8130789930160025
121 0.0016363965982570392 -0.01809708935770894 0.9998362342687822
122 0.09152816092328933 0.0850354675726269 0.9963779249133858
123 0.06327063666112458 0.7734102228977314 0.6339058503573551
124 0.0707637393509769 -0.6867341268739502 -0.7269086868284581
125 0.018347996232525737 -0.4767941379307764 -0.8790149885154677
126 0.01986680060210587 -0.9258524464016984 -0.37788523058197215
127 0.026337231094321904 0.9500553213563742 -0.3120815380031901
128 0.07978505028637414 -0.7812085415835395 0.6242701454954571
129 0.039899090104761795 -0.6075453942255667 0.794284957653927
130 0.09102165450523572 0.743363932476648 -0.6688871832326088
131 0.00021876318877518485 0.6280542959056228 0.7781695197028039
132 0.03058548533522985 0.9397880114828948 0.34175794573502816
133 0.10251963386288392 0.9996814131357031 0.02524028983596627
134 0.10768895496326365 -0.9683281420928868 -0.2496810149589635
135 0.03794544190043723 -0.27232652633455595 -0.9622048966070347
136 0.06503859905477227 0.45822611565297067 -0.8888356580007298
137 0.06335651331805923 -0.8846752181590253 -0.46620784889926614
138 0.06730361980120472 0.9967571378711704 0.08046867777509825
139 0.00010198985718348127 0.917040295275935 -0.39879455467724967
140 0.06539494498355253 0.8157126508911655 0.5784573200989919
141 0.02490860155282441 0.48993711079996255 -0.8717577802698323
142 0.09793127178936187 -0.6243083520264755 0.7811780089006515
143 0.018632997446581544 0.8505658900184877 0.5258684880624223
144 0.11668367951031114 -0.7096365495435617 0.7045679296930197
145 0.09094967050540165 -0.7759076005854805 -0.6308465703748277
146 0.13598569028392737 0.8875321753056612 0.46074574094309445
147 0.12747424644873764 0.36335479157523903 -0.9316508441681973
148 0.06786241152307194 -0.29857650666036745 0.9543857027797994
149 0.1751678711507635 -0.7397349026986012 -0.6728984126370718
150 0.02095284305922342 0.3310805404167453 0.9436024988083467
151 0.06183786462793557 0.37479331225047624 -0.9271083933889915
152 0.1032607553423149 -0.3811635691055914 -0.9245076168354088
153 0.00018374407839454737 -0.8172351377313125 0.5763043724086108
154 0.03158048339722501 -0.942370810394626 -0.33457025527708817
155 0.04998827427669007 -0.13021913072414804 0.9914852384142929
156 0.026085199661737637 0.5694175902569633 -0.822048421874255
157 0.03273982471796411 -0.7045996787955456 0.7096050258004195
158 0.04575268712381354 -0.542600968201664 0.8399905888202658
159 0.04819615844203571 0.8802145763481587 -0.47457591551218803
160 0.08153713939788598 0.4778630653087536 -0.878434340638913
161 0.06110899785593995 0.9113535517499863 -0.4116244692832108
162 0.0703393427518014 -0.0780660014624663 -0.9969481929446796
163 0.045232921477131226 -0.9996209750986964 0.027530095218348836
164 0.1648646220808711 0.30241371249151733 -0.9531767656091381
165 2.9416814316648635e-06 -0.3241355445917978 0.9460106493756709
166 0.001636422842094067 0.017684489011392465 -0.9998436171964123
167 0.020165065416646238 -0.17398762896345513 0.9847478382650429
168 5.519990309009833e-05 -0.9894065468708154 -0.1451712265194761
169 0.10563093155306162 0.8099036237639503 0.5865629720788909
170 0.01871557964236725 -0.8493777905448255 -0.5277853436096823
171 0.052892482927547495 0.7849893974549688 0.6195091975776349
172 0.029279352729078792 0.5672393138606809 -0.8235530103222645
173 0.05361341295893495 -0.39546598661832744 -0.9184806222387019
174 0.026160751534071065 0.8729419680111905 0.4878240671438318
175 3.95025209906432e-05 0.5914707145326494 0.8063264809307934
176 0.005834089433109743 0.05391603204929312 0.9985454729195159
177 0.06606183834964832 -0.788803999548437 0.6146448163747819
178 3.7585035112128562e-06 0.8483613100390248 -0.5294176873026342
179 0.11813846874053185 0.997472445272703 -0.07105435188427697
180 0.04861561112934063 0.789024752646774 -0.6143614080577467
181 0.0047135478057711575 0.5125871024385144 0.8586352324553704
182 0.018614330781837534 -0.10121943276168634 0.9948641246076785
183 0.0034311761116655034 0.6491927745070284 -0.7606239159583839
184 0.051787559319111234 0.9660929528668657 0.25819451276311045
185 0.12391010485895414 0.9687612799951745 -0.24799512572248486
186 0.06010632668310334 0.9382821796049653 0.34587071491491667
187 0.055024046623094125 -0.3615395805370759 -0.9323567620310774
188 0.0414738693845101 0.6047174570070254 0.7964400775896178
189 0.05129096268044094 -0.8640320221983818 0.5034368526595714
190 0.0962592567363181 0.004992449711834181 0.9999875376452823
191 0.05181354426036238 -0.09756742582937852 -0.9952289170924591
192 0.014055029262597942 0.39160365432793764 0.9201339999788102
193 0.066696320308983 -0.6782208047300369 0.7348581768146429
194 0.03585145647312296 0.9432479622695257 -0.33208926762903285
195 0.039804779495517285 0.4043415961335436 0.9146080437193729
196 0.0534546945044776 -0.8636503743694969 -0.504091292179728
197 0.06339187797283799 0.18628172293165718 -0.9824963713427207
198 0.06799705515052927 -0.28906764731274576 0.9573086729352629
199 0.08371922268692826 0.8856912815794277 -0.46427465334023027
200 0.058285064138437065 -0.3810862502196035 0.9245394907160871
201 0.12001115875129888 -0.048270335826470556 -0.9988343079205879
202 0.09052646849362367 0.9999463684414392 0.010356652006198959
203 0.10538013247547175 0.1785549082101251 -0.9839299491092208
204 0.002813967066941011 0.8372647744650805 0.5467976750498651
205 0.04043533292136208 -0.9467095406152177 -0.32208856811151093
206 0.12783331290987313 -0.7301815834344536 0.6832531413855
207 0.029869127188459167 0.9297826691478901 0.36810893517031756
208 0.049807721852784315 -0.08862336737266437 -0.996065208084054
209 0.07638591203725642 -0.996002087688239 -0.08932995757678175
210 0.050724980856090146 -0.9887194126984816 0.1497795812291168
211 0.09150188226613103 -0.6067801705589256 0.7948696903370269
212 0.050041106462112475 0.6380136716606946 0.7700250351605715
213 0.021958767810096626 0.9987984231826184 -0.049007242810785494
214 0.08226704105871677 -0.21608175109056327 -0.9763752745976497
215 0.022119066593371515 -0.9877083861022359 0.15630785016535956
216 0.029206763399714005 0.1478063449824283 -0.9890163215958245
217 0.09323322915399991 0.9507809970111297 0.3098636728022859
218 0.08672506656568417 -0.7631064615871819 -0.6462727971096192
219 0.1113157097264525 -0.11389966129983246 -0.9934922582263958
220 0.022670512112128557 0.5317875133601546 0.846877819188945
221 0.005462642923038145 0.2930417016839456 -0.956099660639087
222 0.08816862963894839 0.9008555922750086 -0.4341188798783618
223 0.09612463235500633 0.9386553832603006 -0.3448565955240789
224 0.06145975133526084 -0.9740886331663987 -0.22616660835768224
225 0.05155045532496759 -0.9999614473788488 -0.008780874443790497
226 0.012732730840904654 -0.31962034218698615 0.947545691172871
227 0.10013693552963472 -0.8602100911237417 0.5099397995144956
228 0.015972787216088143 -0.7637088961929147 -0.6455607809306572
229 0.06651527493729822 0.2877524538956203 -0.9577048215797229
230 0.13618750364518956 0.127049102762609 0.9918964288105971
231 0.030391776968036473 -0.7255197676743331 -0.6882013271665361
232 0.07423999491974316 -0.979034196497844 -0.20369595501094553
233 0.011619975561331089 -0.19642633542676485 -0.9805185846024603
234 0.037950764855482724 -0.9925599497198089 0.12175691443285883
235 0.0771633727641803 0.5060491781667699 -0.8625046256552696
236 0.016458530279640032 -0.0049448279238970124 -0.9999877742636673
237 0.03255277981757001 -0.6204920454023608 -0.7842127400089817
238 0.050040510968423865 0.6381656715773737 0.7698990684630028
239 0.08031718418110928 0.6465801865909019 -0.762846027916561
240 0.029019385371332772 -0.9813875468628179 -0.19203771208432027
241 0.06363570561624085 -0.9582115284983939 -0.28606059961618585
242 1.4351815273060208e-05 -0.9851297805976944 -0.17181186041580018
243 0.10572625160010884 0.6591644091521133 -0.7519988575171809
244 0.1405518844932107 0.6256428669629579 -0.7801096096180142
245 0.0421693715076953 -0.8750756884250683 0.48398609435333245
246 0.04861445230727131 -0.9445490511544499 0.32837035487879923
247 0.09525485060730059 -0.13108456031290205 0.991371190850114
248 0.06176076549132021 -0.8926232507809583 0.4508034296289619
249 0.14890778654150444 -0.30485369808792456 -0.9523991929659099
250 0.08755519468689163 -0.045377505915910527 0.998969910436171
251 0.020201623683468693 -0.17867622998870702 0.983907924979275
252 0.007680441045623893 -0.07579412029921431 -0.9971234885048432
253 0.0798161669548586 -0.7322476724034441 0.6810384322927293
254 0.029665936904987596 0.8034550968679681 -0.5953653561611425
255 0.057430533119583155 -0.9718668055684396 -0.23553112795169298
256 0.00024374787796698456 0.9894087112448909 -0.14515647458079156
257 0.04145390133296462 0.3873968178319874 0.9219130683169916
258 0.056161141953001974 -0.4299283345081581 -0.9028630168453249
259 0.05171448971383409 0.7926500132564879 -0.6096769279581519
260 0.011277673518993909 -0.4267665274852571 0.9043618363344261
261 0.0369272156230424 0.8121294528408086 0.5834772933272457
262 0.0685791362397194 -0.20396709376422645 -0.9789777447222052
263 0.053555281100869045 -0.9388849339915882 0.3442311443254532
264 0.04483929920580955 0.040656337723446415 0.9991731892934863
265 0.08889608215570893 0.47013622669304805 0.882593863762276
266 0.09374870252234728 0.9002024194223469 0.43547170294538423
267 0.014632582048374703 -0.8364352933012179 0.5480656896030853
268 0.05543032243924029 -0.165069499238175 0.9862819375925214
269 0.009370929546275546 0.45308644750438914 -0.8914665843921759
270 0.0912837310542568 -0.9196870585617949 -0.392652154347781
271 0.08503076117138685 -0.24277596383237895 0.970082383813488
272 0.0677288218168058 -0.2514086095146017 -0.9678810417928096
273 0.009378977731360417 0.45023345581761287 -0.8929108775586339
274 0.034898111896480656 -0.9999458407151572 -0.01040747983218224
275 0.07554929544810148 -0.6806934625485856 0.7325683654401255
276 0.04025124476918395 -0.8363055732136303 0.5482636119713046
277 0.026350267305016335 -0.5590559418634703 0.8291299378668872
278 0.09331946769125589 0.9063812792114883 -0.42246062147251806
279 0.07172854805888434 -0.4909014108891768 -0.8712151311742787
280 0.10194489346789297 -0.62677530266944 -0.7792000513113637
281 0.08000779444921241 0.9508448642967462 -0.3096676347965707
282 0.06867307430158942 -0.08016451700814843 0.996781646205853
283 0.07788818347812604 0.6416753949632149 -0.7669763278607771
284 0.07606274744511468 -0.8939547257918194 -0.4481572806889037
285 0.04596034460449644 -0.9991686177219504 -0.040768533939876374
286 0.07499850637524684 0.6089419314807293 -0.7932148032434334
287 0.057232409401643564 -0.9998317152016664 -0.018345061376126078
288 0.029249788475424483 -0.838998293062867 -0.5441340498788837
289 0.002007943162836019 0.9538781605788245 0.3001940285394738
290 0.03777260954593622 -0.8709153324758333 0.4914330917413974
291 0.07150201619143588 0.9978862292827917 0.0649851783699301
292 0.05622497355210168 -0.14562659756067708 0.9893396252465079
293 0.09895165862388007 0.486266415773097 0.8738106047028644
294 0.0419414395444151 -0.31607705963066823 -0.9487335202127261
295 0.04441227979822075 0.873557249817941 0.486721410347352
296 0.037377510156508365 0.4399222338349728 0.8980358724336391
297 0.05166083665278297 -0.9963843120223458 -0.08496059531192525
298 0.05256495730271777 -0.22936645953616266 0.9733401395400509
299 0.07884211914898345 -0.9403462604415819 0.34021891551401523
