0 0.07197116909220178 -0.8043824502215976 -0.5941118360843344
1 0.007632193799408548 0.3807005882731045 0.9246983627586415
2 0.028776905987038817 0.7156750925438301 0.6984333625424691
3 2.1342875643770576e-05 -0.5703343381146261 -0.821412650722736
4 0.09487867134884777 0.02439445895135196 0.9997024109066012
5 0.13418804367272252 0.35552921492353584 0.9346651685688594
6 0.007281988290438854 0.20388764066643872 0.9789942951741206
7 0.08912190514969848 -0.5596438195023644 -0.8287332473678155
8 0.03323366325509214 -0.3675689250782429 -0.9299962824209702
9 6.758010641691786e-07 0.998390991191539 0.05670475030873773
10 0.06533862809405706 -0.7315121329856017 -0.681828423648395
11 0.03240029768208004 0.9918608429666377 -0.1273266201134346
12 0.04747050019190472 0.7074327744964793 0.7067806375164881
13 0.07116918304097422 0.9952854344398862 -0.09698919523228879
14 0.07743855940771054 -0.5675981889539897 -0.8233057122941337
15 0.033585866650992134 -0.8715300602202162 -0.490342078688487
16 0.03284259859479151 0.44468204619741697 -0.8956884937240616
17 0.06422757933459596 -0.7232409003398853 0.6905958297554019
18 0.05834014961415845 0.5304654894068391 -0.8477065320901819
19 0.11981378871942776 0.7272731851074119 0.6863480998908063
20 0.05116271529173937 -0.9995228828009718 -0.030886999809543306
21 0.09104825516392304 0.45748861056454043 0.8892154807490287
22 0.05239488525751197 0.16320085209287127 0.9865928653077524
23 0.004613817145187652 -0.011882234487463197 0.9999294037598779
24 0.00016595450447735174 -0.9988813213451951 0.04728748108830758
25 0.038000887754960265 -0.857517689566052 0.5144544800867227
26 0.013432123108202848 0.3868912512812941 0.9221253492242768
27 0.032322199748706405 0.7752659388213389 0.6316349611155704
28 0.031060931128688855 0.9989345817792666 0.04614868714797572
29 0.016338359309278353 0.99999058491326 -0.004339364565935131
30 0.002719768325176712 0.11603929176331362 0.9932446238299347
31 0.010336061837306305 0.7560985822568355 -0.654457740353954
32 0.024914763934591484 0.9827757923705948 0.18480189915244258
33 0.026336017826357618 0.8959642313739438 0.4441262164053122
34 0.09037620951088689 -0.18112959050313687 -0.9834592373068474
35 0.013545948046613002 0.551249200347832 0.834340649324888
36 0.014780321982859293 -0.8112468158880781 0.5847038598397095
37 0.1270186866371235 -0.5369316922980218 -0.8436257213989995
38 0.0082368323409006 -0.30556551605948584 -0.9521710536428316
39 0.016980247975165508 0.9937453792554323 -0.11166969691226468
40 0.08335429382667707 0.8634272304582139 -0.5044734063389847
41 0.0675754817227742 0.9655349845857357 -0.2602733054714278
42 0.05876964430299151 0.29478518183585506 -0.95556354920539
43 0.04467241395183585 -0.9385678187471614 -0.34509484147433356
44 0.08096515688244772 -0.9408991324524811 -0.3386869093280227
45 0.1634727448693222 0.5769160992582764 0.816803412343885
46 0.06294075954751911 0.46193926919694533 0.8869115579209643
47 0.05067491626868649 0.93916020028248 0.3434794290861857
48 0.12133229810445315 0.19574027851238335 0.9806557721075702
49 0.10065731508687371 0.9415803173484135 0.33678851818620675
50 0.0028158968509959196 -0.844717065123169 -0.5352131163281593
51 0.007558513936615906 -0.05269468657914246 -0.9986106698840774
52 5.794757639725215e-05 -0.745183249470343 0.6668597489043859
53 0.016456000648728465 0.0040864242118959495 0.9999916505337234
54 0.016778121210419456 0.8587356234289925 -0.5124188999773717
55 0.011826044370533542 -0.9893169732861212 -0.14578040460908356
56 3.10401950649393e-05 -0.744570768988943 -0.6675435341363243
57 0.05901651004246666 -0.9141628945178458 -0.4053470146513403
58 0.029367928202726667 0.6776578405350278 -0.7353773529021702
59 0.06693086102897072 0.9739067449795898 0.22694856704385738
60 0.039709686319655775 -0.9428833841884844 -0.3331229860295909
61 0.04518000096196937 0.029209035643165654 -0.9995733250926598
62 0.013554506833620531 0.5477153508053557 0.8366647443822204
63 0.12359565656575669 -0.33751341404184354 0.9413207186404744
64 0.08004048024785783 0.9692891641393309 0.24592380178030226
65 0.0422441580783452 0.5106801170613179 0.8597707938969773
66 0.1424586791035483 -0.793262260967607 0.6088801075126039
67 0.018395157026913023 0.4474380443036088 0.894314931391488
68 0.044245399005361105 0.9984696124509687 -0.055303101287473275
69 0.10866895520624757 0.142840340856052 -0.989745743625163
70 0.020282295914925825 -0.9560522620422386 -0.2931963032575937
71 0.006378034536877364 -0.7893291226125054 0.6139703056303069
72 0.009838509548335282 -0.3669157305978038 -0.9302541838873286
73 0.06959850594707767 -0.8722021483717287 0.48914559425158977
74 0.09599468884815951 -0.9973049908060886 -0.07336726322596218
75 0.00010091027515366787 -0.6953129829808327 0.7187070722473073
76 0.081722060777535 0.8223571941930838 -0.5689715679705609
77 0.07891546116956195 0.12715493230834848 0.991882867676249
78 0.05473511639438499 0.6528623838266102 0.7574765394282755
79 0.030652135205469725 0.1768645489656677 -0.9842352012192873
80 0.001422673508946828 0.9987345996220893 -0.050291147508333925
81 0.04600589087683744 -0.9999233314674197 -0.012382697084907723
82 0.0845388031752169 0.5835924952597763 -0.812046673213103
83 0.0147831709357356 0.8134252027101384 -0.5816695278213998
84 0.13608695587864494 -0.580074713851456 -0.8145632733865132
85 9.896599141825347e-06 -0.7301720802787968 0.6832632971127122
86 0.11557021391287291 0.023836217212398217 0.9997158770115654
87 0.06386332477596535 -0.269153812986692 -0.963097204312589
88 0.0136302114473904 0.7332762262048771 0.6799308612518877
89 0.05842042959134854 -0.9782045786936084 -0.2076434497470606
90 5.5287854705933274e-05 0.6242721640723138 0.7812069285179633
91 0.013432724852966696 -0.386636546537123 -0.9222321729813199
92 0.08407975969858043 -0.8771595711682376 -0.4801990074000086
93 0.05575179615401613 0.9978243484020598 -0.06592851989848436
94 0.060178723346429666 -0.7499377251118833 0.6615084341518356
95 0.0719678966676069 0.7114666574707333 -0.7027198554953619
96 0.012870143519718517 -0.783959879801105 0.6208114906010012
97 0.07494006379799652 0.9092914905046594 0.4161598074007326
98 0.028396440216825698 0.6934238173336229 -0.720529950490933
99 0.09478439500795627 -0.5212212285766126 0.8534216020707974
100 0.05518458204091053 -0.03626628778865606 -0.9993421618094728
101 0.07256628847591313 -0.6538105203412868 0.7566583135676602
102 0.03671751820562007 -0.8205511114493972 0.571573156734253
103 0.0677510366302709 -0.5734123696392214 0.8192669005548393
104 0.057437985094794294 0.5337781684609647 -0.845624542497708
105 0.10401169516373433 -0.9930691258477164 0.11753174587341189
106 0.03777766695126391 0.9456625581621267 -0.32514969797043064
107 0.05852937938041523 0.9999617318364362 -0.00874842058174646
108 0.00018513388153439786 0.7453500203024152 -0.6666733437262881
109 0.06534808190017548 0.5677271797224857 0.8232167693896624
110 0.029206668518212794 -0.1459368705032685 0.9892939046753054
111 0.03357982195124599 0.2965580102446888 0.9550148410154217
112 0.042251914467204776 -0.7958031816247997 0.6055553617266105
113 0.043693070355731646 -0.9920001245659896 0.12623689183856268
114 0.04740190674430002 0.7712275818212723 0.6365595157077717
115 0.030585430502627794 0.939820871394245 0.3416675719054445
116 0.03373588626010504 -0.11602395165482995 -0.9932464158719112
117 0.050814109732254316 0.1503951640550873 -0.988625962955072
118 0.11871041007099681 0.5980713626648744 0.8014428520862734
119 0.038796876394527814 -0.8327073160349443 -0.5537133968235547
120 3.8822452998038964e-05 -0.5821533742203022 0.8130789930160025
121 0.0016363965982570392 -0.01809708935770894 0.9998362342687822
122 0.09196228570607771 0.08492192987084138 0.9963876082263428
123 0.062214410926306585 0.7738664794343049 0.6333487759583614
124 0.07009215841085827 -0.6849018160313398 -0.7286353699876041
125 0.018026764659398127 -0.4749289770647642 -0.8800241285011546
126 0.01803848203023441 -0.9304561884278493 -0.3664031678579195
127 0.026223882213257832 0.9500496460142501 -0.31209881465362543
128 0.08038642869814329 -0.7808002215891058 0.624780772724644
129 0.03953027396140193 -0.606955049521166 0.7947361624216926
130 0.09093553273652584 0.743277063571201 -0.6689837118861509
131 0.002139909999696727 0.3572776296584576 0.9339982309114049
132 0.03058548533522985 0.9397880114828948 0.34175794573502816
133 0.10186508079018318 0.9997985051034397 0.020073594419718222
134 0.10825605814179957 -0.9684050195920135 -0.2493826738748941
135 0.037288815614294736 -0.2738231553173412 -0.9617800578157437
136 0.06451714873130947 0.4591697915252423 -0.8883485253832898
137 0.06267359156025074 -0.8862803305250727 -0.46314919380731717
138 0.06731270886110498 0.9968143844598187 0.07975639744868511
139 0.00010198985718348127 0.917040295275935 -0.39879455467724967
140 0.06473619396861326 0.8150565908609971 0.5793813542858013
141 0.024043996054658547 0.49167384809329784 -0.8707794365401199
142 0.09857090742535865 -0.6241260837328576 0.781323640756048
143 0.018076415203324186 0.8504877855620188 0.5259947971318857
144 0.11704731725982262 -0.7095817238760611 0.7046231454764151
145 0.09121086825152898 -0.7764629657787834 -0.6301628859065058
146 0.13635500483371632 0.8875618487035675 0.46068857672608465
147 0.12754781124225623 0.36319512701041784 -0.9317130994656491
148 0.06767925194398028 -0.2969444309700826 0.9548947611731116
149 0.17545203706439386 -0.7392385710676816 -0.673443639101159
150 0.020795720667551226 0.33043264081548546 0.9438295767158944
151 0.062846154456199 0.3748157779633184 -0.927099311071771
152 0.10309504397218644 -0.3776924864436424 -0.9259310912179259
153 0.00018374407839454737 -0.8172351377313125 0.5763043724086108
154 0.032257860331351765 -0.9423568151263063 -0.3346096725813595
155 0.049733724114971206 -0.13013119893069441 0.9914967831843228
156 0.025166559942945966 0.5686795367195557 -0.8225591677906408
157 0.03233105784645666 -0.7045451811226211 0.7096591349069586
158 0.04521444874468847 -0.5392254264018602 0.8421614687942759
159 0.048076924660815375 0.8804481671235425 -0.4741424100508144
160 0.08006727812090797 0.47808465813952006 -0.8783137592293646
161 0.06133088123433417 0.9115020825157616 -0.41129545775443455
162 0.07043849013735701 -0.07860265191752844 -0.9969060252157832
163 0.04521567399595219 -0.999615277693693 0.027736196591477764
164 0.16563138617099127 0.3036970868323249 -0.9527686389935173
165 2.9416814316648635e-06 -0.3241355445917978 0.9460106493756709
166 0.001636422842094067 0.017684489011392465 -0.9998436171964123
167 0.019646560797135736 -0.1741794022590602 0.9847139360386226
168 5.519990309009833e-05 -0.9894065468708154 -0.1451712265194761
169 0.10518133113212018 0.8100620163294329 0.5863442075268533
170 0.02073984707028191 -0.8496408528636629 -0.5273617554820482
171 0.05458016673335537 0.7847717653720065 0.619784862895912
172 0.028977095633059804 0.5673660460344421 -0.8234657065156044
173 0.053619589666445984 -0.39454522817225696 -0.9188765221325995
174 0.025619744014255572 0.8721676098186621 0.4892071753185985
175 3.95025209906432e-05 0.5914707145326494 0.8063264809307934
176 0.00407643066571541 0.006139561036331858 0.9999811527175305
177 0.06651672988236175 -0.7886616984035815 0.6148273948606863
178 3.7585035112128562e-06 0.8483613100390248 -0.5294176873026342
179 0.11853830750814738 0.9973636037048531 -0.07256612160553123
180 0.04743727235034201 0.7897022232817015 -0.6134903410355681
181 0.0035980961518509115 0.5208505756263735 0.8536478652639362
182 0.020692040383338415 -0.10351398311739009 0.9946279984492558
183 0.005340705773800827 0.6498435612041912 -0.7600679877231079
184 0.05069315282592838 0.9657120555067649 0.25961553468330634
185 0.1242087013623881 0.9688336818082672 -0.24771212524589345
186 0.05996012012277494 0.9384161593392437 0.34550703595004123
187 0.055107348815512706 -0.36136453352355247 -0.9324246210344862
188 0.043060395063596164 0.6042043086767522 0.7968294380709386
189 0.05137373204133328 -0.864307301832379 0.5029641020979857
190 0.09672829311871388 0.0046923326445660945 0.9999889909465768
191 0.051293073338254606 -0.09868834312455242 -0.9951183904095686
192 0.01386569189960644 0.3926244149551425 0.9196989011525087
193 0.06508836135456093 -0.6848834557367496 0.7286526278399659
194 0.03578934960363975 0.9436203728737352 -0.33102959368858986
195 0.040712722971776645 0.40475406627342836 0.9144255824478694
196 0.05329152062586783 -0.8632902526668991 -0.5047077764908339
197 0.06344005086508263 0.1865894389560142 -0.9824379783325153
198 0.0680167597845928 -0.2903895596733251 0.9569085137215221
199 0.08368797878197795 0.8856223606911906 -0.4644061091800609
200 0.058458393856650644 -0.381745023277437 0.9242676761647077
201 0.1200590369513036 -0.047995930398431634 -0.9988475312404737
202 0.09109580432551037 0.9999515977197735 0.009838811801855071
203 0.10462338380192178 0.18105511540943417 -0.9834729509163312
204 0.002813967066941011 0.8372647744650805 0.5467976750498651
205 0.04012193934893988 -0.9467671599705845 -0.32191915879803384
206 0.12752617960548002 -0.7322123581844615 0.6810763999155673
207 0.03198179367766635 0.9298285375369484 0.36799305806210497
208 0.04973580182786881 -0.08784679593831812 -0.9961339972329885
209 0.07694038312009405 -0.9960033027887774 -0.08931640853643392
210 0.05065934963811012 -0.9885939515741476 0.15060544117332458
211 0.09195938772015588 -0.6066591315018858 0.7949620734131772
212 0.050041106462112475 0.6380136716606946 0.7700250351605715
213 0.021670410764155226 0.9987804606002051 -0.049371971028531685
214 0.0824796181270773 -0.21570910903215526 -0.976457669477051
215 0.021579907568897754 -0.9878327944887774 0.15551967763756738
216 0.029206763399714005 0.1478063449824283 -0.9890163215958245
217 0.09364961837806846 0.950322724173491 0.3112663167120319
218 0.08691168226794936 -0.7629616277965273 -0.6464437752117916
219 0.11182404289746786 -0.11285260494543169 -0.9936117398446087
220 0.022481790956625832 0.5314049687392606 0.847117913397672
221 0.003908508819520557 0.26333188462908413 -0.9647053013940033
222 0.08879200858376891 0.9006866213825635 -0.43446934306399887
223 0.09657548286365984 0.9391611755175833 -0.343476762533408
224 0.06125991405177673 -0.9739831863097573 -0.22662028326231642
225 0.05190533224723733 -0.9999622598426591 -0.008687858790427482
226 0.01206816016720824 -0.31794461298489085 0.9481092885706204
227 0.10003520565097554 -0.8575232170623011 0.5144452664755714
228 0.015885463478795093 -0.7636422183661238 -0.6456396536217903
229 0.06669809311474818 0.2878962778063712 -0.9576615964030493
230 0.13626487797383846 0.12791181414869945 0.9917855452673167
231 0.02931837563759047 -0.7250565145956239 -0.6886893716636302
232 0.07419195768710649 -0.9789971587326731 -0.20387389041599535
233 0.011136559408114338 -0.19702201400173483 -0.9803990646663736
234 0.03779635398961426 -0.9923916364987166 0.12312124027721226
235 0.07723128784745244 0.5052886857408626 -0.8629503717261334
236 0.016458530279640032 -0.0049448279238970124 -0.9999877742636673
237 0.032460783614741515 -0.6199879915643508 -0.7846112988709776
238 0.050040510968423865 0.6381656715773737 0.7698990684630028
239 0.0806472635310586 0.6473082012252155 -0.7622283730133482
240 0.03089538055077452 -0.9817037426805516 -0.19041470953420933
241 0.0639833609852704 -0.9581668093712481 -0.28621035169840076
242 1.4351815273060208e-05 -0.9851297805976944 -0.17181186041580018
243 0.1062044124257358 0.658875437183593 -0.7522520576749054
244 0.14050036653305403 0.6254248348066762 -0.7802844199438059
245 0.04189716105897133 -0.8746837484706463 0.4846940686261171
246 0.04768056481939877 -0.9427458632248341 0.33351197485616957
247 0.09603927206772439 -0.13106824348556925 0.9913733482142878
248 0.06134517985364644 -0.8904685236130719 0.4550448422456361
249 0.148862701814428 -0.30459385556317364 -0.9524823269505637
250 0.08724969639828908 -0.051879759949338876 0.9986533385052088
251 0.01996894774161168 -0.1781771877865014 0.9839984195884126
252 0.00669511431874707 -0.06658762366754031 -0.997780581277422
253 0.07998311016410112 -0.7323064331915212 0.6809752476458392
254 0.03165074206407498 0.8037434877975845 -0.5949759707945977
255 0.05731790970354913 -0.9717297829595237 -0.23609580451468618
256 0.002224494866560647 0.988715547977921 0.14980509065689085
257 0.0405761876641536 0.39080862160340823 0.9204719557273019
258 0.0563540634444119 -0.4296816161974066 -0.9029804586490146
259 0.05137492551405696 0.7930834092946557 -0.6091130485398959
260 0.010645034663136493 -0.4269754311020528 0.9042632256346689
261 0.036123620542291644 0.8137379297371994 0.5812319517258293
262 0.068647861800327 -0.2037725500617839 -0.979018257154236
263 0.053048483021205205 -0.9385112326181109 0.3452487020245467
264 0.044769401937586925 0.04096505296390828 0.999160579904784
265 0.08945483778140528 0.46995990218220235 0.8826877649208098
266 0.09390215967317628 0.9003396614111021 0.435187883666517
267 0.014304129282962475 -0.8364372357290054 0.5480627251383005
268 0.054631965041367574 -0.16420101227252692 0.9864268992523862
269 0.009370929546275546 0.45308644750438914 -0.8914665843921759
270 0.09098238837883706 -0.9191951355711464 -0.3938023650796702
271 0.0847734194966705 -0.24462551740999486 0.9696176340351347
272 0.06727671993857663 -0.2499457635457184 -0.9682598387238561
273 0.009378977731360417 0.45023345581761287 -0.8929108775586339
274 0.034712935429378824 -0.9999504779296644 -0.00995196906324511
275 0.07589804334874765 -0.680769818468274 0.7324974090484371
276 0.040017615661393294 -0.8368196553547255 0.5474786428820749
277 0.025245477466284777 -0.5638691122399752 0.8258641681667164
278 0.09358754492204317 0.905600584764948 -0.42413156080794573
279 0.07127138489182609 -0.4896323494309601 -0.8719289893051603
280 0.10155157379833063 -0.6258950453387784 -0.779907297196512
281 0.07935160674287624 0.9516100366027165 -0.30730821374798384
282 0.06901587418036266 -0.08072335319525345 0.9967365450553693
283 0.07798325711892014 0.6417067357887709 -0.7669501060977307
284 0.07636445078769066 -0.8943833987162224 -0.4473011693488167
285 0.04563263613177944 -0.9991682330009454 -0.04077796171669952
286 0.07537717755699097 0.6089387837800249 -0.7932172196873338
287 0.0567498378104777 -0.9999007309704488 -0.014090003717601088
288 0.029003289816548882 -0.8397278282223367 -0.5430075271200187
289 0.0010977157040593204 0.9604148729198718 0.27857363815391145
290 0.03766774243828739 -0.8709987250800255 0.4912852744678697
291 0.0714369915653592 0.997862501713835 0.06534850934341767
292 0.05588910085770038 -0.14868141176978408 0.9888851489400293
293 0.09889565633956947 0.4862499796392239 0.8738197510361358
294 0.04144771778035346 -0.3111278133968032 -0.9503680780260477
295 0.04439824259898471 0.8732622607011918 0.48725047361192336
296 0.03729938643913348 0.44006471456579627 0.8979660611593983
297 0.051524930331540535 -0.9964212880671964 -0.08452583443249215
298 0.052542620962818816 -0.22859111487212272 0.9735225226986379
299 0.07791553561171903 -0.9404263101794142 0.3399975810536484
