0 0.07240212784434229 -0.8043898531443757 -0.5941018129566427
1 0.006198519937977434 0.3398129408337276 0.9404930436967269
2 0.02786710470242771 0.7099729660944887 0.7042289311118892
3 2.1342875643770576e-05 -0.5703343381146261 -0.821412650722736
4 0.09463190066505185 0.02528313958735761 0.9996803303319548
5 0.13425072573572835 0.35603565030276474 0.93447237290007
6 0.006040810175858345 0.23044923332802944 0.9730843493030413
7 0.08888020608827632 -0.5603353958819318 -0.8282658052351544
8 0.033297280807236825 -0.36816673723907867 -0.9297597827346219
9 6.758010641691786e-07 0.998390991191539 0.05670475030873773
10 0.06560414042333557 -0.7321440463509755 -0.6811498332913403
11 0.03173928338800457 0.9918574661536266 -0.12735292236657778
12 0.046492322002320514 0.7085125243748419 0.7056982377787188
13 0.07068431141210653 0.995504777027791 -0.09471134522773877
14 0.07876230491362095 -0.568597823522083 -0.8226156545349415
15 0.03315294448588464 -0.8712441145683871 -0.4908499697768629
16 0.03228618991111869 0.44440677436575426 -0.8958251050834787
17 0.06315110679307062 -0.719708710562254 0.6942761496269461
18 0.05740249488327179 0.5308572445387865 -0.8474612592447439
19 0.11953634749569253 0.7269404509149676 0.6867005030022503
20 0.051270983989978626 -0.9995158745515429 -0.031112963848922086
21 0.09061770508025944 0.45725678455994495 0.889334713689902
22 0.052015362127811514 0.16413641682211105 0.9864376496630682
23 0.005796480488306189 -0.012811356990493527 0.999917931198387
24 0.0015204603643311349 -0.023320107556182613 -0.999728049313196
25 0.037769752296257834 -0.857648854523079 0.5142357847673094
26 0.013432123108202848 0.3868912512812941 0.9221253492242768
27 0.032049741383476923 0.775426425446335 0.6314379294273662
28 0.030244118163872014 0.9989642487742254 0.0455019743631812
29 0.015098298638775707 0.9999999933550261 -0.00011528203558800342
30 0.0024156170395115114 0.11685292628094669 0.9931492302869592
31 0.009998787898165344 0.7556291042257675 -0.6549997380510654
32 0.024336360678615852 0.9826397946977176 0.1855236747060261
33 0.02632785156259309 0.8957406960616138 0.44457688358601793
34 0.09060011983612956 -0.1812076079186593 -0.9834448651716056
35 0.013545948046613002 0.551249200347832 0.834340649324888
36 0.014780321982859293 -0.8112468158880781 0.5847038598397095
37 0.12738441055189506 -0.5372759045075101 -0.8434065463556926
38 0.007340431776959261 -0.29945480338437497 -0.954110486647131
39 0.01584676216854584 0.9941771082686155 -0.10775842145583604
40 0.08322377187699621 0.8626215924403269 -0.5058497684646248
41 0.06660805619357278 0.9656126337678624 -0.25998507939474524
42 0.05893841496456766 0.2946601774675387 -0.9556021032913221
43 0.0444403537321445 -0.9385271852728061 -0.3452053338288734
44 0.08113095963714462 -0.9411031910651583 -0.3381194814957817
45 0.16363990689987157 0.5767888770757988 0.8168932557449835
46 0.06266835279533838 0.46297301515733064 0.8863723750411732
47 0.04990543397636949 0.9387486942863519 0.3446025086613117
48 0.1219757340331209 0.1957738194645806 0.9806490766896433
49 0.10071923230489717 0.9416416329981513 0.336617045029771
50 0.0028158968509959196 -0.844717065123169 -0.5352131163281593
51 0.007101932700755373 -0.0523176830580214 -0.9986304922439733
52 5.794757639725215e-05 -0.745183249470343 0.6668597489043859
53 0.016456000648728465 0.0040864242118959495 0.9999916505337234
54 0.016628303961929176 0.8587661889047705 -0.5123676734474727
55 0.010976993833726904 -0.9897557152579418 -0.14277122999484146
56 3.10401950649393e-05 -0.744570768988943 -0.6675435341363243
57 0.059056539883234456 -0.9140485119438025 -0.40560487893184943
58 0.029141743361738696 0.6780996199844379 -0.734970003045676
59 0.06693771427590675 0.9741119052830166 0.22606635306009462
60 0.03945081585502366 -0.9428581195778714 -0.33319448726844264
61 0.044700657777740745 0.028089665852679264 -0.9996054074845158
62 0.013554506833620531 0.5477153508053557 0.8366647443822204
63 0.1238842653802091 -0.33748057404877774 0.9413324928736432
64 0.08036326557172518 0.9691673598836126 0.24640338580512283
65 0.042198724821075236 0.5107238429738044 0.8597448204078166
66 0.14202410956647138 -0.7946327120563293 0.6070904816664504
67 0.01792023594914433 0.44783627359917827 0.8941155809227361
68 0.04430315425323628 0.9984692504640746 -0.055309636391038676
69 0.10913103503311797 0.14370819833308815 -0.989620105763751
70 0.018717468135893735 -0.9591369736724245 -0.2829421596978841
71 0.005900257457866861 -0.7885162166535472 0.6150139641295767
72 0.009547260957304609 -0.3667813499479413 -0.9303071757921497
73 0.0696721620217931 -0.8720985457754813 0.4893302836084139
74 0.09643907497363796 -0.9972701438195644 -0.0738394220325802
75 0.00010091027515366787 -0.6953129829808327 0.7187070722473073
76 0.08191736339371886 0.8221221027286717 -0.5693112050583472
77 0.0788394080584136 0.12741281539148952 0.9918497741462737
78 0.055418691711753613 0.6536382530250942 0.7568071314293378
79 0.03042647432280991 0.17629394093392206 -0.984337567295888
80 0.0007158855978408022 0.9976974217502332 -0.06782222816258143
81 0.045190691722684494 -0.9999248888299233 -0.01225629219893632
82 0.08483290206950563 0.5831959840326548 -0.812331486653191
83 0.0147831709357356 0.8134252027101384 -0.5816695278213998
84 0.13600871984209797 -0.5817560587714132 -0.8133633186238189
85 9.896599141825347e-06 -0.7301720802787968 0.6832632971127122
86 0.11526477948389532 0.025126753416461797 0.9996842732896963
87 0.06398382904231989 -0.2688773634845057 -0.9631744200328521
88 0.013285041032226119 0.7329894200287068 0.6802400386084165
89 0.05813708831160621 -0.9786026721650166 -0.20575910680086337
90 5.5287854705933274e-05 0.6242721640723138 0.7812069285179633
91 0.013432724852966696 -0.386636546537123 -0.9222321729813199
92 0.08357471023770441 -0.8787879984480629 -0.47721237807044303
93 0.05587167481894166 0.9978627059462538 -0.0653453906685096
94 0.06046335198857567 -0.750349769118393 0.661041015356819
95 0.07142109819695723 0.7124094887671537 -0.7017640061406133
96 0.01282720042729163 -0.7841398125641335 0.620584204078613
97 0.07466160867060659 0.9087327943993261 0.4173783755577091
98 0.027550343476790577 0.6933403175566554 -0.7206102997115961
99 0.09470031663333484 -0.5198495252348816 0.8542578481425079
100 0.05526353953437974 -0.03622859224592052 -0.9993435290749016
101 0.07278912622131588 -0.6529409612712075 0.7574088071142502
102 0.03627372446489922 -0.8205760544687635 0.5715373468396243
103 0.06755247648580306 -0.5748695342122088 0.8182450846993449
104 0.05769071040984481 0.5345448883471069 -0.8451400844487137
105 0.10455576225121724 -0.9931495897160147 0.1168498714030598
106 0.03698548092395281 0.9453912281353859 -0.32593776363696597
107 0.05807793941586252 0.9999243012102764 -0.012304139512391905
108 0.00018513388153439786 0.7453500203024152 -0.6666733437262881
109 0.06495418559691696 0.5692594707034201 0.822157925835701
110 0.029206668518212794 -0.1459368705032685 0.9892939046753054
111 0.033209990531444224 0.2967531487290601 0.954954223363292
112 0.041905109067821446 -0.7973716548526699 0.6034885616459642
113 0.04509801036504532 -0.9920100544392247 0.12615883596279062
114 0.04732471585172528 0.770611794662602 0.637304842227708
115 0.030585430502627794 0.939820871394245 0.3416675719054445
116 0.032754074411284174 -0.1175347577974072 -0.9930687693757693
117 0.051860477646516426 0.15047804399049966 -0.9886133512535592
118 0.11827389326856273 0.5991014005835607 0.8006731616701137
119 0.038457841070867325 -0.8320684027017429 -0.5546730327187092
120 3.8822452998038964e-05 -0.5821533742203022 0.8130789930160025
121 0.0016363965982570392 -0.01809708935770894 0.9998362342687822
122 0.09232406632006211 0.08483155517768709 0.9963953067162324
123 0.06133343855722102 0.7742447289871702 0.6328863244182034
124 0.06953588849953127 -0.6833891031114426 -0.7300543361617258
125 0.01775733963577058 -0.47339221134015846 -0.8808517549749644
126 0.01652285412641252 -0.9345965905634271 -0.35570945012357746
127 0.0261337640513285 0.950075601099925 -0.3120197945557561
128 0.08088728220460101 -0.7804631570731759 0.6252017757903212
129 0.03922050317408867 -0.6064708745425424 0.795105702615447
130 0.09086563135291434 0.7432091564623197 -0.6690591526543578
131 0.0037430255992830985 0.35443929372184685 0.9350790271768256
132 0.03058548533522985 0.9397880114828948 0.34175794573502816
133 0.10132859320278581 0.9998750816475276 0.015805729984727453
134 0.10872993308661442 -0.9684689212645006 -0.24913439855783573
135 0.03674303840314252 -0.2750704598648573 -0.9614240698618565
136 0.0640831517356234 0.4599467459423197 -0.8879465022719957
137 0.062107163475037884 -0.8875934029399957 -0.4606277792940831
138 0.06732037144589556 0.9968612746109339 0.07916817025209257
139 0.00010198985718348127 0.917040295275935 -0.39879455467724967
140 0.0641855993766396 0.8145110957547077 0.5801479767201343
141 0.023326876829391618 0.49308683298090394 -0.8699801004280857
142 0.09910364958241949 -0.6239756002420268 0.7814438241502727
143 0.017611734738200678 0.8504233350047494 0.5260989938019268
144 0.11731339185109786 -0.7094082628523155 0.704797784188387
145 0.09142807865736707 -0.7769211540586678 -0.6295979037259796
146 0.13666695141479518 0.8875779445228178 0.4606575652224217
147 0.12761235621704736 0.363041446264147 -0.9317729918249598
148 0.0675260432410158 -0.295605290391992 0.9553101654919548
149 0.1756856054001978 -0.7388200208620969 -0.6739027947510907
150 0.020665246116643443 0.3298914404077095 0.9440188756299985
151 0.06276023729308103 0.3749745251400737 -0.9270351155678928
152 0.10296242334526831 -0.3748483242577594 -0.9270861523079448
153 0.00018374407839454737 -0.8172351377313125 0.5763043724086108
154 0.0328110202682421 -0.9423367832407041 -0.3346660827624486
155 0.048730054128398696 -0.12597131465466282 0.9920338844435587
156 0.024401386555408033 0.5680877270439392 -0.8229680032553215
157 0.03198941629169547 -0.704496761783223 0.7097072020466981
158 0.04476768263594998 -0.5364670325298705 0.8439212777318716
159 0.04797749595979704 0.8806433731517999 -0.47377974769276476
160 0.07884716277949767 0.4782905287758426 -0.8782016682307799
161 0.06151743066211312 0.9116305307655331 -0.41101067550144293
162 0.07052155969253118 -0.07904440732505993 -0.9968710958146143
163 0.04520066852528239 -0.9996105827369941 0.027904889897778003
164 0.16627210395109507 0.3047518421952687 -0.9524317900398905
165 2.9416814316648635e-06 -0.3241355445917978 0.9460106493756709
166 0.001636422842094067 0.017684489011392465 -0.9998436171964123
167 0.01921539743038417 -0.17434602481174735 0.9846844487612981
168 5.519990309009833e-05 -0.9894065468708154 -0.1451712265194761
169 0.10480743288276352 0.8101912867460916 0.5861655729234806
170 0.02235206098525353 -0.8497955737408632 -0.5271124005849578
171 0.055949047138337066 0.7843846970917885 0.6202746544622174
172 0.02872510322573613 0.567473646150888 -0.8233915599058669
173 0.0536249592331794 -0.3937818597044042 -0.9192039202308381
174 0.02516991800053548 0.8715148922508839 0.49036903713930624
175 3.95025209906432e-05 0.5914707145326494 0.8063264809307934
176 0.002634715711079052 -0.058107303819324926 0.9983103431512912
177 0.06689486017399353 -0.788543498601938 0.6149789840414186
178 3.7585035112128562e-06 0.8483613100390248 -0.5294176873026342
179 0.11887245920101865 0.9972714601067998 -0.07382164219557659
180 0.04645697561867892 0.7902739531558671 -0.6127536853935669
181 0.0027450908436018376 0.5254219288207747 0.8508418165054282
182 0.022431077259244286 -0.10575180891235669 0.9943925557403195
183 0.00693004545846309 0.6502912153519359 -0.7596850237013377
184 0.04978116127678081 0.9653919575515337 0.2608033134276052
185 0.12445862652537762 0.9688939335526755 -0.24747635346598995
186 0.05983899240261962 0.9385266855755531 0.34520669237801116
187 0.05517222225877189 -0.36123367421326325 -0.9324753254721467
188 0.044325990144576985 0.6034343950721617 0.7974126477827489
189 0.05144397577866189 -0.864540413887434 0.5025633022369862
190 0.09711842672059227 0.00445796698635119 0.9999900632158044
191 0.050132317766976825 -0.09426959717885222 -0.9955467056083993
192 0.013708014251337802 0.3934660144863142 0.9193391623575358
193 0.06379104671078271 -0.6898784858369122 0.7239251858993229
194 0.03573645771613008 0.9439259330434496 -0.33015728513551407
195 0.04146313282197985 0.4050939283837854 0.914275073042349
196 0.053153798032827757 -0.8629863078723717 -0.5052273076792385
197 0.06348455323420715 0.1868288190923422 -0.9823924838660772
198 0.0680335650841586 -0.29148469708291175 0.9565754917237234
199 0.08366440793813246 0.8855783438275571 -0.46449003966031516
200 0.05860612494829194 -0.3822655834948884 0.9240525004972999
201 0.12009951919685699 -0.04776374080468299 -0.9988586612050491
202 0.09157053889387315 0.9999556741228404 0.009415401719301037
203 0.10401662841160046 0.18335334676698262 -0.9830470742692573
204 0.002813967066941011 0.8372647744650805 0.5467976750498651
205 0.039861395378442216 -0.9468136003548694 -0.32178254487005614
206 0.1272741679270161 -0.7338907587836199 0.679267512966727
207 0.03374204687077928 0.92986916714304 0.36789038040795413
208 0.04967601660367751 -0.08720220899058698 -0.9961906317302738
209 0.07740304901844515 -0.9960057378423149 -0.08928925010988654
210 0.05060394370555637 -0.988489884240551 0.1512869748329384
211 0.09234033098230261 -0.6065603812831198 0.795037422929057
212 0.050041106462112475 0.6380136716606946 0.7700250351605715
213 0.0214293885848753 0.9987652912684136 -0.049677892039829065
214 0.08265582108555944 -0.21540345325712099 -0.9765251416757826
215 0.02112967137202883 -0.9879358415663018 0.15486372379832228
216 0.029206763399714005 0.1478063449824283 -0.9890163215958245
217 0.09399848719091307 0.9499431860756276 0.3124226996050154
218 0.08706657837491652 -0.7628400052577916 -0.6465872921565134
219 0.11224788113867049 -0.1119827174916654 -0.9937101544128357
220 0.022322084631157018 0.531084493506624 0.8473188660456066
221 0.0025833292652652647 0.218607391536084 -0.9758128961874757
222 0.08931199134825316 0.9005433241942854 -0.43476628347780844
223 0.09695124462232446 0.939576479387795 -0.34233907077813425
224 0.061093570391175724 -0.9739013568206097 -0.22697168806477921
225 0.052201520247829 -0.9999629288459037 -0.008610512988330434
226 0.011514170303645785 -0.31657180114373595 0.9485685503539588
227 0.09995570144001928 -0.855308855697102 0.5181184819769644
228 0.015813612129947082 -0.7635787045244096 -0.6457147682969815
229 0.06685847237909343 0.28806978805616024 -0.9576094178783325
230 0.13633054312457385 0.1286263404281239 0.9916931302313576
231 0.028425279451279654 -0.7246873952850077 -0.6890777743586213
232 0.07415123896735819 -0.9789664008771866 -0.20402153306346757
233 0.01073329944270795 -0.19751619062445533 -0.9802996248296761
234 0.03766741413030598 -0.9922529391813731 0.12423407216189229
235 0.0772889553883715 0.504664524934814 -0.8633155374903886
236 0.016458530279640032 -0.0049448279238970124 -0.9999877742636673
237 0.03238408791301726 -0.6195733022154587 -0.7849388021889553
238 0.050040510968423865 0.6381656715773737 0.7698990684630028
239 0.08092783313271183 0.6479937373252903 -0.7616456632760426
240 0.03245774890825164 -0.9819730752960276 -0.18902084380740167
241 0.0642730321520748 -0.9581280739033965 -0.286339997202919
242 1.4351815273060208e-05 -0.9851297805976944 -0.17181186041580018
243 0.10660110502467048 0.6586343565803251 -0.7524631448330351
244 0.14045769910822908 0.6252383864389774 -0.7804338281514864
245 0.04167391419872395 -0.8743412030756847 0.48531171488453084
246 0.04690152449358359 -0.9413925146742678 0.33731310872134596
247 0.09669232746218595 -0.13105752192076076 0.9913747656401132
248 0.0610035663554333 -0.8886780283484552 0.45853174582650463
249 0.14882577458110066 -0.3043788713933537 -0.9525510498914525
250 0.08700228268286858 -0.05718891825055939 0.9983633745432225
251 0.01977457305844876 -0.17777074283261507 0.984071929785999
252 0.00588912591342446 -0.05839654297255645 -0.9982934657548622
253 0.08012173415704199 -0.7323554109887838 0.6809225741561589
254 0.03330367586536454 0.8039961041738588 -0.5946345638064252
255 0.057223732954813186 -0.9716024303693439 -0.23661935106914708
256 0.003871980825545726 0.9887783061894886 0.14939029824271027
257 0.03984954086609864 0.3936455736662749 0.9192622924568098
258 0.05651379113673545 -0.42947701035077407 -0.9030777915440956
259 0.05109130237886494 0.7934389068374991 -0.60864990028465
260 0.010115837837686959 -0.4271585694447532 0.9041767286044868
261 0.035454071741268224 0.8150751647673148 0.5793552241755784
262 0.06870612798900592 -0.20362829989400758 -0.9790482702514091
263 0.05262652082108356 -0.938206268529032 0.3460765777870989
264 0.044710031049762844 0.04122343116583013 0.9991499530715677
265 0.08992197913215175 0.46981562134961696 0.8827645676712865
266 0.09403067208900169 0.9004517982021245 0.43495581282994766
267 0.014028382473688178 -0.8364008820245314 0.5481182030808553
268 0.05396614114207147 -0.16348390104415125 0.9865460020188548
269 0.009370929546275546 0.45308644750438914 -0.8914665843921759
270 0.09073346912662208 -0.9187901145431631 -0.3947464064659251
271 0.08456134194283965 -0.24613627930152185 0.969235230484119
272 0.06690037612920616 -0.24874536096295133 -0.9685689161848067
273 0.009378977731360417 0.45023345581761287 -0.8929108775586339
274 0.034558422217646066 -0.9999541158287353 -0.009579469566330217
275 0.076188497914679 -0.6808327399186935 0.7324389259554714
276 0.03982042685767508 -0.837238109794261 0.5468385022180982
277 0.024328574761917028 -0.56797695081116 0.8230444601279188
278 0.09379894414290349 0.9047856127485208 -0.42586734432600476
279 0.0701162805734442 -0.4894741830654141 -0.8720177888738541
280 0.10122463312977016 -0.6251680344082243 -0.7804901849185275
281 0.07880665655027186 0.9522388998591387 -0.30535402010626495
282 0.06930574350509747 -0.08118787152718389 0.9966988158500468
283 0.07806116056550479 0.6417299285288788 -0.7669307001485337
284 0.07661597931476698 -0.894735162947688 -0.446597120663551
285 0.04535876547682658 -0.999167967236073 -0.04078447314032196
286 0.07569279993975914 0.6089366568847424 -0.7932188524625682
287 0.0564147423696453 -0.9999384209621538 -0.01109748997361532
288 0.028795136911136505 -0.8403458213197005 -0.5420506439351567
289 0.0004259326929600574 0.9664405965095773 0.25689019720147477
290 0.03757823630190534 -0.8710742621670945 0.49115133084422347
291 0.07137917890798132 0.9978428132985504 0.06564845731953169
292 0.05561294523866666 -0.15113782301722864 0.988512700198441
293 0.09884903725748653 0.48623816868674763 0.8738263233115365
294 0.04103859436474509 -0.30712359665230954 -0.9516696361549787
295 0.04438526132461237 0.8730175105903755 0.4876888620858422
296 0.03723335604624969 0.44018169207540636 0.8979087247385628
297 0.05141004579254803 -0.9964534524101047 -0.0841458090458649
298 0.05252595861431643 -0.22792400468964089 0.9736789245363363
299 0.07714274773882783 -0.9404975730695022 0.3398004047236796
