0 0.07358492535503944 -0.8043770602472984 -0.5941191336322321
1 0.004659552211315213 0.27845249619345586 0.9604500025319556
2 0.02534753635972916 0.6937733995676381 0.7201933560179254
3 2.1342875643770576e-05 -0.5703343381146261 -0.821412650722736
4 0.09394959187929636 0.02770085406186506 0.9996162577130502
5 0.13442426897592424 0.3574169900378771 0.9339449101699008
6 0.004654175917971612 0.2724874444869916 0.9621593384658015
7 0.08820096775007087 -0.5622419051059352 -0.8269728170519565
8 0.03351256429060586 -0.37045155307792055 -0.9288517894810542
9 6.758010641691786e-07 0.998390991191539 0.05670475030873773
10 0.06635437190987883 -0.7338982980476778 -0.6792593673426387
11 0.029885134577812094 0.9918445461989155 -0.12745350593635096
12 0.043750242501082164 0.7116332704778586 0.7025511286369035
13 0.06932605287352969 0.9960825163901178 -0.08842861834231382
14 0.082593848064232 -0.5717659519612447 -0.820416781994281
15 0.031934471255972596 -0.8704335910698969 -0.4922858555119814
16 0.030709379340600775 0.4436042944970678 -0.8962227568544322
17 0.06009990012755704 -0.708927715731323 0.7052811452661758
18 0.05477750950113193 0.5319869762608164 -0.8467525359211354
19 0.11876409545412138 0.7260063397426972 0.6876880067686301
20 0.051574685759014464 -0.9994983316952643 -0.03167151619963189
21 0.08941258205318413 0.4566383151984206 0.8896524316230175
22 0.05095509557025299 0.166694059117861 0.9860086666225663
23 0.009088111888706663 -0.013294497384462348 0.999911624264512
24 0.006533979979360441 -0.021691423396251547 -0.9997647133956292
25 0.037080005190750505 -0.8581233141331979 0.5134436461200557
26 0.013432123108202848 0.3868912512812941 0.9221253492242768
27 0.03125775480054879 0.7758316343288093 0.6309399933232072
28 0.02795983291110353 0.9990511272579307 0.043552785498265516
29 0.011575081555401885 0.9998595460254194 0.01675972021969049
30 0.001580721934170928 0.11925001107974205 0.9928642580219521
31 0.009065038598395013 0.7542124997787302 -0.6566304174933713
32 0.02271736858721184 0.9822884281517545 0.18737514221250196
33 0.026306379446847432 0.8951283626585551 0.44580849516828885
34 0.09121654610812209 -0.18137315452152444 -0.9834143474746091
35 0.013545948046613002 0.551249200347832 0.834340649324888
36 0.014780321982859293 -0.8112468158880781 0.5847038598397095
37 0.12841152938309425 -0.5382386025305992 -0.842792505155277
38 0.004985854789680066 -0.27848647599509857 -0.960440150497589
39 0.01262341894632614 0.9957370858081767 -0.0922369554259019
40 0.08287706080383983 0.8604968707952656 -0.5094557246234024
41 0.06390177122477432 0.9658088641143407 -0.25925516002225846
42 0.059408021050029645 0.29432886493445626 -0.9557042007160974
43 0.04378989293932278 -0.9384023169164376 -0.34554463041098155
44 0.08159988228882682 -0.9417038879690554 -0.3364428441562769
45 0.16409062298183782 0.5765095547519276 0.8170904070417999
46 0.06191966209391394 0.46570502885010173 0.8849400127148314
47 0.04774707500497783 0.9375610997109598 0.3478206208791763
48 0.12377896331622565 0.19586680875181237 0.9806305080046107
49 0.10088960925992205 0.9418079936802652 0.3361513097400536
50 0.0028158968509959196 -0.844717065123169 -0.5352131163281593
51 0.005828658293586239 -0.05112543519727525 -0.9986922398195999
52 5.794757639725215e-05 -0.745183249470343 0.6668597489043859
53 0.016456000648728465 0.0040864242118959495 0.9999916505337234
54 0.0162192444900476 0.858835606974632 -0.5122513057011328
55 0.008408579864272972 -0.9912102605500125 -0.13229595375662984
56 3.10401950649393e-05 -0.744570768988943 -0.6675435341363243
57 0.05915803858964515 -0.9137174571779311 -0.40635010575647174
58 0.028506724711341316 0.6793248013949214 -0.7338377301622959
59 0.06695343625719834 0.9747300370425938 0.2233861116697811
60 0.038731239335756736 -0.94277942645167 -0.3334170857341599
61 0.043363538054337805 0.025091978339683817 -0.9996851467452144
62 0.013554506833620531 0.5477153508053557 0.8366647443822204
63 0.12469595275381486 -0.33742131849386964 0.9413537346958679
64 0.08126244968119731 0.9688297703845518 0.24772742281914759
65 0.0420601886383192 0.5108289508434297 0.8596823733101667
66 0.1408220009483038 -0.7983928383154262 0.6021369244006197
67 0.016567020159814712 0.44902439344134143 0.8935194984412121
68 0.04446136447173816 0.998468258313128 -0.0553275441452866
69 0.11042145805634888 0.14610112284070356 -0.989269660863349
70 0.014420952499135609 -0.9679041329335525 -0.2513196957067791
71 0.004547620708481004 -0.7861594984703603 0.6180236589037928
72 0.008729838623614549 -0.3664070196722938 -0.9304546716175202
73 0.06987039238220724 -0.8718044807378709 0.4898540061746677
74 0.097680363545946 -0.9971726965842489 -0.07514394976907582
75 0.00010091027515366787 -0.6953129829808327 0.7187070722473073
76 0.08246204161222058 0.8214844544244096 -0.570230910367923
77 0.0786142478490005 0.12808986081155396 0.9917625661201761
78 0.05727284503661606 0.6555594721326441 0.7551435482722268
79 0.029794314701755743 0.17472463313687514 -0.9846173381447152
80 2.939233929315007e-05 0.9954785160735499 -0.09498696771664637
81 0.042907832160840695 -0.9999286242311034 -0.011947654300859374
82 0.08565369311501712 0.5820797284041425 -0.8131317173625437
83 0.0147831709357356 0.8134252027101384 -0.5816695278213998
84 0.13581132471016774 -0.5863514008975043 -0.8100568095297602
85 9.896599141825347e-06 -0.7301720802787968 0.6832632971127122
86 0.11442126174102829 0.02864953338259326 0.9995895178706906
87 0.06431880456030174 -0.26811227889328076 -0.9633876716600912
88 0.012322036157628335 0.7322938438232118 0.6809887857363185
89 0.05735247114407753 -0.979661197782006 -0.20065875899228866
90 5.5287854705933274e-05 0.6242721640723138 0.7812069285179633
91 0.013432724852966696 -0.386636546537123 -0.9222321729813199
92 0.08212440136377176 -0.8829181776908965 -0.46952688049033614
93 0.05621015968267814 0.9979696071454561 -0.06369193994489455
94 0.061274348734216645 -0.7515389335789987 0.6596887382053307
95 0.06989806572685504 0.7149841262493773 -0.6991406862795315
96 0.012708495692075418 -0.7846327198561458 0.6199608817749286
97 0.07390029842592738 0.9072326625241142 0.4206291669028752
98 0.0251804760768063 0.6931093994133981 -0.720832408015066
99 0.0944639148950283 -0.5160645479665741 0.8565496963586267
100 0.05547332676690468 -0.03625361132984506 -0.9993426217596969
101 0.07303972863377346 -0.6410825590782682 0.7674719229038016
102 0.03503754294348706 -0.8206260388984903 0.5714655757626819
103 0.06699342724547272 -0.5788495487802415 0.8154343627030387
104 0.05840664144122267 0.5370412564244723 -0.843555978520705
105 0.10610558971186183 -0.9933869621594854 0.11481438677948502
106 0.03476707594186847 0.9446435472981659 -0.3280984129006687
107 0.05683612321519376 0.9997601547638252 -0.02190052388899441
108 0.00018513388153439786 0.7453500203024152 -0.6666733437262881
109 0.06384793090807475 0.5734148982081095 0.8192651307806181
110 0.029206668518212794 -0.1459368705032685 0.9892939046753054
111 0.0321683959617394 0.29744270857528315 0.9547396687659936
112 0.040941974589090005 -0.801601495447389 0.5978587144940763
113 0.04901272792385046 -0.9920392590701554 0.12592898182522164
114 0.04711913759509236 0.7688665537671765 0.6394092762059255
115 0.030585430502627794 0.939820871394245 0.3416675719054445
116 0.030011114463637367 -0.1217673902642764 -0.9925586645978299
117 0.05476667307443666 0.15070591582583612 -0.9885786397323665
118 0.11706577357889184 0.6019289245875341 0.798549666423382
119 0.03750528247786718 -0.8304574544887833 -0.5570820552521957
120 3.8822452998038964e-05 -0.5821533742203022 0.8130789930160025
121 0.0016363965982570392 -0.01809708935770894 0.9998362342687822
122 0.0933367603408996 0.0846006088934931 0.9964149421675943
123 0.058862673095206444 0.7752970870183051 0.6315967280321603
124 0.06799425323601746 -0.6792282034499826 -0.7339271405515053
125 0.016994855177432395 -0.46917444371296335 -0.8831055097589593
126 0.012365280930214533 -0.9470892532798452 -0.32097032000143766
127 0.025901506263316124 0.9502803512484155 -0.31139565512573886
128 0.0822883936854985 -0.7795328690546379 0.6263613222920495
129 0.038341942773645554 -0.605152580878423 0.7961095112207766
130 0.09067871179186787 0.7430397797863884 -0.6692472530051919
131 0.010214908809245042 0.3075950754881865 0.9515173511478479
132 0.03058548533522985 0.9397880114828948 0.34175794573502816
133 0.0998681562247162 0.999991796441956 0.004050561540022865
134 0.11006328579352433 -0.9686466535434799 -0.2484424693546126
135 0.03522171537620361 -0.27856184402981304 -0.9604182937921946
136 0.06287051432594587 0.46207721198242346 -0.8868396981228065
137 0.06053365595159115 -0.8911528468926032 -0.45370321078344655
138 0.06734229057990909 0.9969887079618662 0.07754686451771292
139 0.00010198985718348127 0.917040295275935 -0.39879455467724967
140 0.06263629261733905 0.8129893768285682 0.582278518549239
141 0.02133494815691288 0.496870821836974 -0.867824513601137
142 0.1005939452020692 -0.6235608090616385 0.7817748508377554
143 0.01630668739471465 0.8502454623218867 0.5263864111097865
144 0.11816209259702894 -0.7090241771044506 0.7051841718879945
145 0.09203378422909578 -0.7781827385832273 -0.6280379171444258
146 0.13756023356053945 0.887582674038343 0.4606484524525667
147 0.1278086443482287 0.36251238907505673 -0.9319789524270893
148 0.06709387754358814 -0.29195276694238137 0.9564327377681546
149 0.17632492550912512 -0.7376256703313646 -0.6752098714238448
150 0.020302191680029325 0.32837042987445686 0.9445490250823747
151 0.06219009422456149 0.3728455595549714 -0.927893414525688
152 0.10261634162507308 -0.3671112589441997 -0.930177038824548
153 0.00018374407839454737 -0.8172351377313125 0.5763043724086108
154 0.03430689383154602 -0.94224920988082 -0.33491256542412756
155 0.045411909309220656 -0.1072754802989256 0.9942293353782289
156 0.02226046421750115 0.56654204449897 -0.8240328341849777
157 0.031028075577191505 -0.7043475758444806 0.7098552615864756
158 0.04352423047457343 -0.5289965651101814 0.848623965076187
159 0.04769874813887384 0.8811921430681975 -0.47275829659021035
160 0.07544962218299231 0.478892034496849 -0.8778738060196744
161 0.06204711182555802 0.912009495451437 -0.41016908733644897
162 0.07075637388449382 -0.08025807119079832 -0.9967741178465324
163 0.045155787162889566 -0.9995976262242787 0.028365218962438356
164 0.1680743253850291 0.3076360725829194 -0.9515040971250501
165 2.9416814316648635e-06 -0.3241355445917978 0.9460106493756709
166 0.001636422842094067 0.017684489011392465 -0.9998436171964123
167 0.018012527283230932 -0.1748447477902574 0.9845960157192194
168 5.519990309009833e-05 -0.9894065468708154 -0.1451712265194761
169 0.1037643405520814 0.8105401904102261 0.5856830198407279
170 0.027062028458081536 -0.8504840093331059 -0.5260009029162265
171 0.059633268673330686 0.7793389061636694 0.6266026407059064
172 0.02801899446110459 0.5677840689234971 -0.8231775331462087
173 0.05364112851417481 -0.3916635146886734 -0.9201085214591349
174 0.023915106185434836 0.8696546204585732 0.4936606538048732
175 3.95025209906432e-05 0.5914707145326494 0.8063264809307934
176 0.0016444521414060655 -0.1357591087880863 0.9907418757582949
177 0.06794953668464226 -0.7882129164136003 0.6154026311275951
178 3.7585035112128562e-06 0.8483613100390248 -0.5294176873026342
179 0.11981279751658218 0.9970065847783812 -0.07731668583526168
180 0.04372014959318766 0.7919104683655025 -0.610637216433072
181 0.00022629306383748767 0.5573709968853762 0.8302635556442316
182 0.026823141599609693 -0.11970400313041103 0.9928096250714709
183 0.01137014182702615 0.6516519776993575 -0.7585180946823327
184 0.04722768968924218 0.9644817781805769 0.26414938871334237
185 0.12516362940076325 0.96906215270481 -0.24681682316065814
186 0.05950279671277561 0.9388324682055424 0.3443742101886974
187 0.05533266320053047 -0.36093266074556324 -0.932591879874111
188 0.046735170855659286 0.605614251737194 0.7957583666495746
189 0.05164651730807214 -0.8652083380777958 0.5014125364614037
190 0.09820715913744832 0.003875386204023378 0.9999924906626898
191 0.046391711718155204 -0.07464881392441558 -0.9972098849187557
192 0.013267127266206751 0.3957792749423052 0.91834566777774
193 0.060143404187161735 -0.7063177799237077 0.7078949030496299
194 0.03558302434377787 0.9447592163263535 -0.3277651951724197
195 0.04353498252477218 0.40602944037814653 0.9138599966877908
196 0.052760577897968536 -0.8621209605867581 -0.506702525469299
197 0.06362982462831114 0.1874174980549392 -0.9822803476721027
198 0.06808263333620432 -0.29452017402745057 0.9556452621610386
199 0.08361071909903496 0.885520073425794 -0.46460111876746113
200 0.05903506108706608 -0.38359383593668467 0.9235019052667839
201 0.12021582632290058 -0.047097026471359583 -0.998890319353209
202 0.09290112143453105 0.9999658270693801 0.008267084942755064
203 0.10237700918380944 0.19034611546390373 -0.9817170449410575
204 0.002813967066941011 0.8372647744650805 0.5467976750498651
205 0.03913482018666665 -0.9469362354932696 -0.3214214770512934
206 0.12658039706594756 -0.7384923141761827 0.6742618941499706
207 0.03866930929976924 0.9299939559444214 0.36757481130627784
208 0.049514487829546656 -0.08579497127368454 -0.9963128137809669
209 0.07870146177587435 -0.9960187565535188 -0.0891439094587074
210 0.05044551317763932 -0.9882009120462817 0.1531631725673536
211 0.09340534222140577 -0.6062934246526239 0.795241022095184
212 0.050041106462112475 0.6380136716606946 0.7700250351605715
213 0.020751151401515497 0.9987220939764154 -0.05053888605187124
214 0.08314459387890037 -0.2145686455508626 -0.976708910754104
215 0.019864356990165744 -0.9882206905263566 0.15303550834891477
216 0.029206763399714005 0.1478063449824283 -0.9890163215958245
217 0.09498402217056845 0.9488923897062929 0.3155997984116605
218 0.08749769814664154 -0.7624950765151685 -0.6469940171980938
219 0.11343570017788444 -0.10955934151186435 -0.993980256688978
220 0.02186314524523586 0.5301788031643826 0.8478858629999576
221 0.0016409632374292868 0.1577659605442396 -0.9874765322242111
222 0.0907702252207557 0.9001309770010059 -0.4356193570575286
223 0.09800333146350801 0.9407104630057201 -0.339210590624119
224 0.06060319115011408 -0.973721572049286 -0.22774173997286298
225 0.05303304435804246 -0.9999647628714107 -0.008394820755890636
226 0.009962097732755242 -0.31284084206837803 0.9498055630148458
227 0.09975744334478595 -0.8492306743440866 0.5280220277157838
228 0.015616626293472855 -0.763365238182337 -0.6459671145923945
229 0.06734625125865762 0.2888131340206078 -0.9573854885140021
230 0.1365203939963669 0.13060633348085277 0.99143430728147
231 0.025930909213580083 -0.7237371231107881 -0.6900757760067513
232 0.07403403950960846 -0.9788807913633556 -0.20443188670031573
233 0.009602404653526717 -0.19890921864530306 -0.9800179196004096
234 0.03730508854931029 -0.9918723642445622 0.12723683840736785
235 0.07745546787609009 0.5029615237683047 -0.8643088022279218
236 0.016458530279640032 -0.0049448279238970124 -0.9999877742636673
237 0.032169649685904016 -0.6184375745257948 -0.7858339305569924
238 0.050040510968423865 0.6381656715773737 0.7698990684630028
239 0.0817297713782868 0.6502819308123029 -0.7596929711791621
240 0.036829089728621416 -0.9827347399689885 -0.1850200823102304
241 0.06508400348735172 -0.9580124453797805 -0.2867266197921868
242 1.4351815273060208e-05 -0.9851297805976944 -0.17181186041580018
243 0.10770355012227015 0.657957864290258 -0.7530547449014596
244 0.14033957703519856 0.6246943903390582 -0.7808693352148697
245 0.04106511144745004 -0.8733135523274896 0.48715853612673266
246 0.0447666241641856 -0.9374320270613326 0.34816834238580785
247 0.09851755372819035 -0.13104170117692268 0.9913768569785448
248 0.06006964030397504 -0.8836915840840186 0.4680696360789469
249 0.1487254658994841 -0.30378456728651543 -0.9527407499831969
250 0.0863427446005655 -0.07153530113026314 0.9974380685998517
251 0.019227964596170394 -0.1766779273461444 0.9842687183836895
252 0.0037773989370378513 -0.03641894750702108 -0.9993366100881529
253 0.08050707833409264 -0.7324915074504266 0.68077616843791
254 0.03792680602839825 0.8047467200425208 -0.5936183256780444
255 0.0569601497660509 -0.9711855519124871 -0.23832461844391525
256 0.008462945823374127 0.9890213824716028 0.1477724771869229
257 0.037833868666632145 0.40134582359370297 0.9159265963404994
258 0.05695603290752633 -0.4289080107734377 -0.9033481711357878
259 0.05029360751616991 0.7944064984835009 -0.6073864627789983
260 0.008625210491443606 -0.42771230657892106 0.9039149201119202
261 0.03357988026852163 0.8188105285342616 0.574063862615862
262 0.06887434991556596 -0.20330785563192474 -0.9791148634549209
263 0.05144673687439304 -0.937383343443026 0.34829939338961546
264 0.044538229246587305 0.04195323029056982 0.9991195756605845
265 0.09123702292283352 0.4694253482384874 0.8829721640183086
266 0.09439358093511963 0.9007550247676773 0.43432750932422076
267 0.01324674732620557 -0.8361409399525094 0.5485146566276365
268 0.052099511859766925 -0.16150777846800993 0.986871439192729
269 0.009370929546275546 0.45308644750438914 -0.8914665843921759
270 0.09004729365827777 -0.9176804284182942 -0.3973193064753032
271 0.0839786290568801 -0.2502224970503407 0.9681883607903434
272 0.06584846673124468 -0.24547255052039152 -0.9694035418446818
273 0.009378977731360417 0.45023345581761287 -0.8929108775586339
274 0.034125272146472 -0.9999632432483285 -0.008573922806053312
275 0.0770011795579694 -0.6810049990007506 0.7322787661375876
276 0.03925603976013307 -0.8383628722400748 0.5451125520930261
277 0.021784815176940697 -0.5802869992400643 0.8144120569545624
278 0.09334776093007101 0.9027887420590377 -0.430084279195904
279 0.06630156033369616 -0.48679773160710543 -0.8735147213998036
280 0.10031309938030895 -0.6231635472699236 -0.7820915504939084
281 0.07728950424317974 0.9539571807642481 -0.29994282333192723
282 0.07013655478623292 -0.08248167137432173 0.9965925816938928
283 0.0782730611100652 0.6417811051896962 -0.7668878751300559
284 0.07732086318560731 -0.8956941063495418 -0.4446707409428865
285 0.04458818514318337 -0.9991674733780231 -0.04079657024037059
286 0.07657695884323688 0.6089324709517703 -0.7932220658936383
287 0.05533662472727446 -0.9999999229178529 -0.00039263760422652254
288 0.028199452677129245 -0.8421178236440553 -0.5392935852585303
289 3.67127445565928e-05 0.9707469337774984 0.24010495738652538
290 0.0373175199746316 -0.8713120660748973 0.4907293383447679
291 0.07120074812442088 0.997788327109835 0.06647145465052565
292 0.0548573709656976 -0.15760347046226075 0.9875024790339776
293 0.09871847466220632 0.4862137552179919 0.8738399076700598
294 0.039903360046725685 -0.2964781494900142 -0.9550396362847863
295 0.04434275561214152 0.8723375342428292 0.48890410752124047
296 0.03704331286294789 0.4404941778330738 0.8977554674270518
297 0.051082238092668174 -0.9965490934717058 -0.08300544741594555
298 0.05248822165733628 -0.22596193799218292 0.9741361314409895
299 0.07497600206487633 -0.9407203556843947 0.3391831546539803
