0 0.07525966949816491 -0.8044997285508693 -0.5939530173015184
1 0.004659552211315213 0.27845249619345586 0.9604500025319556
2 0.021904719231931446 0.6707898118499492 0.7416475094802851
3 2.1342875643770576e-05 -0.5703343381146261 -0.821412650722736
4 0.09302007982138087 0.030899039478557853 0.9995225106816267
5 0.13466113914306024 0.35925381982648896 0.9332398903497838
6 0.004654175917971612 0.2724874444869916 0.9621593384658015
7 0.08724889059428302 -0.5648256854562665 -0.825210242937434
8 0.03384987227144014 -0.37341973000763473 -0.927662495329538
9 6.758010641691786e-07 0.998390991191539 0.05670475030873773
10 0.0674159754461805 -0.7363036229437316 -0.6766512948631186
11 0.02729571555569335 0.9918154595625003 -0.1276796544983824
12 0.03985214609986303 0.7206662289949506 0.6932821838084384
13 0.0674326889308694 0.9968028734286031 -0.07990013469625892
14 0.08783734461611614 -0.5753431245554157 -0.8179121523897364
15 0.030223330352674164 -0.8692876387085874 -0.49430658622806994
16 0.028468074563741137 0.44241144672404825 -0.896812194279011
17 0.059878992100499316 -0.7081010577350587 0.7061111045965013
18 0.05112217852652795 0.5336446539228867 -0.8457088052867384
19 0.1177021113389229 0.7246951293162739 0.6890696405627438
20 0.05199989097145177 -0.9994787824645439 -0.032282555710365285
21 0.08773496847041375 0.455849143380368 0.8900570534967883
22 0.049483439208117916 0.17010753813015456 0.985425504780193
23 0.013625074442157178 -0.013020820436385062 0.9999152255242258
24 0.054219547330746624 0.017800811097163943 -0.9998415530094171
25 0.036015229216400754 -0.8590152056616132 0.511950072216165
26 0.013432123108202848 0.3868912512812941 0.9221253492242768
27 0.030075404709713496 0.7762979251242784 0.6303661883760424
28 0.024784928398479737 0.9991796212740425 0.040497955882501366
29 0.006505423693883483 0.9975693013796075 0.06968133857067958
30 0.0004553641897220529 0.12267704256163801 0.9924466450285023
31 0.007788317953091851 0.7520527220117955 -0.6591029535016886
32 0.02046307883958668 0.9818707611351435 0.18955159832587515
33 0.02627937745670088 0.8943064850612703 0.44745492597283576
34 0.09205040939709024 -0.18148439566335028 -0.9833938245335428
35 0.013545948046613002 0.551249200347832 0.834340649324888
36 0.014780321982859293 -0.8112468158880781 0.5847038598397095
37 0.12984943645644434 -0.5395745810266679 -0.8419378073883461
38 0.0018689936830501301 -0.22958959034445064 -0.9732875320302152
39 0.007955192604559682 0.9988719784086901 -0.04748442639339079
40 0.08243720394242544 0.8578457554652053 -0.5139072482757285
41 0.0601385660401242 0.9660284404367739 -0.2584357797738045
42 0.060053067119875105 0.2939319885849574 -0.9558263367822067
43 0.04288225115058026 -0.9382052269947402 -0.34607940135140675
44 0.08226271448835108 -0.9426028411150988 -0.3339159833277582
45 0.16467696743311713 0.5762978297788203 0.8172397514757966
46 0.0609097098592403 0.4691348932979369 0.8831265208849371
47 0.04477260297956365 0.9378430720688152 0.34705960896152577
48 0.12629467618502072 0.19599360256087034 0.980605174244564
49 0.10111913630434385 0.9420272749699448 0.3355363068472621
50 0.0028158968509959196 -0.844717065123169 -0.5352131163281593
51 0.004058522495929296 -0.04984083019007579 -0.9987571735141451
52 5.794757639725215e-05 -0.745183249470343 0.6668597489043859
53 0.016456000648728465 0.0040864242118959495 0.9999916505337234
54 0.01568684223800529 0.8587999803829555 -0.5123110321808768
55 0.0050299003899674346 -0.993404075222314 -0.11466622576721976
56 3.10401950649393e-05 -0.744570768988943 -0.6675435341363243
57 0.059270469581698654 -0.9132264400697894 -0.4074524133656093
58 0.027617783344060644 0.6810083162140532 -0.7322756811797727
59 0.06696843226885756 0.9756780546816703 0.2192084250492929
60 0.037741908482035305 -0.9426507627625283 -0.3337806756887274
61 0.04151177562166565 0.02122639776327427 -0.9997746946377445
62 0.013554506833620531 0.5477153508053557 0.8366647443822204
63 0.125834933211615 -0.3374136252793342 0.9413564922365262
64 0.08250403935320699 0.9683682544460375 0.24952539706637958
65 0.04183909824546954 0.5109145583236041 0.8596314990116385
66 0.13918226223888094 -0.8034440404757527 0.5953802766501398
67 0.014622362350047406 0.4508522023398515 0.8925986173220893
68 0.04467257073748315 0.9984666595947927 -0.05535638786640772
69 0.11221135777214787 0.1493436085052812 -0.9887853592153463
70 0.008498435016368258 -0.9855132684377088 -0.16959834236579258
71 0.0026289659101611453 -0.7827455130534615 0.6223419171120272
72 0.007586206531865382 -0.3658890360196356 -0.930658483720329
73 0.07012884642032945 -0.8713831483888431 0.4906031071079222
74 0.09940228463120088 -0.9970374165399605 -0.07691807342439974
75 0.00010091027515366787 -0.6953129829808327 0.7187070722473073
76 0.08321554798516238 0.8206462166111125 -0.5714365994245267
77 0.07826311191191501 0.12890965203751187 0.9916563424955077
78 0.05971374979232556 0.6577505102931153 0.7532358635972841
79 0.028913135958899508 0.17260465237982864 -0.9849911847203703
80 2.939233929315007e-05 0.9954785160735499 -0.09498696771664637
81 0.039728318606801455 -0.9999324763589751 -0.01162078838150935
82 0.08678976892927702 0.5805104760619515 -0.8142527784308301
83 0.0147831709357356 0.8134252027101384 -0.5816695278213998
84 0.13558799079584727 -0.5924795493972118 -0.8055854911467043
85 9.896599141825347e-06 -0.7301720802787968 0.6832632971127122
86 0.11298062971430847 0.03084709156733016 0.999524115237765
87 0.06477983618269657 -0.2670681045635055 -0.963677657479334
88 0.010988203247098415 0.7315596012132392 0.6817774929349945
89 0.05627999820081932 -0.9810100934054516 -0.1939566875274658
90 5.5287854705933274e-05 0.6242721640723138 0.7812069285179633
91 0.013432724852966696 -0.386636546537123 -0.9222321729813199
92 0.08004554491671838 -0.8878975201099688 -0.46004129573611924
93 0.05668811953581921 0.9981159337405029 -0.061356196209707295
94 0.06243535513589602 -0.7532566297337713 0.6577267287879672
95 0.06779517740346722 0.7184097802548133 -0.6956201460813444
96 0.012546320251684059 -0.7852812775194171 0.6191391727047095
97 0.07288242449043417 0.905297452588996 0.4247782036967934
98 0.021878427054649954 0.6927920912914913 -0.7211373782047092
99 0.09413172151387551 -0.5109299366970207 0.8596223588220461
100 0.055742980559594466 -0.03653764575062338 -0.9993322772946954
101 0.07106200844613898 -0.6479312109268198 0.7616988551303625
102 0.03333186563472657 -0.8206444079920773 0.5714391967929161
103 0.06620591531470102 -0.5841671790107484 0.8116333574752975
104 0.05942940704177574 0.5421180836110874 -0.84030231668242
105 0.10833376444850774 -0.9937477779473178 0.1116483489567501
106 0.03167603113082334 0.9436334892864865 -0.33099220216949266
107 0.0551556755408094 0.9994088134209081 -0.03438057091748745
108 0.00018513388153439786 0.7453500203024152 -0.6666733437262881
109 0.062300754193420065 0.5789485118127279 0.8153641031280612
110 0.029206668518212794 -0.1459368705032685 0.9892939046753054
111 0.03070465539765232 0.2987212766941999 0.9543403998837036
112 0.039618822756328546 -0.8071130742526742 0.5903968880087337
113 0.054420135216045634 -0.9920829523864674 0.12558429672594576
114 0.04685746183033518 0.7663939742070598 0.6423708246014203
115 0.030585430502627794 0.939820871394245 0.3416675719054445
116 0.026206671304624406 -0.1275985026559662 -0.991825903130159
117 0.058758169839428234 0.15102472924885113 -0.9885299849550904
118 0.11541984378623886 0.6057570256350477 0.7956496879241391
119 0.03617118261110642 -0.8286135056029179 -0.5598210949334109
120 3.8822452998038964e-05 -0.5821533742203022 0.8130789930160025
121 0.0016363965982570392 -0.01809708935770894 0.9998362342687822
122 0.09474543641652529 0.08433792581473938 0.996437210399766
123 0.05541061154849511 0.7767563458983762 0.6298012218998961
124 0.06588399967349343 -0.6736439115529974 -0.7390560739399802
125 0.015913979856936537 -0.4635098269504692 -0.8860917787229188
126 0.006664120813734684 -0.9738160927958666 -0.2273372327881912
127 0.025624032475042028 0.9508333434586094 -0.309703007682073
128 0.08423723340783991 -0.7782629430193324 0.6279385252736827
129 0.03709266414161828 -0.6034085701210034 0.7974321899099172
130 0.09043915784437641 0.7428515015563706 -0.6694562320536314
131 0.013915285699118183 0.2914923930987513 0.956573146583973
132 0.03058548533522985 0.9397880114828948 0.34175794573502816
133 0.09793046555283413 0.999930329267825 -0.011804092948594387
134 0.11193734130763303 -0.9688900487433915 -0.24749156237340397
135 0.03311967369333566 -0.2834159419467263 -0.9589970822950661
136 0.06118745435634169 0.46493661414256365 -0.8853439697821682
137 0.058370974207808936 -0.8958289410485836 -0.44439904183039525
138 0.06737407834434726 0.9971570479231374 0.07535132233221811
139 0.00010198985718348127 0.917040295275935 -0.39879455467724967
140 0.060460626592342914 0.8108831648875444 0.5852080765864048
141 0.01859841229404458 0.5016932701243524 -0.8650455841815121
142 0.10266635477805713 -0.6229982682807261 0.7822232147662306
143 0.01448011055701078 0.8500021420695016 0.5267792312508711
144 0.11933428514776696 -0.7079493425692023 0.7062632146415628
145 0.09287046768835965 -0.7798906989661047 -0.625915727287756
146 0.13885764397766479 0.8874754415366471 0.46085501046352223
147 0.1281207359050018 0.36153127364896676 -0.9323599831469366
148 0.06648283497167291 -0.28708881785165963 0.9579039673498261
149 0.17718278192145948 -0.7359126882718428 -0.6770764471169481
150 0.019802290460166263 0.3262390846425066 0.9452872894795632
151 0.08088926914587821 0.46082443366822484 -0.8874913190191551
152 0.10219099516300517 -0.356858905772973 -0.9341582956707692
153 0.00018374407839454737 -0.8172351377313125 0.5763043724086108
154 0.0362668790974347 -0.9420744877784881 -0.3354037260927482
155 0.040763552527426694 -0.08183408664218685 0.9966459663608934
156 0.01928171557366444 0.564659393838631 -0.8253240387567722
157 0.029677781724366848 -0.7041098267732038 0.7100910870032161
158 0.041808317010494915 -0.519191915539723 0.8546576828404417
159 0.04730955714659096 0.8819602378536545 -0.4713238152747271
160 0.07075975393426116 0.4797427304223735 -0.8774092047653056
161 0.0628007654471376 0.9125735611905761 -0.40891257673975984
162 0.07108808619231892 -0.08190534908974437 -0.996640112473147
163 0.045086931615241604 -0.9995798127296094 0.028986168829962734
164 0.17060383877343469 0.31149140533543385 -0.9502489696927624
165 2.9416814316648635e-06 -0.3241355445917978 0.9460106493756709
166 0.001636422842094067 0.017684489011392465 -0.9998436171964123
167 0.016347569001096202 -0.17561508413452181 0.9844589083473342
168 5.519990309009833e-05 -0.9894065468708154 -0.1451712265194761
169 0.10232114543680153 0.8109947749814599 0.5850533949587604
170 0.06676863828194765 -0.8885228212882065 -0.4588324269818404
171 0.061807607542246214 0.7901075098516246 0.6129682886382174
172 0.027034220043809204 0.5682371113292967 -0.822864864548327
173 0.053666635342927586 -0.38876030235267794 -0.9213389318348891
174 0.02217816993939044 0.8669951865904092 0.49831651229821944
175 3.95025209906432e-05 0.5914707145326494 0.8063264809307934
176 0.0016444521414060655 -0.1357591087880863 0.9907418757582949
177 0.06941024555818608 -0.7877485143263195 0.6159969790321024
178 3.7585035112128562e-06 0.8483613100390248 -0.5294176873026342
179 0.12113449608881338 0.9966211744833988 -0.08213546475993638
180 0.039927841692147005 0.7942814616535049 -0.6075499647548108
181 4.97390099606318e-05 0.5606627788526232 0.8280442309498053
182 0.03062884088046794 -0.1327876779156713 0.9911445064135521
183 0.09926235810925868 0.7333170047896851 -0.6798868806546313
184 0.043671497250064584 0.9631759264692884 0.2688719670587246
185 0.1261581402683695 0.969295018514841 -0.24590072607114047
186 0.059040546259090346 0.939254085412532 0.34322261440043256
187 0.05550700217511466 -0.36064902958542505 -0.9327016015098779
188 0.04881424080719383 0.6219148881014848 0.7830848433967533
189 0.051942032933481035 -0.8661666947098566 0.49975519704691623
190 0.0997058464146232 0.0033195132823636755 0.9999944904006063
191 0.041237050421812985 -0.04027629132040522 -0.9991885809783225
192 0.012654926096073662 0.39889640348464617 0.9169959974214796
193 0.05988834730975763 -0.7075247979672852 0.7066885171427029
194 0.03535680875627963 0.9458681185580444 -0.3245512321582916
195 0.04635162566642654 0.4073013195119641 0.9132938383257674
196 0.05219706771472668 -0.8608947072904509 -0.5087831590759356
197 0.06388131971615746 0.18804112999603276 -0.9821611545107122
198 0.06815645952514507 -0.2986731442301756 0.9543554646543712
199 0.08356869930061768 0.8856034233451909 -0.46444222090511816
200 0.05966776912176867 -0.3851564883638469 0.9228512770057967
201 0.12038555091695405 -0.046129342618005366 -0.9989354752683632
202 0.0947573902050799 0.9999772040028734 0.006752145925241901
203 0.1002100193780072 0.20102094043064597 -0.9795869443333648
204 0.002813967066941011 0.8372647744650805 0.5467976750498651
205 0.03812990192093188 -0.9470897337350026 -0.3209689023157258
206 0.12563866211009372 -0.7446571798920574 0.6674471398059986
207 0.045528738789551375 0.9301927593308892 0.3670714242329229
208 0.049270212166842915 -0.08315148843040539 -0.9965369185192329
209 0.08051562232997861 -0.9960515007843093 -0.08877729318539287
210 0.05021732454752892 -0.9878046001962782 0.1556986571267423
211 0.09488432443180733 -0.6059425127530378 0.7955084356803105
212 0.050041106462112475 0.6380136716606946 0.7700250351605715
213 0.019798619585918966 0.9986609867493932 -0.051732325916475023
214 0.0838140200090004 -0.21344864925016058 -0.9769542845667252
215 0.018090120263558235 -0.988606312084774 0.15052428277903335
216 0.029206763399714005 0.1478063449824283 -0.9890163215958245
217 0.09637672745620901 0.947459789107217 0.3198748943335627
218 0.08809333361345878 -0.7620042291443317 -0.6475720460042672
219 0.11509259460969265 -0.10621205016863829 -0.9943435022158965
220 0.021195138570228398 0.5288960087146158 0.8486866394410537
221 0.0016409632374292868 0.1577659605442396 -0.9874765322242111
222 0.09280642557943769 0.8995325878215165 -0.43685366365308853
223 0.09946756879722257 0.942222860017819 -0.33498668937711773
224 0.05993751291554198 -0.9735563144622762 -0.22844715487532233
225 0.05419657637640049 -0.9999672206960206 -0.008096760677948442
226 0.007797976936682941 -0.3079184628790074 0.9514127496613809
227 0.09953763202000701 -0.841072342106635 0.540922651904373
228 0.0153516681897727 -0.7629903117821631 -0.6464099195762373
229 0.06811850943521988 0.2904576022114261 -0.9568878624570326
230 0.1368002488005278 0.13331490497049917 0.9910737288984643
231 0.022467554733820422 -0.7225289205070421 -0.6913406967848258
232 0.07386347520953888 -0.978762793288656 -0.20499608404500708
233 0.00802325499022865 -0.20092507971430495 -0.9796066110137274
234 0.03679720488966206 -0.9913620159365935 0.13115393001406164
235 0.07769927191014939 0.500693092087195 -0.8656248769161868
236 0.016458530279640032 -0.0049448279238970124 -0.9999877742636673
237 0.03187339647336638 -0.6169150576588713 -0.787029739993192
238 0.050040510968423865 0.6381656715773737 0.7698990684630028
239 0.0828640891230925 0.654791872100273 -0.7558092379902615
240 0.04292212856491882 -0.9839354246743658 -0.17852473237866934
241 0.06621367224359405 -0.9578335251183661 -0.28732375147092243
242 1.4351815273060208e-05 -0.9851297805976944 -0.17181186041580018
243 0.10921963709165222 0.6570112039128725 -0.7538808114900909
244 0.14017860111267794 0.6238865705703618 -0.7815149052077976
245 0.040252083700212264 -0.8717534072531344 0.48994489174043926
246 0.04190941467905607 -0.9314987587996295 0.3637445014769979
247 0.1010506254396297 -0.1310550848356308 0.9913750878142569
248 0.05882399545547884 -0.8768159062300719 0.48082623325057644
249 0.14859323334740002 -0.3029760626854812 -0.9529981665457722
250 0.08550047587616329 -0.09027920276158638 0.9959164952689218
251 0.018460685986704434 -0.17526381726899268 0.9845215052787324
252 0.0010616961539395007 -1.612821612341781e-05 -0.9999999998699404
253 0.08103543740701369 -0.7326743157978081 0.6805794200313537
254 0.04435393805646466 0.8058582137573934 -0.5921085536620319
255 0.05659578601157736 -0.9704609412448688 -0.24125828797809898
256 0.014810115644685358 0.989603037117792 0.14382568938559637
257 0.035077817406555155 0.41150757909829433 0.911406337669791
258 0.05755986872768798 -0.4281217556944716 -0.9037210644336465
259 0.049172571568418616 0.7956856689570708 -0.6057097623584573
260 0.006529592119454816 -0.42855791618032985 0.9035143122713516
261 0.03096931736983872 0.8239504202561988 0.5666618965129324
262 0.06912186656378229 -0.20305494275768296 -0.979167345361187
263 0.049807386743288794 -0.9363121929977325 0.35116873044702746
264 0.04428489829262096 0.04298798970841077 0.9990755891026613
265 0.09308503020145764 0.46891824550487776 0.8832415745607921
266 0.09490664102679942 0.9011511572676965 0.43350500776241485
267 0.012139403312006846 -0.8355608747824143 0.5493978745252357
268 0.049494647379593894 -0.15883251523093558 0.9873055414133026
269 0.009370929546275546 0.45308644750438914 -0.8914665843921759
270 0.0891180841503733 -0.9161956352246292 -0.40073127903289274
271 0.08319291989290027 -0.25557428454766284 0.9667894212691563
272 0.06438743492519915 -0.24112411792953664 -0.9704942863060569
273 0.009378977731360417 0.45023345581761287 -0.8929108775586339
274 0.03352224068010537 -0.9999735168020442 -0.007277753400046914
275 0.07813328102640532 -0.6812294263155987 0.732069988950319
276 0.03843973186055564 -0.8398217908794735 0.5428621920561367
277 0.01830049683148574 -0.59946448031261 0.8004013598461289
278 0.09170434315386299 0.9042243824295261 -0.4270576848857097
279 0.06602982460755248 -0.4865944782776853 -0.8736279606958944
280 0.0990526997173156 -0.6204463258098621 -0.7842489125201528
281 0.0753978581887473 0.9576005626395458 -0.2880992232416207
282 0.0713367452579459 -0.08426270757956775 0.996443573972636
283 0.07855354419864974 0.6418200385778037 -0.7668552914859404
284 0.07830442229861552 -0.8969675339580918 -0.44209641824509216
285 0.043505780743822484 -0.9991673555143936 -0.040799456790174556
286 0.07780996477201998 0.608928668043028 -0.7932249852566067
287 0.07082385650739081 -0.9799734598245468 0.19912814476991303
288 0.02733954275718038 -0.8446649251970306 -0.5352953989545348
289 3.67127445565928e-05 0.9707469337774984 0.24010495738652538
290 0.036930153671484285 -0.8716977327222412 0.49004393962878906
291 0.07091505516539678 0.9977148076509402 0.06756598696124716
292 0.053846548549175574 -0.16566475214245738 0.9861821281576635
293 0.09853778194928621 0.48620477239418175 0.8738449057476515
294 0.03834438384340397 -0.28298425241598163 -0.9591245554590748
295 0.04426860015523256 0.8714040234123862 0.4905660281559511
296 0.03676223163008134 0.4408514011817433 0.8975801034314952
297 0.050616608090065074 -0.9966903166001445 -0.08129214473430746
298 0.05245576756139974 -0.2230240460061714 0.9748129435450871
299 0.071957412369671 -0.9410525940678773 0.33826027729858965
