0 0.07847408111673207 -0.8046084105293586 -0.5938057811316921
1 0.004659552211315213 0.27845249619345586 0.9604500025319556
2 0.01548187728903533 0.6308855733996982 0.775875887804315
3 2.1342875643770576e-05 -0.5703343381146261 -0.821412650722736
4 0.0913207194745826 0.036449257489377766 0.9993355050374589
5 0.13509503894003355 0.36247643265083385 0.9319929376195538
6 0.004654175917971612 0.2724874444869916 0.9621593384658015
7 0.0854234306880218 -0.5695062636710122 -0.821986992378519
8 0.03449324555842365 -0.37802738616509357 -0.9257944130902861
9 6.758010641691786e-07 0.998390991191539 0.05670475030873773
10 0.06948309112609802 -0.7407394398055538 -0.6717924399072636
11 0.02236351796776294 0.9917274079959383 -0.12836178648514404
12 0.03247660533444896 0.7368351057995406 0.6760725011870988
13 0.06383191706847183 0.9979252186401844 -0.06438367807092255
14 0.10551616109843107 -0.5304235358291882 -0.8477327837464244
15 0.02694066414354203 -0.8671114164400608 -0.49811423537107574
16 0.024078796445995754 0.43992105861883307 -0.8980364481376495
17 0.059878992100499316 -0.7081010577350587 0.7061111045965013
18 0.04418813517762898 0.5370892605861631 -0.8435254152442643
19 0.1157409924895158 0.722158348774727 0.6917277783167015
20 0.052818104903675486 -0.9994555535797066 -0.032993884564905124
21 0.08455481696902449 0.4545670395909408 0.8907125274281978
22 0.046703589531807935 0.17612597334634222 0.9843676353440333
23 0.022084810030461886 -0.012153846042278852 0.9999261392854877
24 0.08422503241455669 0.008018962459317606 -0.9999678476036498
25 0.033679543150219114 -0.8612520079029304 0.5081780976027701
26 0.013432123108202848 0.3868912512812941 0.9221253492242768
27 0.025749856779387927 0.7734935074263112 0.6338042236916248
28 0.018784159820591336 0.9994378919758666 0.033524619055792106
29 0.00397884932005134 0.9909885931981097 0.13394628830703562
30 0.009048650032175417 -0.9907152332253776 0.13595339883646038
31 0.005430989291725802 0.7476441818932286 -0.6640995236266963
32 0.016184974393668793 0.9813025229738646 0.19247170806414113
33 0.026234711232972215 0.8928345995547825 0.4503846998265495
34 0.09356028119620086 -0.1813637125040633 -0.9834160888386683
35 0.013545948046613002 0.551249200347832 0.834340649324888
36 0.014780321982859293 -0.8112468158880781 0.5847038598397095
37 0.13259941938235076 -0.5420828101443927 -0.8403250721869235
38 2.359809156696864e-05 -0.17103882286099448 -0.9852642899620007
39 0.004440212531571525 0.9993289108907359 0.03662960357327812
40 0.08172514146470622 0.8537107520270518 -0.5207474933913802
41 0.05301896198887171 0.9662596891907542 -0.25756982168916265
42 0.06124037758889858 0.2934492611424502 -0.9559746498390792
43 0.04115993297848195 -0.9378152377213343 -0.34713481516217454
44 0.08176069431732155 -0.946329407803122 -0.3232037313011599
45 0.16566423983314704 0.5764001626311712 0.8171675792141777
46 0.05908927335060997 0.474570977820934 0.8802172385326719
47 0.039069784674831055 0.9369909511422461 0.3493536281156229
48 0.13108186172233827 0.19622341681218822 0.9805592132525961
49 0.10152739531722031 0.9424072884188073 0.3344674912979004
50 0.0028158968509959196 -0.844717065123169 -0.5352131163281593
51 0.0007017708939808004 -0.04854604624139923 -0.9988209456125396
52 5.794757639725215e-05 -0.745183249470343 0.6668597489043859
53 0.016456000648728465 0.0040864242118959495 0.9999916505337234
54 0.014814105919646972 0.8581145596633535 -0.5134582772667793
55 5.796952059686884e-05 -0.9966412572489599 -0.08189141804372795
56 3.10401950649393e-05 -0.744570768988943 -0.6675435341363243
57 0.05939127705751225 -0.9122063858639721 -0.409731021023537
58 0.025915020755276064 0.6841625585679424 -0.7293295506516699
59 0.062487731518971516 0.9748401598934101 0.2229050530135882
60 0.03590597989237362 -0.9423507243538047 -0.33462682544867733
61 0.03802764478886313 0.014805959256473633 -0.9998903857776089
62 0.013554506833620531 0.5477153508053557 0.8366647443822204
63 0.12802083147823112 -0.33760718289890246 0.9412870922598838
64 0.08482792678920077 0.9675214668688049 0.25278886674067774
65 0.041328435576630164 0.5107976257261873 0.8597009861297646
66 0.13617304225250623 -0.8124550004342691 0.5830239036860768
67 0.010724993681222598 0.4548611358224287 0.890562376882344
68 0.045040637377649934 0.9984614738494944 -0.05544984434870479
69 0.11558833510173822 0.15521099857735907 -0.987881342024749
70 0.004445157617981346 -0.9991251885279693 -0.0418193453912156
71 0.0035215289490672158 -0.625751878545533 -0.7800221705161569
72 0.005397588993441727 -0.36491322502613416 -0.9310415340901962
73 0.07057303818054501 -0.8705391314081343 0.49209919801516744
74 0.10264868213966573 -0.9967831160231013 -0.08014623890911296
75 0.00010091027515366787 -0.6953129829808327 0.7187070722473073
76 0.08462864749402528 0.8192070585821418 -0.5734978597773449
77 0.07746218983717679 0.13007152808388847 0.9915046129907426
78 0.06392390106975236 0.6608846613915516 0.750487484464181
79 0.027239655633248466 0.16876838732845198 -0.9856557367755506
80 2.939233929315007e-05 0.9954785160735499 -0.09498696771664637
81 0.03370031821092491 -0.9999362661143638 -0.011289982695482178
82 0.08892036161370476 0.5774997038698079 -0.8163908941372903
83 0.0147831709357356 0.8134252027101384 -0.5816695278213998
84 0.13532012516368852 -0.6032605881157254 -0.79754414475079
85 9.896599141825347e-06 -0.7301720802787968 0.6832632971127122
86 0.1103940625035759 0.034943747045868064 0.9993892807822157
87 0.06563943398897347 -0.26515318145755434 -0.9642063007276697
88 0.008475445576221331 0.7307533531021315 0.6826415874600605
89 0.05430551591965734 -0.983228601140726 -0.18237740512149872
90 5.5287854705933274e-05 0.6242721640723138 0.7812069285179633
91 0.013432724852966696 -0.386636546537123 -0.9222321729813199
92 0.07616160554878695 -0.8965146899843346 -0.44301400727549506
93 0.057612366705731284 0.9983789161507992 -0.056916955167643044
94 0.06465656695000888 -0.7566143579006452 0.6538613870069055
95 0.06385846960236434 0.7244012140020258 -0.6893786195933198
96 0.01224532997117573 -0.7863550322772095 0.6177748483163659
97 0.07107286887410705 0.902093580980704 0.43154046293877246
98 0.015613615820871915 0.692166493882079 -0.7217378642879906
99 0.09348946236894058 -0.5016262887394398 0.8650844273511668
100 0.05619460465157131 -0.03767968075087481 -0.9992898686860145
101 0.06756776883756224 -0.6597981463902591 0.7514428827395853
102 0.030148327040367327 -0.820505152980698 0.5716391291121711
103 0.06467655328741687 -0.5936436383301019 0.8047280476472777
104 0.058669500737208405 0.5579673448603755 -0.8298629055870993
105 0.11275543240633654 -0.9945233506806282 0.1045146159681798
106 0.025805136679994893 0.9418288389864404 -0.3360929009268921
107 0.05209798905486502 0.9984711841194517 -0.055274718299599276
108 0.00018513388153439786 0.7453500203024152 -0.6666733437262881
109 0.059345860252624595 0.5886863906762005 0.8083615115977676
110 0.029206668518212794 -0.1459368705032685 0.9892939046753054
111 0.027895070237542622 0.30197597561147344 0.9533155354621569
112 0.03716113185030205 -0.816453912474614 0.5774106067651472
113 0.06454539178768544 -0.9921740707910902 0.12486237723924967
114 0.04635004565301 0.7617365496070363 0.6478868952161073
115 0.030585430502627794 0.939820871394245 0.3416675719054445
116 0.019145221416650194 -0.13690429488710293 -0.990584279120896
117 0.0661606351705745 0.15167386416993164 -0.9884305938849531
118 0.11241111656031531 0.6126952798547838 0.7903192355268016
119 0.03362040927964983 -0.8261933945569138 -0.5633866121860935
120 3.8822452998038964e-05 -0.5821533742203022 0.8130789930160025
121 0.0016363965982570392 -0.01809708935770894 0.9998362342687822
122 0.09740591989291583 0.08399442017561982 0.9964662249064749
123 0.04882421171646541 0.7795592089346866 0.6263285397977053
124 0.06195791462714435 -0.6642853357498298 -0.7474790918197884
125 0.013808523273350982 -0.4534352353733111 -0.8912892276483263
126 0.003979148690914138 -0.990902008595939 -0.13458532371894627
127 0.025227242328272743 0.9524613185106994 -0.30465954234335096
128 0.08792844353350832 -0.7758960163218551 0.6308608181333467
129 0.03465366700417911 -0.6004326680060322 0.7996753161072048
130 0.0900465778580077 0.7426283812891128 -0.6697037309914826
131 0.020586958255793174 0.28726186006720955 0.9578520886602101
132 0.03058548533522985 0.9397880114828948 0.34175794573502816
133 0.09453026203907382 0.9991975487575682 -0.04005319658737776
134 0.11555168737521168 -0.9693339371173839 -0.24574726519843823
135 0.02918552972396106 -0.29251579812878503 -0.9562606903167566
136 0.058011364685416275 0.4700310042883406 -0.8826499051196312
137 0.054350008432296176 -0.9038405921519158 -0.4278693538668949
138 0.06743893509442071 0.9974490403213229 0.07138215436698456
139 0.00010198985718348127 0.917040295275935 -0.39879455467724967
140 0.056282556470080035 0.8069291101586821 0.5906482973635983
141 0.013519637797585209 0.5092635713191134 -0.8606106058649883
142 0.10656060962140514 -0.6219435166181285 0.7830621061810332
143 0.010990619098482458 0.8495669622394157 0.5274807832246509
144 0.12893090357213355 -0.663115544755297 0.7485170501090043
145 0.09443179458549278 -0.7829888477088428 -0.6220357420306156
146 0.1414946916415461 0.88689561227212 0.4619698831444116
147 0.12884251012325706 0.3588577776409298 -0.9333922516426912
148 0.0652887018027586 -0.2784950270132349 0.9604376710275881
149 0.1787231603071286 -0.7325361706983726 -0.6807281091732327
150 0.018873551925767694 0.322148132558615 0.9466892735681529
151 0.08088926914587821 0.46082443366822484 -0.8874913190191551
152 0.10156223965411634 -0.3391162670551563 -0.9407444697783643
153 0.00018374407839454737 -0.8172351377313125 0.5763043724086108
154 0.039573300086058145 -0.9418104570851165 -0.3361444078444916
155 0.03301992300770649 -0.026873249280981493 0.9996388490215264
156 0.013637432405455029 0.5619397321243104 -0.8271781775772729
157 0.027081532311158448 -0.7035828921781848 0.7106131956516011
158 0.03859805942262771 -0.5025454172837511 0.8645508102865328
159 0.046567648093547485 0.8834205686919769 -0.46858094157994107
160 0.06198966681379385 0.4813676724358621 -0.8765187755739637
161 0.06427070669281615 0.9137051199652801 -0.4063778460364602
162 0.0717355053460312 -0.08492334515288472 -0.996387487601106
163 0.04494000071740094 -0.9995455172028892 0.030145630522658718
164 0.1754601131096797 0.31832992084649964 -0.9479799900281974
165 2.9416814316648635e-06 -0.3241355445917978 0.9460106493756709
166 0.001636422842094067 0.017684489011392465 -0.9998436171964123
167 0.01322011807097719 -0.1772951327489949 0.9841577291793813
168 5.519990309009833e-05 -0.9894065468708154 -0.1451712265194761
169 0.09961476663927105 0.8117625618057646 0.583987622514846
170 0.07225886448334784 -0.884090798930955 -0.4673151605133582
171 0.0634184600662144 0.8013531033191842 0.5981916112757792
172 0.025161848196333873 0.5691527092043583 -0.822231836895981
173 0.05372553853397468 -0.38340715493644223 -0.9235794245994997
174 0.01891349497550329 0.8617964442703091 0.5072542642926247
175 3.95025209906432e-05 0.5914707145326494 0.8063264809307934
176 0.0016444521414060655 -0.1357591087880863 0.9907418757582949
177 0.0721607821878996 -0.7868015181278207 0.6172061009677049
178 3.7585035112128562e-06 0.8483613100390248 -0.5294176873026342
179 0.12368055293228664 0.9958415684670939 -0.09110197864480395
180 0.03279650039066235 0.7991179354808847 -0.6011742885326755
181 4.97390099606318e-05 0.5606627788526232 0.8280442309498053
182 0.03738721401206152 -0.14550995547773252 0.9893567874416531
183 0.10348239462628665 0.7292258337769948 -0.684273105822702
184 0.03692650332662727 0.9605472286540115 0.2781169206019262
185 0.12808415213515606 0.9697312897787924 -0.24417458021661415
186 0.05817972582149156 0.940051185166287 0.3410333843884776
187 0.055697443788191685 -0.36042069272017524 -0.9327898607184305
188 0.0497393225843322 0.6347944938671806 0.7726810147505307
189 0.05254062499651575 -0.8680289531046957 0.49651358145771385
190 0.10247445198254428 0.0031791249909006863 0.9999949465693775
191 0.03302316662856993 0.02512108592328096 -0.9996844157243
192 0.011501421657733005 0.40447948957409974 0.9145470695999609
193 0.05988834730975763 -0.7075247979672852 0.7066885171427029
194 0.03489104081746596 0.9478222757928223 -0.318799205630935
195 0.05149145343040963 0.4096551655777527 0.9122404536718727
196 0.051091431785403846 -0.8585689520534203 -0.5126981125086102
197 0.06450620200333021 0.18862770940762316 -0.9820486684699661
198 0.06831681246255203 -0.3063158162750159 0.9519299452689629
199 0.08359434527639636 0.8862527599886459 -0.4632019488435984
200 0.060968468935886 -0.38736944832011755 0.9219245687734804
201 0.12079781193058502 -0.044652369799928954 -0.9990025855178005
202 0.09828690213823014 0.9999915356370672 0.0041144445822198575
203 0.09627986453030547 0.2210994107702062 -0.9752512755987903
204 0.002813967066941011 0.8372647744650805 0.5467976750498651
205 0.036245036955957106 -0.9473306793638544 -0.3202570591509546
206 0.1239180939379702 -0.755630223821443 0.6549984464466736
207 0.058531728552495714 0.9306339890105246 0.36595133351083553
208 0.04873496441124508 -0.07762372689234806 -0.9969827265421113
209 0.0839053403358177 -0.9961970537603178 -0.08712881314044474
210 0.04976343511803968 -0.9870734941725725 0.1602682660477377
211 0.0976744036476625 -0.6053298124802453 0.7959747597271104
212 0.050041106462112475 0.6380136716606946 0.7700250351605715
213 0.017967446277325612 0.9985465297153208 -0.05389645622385515
214 0.08504713851642008 -0.21141814119279684 -0.9773957077737668
215 0.014683759901315027 -0.9892935337828368 0.14593938473032977
216 0.029206763399714005 0.1478063449824283 -0.9890163215958245
217 0.09907579649876432 0.9448492634411447 0.32750552571632474
218 0.08921665066815086 -0.7610423930212633 -0.6487021473869721
219 0.11824244684323684 -0.09993941409301516 -0.9949935243561864
220 0.019836054591648465 0.5263888661301693 0.8502439424154662
221 0.0016409632374292868 0.1577659605442396 -0.9874765322242111
222 0.09668330818421224 0.8983372327786996 -0.43930651736971577
223 0.10223678478413804 0.9448981317273695 -0.32736450732803435
224 0.05880082117124282 -0.9732142373595131 -0.22990008308119714
225 0.05644127991603038 -0.9999739758846472 -0.007214399036019794
226 0.003686881312691793 -0.2996247388150043 0.9540571344998372
227 0.09490570733858525 -0.8189360837387418 0.5738847364677444
228 0.014874110921144344 -0.7620817049356584 -0.6474808684450531
229 0.06985630597221545 0.29527003093283277 -0.9554138416586416
230 0.13559039007110085 0.13501746242602883 0.9908432191018092
231 0.015921243971276738 -0.7202923057915561 -0.6936706669720751
232 0.0735191662949144 -0.9785428230254359 -0.20604354759470242
233 0.0050115909019328424 -0.20510930863185564 -0.9787390722314923
234 0.035823195119407035 -0.9904590826729028 0.13780713171222933
235 0.07819705926983708 0.4966883873865479 -0.8679289405448758
236 0.016458530279640032 -0.0049448279238970124 -0.9999877742636673
237 0.03132793729312874 -0.6141910349859436 -0.7891573813523481
238 0.050040510968423865 0.6381656715773737 0.7698990684630028
239 0.08204225044641576 0.6609696542136312 -0.7504126306297841
240 0.053170471401205656 -0.9883399874981973 -0.1522631574349596
241 0.0683610138505572 -0.9574365682151591 -0.2886437559421283
242 1.4351815273060208e-05 -0.9851297805976944 -0.17181186041580018
243 0.11203928522786734 0.655195260107166 -0.7554595761078835
244 0.1398858031956374 0.6222137260095129 -0.7828474175504182
245 0.038809190812439 -0.8684813373507078 0.495721864227841
246 0.0369277301952213 -0.9178870243975473 0.3968417952315714
247 0.10587223860639804 -0.131579830935514 0.9913055775546618
248 0.05666348520226454 -0.8637125512562178 0.5039847505654069
249 0.14836570412136377 -0.3015062000803786 -0.9534642160632409
250 0.08411884967325677 -0.12209739243370679 0.9925181241473071
251 0.016985401212376097 -0.17289638036989216 0.9849400193184301
252 2.5833599082019063e-06 0.018526220857132288 -0.9998283748427791
253 0.08200278771479104 -0.7329726014875997 0.6802581608981257
254 0.05651175213496479 0.8080509457961893 -0.5891126114741425
255 0.055949107341468324 -0.9685930076323278 -0.24865153441264198
256 0.026524374477820634 0.9954898255044206 0.09486836836995945
257 0.028308762449264082 0.43427576688609915 0.9007799721882644
258 0.05866735767414596 -0.4266322866653293 -0.9044251721257609
259 0.04700814802874611 0.7978981015747105 -0.6027923518953048
260 0.002496461790421895 -0.4311870945813757 0.9022625391018247
261 0.026059659377263032 0.8314412212093439 0.5556127209432078
262 0.06963596465742557 -0.20312625368174758 -0.9791525545415374
263 0.04670783496709408 -0.9345132273202961 0.3559284028613124
264 0.04375811026292922 0.045019612717698304 0.9989861032420564
265 0.0966383458359391 0.4680853096067958 0.8836832820249063
266 0.09590418230343684 0.9018205924382893 0.43211065602950943
267 0.009990054002596858 -0.8341872331584618 0.5514813324451064
268 0.044540569951093456 -0.15399877612613982 0.9880710384135601
269 0.009370929546275546 0.45308644750438914 -0.8914665843921759
270 0.08320484356048392 -0.905404768732291 -0.42454941379870786
271 0.08177777148303032 -0.2647171253466841 0.9643261085069655
272 0.061626185172764136 -0.23350703306944898 -0.9723551128610901
273 0.009378977731360417 0.45023345581761287 -0.8929108775586339
274 0.03238399451965461 -0.9999861695352323 -0.0052593477022786
275 0.0802830009464769 -0.6816148313512411 0.7317111600092069
276 0.03238757340373358 -0.8239415812037163 0.5666747486552756
277 0.011932449393974446 -0.6388912504094132 0.7692970623564712
278 0.08892143233548298 0.9067340843189263 -0.42170285786833156
279 0.06602982460755248 -0.4865944782776853 -0.8736279606958944
280 0.09668883673376921 -0.6155200342696815 -0.7881212390315655
281 0.071853654878337 0.9636745554735012 -0.26707929746228887
282 0.07372872084343698 -0.08753831055254586 0.9961611537224316
283 0.07904218642887006 0.6417990087507204 -0.7668728919231614
284 0.08017773521062051 -0.8991938348892431 -0.437550508281246
285 0.04142328486086197 -0.9991687107168923 -0.04076625472548553
286 0.08015753910027075 0.6089155498125659 -0.7932350554510691
287 0.07082385650739081 -0.9799734598245468 0.19912814476991303
288 0.025617191571614885 -0.8496532638859956 -0.5273417593628202
289 3.67127445565928e-05 0.9707469337774984 0.24010495738652538
290 0.03612285173996262 -0.8725482993776615 0.4885278551455901
291 0.07027164007084621 0.9975876514638083 0.06941813629681608
292 0.05204999586661613 -0.17829736330100993 0.9839766512676547
293 0.0982724015594147 0.48654907313415385 0.8736532489679735
294 0.03544229949078586 -0.2613231372276579 -0.9652513755232337
295 0.04408092914595677 0.8696795279297744 0.49361677311437135
296 0.03610094137099098 0.440367553836316 0.8978175858871441
297 0.049780959411116744 -0.9968994570246437 -0.07868591096232314
298 0.05245062529210909 -0.2169141637242918 0.9761906809511096
299 0.06622924358544643 -0.9416905585196571 0.3364801509672393
