0 0.07978857094600379 -0.8046070776786928 -0.593807587143642
1 0.004659552211315213 0.27845249619345586 0.9604500025319556
2 0.012896813026186105 0.6173377414432528 0.7866982350239153
3 2.1342875643770576e-05 -0.5703343381146261 -0.821412650722736
4 0.09065488086885831 0.03851518519813792 0.9992580149836944
5 0.1352651746709575 0.3636908100902361 0.931519723170641
6 0.004654175917971612 0.2724874444869916 0.9621593384658015
7 0.08467646102599104 -0.5713222684928294 -0.8207258162895861
8 0.03475408005329004 -0.3795857455451177 -0.9251565606852481
9 6.758010641691786e-07 0.998390991191539 0.05670475030873773
10 0.07034059968068317 -0.7424875191633205 -0.6698598987002415
11 0.020357739437162223 0.9916810873869473 -0.12871915521413982
12 0.029573920064865835 0.743107001819078 0.6691726113996753
13 0.06237720919382191 0.9982992399103452 -0.05829774947995032
14 0.10668216499689726 -0.5402011492832781 -0.8415359281177635
15 0.02559956220176607 -0.8662493968693943 -0.49961183174881935
16 0.022251243026155262 0.43883043862007465 -0.8985698894023285
17 0.059878992100499316 -0.7081010577350587 0.7061111045965013
18 0.04146755906267613 0.538588800836149 -0.8425687530486037
19 0.11496859821930801 0.7211081335696118 0.6928225311721257
20 0.053155533240573226 -0.9994505014044573 -0.033146572106008715
21 0.08326678530105912 0.45412209907715506 0.890939458734295
22 0.04557998682495797 0.17840153698126926 0.9839577692171148
23 0.025461801334377435 -0.011844360090366705 0.9999298531067315
24 0.08646007660391897 0.0064180595602939955 -0.9999794040436436
25 0.03263350559780634 -0.8622773690740028 0.5064363126621313
26 0.013432123108202848 0.3868912512812941 0.9221253492242768
27 0.02201582520340086 0.7672047592681709 0.641402258614879
28 0.01636107142787347 0.9995437691362509 0.030203535900572617
29 0.00397884932005134 0.9909885931981097 0.13394628830703562
30 0.013686694235646972 -0.9902872052397094 0.1390368697091734
31 0.004496115818404189 0.745815723988744 -0.6661523143029271
32 0.01444901737764282 0.9811554058964853 0.19322026156721542
33 0.026218148119361517 0.8922668360965222 0.4515084641535549
34 0.09414783546003153 -0.1812076230176455 -0.983444862389496
35 0.013545948046613002 0.551249200347832 0.834340649324888
36 0.014780321982859293 -0.8112468158880781 0.5847038598397095
37 0.13372181746325884 -0.5430863634703887 -0.8396768436800606
38 2.359809156696864e-05 -0.17103882286099448 -0.9852642899620007
39 0.004440212531571525 0.9993289108907359 0.03662960357327812
40 0.08147822957497086 0.8523256432017644 -0.523011470180816
41 0.05014080296251526 0.9662774236063294 -0.2575032827532774
42 0.061706164475789034 0.29336412563649916 -0.9560007791783082
43 0.03925770682519735 -0.936076024558812 -0.35179777748895796
44 0.07979798440356047 -0.9495913177752693 -0.31349055680487015
45 0.16602057463775408 0.5766073388680596 0.817021405327605
46 0.05838358357936513 0.4764199003889343 0.8792178788635943
47 0.035600308392006404 0.9342322142751666 0.3566653470839566
48 0.13302804909081556 0.19631208727955182 0.980541464899851
49 0.10168194181754263 0.9425492684735819 0.33406717363415933
50 0.0028158968509959196 -0.844717065123169 -0.5352131163281593
51 0.0023928079717514352 0.9990646087497 -0.04324242758921871
52 5.794757639725215e-05 -0.745183249470343 0.6668597489043859
53 0.016456000648728465 0.0040864242118959495 0.9999916505337234
54 0.0133265773668004 0.8466065634084271 -0.5322192469215792
55 5.796952059686884e-05 -0.9966412572489599 -0.08189141804372795
56 3.10401950649393e-05 -0.744570768988943 -0.6675435341363243
57 0.05940766819139001 -0.9117648792468922 -0.41071255760190745
58 0.025217934855137545 0.6854388315823626 -0.7281302137385905
59 0.060206493261295374 0.9741318162007441 0.22598054045744687
60 0.03517692640751622 -0.9422110401259879 -0.3350199335333706
61 0.03662500838331251 0.012511280648297107 -0.999921730865241
62 0.013554506833620531 0.5477153508053557 0.8366647443822204
63 0.12891447557176203 -0.33774562933909325 0.9412374248096703
64 0.08575912054234111 0.9671893307900794 0.25405668345044263
65 0.041087569567493196 0.5106256426343271 0.8598031478683248
66 0.13498804549313118 -0.8159029438259671 0.5781888845836807
67 0.0090576434077124 0.4567024249839537 0.8896195226127719
68 0.04517638081002086 0.9984581691216385 -0.05550931916593353
69 0.1169517777653896 0.15748573366737412 -0.9875212623995743
70 0.004445157617981346 -0.9991251885279693 -0.0418193453912156
71 0.008483250732639988 -0.6278020422741288 -0.7783730440582027
72 0.004502279485217331 -0.36452049837753153 -0.9311953641758511
73 0.0707391873109465 -0.8701791935252735 0.4927353966945185
74 0.10395752637935501 -0.9966812763282167 -0.0814029079133963
75 0.00010091027515366787 -0.6953129829808327 0.7187070722473073
76 0.08519469255126923 0.8186748676578978 -0.5742573125919457
77 0.07709178661621563 0.13041684849585322 0.9914592506141691
78 0.06548574065798085 0.6619036868812682 0.7495888935229658
79 0.02656094804708519 0.16727284097066397 -0.985910643351416
80 2.939233929315007e-05 0.9954785160735499 -0.09498696771664637
81 0.03125957526539776 -0.9999366957458526 -0.011251866550314559
82 0.0897841642819742 0.5763684629516536 -0.8171899380895168
83 0.0147831709357356 0.8134252027101384 -0.5816695278213998
84 0.13526631069472297 -0.6073264019066841 -0.7944524161629071
85 9.896599141825347e-06 -0.7301720802787968 0.6832632971127122
86 0.10940716457561743 0.03664470738489442 0.9993283571582843
87 0.06598318488333195 -0.2644010591562489 -0.9644128161306514
88 0.007461394940263643 0.7306021737025062 0.6828033858887732
89 0.05352626009547237 -0.9840195889966011 -0.1780602383210812
90 5.5287854705933274e-05 0.6242721640723138 0.7812069285179633
91 0.013432724852966696 -0.386636546537123 -0.9222321729813199
92 0.07462114423114533 -0.8997811248089209 -0.4363415261439062
93 0.057991859675887304 0.9984781762314635 -0.05514826914319651
94 0.06554303845775244 -0.7582574552765394 0.651955237357249
95 0.06228066592816489 0.7266441456616106 -0.6870140359379189
96 0.012124615642108491 -0.7867266094645236 0.6173015810448367
97 0.07037965734443893 0.9009577494150244 0.4339068261378406
98 0.01307510685957988 0.6918834327041679 -0.7220092212357798
99 0.0932237976401567 -0.4980173083273911 0.8671670892084987
100 0.05635763392630616 -0.03832457614292212 -0.9992653435716988
101 0.06613847900462702 -0.6642746676246412 0.7474885724559088
102 0.028877692777881672 -0.8203811868426035 0.5718170234215848
103 0.06404098387364413 -0.5972970313177579 0.8020201097098459
104 0.057242449151856514 0.5530677929862807 -0.8331362531790851
105 0.1146374357719059 -0.9948817596946021 0.10104595106669029
106 0.023422115382629217 0.9411439583488613 -0.3380059905732984
107 0.050898754963103206 0.9980294909551954 -0.06274659499696777
108 0.00018513388153439786 0.7453500203024152 -0.6666733437262881
109 0.05816409382341683 0.5919477585224278 0.8059763341316378
110 0.029206668518212794 -0.1459368705032685 0.9892939046753054
111 0.02674677158404977 0.3035368684261286 0.9528196941216418
112 0.03618252347996659 -0.819859566109456 0.5725646617272275
113 0.06860350455207101 -0.9922138620961123 0.12454578220203603
114 0.046079109675335336 0.7602190028500714 0.649666889802492
115 0.030585430502627794 0.939820871394245 0.3416675719054445
116 0.016323429280329555 -0.13382447412306323 -0.9910050505046307
117 0.06910126772100356 0.15196082434793692 -0.9883865174431992
118 0.11122985357335882 0.615401732255279 0.7882136182134903
119 0.03258055183668196 -0.8255468064761534 -0.5643336515901072
120 3.8822452998038964e-05 -0.5821533742203022 0.8130789930160025
121 0.0016363965982570392 -0.01809708935770894 0.9998362342687822
122 0.09845333292813145 0.08407447188891662 0.9964594739258591
123 0.04614020821744855 0.780728028890193 0.6248709826077972
124 0.06038770223136495 -0.661042918474832 -0.7503480925105871
125 0.012936631440428599 -0.44960092796691287 -0.8932295368891978
126 0.003979148690914138 -0.990902008595939 -0.13458532371894627
127 0.025108677740534876 0.95325374898307 -0.30217096162557083
128 0.08942318552891236 -0.77493809982794 0.6320371361202295
129 0.033643671940719384 -0.5993637956538496 0.800476758225628
130 0.08990889421887541 0.7425815897593573 -0.6697556140492333
131 0.023226605686924646 0.28545272490435253 0.9583927910020401
132 0.03058548533522985 0.9397880114828948 0.34175794573502816
133 0.09324373820871695 0.9987099852870068 -0.050777606166760234
134 0.11704003114664382 -0.9695066757125471 -0.24506490109521212
135 0.027611281327851626 -0.29615102745851024 -0.9551411251408185
136 0.056729650305569354 0.4719782059263234 -0.8816102160992516
137 0.05274671398339328 -0.9067846733387983 -0.4215940656577708
138 0.06746705234481594 0.9975578874030955 0.06984455082447802
139 0.00010198985718348127 0.917040295275935 -0.39879455467724967
140 0.054572923796332606 0.8053432065761897 0.5928088390211306
141 0.011500253812657412 0.5116882171577111 -0.8591712101915212
142 0.10815928560400206 -0.6216212184456194 0.7833179819065713
143 0.009568942468278465 0.8493968908210582 0.5277546038297718
144 0.12714095453114574 -0.6659151173092646 0.7460275172800186
145 0.09505381331661687 -0.7841963968129468 -0.6205127002935485
146 0.14262405572902206 0.8865392806732033 0.46265333006846426
147 0.12918880298182187 0.3574370924354587 -0.933937216814538
148 0.06479017917765463 -0.27522120452458015 0.9613809279260949
149 0.17931900359285696 -0.7311286208089227 -0.6822396498548311
150 0.018504963824181667 0.3204644438083555 0.9472605450743746
151 0.08088926914587821 0.46082443366822484 -0.8874913190191551
152 0.10142498655553851 -0.3326210253769375 -0.9430605778406786
153 0.00018374407839454737 -0.8172351377313125 0.5763043724086108
154 0.04077271795847052 -0.9418427803186402 -0.3360538307498572
155 0.03301992300770649 -0.026873249280981493 0.9996388490215264
156 0.011351469852647905 0.5611547474358347 -0.8277109093338232
157 0.026016933074559885 -0.7033482440599289 0.7108454456334476
158 0.03731119862013577 -0.49652884033063127 0.8680202248334531
159 0.04626542181389003 0.8840104438210025 -0.4674671488087631
160 0.05847834836382997 0.48202165972835354 -0.8761593003288405
161 0.0648780306286685 0.9141701640469362 -0.4053306195766585
162 0.0720059923371384 -0.08611390829751375 -0.9962852978929918
163 0.04487710864505453 -0.9995306764656161 0.03063375269515445
164 0.17744822005378846 0.3209388523463442 -0.9470999171442321
165 2.9416814316648635e-06 -0.3241355445917978 0.9460106493756709
166 0.001636422842094067 0.017684489011392465 -0.9998436171964123
167 0.011963383719164547 -0.17804704723731968 0.9840219758572832
168 5.519990309009833e-05 -0.9894065468708154 -0.1451712265194761
169 0.09852967988055523 0.8120412053124821 0.5836001035594933
170 0.07439930645849746 -0.883002803524858 -0.46936771189254267
171 0.06278320106570175 0.7993378045395417 0.6008819137184156
172 0.024401443127628965 0.5695410548142321 -0.8219628865594187
173 0.0537536220665904 -0.38129689780171816 -0.9244526357400827
174 0.017600406422533684 0.8596551630103076 0.5108747407239093
175 3.95025209906432e-05 0.5914707145326494 0.8063264809307934
176 0.0016444521414060655 -0.1357591087880863 0.9907418757582949
177 0.073298020693632 -0.7862867226839209 0.6178617885344415
178 3.7585035112128562e-06 0.8483613100390248 -0.5294176873026342
179 0.12471881596438822 0.9955186687298268 -0.09456521670462929
180 0.029929343763476612 0.8012155807093754 -0.5983757959915644
181 4.97390099606318e-05 0.5606627788526232 0.8280442309498053
182 0.04006858217939854 -0.14961090048055006 0.9887449511665781
183 0.10514685481864137 0.7280250316728203 -0.6855505475585216
184 0.0341936383281668 0.9594108397908936 0.28201212827063377
185 0.1288791811433861 0.9699058342500604 -0.24348033326676394
186 0.05783619267374509 0.9403762164917293 0.3401361072522297
187 0.05572837883626723 -0.3604052814325445 -0.9327958153398461
188 0.04921840378448039 0.6307739466933346 0.7759666411469723
189 0.05279605420632417 -0.8687867085990754 0.4951864850352697
190 0.10356544674924249 0.0035936824220170085 0.9999935427024765
191 0.03302316662856993 0.02512108592328096 -0.9996844157243
192 0.011037478213746373 0.40662065651973495 0.9135970893624058
193 0.05988834730975763 -0.7075247979672852 0.7066885171427029
194 0.03468987232502325 0.9485637783589806 -0.3165860994821705
195 0.05350529340745586 0.41060009233966416 0.91181553187619
196 0.05063415558722429 -0.8576473542442585 -0.5142382869427589
197 0.06481092913453285 0.1886579062069214 -0.9820428679164777
198 0.06839024074797168 -0.3093258790388458 0.9509560981227501
199 0.08364266316834783 0.8866787066013497 -0.46238606300337126
200 0.06152870984271048 -0.3880443211362178 0.9216407135288305
201 0.12105587632859315 -0.04433098679822707 -0.9990168985605276
202 0.09971962392703197 0.9999951229500308 0.0031231516378051557
203 0.09474262059662557 0.2290029198819454 -0.9734257355779861
204 0.002813967066941011 0.8372647744650805 0.5467976750498651
205 0.035488790724812584 -0.9474115625854644 -0.32001770432175874
206 0.12324281838420081 -0.7598289689735087 0.6501230175194957
207 0.06379805628079582 0.9308345028007753 0.3654410053560403
208 0.04849448275120622 -0.07522249872392384 -0.9971667742588144
209 0.08517993458032738 -0.9963489785830725 -0.0853739590066447
210 0.04957270928046939 -0.9867851347024875 0.1620342492505631
211 0.0987988910630286 -0.6050964257462895 0.7961521937098868
212 0.050041106462112475 0.6380136716606946 0.7700250351605715
213 0.017203639812971912 0.9985074933016703 -0.05461488643597866
214 0.0855110031278416 -0.2104426375644126 -0.9776062071687829
215 0.013287274201136855 -0.9895533726471545 0.14416699581610865
216 0.029206763399714005 0.1478063449824283 -0.9890163215958245
217 0.10018849552693364 0.9438336505729028 0.3304210042449292
218 0.0896726811446085 -0.7606429244871474 -0.6491705025859076
219 0.1195208354186216 -0.09742219217206091 -0.9952431443985886
220 0.01925100003039085 0.5253432797421759 0.8508903797962073
221 0.0016409632374292868 0.1577659605442396 -0.9874765322242111
222 0.09825889940327327 0.8978359046319508 -0.4403302037718131
223 0.10335438054420439 0.9459170173816177 -0.32440868704130643
224 0.05838334379508733 -0.9730654248429111 -0.23052912825776445
225 0.05733279171833564 -0.9999750472055919 -0.007064344709460992
226 0.0020339157972064322 -0.2975120812569879 0.9547180534095578
227 0.09264521655532368 -0.80866484799632 0.5882696351292397
228 0.01468816393685996 -0.7616564641450088 -0.6479810418724633
229 0.0706436585915961 0.29766688030830757 -0.9546698006994458
230 0.1333327288728874 0.1325636575857021 0.9911744935618051
231 0.013277516687977334 -0.7193744238386046 -0.6946225149870076
232 0.07337282922523558 -0.9784551006679691 -0.2064597199863316
233 0.0037834106358273284 -0.20697335761035754 -0.978346579305869
234 0.03542450997633315 -0.9901177603941999 0.14023844177676068
235 0.07841099376641447 0.4951657673680291 -0.8687985168189636
236 0.016458530279640032 -0.0049448279238970124 -0.9999877742636673
237 0.031116224640714934 -0.6131345202327672 -0.7899785187579055
238 0.050040510968423865 0.6381656715773737 0.7698990684630028
239 0.08097035015305455 0.6574894300566172 -0.7534637677843737
240 0.0556418959069429 -0.9896190928894917 -0.14371517313276147
241 0.06923502405395313 -0.957254674093763 -0.28924641557959463
242 1.4351815273060208e-05 -0.9851297805976944 -0.17181186041580018
243 0.11316520501001043 0.6544396569384843 -0.756114234376155
244 0.1397721180636542 0.6214909914536071 -0.7834213090936526
245 0.03825896464131139 -0.8670608875402347 0.4982021851597407
246 0.03507400674212385 -0.9113351463381205 0.4116652171958138
247 0.10786218739093897 -0.1318549578753611 0.9912690200362799
248 0.05586505348686347 -0.8583536085457175 0.5130585567910793
249 0.14828181230418855 -0.3009344581609124 -0.9536448248123607
250 0.0836300672303999 -0.1336821316553095 0.9910242619008338
251 0.01638002734438309 -0.17203987368085535 0.9850899866833869
252 2.5833599082019063e-06 0.018526220857132288 -0.9998283748427791
253 0.08237911205489055 -0.733066641957887 0.6801568190120475
254 0.06133850799861193 0.8090200652995224 -0.5877810255041893
255 0.055663740401154904 -0.9677885092676257 -0.2517645752077658
256 0.02921369197564562 0.9965623804048847 0.08284577214167334
257 0.023773140213541672 0.4505274025411363 0.8927625997764114
258 0.059102166512971385 -0.42602460901606526 -0.9047115742117533
259 0.04611528538249958 0.7987176173148576 -0.6017060476602148
260 0.0008000893094646449 -0.4334703285524387 0.9011678391202389
261 0.023988867085081703 0.8323674501071529 0.5542241676452917
262 0.06986106633522085 -0.2033362906858756 -0.9791089586405126
263 0.04545483018955752 -0.933868143283037 0.3576175204895491
264 0.04352720020502454 0.04587165809199619 0.9989473414469309
265 0.09809437778942337 0.46779922220402836 0.8838347626707755
266 0.09631714569782837 0.9020615501884313 0.43160741382840523
267 0.009099869113198461 -0.8335467458776197 0.5524489319718439
268 0.042529418575329575 -0.152127154501039 0.9883609304618516
269 0.009370929546275546 0.45308644750438914 -0.8914665843921759
270 0.0803867134931326 -0.8997093604173259 -0.4364894807179739
271 0.08122973243728925 -0.26807258818634194 0.9633987167642876
272 0.0605100951520113 -0.23064135886164047 -0.9730388294320305
273 0.009378977731360417 0.45023345581761287 -0.8929108775586339
274 0.031926159662258737 -0.9999892616828655 -0.004634276530103075
275 0.08115518093325112 -0.6817605152616285 0.7315754231999587
276 0.029412746282899107 -0.8148052739937401 0.5797347371617351
277 0.00941510251725362 -0.6564129018549321 0.7544018175206019
278 0.08780692884270494 0.9077878947490355 -0.41942953895393914
279 0.06602982460755248 -0.4865944782776853 -0.8736279606958944
280 0.09574017171643516 -0.6136050950191726 -0.7896130618008494
281 0.07042500851685775 0.9658191328081633 -0.259216902808608
282 0.07473280415584095 -0.08880621336435987 0.9960489227281378
283 0.0792251699737035 0.6417583950426228 -0.7669068798702466
284 0.08094031385242587 -0.9000289488820953 -0.4358301173326492
285 0.04056841669925912 -0.999169738347438 -0.0407410600096768
286 0.08111353258457206 0.6089027378280083 -0.7932448902234138
287 0.07082385650739081 -0.9799734598245468 0.19912814476991303
288 0.024886218538290806 -0.851713069224289 -0.5240084424057894
289 3.67127445565928e-05 0.9707469337774984 0.24010495738652538
290 0.03577165797242583 -0.8729170387139713 0.48786867446355997
291 0.06998047241383128 0.9975406747100294 0.07008995861790224
292 0.05136234167586782 -0.18254774930445997 0.9831969890229912
293 0.09829498971506187 0.4870500392997017 0.8733740660325099
294 0.03427851143135313 -0.25388372380179397 -0.9672347464749881
295 0.04398761162857018 0.868999123816856 0.49481362431276754
296 0.03583061934389974 0.4404003294389714 0.8978015091489018
297 0.04941627612982525 -0.99699932315975 -0.07741026817548424
298 0.0524678076206119 -0.21426618755827082 0.9767753072581452
299 0.06274643477529897 -0.9416018815885541 0.3367282236298207
