0 0.08071213598298745 -0.8045905335472671 -0.5938300037267603
1 0.004659552211315213 0.27845249619345586 0.9604500025319556
2 0.011103841343823615 0.6084160959962162 0.7936182042599093
3 2.1342875643770576e-05 -0.5703343381146261 -0.821412650722736
4 0.09019645372773392 0.039900902792870147 0.9992036418850333
5 0.1353823086982858 0.36451096495885577 0.9311990960180125
6 0.004654175917971612 0.2724874444869916 0.9621593384658015
7 0.08415136707516634 -0.5725650914269065 -0.8198592660202715
8 0.03493556277752311 -0.38059356548531525 -0.9247424170606511
9 6.758010641691786e-07 0.998390991191539 0.05670475030873773
10 0.07094748277809625 -0.7436932574568301 -0.6685210085055286
11 0.018951740961039583 0.9916454065126323 -0.12899375078815276
12 0.027404960615138026 0.7484100154908109 0.6632363445356747
13 0.060772934263684075 0.998382303034371 -0.056857514787275465
14 0.10751087163051483 -0.5465957761768667 -0.8373965950883778
15 0.02465844497222009 -0.865662915505913 -0.5006273231834261
16 0.020956275567276424 0.43803991534262593 -0.8989555231303855
17 0.059878992100499316 -0.7081010577350587 0.7061111045965013
18 0.03948337851206581 0.53982324840179 -0.8417783915526339
19 0.11443615084010067 0.7203650379675967 0.6935951355610439
20 0.053394122651115726 -0.9994482204464457 -0.033215277304773784
21 0.08236562685552246 0.453834807707761 0.8910858361083177
22 0.044794275222857616 0.17993995296853543 0.9836775962304323
23 0.02774130040814125 -0.012131067881625017 0.999926415888715
24 0.0880150933643496 0.005274899530754775 -0.9999860876206931
25 0.03187189581701107 -0.8630184858995619 0.5051723398956318
26 0.013432123108202848 0.3868912512812941 0.9221253492242768
27 0.019352970164156318 0.7615366045806881 0.6481219020243929
28 0.014668575780482312 0.9996167249818181 0.02768398700737205
29 0.00397884932005134 0.9909885931981097 0.13394628830703562
30 0.01680868228841066 -0.9900629287961019 0.14062502275087785
31 0.003847981390268635 0.7445358404488088 -0.6675824909980682
32 0.013232782288426871 0.9810823784717981 0.19359071943695944
33 0.02620684711087083 0.89187837391809 0.45227532116756447
34 0.09455136920623979 -0.1810660517286188 -0.9834709375021761
35 0.013545948046613002 0.551249200347832 0.834340649324888
36 0.014780321982859293 -0.8112468158880781 0.5847038598397095
37 0.13450994675950267 -0.543783492880557 -0.8392255435046178
38 2.359809156696864e-05 -0.17103882286099448 -0.9852642899620007
39 0.004440212531571525 0.9993289108907359 0.03662960357327812
40 0.08131872628178102 0.8514429890964177 -0.5244471720951096
41 0.04812904802401011 0.9662610249192485 -0.25756481072150245
42 0.062026541829564526 0.2933425696217775 -0.9560073937202016
43 0.03696098207078981 -0.9338367793915174 -0.3576994121545049
44 0.07843452632869347 -0.9517936134696835 -0.30673916828198317
45 0.1662555908548847 0.5768026830701539 0.8168835074862704
46 0.05789971943712636 0.47760492805283644 0.8785747166289529
47 0.03221326646838404 0.9302750503493407 0.3668628227246959
48 0.13439233591155852 0.19637256104566256 0.9805293556382529
49 0.10178615050479127 0.9426449002669263 0.3337972318650299
50 0.0028158968509959196 -0.844717065123169 -0.5352131163281593
51 0.005860811957204923 0.9989733998068114 -0.04530062337783627
52 5.794757639725215e-05 -0.745183249470343 0.6668597489043859
53 0.016456000648728465 0.0040864242118959495 0.9999916505337234
54 0.011395677021531086 0.8298805827353611 -0.5579410527993235
55 5.796952059686884e-05 -0.9966412572489599 -0.08189141804372795
56 3.10401950649393e-05 -0.744570768988943 -0.6675435341363243
57 0.05940852669781299 -0.9114475133799139 -0.4114163710325243
58 0.0247273755476006 0.6863352630731234 -0.7272852993580624
59 0.05805627724548916 0.973516819353669 0.2286154028833489
60 0.034671748869520264 -0.9421081181759835 -0.33530925079232016
61 0.035646379160491036 0.010997039386460393 -0.9999395307341002
62 0.013554506833620531 0.5477153508053557 0.8366647443822204
63 0.1295422041132839 -0.33785894147718176 0.9411967571469412
64 0.08640749279973046 0.9669607651547801 0.2549252412988602
65 0.040907561741691766 0.5104603326132783 0.8599013017947706
66 0.13416966871982414 -0.8182487550019102 0.5748643100226556
67 0.007859021591774347 0.4580596917613839 0.8889214356642919
68 0.04526649487476393 0.9984554613437747 -0.05555800313897149
69 0.11790468220627341 0.15904327687739456 -0.9872716121109228
70 0.004445157617981346 -0.9991251885279693 -0.0418193453912156
71 0.011955653427007782 -0.6293436278224434 -0.7771271441143244
72 0.0038724277593162877 -0.36424715045999073 -0.9313023211512881
73 0.07085155725049844 -0.8699211170074385 0.4931908861531512
74 0.10487135790065474 -0.9966105250606225 -0.0822645813117057
75 0.00010091027515366787 -0.6953129829808327 0.7187070722473073
76 0.08558818299259233 0.8183176603684003 -0.5747662191962811
77 0.07681805570119236 0.13062094055971873 0.991432382912367
78 0.0665328959688359 0.6625565955642436 0.749011854161414
79 0.02608585805259624 0.16624337278849124 -0.9860847534588022
80 2.939233929315007e-05 0.9954785160735499 -0.09498696771664637
81 0.02955234206869629 -0.9999366567863079 -0.01125532829469478
82 0.0903929630682051 0.5756472855457198 -0.8176981121684486
83 0.0147831709357356 0.8134252027101384 -0.5816695278213998
84 0.135246481889124 -0.6100714137054352 -0.7923464331840283
85 9.896599141825347e-06 -0.7301720802787968 0.6832632971127122
86 0.10873610967675279 0.03783900316868467 0.9992838484831026
87 0.06622244826586599 -0.263882813641262 -0.9645547473652136
88 0.006752670305378346 0.7305544815173254 0.6828544131328083
89 0.05298773850855538 -0.9845407714274282 -0.17515555771109445
90 5.5287854705933274e-05 0.6242721640723138 0.7812069285179633
91 0.013432724852966696 -0.386636546537123 -0.9222321729813199
92 0.0735535523391936 -0.9019889276833117 -0.43175916242357776
93 0.05825854689623662 0.9985447082197946 -0.05393019271470652
94 0.0661534965840451 -0.7594512536180787 0.6505642115717162
95 0.0611820019557947 0.7281518465034565 -0.6854158507312235
96 0.012040231021416678 -0.786964670385822 0.6169980612323952
97 0.06990685101795685 0.9002147594722947 0.43544619280485014
98 0.011298453336729413 0.6916726352537458 -0.7222111641626282
99 0.09303580623448228 -0.49554639303424836 0.8685814713374597
100 0.056465455893007846 -0.038828004803292876 -0.9992459086946494
101 0.06513304833112103 -0.6672881087442483 0.7447996911442192
102 0.02799514825136426 -0.8202707578515922 0.5719754223859401
103 0.06358990717916381 -0.5998031169843449 0.8001476244143104
104 0.05626854773689304 0.5496428203286665 -0.8353997666154506
105 0.11597455547479582 -0.9951510831104066 0.09835813023936917
106 0.021752786554328957 0.9406823201109823 -0.33928862732284343
107 0.05007100577079255 0.9977090721546238 -0.06765062705074978
108 0.00018513388153439786 0.7453500203024152 -0.6666733437262881
109 0.05673517478012126 0.5919633663867924 0.8059648707332202
110 0.029206668518212794 -0.1459368705032685 0.9892939046753054
111 0.025940452670429923 0.3046934740896129 0.9524504642485101
112 0.03550305326325177 -0.8221228083025275 0.5693101861628383
113 0.07142917286224325 -0.9922426567954848 0.1243161696459382
114 0.045216651333070526 0.7593905095853203 0.6506351158304843
115 0.030585430502627794 0.939820871394245 0.3416675719054445
116 0.014343366997489941 -0.13273479603089208 -0.9911515897796045
117 0.07114001164800708 0.15217072425324205 -0.9883542232824443
118 0.11041474711159131 0.6172614700931642 0.7867580806947112
119 0.03185108798648123 -0.8251910339019403 -0.5648537488304799
120 3.8822452998038964e-05 -0.5821533742203022 0.8130789930160025
121 0.0016363965982570392 -0.01809708935770894 0.9998362342687822
122 0.09917186318842579 0.0842081965207444 0.9964481821142149
123 0.04425667821648109 0.7815633280102787 0.6238259086552093
124 0.05929788082183299 -0.6589263135774085 -0.7522074934984938
125 0.01232058499048953 -0.4470018116612234 -0.8945330515814294
126 0.003979148690914138 -0.990902008595939 -0.13458532371894627
127 0.025038505348088737 0.9538345850915236 -0.30033245626019334
128 0.09046916148461324 -0.7742638988810294 0.6328628721054405
129 0.032929546408283494 -0.598654816254793 0.8010071229239726
130 0.0898194171352111 0.7425620635467101 -0.669777262812983
131 0.02505198095313204 0.2841512939968469 0.9587794543688958
132 0.03058548533522985 0.9397880114828948 0.34175794573502816
133 0.09237163678001065 0.9983149992381243 -0.05802725477035662
134 0.11809005633027986 -0.9696252375510427 -0.24459537751986235
135 0.02651648331693894 -0.29866878529492624 -0.9543568288069475
136 0.05583430262188676 0.4733023208238942 -0.8809000585212352
137 0.051632383133158884 -0.9087469189239948 -0.4173476217089854
138 0.06748738285781854 0.997631016205361 0.06879211804457544
139 0.00010198985718348127 0.917040295275935 -0.39879455467724967
140 0.05337165343088843 0.8042397535809797 0.5943049879985909
141 0.010099465538389793 0.513148093846416 -0.8583000837596312
142 0.10928272014328792 -0.6214354912662136 0.7834653343924796
143 0.008572148318013095 0.8492642181134323 0.5279680746334767
144 0.12590797253781422 -0.6678439614170597 0.7443013121033503
145 0.09548518976612946 -0.7850262748634842 -0.6194624668000164
146 0.14343391118444992 0.8862534514851864 0.4632006257882154
147 0.1294502359121 0.35632344792955123 -0.9343626707310156
148 0.06443596727451359 -0.27299461642185563 0.9620155608952924
149 0.179726432837009 -0.7301301640332063 -0.6833080883238858
150 0.018249862588427986 0.319273381748301 0.9476626550133774
151 0.08088926914587821 0.46082443366822484 -0.8874913190191551
152 0.10137339378799134 -0.32837108826247385 -0.9445487961949444
153 0.00018374407839454737 -0.8172351377313125 0.5763043724086108
154 0.041562619800175664 -0.9419051273105324 -0.33587904243362626
155 0.03301992300770649 -0.026873249280981493 0.9996388490215264
156 0.009751832465875894 0.560715714486932 -0.8280083861455808
157 0.025267765053194648 -0.7031788196340355 0.7110130432123483
158 0.036415405628497995 -0.4925585511401143 0.8702793078654412
159 0.04605331095013206 0.8844216506408212 -0.46668870125359285
160 0.05614894961585191 0.4824574137590252 -0.8759194277494664
161 0.06530617806698442 0.9144939079927454 -0.4045996691102898
162 0.07219841063575567 -0.08693759207223853 -0.9962137597346671
163 0.04483278639963942 -0.9995199103358416 0.030983041203713257
164 0.1788460214761346 0.32271298110674 -0.9464968736478747
165 2.9416814316648635e-06 -0.3241355445917978 0.9460106493756709
166 0.001636422842094067 0.017684489011392465 -0.9998436171964123
167 0.011087296882295325 -0.17859407554675877 0.9839228405620019
168 5.519990309009833e-05 -0.9894065468708154 -0.1451712265194761
169 0.09777427275326771 0.8122260003585795 0.5833428874525727
170 0.07597195877732463 -0.8822629519932553 -0.4707569261733139
171 0.06234787151233227 0.7981295526120267 0.6024858647697273
172 0.023868730361940593 0.5698177008381019 -0.8217711286067304
173 0.05377479199696199 -0.3798409389951735 -0.9250518153396948
174 0.016684543518931803 0.8581511067064678 0.513397193270926
175 3.95025209906432e-05 0.5914707145326494 0.8063264809307934
176 0.0016444521414060655 -0.1357591087880863 0.9907418757582949
177 0.07410510844196043 -0.7858629390341414 0.6184007123642576
178 3.7585035112128562e-06 0.8483613100390248 -0.5294176873026342
179 0.12544808640632538 0.9952923467714349 -0.09691823594251922
180 0.027930615396739317 0.8027367182528125 -0.596333598893023
181 4.97390099606318e-05 0.5606627788526232 0.8280442309498053
182 0.04190563150513845 -0.1521927452333088 0.9883508325986017
183 0.10629719909984757 0.727306963148013 -0.6863123059922609
184 0.032281394653036526 0.9585854198613355 0.28480518399296567
185 0.12944049354863574 0.970027166786466 -0.24299649317679772
186 0.05759748395460299 0.9406052590037471 0.3395022043146313
187 0.055735876660409536 -0.3604115304678431 -0.9327934008695746
188 0.04885180618266596 0.628275238626394 0.7779911468191317
189 0.052979038132541414 -0.8693150323559513 0.4942584086487264
190 0.10438704507306908 0.004208779945046906 0.9999911430464643
191 0.03302316662856993 0.02512108592328096 -0.9996844157243
192 0.010714153073245377 0.408078134786193 0.9129470060794447
193 0.05988834730975763 -0.7075247979672852 0.7066885171427029
194 0.034545192761171024 0.9490667946977681 -0.31507494219963667
195 0.05489297102245095 0.4112617936229235 0.9115172719735243
196 0.05031211615614709 -0.8570146625541782 -0.515292022223465
197 0.06504076072470713 0.18861304528382583 -0.9820514849786448
198 0.06844473757842767 -0.31140251262565966 0.9502781040992294
199 0.08368907503385778 0.8870265849710773 -0.46171835306228426
200 0.06193095171566589 -0.388456228093913 0.921467177307499
201 0.12124271736115365 -0.04430637680701447 -0.9990179903156073
202 0.10072287124277575 0.9999969902599403 0.0024534610371564616
203 0.09368529263388148 0.2344570592862633 -0.9721264770341551
204 0.002813967066941011 0.8372647744650805 0.5467976750498651
205 0.03496205051704647 -0.9474630193862525 -0.3198653261850769
206 0.12277781951448773 -0.7626882676644132 0.6467662687301003
207 0.06748249557876815 0.9309822196534936 0.3650645240078172
208 0.04831840016230923 -0.07349621453536116 -0.9972954960536883
209 0.086081446569012 -0.9964466243249858 -0.08422662804209043
210 0.049437191221303314 -0.986586072769887 0.1632419094978105
211 0.09958363277004857 -0.6049368703697312 0.796273434736633
212 0.050041106462112475 0.6380136716606946 0.7700250351605715
213 0.0166569004806503 0.998486053690375 -0.05500545960012959
214 0.08585904643976557 -0.20980138575603102 -0.9777440250570949
215 0.012304217268138766 -0.9897285042896837 0.14295974187338686
216 0.029206763399714005 0.1478063449824283 -0.9890163215958245
217 0.10097301364178188 0.9431379472773223 0.332401583037023
218 0.0899930574842962 -0.7603607619923858 -0.6495009712251079
219 0.1204159148924596 -0.09566805815376404 -0.9954132923811536
220 0.01882977301323144 0.5246008368330808 0.8513483200159799
221 0.0016409632374292868 0.1577659605442396 -0.9874765322242111
222 0.09936283036311151 0.8974807159440576 -0.44105369798760524
223 0.1041345533646215 0.9466095320251676 -0.32238237215935556
224 0.05810504795759993 -0.9729579712702442 -0.2309822204016811
225 0.05795109561618944 -0.9999756772979966 -0.006974583314639238
226 0.0008829150506750516 -0.2963500427390888 0.9550793957407626
227 0.09111509140679434 -0.8013484190157095 0.5981978864397823
228 0.014560147096720993 -0.7613436037977742 -0.6483486075840819
229 0.07121862457089997 0.29945071535500534 -0.954111769696494
230 0.131766938747682 0.13083743206795634 0.9914038361686235
231 0.01143071206690295 -0.7187097732000799 -0.6953101911425501
232 0.07326834122742248 -0.9783941950062538 -0.2067481539894968
233 0.002920647362114565 -0.2083473117525312 -0.9780549052509749
234 0.035144142582363785 -0.9898872954768614 0.14185606174395587
235 0.07856463006018105 0.4941316491972258 -0.8693870905768212
236 0.016458530279640032 -0.0049448279238970124 -0.9999877742636673
237 0.030972341122748784 -0.6124040199002964 -0.7905449490129941
238 0.050040510968423865 0.6381656715773737 0.7698990684630028
239 0.08024704345206951 0.6551621630302278 -0.7554882792827121
240 0.05734471650395877 -0.9903562498674694 -0.13854421080811213
241 0.06984886443653934 -0.9571205175036183 -0.2896900325755202
242 1.4351815273060208e-05 -0.9851297805976944 -0.17181186041580018
243 0.11394858860319508 0.6539012512616327 -0.7565799056269411
244 0.13969423209273008 0.6209724800713576 -0.7838323666409976
245 0.037885054207585964 -0.8660405078108421 0.49997383814629615
246 0.033821840806194346 -0.906570704993271 0.4220539738564295
247 0.10926729173040647 -0.13211410812810523 0.9912345143473946
248 0.05532889184817441 -0.854623417107608 0.51924831721568
249 0.14822568572665262 -0.3005418628826207 -0.9537686242768967
250 0.08330987468473006 -0.14136589691281534 0.9899574148366359
251 0.015953783223821842 -0.17147093787160306 0.985189178516204
252 2.5833599082019063e-06 0.018526220857132288 -0.9998283748427791
253 0.08263614441832288 -0.7331189407374106 0.6801004475311401
254 0.06470208459630314 0.8095051272964794 -0.587112807627896
255 0.055452424565740545 -0.967216714837386 -0.2539524099889086
256 0.031049945584373444 0.9970557356965803 0.07668024461718186
257 0.020629955964128824 0.464371954160093 0.8856402701941327
258 0.05940171336973722 -0.42559557252986197 -0.9049134813024828
259 0.04548469687389678 0.7992656337180474 -0.6009779087098694
260 0.0012682364809179754 -0.8987618318906333 -0.4384371899560905
261 0.02255018717332077 0.8335717344150239 0.5524112268811424
262 0.07002423485879267 -0.20353875415939068 -0.9790668902354135
263 0.04457880242532122 -0.933444549353662 0.35872172122961676
264 0.04335963250645181 0.046478685748885154 0.9989192819097329
265 0.09911832963322392 0.46761750305782646 0.883930919718257
266 0.09660889034710109 0.9022195784405342 0.4312769786095529
267 0.008469953529101326 -0.8330740194670778 0.5531615298346106
268 0.041121161705603565 -0.1508459811550079 0.9885572770302098
269 0.009370929546275546 0.45308644750438914 -0.8914665843921759
270 0.07845106906193135 -0.8955769409953339 -0.4449066674679535
271 0.08085417129953376 -0.27030823625776645 0.9627738350262826
272 0.05972977565947112 -0.22870761493204086 -0.9734951601688101
273 0.009378977731360417 0.45023345581761287 -0.8929108775586339
274 0.03160814586398109 -0.9999909530122076 -0.004253691777342401
275 0.08176596111498899 -0.681860037354685 0.7314826651798848
276 0.027436314511412513 -0.8084783566959928 0.5885259100108908
277 0.007707853574260275 -0.6691904785644314 0.7430909119338679
278 0.08702855782739549 0.9085314036512977 -0.41781657288743684
279 0.06602982460755248 -0.4865944782776853 -0.8736279606958944
280 0.09507924210312374 -0.6122919445632937 -0.7906317566496431
281 0.06942766128540889 0.9672250798895013 -0.2539205482680513
282 0.07544528453080382 -0.08966847031232694 0.9959716689905629
283 0.07934837402729569 0.6417199609830359 -0.7669390403910411
284 0.08147532272646729 -0.9005913864753387 -0.43466671669961954
285 0.03996637218278683 -0.9991705826077 -0.040720349352496465
286 0.0817845950881405 0.6088893761698979 -0.7932551465874221
287 0.07082385650739081 -0.9799734598245468 0.19912814476991303
288 0.024363735794331275 -0.8531615011043482 -0.5216468662163852
289 3.67127445565928e-05 0.9707469337774984 0.24010495738652538
290 0.035518433950935645 -0.8731784960530362 0.48740056835272333
291 0.06976824434915839 0.9975093233599663 0.07053474186485822
292 0.05089355840817705 -0.18525776734151822 0.9826899610963958
293 0.09830101619547658 0.4873805659607151 0.8731896609121143
294 0.033466060410169286 -0.24909849311654067 -0.9684781570727699
295 0.04391644973947879 0.868529641655173 0.4956372277849363
296 0.035649483022405844 0.44061108608901095 0.8976980955841792
297 0.04914384505327881 -0.9970797707690647 -0.07636707879125271
298 0.0524858985628935 -0.21236372322201727 0.9771906922700822
299 0.05930897457617944 -0.9413342669528785 0.3374756255795178
