0 0.08159414228297028 -0.8045630466743129 -0.5938672443620269
1 0.004659552211315213 0.27845249619345586 0.9604500025319556
2 0.009410926941631398 0.6003094641152823 0.7997678083629164
3 2.1342875643770576e-05 -0.5703343381146261 -0.821412650722736
4 0.08976560957233186 0.04117560341763916 0.9991519252261857
5 0.13549237556557567 0.36526987825101753 0.930901668299336
6 0.004654175917971612 0.2724874444869916 0.9621593384658015
7 0.08367197891073284 -0.5738104125555585 -0.8189881625779579
8 0.035107114079997996 -0.38149805854241875 -0.9243696399862802
9 6.758010641691786e-07 0.998390991191539 0.05670475030873773
10 0.07153051010167116 -0.7448275026360183 -0.6672570653930854
11 0.017611260461360124 0.9916090941587088 -0.12927259718031933
12 0.02527612476951486 0.7543161705115952 0.6565113212311895
13 0.05804800715567283 0.9983024525326898 -0.05824270999203778
14 0.1082273837171975 -0.5524225331392942 -0.8335642416034683
15 0.023761133069314665 -0.8651252182488686 -0.5015559358135916
16 0.019711325658831498 0.4372664497916527 -0.8993320031482278
17 0.059878992100499316 -0.7081010577350587 0.7061111045965013
18 0.03758092559972318 0.5411281593030045 -0.8409401377085899
19 0.1139354920146264 0.7196511236037557 0.694335841143068
20 0.05362336890311388 -0.9994469086566995 -0.033254725627600124
21 0.08150775863125964 0.45357908198391395 0.8912160323886852
22 0.04404646580595092 0.18136421171346695 0.9834159967732642
23 0.02996940354548698 -0.01211734887137923 0.9999265822330804
24 0.0894888576407471 0.004179982495342065 -0.999991263835009
25 0.031125435956962315 -0.8637375443488315 0.5039419157822161
26 0.013432123108202848 0.3868912512812941 0.9221253492242768
27 0.016776937019226022 0.754698898964727 0.6560713161702993
28 0.013059683752853624 0.999684486938164 0.025118251833670235
29 0.00397884932005134 0.9909885931981097 0.13394628830703562
30 0.019824634322571925 -0.9897715447481759 0.14266144961695054
31 0.0032352095645150412 0.7433205751005462 -0.6689353650631676
32 0.01207343353582007 0.9810364523026279 0.19382331968438063
33 0.026196218296466376 0.8915149089986326 0.4529913542587317
34 0.09492998462900666 -0.18090790342400098 -0.9835000409144539
35 0.013545948046613002 0.551249200347832 0.834340649324888
36 0.014780321982859293 -0.8112468158880781 0.5847038598397095
37 0.13526237119392515 -0.5444430483755673 -0.8387978106048678
38 2.359809156696864e-05 -0.17103882286099448 -0.9852642899620007
39 0.004440212531571525 0.9993289108907359 0.03662960357327812
40 0.08117660667688353 0.850663554444961 -0.5257104879485142
41 0.04621543871554964 0.9662218260115166 -0.2577118214963575
42 0.062327192672675676 0.29335049845343847 -0.9560049607910616
43 0.03477638069336159 -0.9316566010505568 -0.3633400304383259
44 0.07714401167062554 -0.9538309074209718 -0.3003441360314622
45 0.16646869075007428 0.5770246085288492 0.8167267603991731
46 0.05744625448011871 0.4786551194419568 0.8780030049105789
47 0.02903422920604694 0.9254823796887538 0.37879066103276793
48 0.1356931927460106 0.196428949187922 0.9805180609866035
49 0.10188232271551494 0.9427332100801676 0.3335477396294906
50 0.0028158968509959196 -0.844717065123169 -0.5352131163281593
51 0.009117013313834313 0.9988850540117283 -0.047208567781564854
52 5.794757639725215e-05 -0.745183249470343 0.6668597489043859
53 0.016456000648728465 0.0040864242118959495 0.9999916505337234
54 0.009603486997243083 0.8126712618830828 -0.5827224211486612
55 5.796952059686884e-05 -0.9966412572489599 -0.08189141804372795
56 3.10401950649393e-05 -0.744570768988943 -0.6675435341363243
57 0.05940144103052097 -0.9111393660244061 -0.4120983568041047
58 0.02425804921418897 0.6871931608763828 -0.7264747481122285
59 0.05479571448157814 0.9722036229818092 0.23413695876782087
60 0.03419453961332414 -0.9420066664972614 -0.3355941600724264
61 0.034716742536810376 0.009619095395440936 -0.9999537354316815
62 0.013554506833620531 0.5477153508053557 0.8366647443822204
63 0.13014169266783335 -0.3379786694790957 0.9411537701019638
64 0.0870224578917493 0.9667461321600936 0.25573798300897493
65 0.04072751948938112 0.5102686982532421 0.8600150321842879
66 0.13339841646553685 -0.8204321542287913 0.5717438939835778
67 0.006693459234567354 0.4593985503588408 0.8882302471365157
68 0.04534842801196115 0.9984525748265536 -0.05560985364326537
69 0.11881121752194931 0.16050049309233597 -0.9870357601004722
70 0.004445157617981346 -0.9991251885279693 -0.0418193453912156
71 0.015263447091401927 -0.6308960144185056 -0.7758673978141142
72 0.0032699791305182677 -0.36398845092118737 -0.9314034612325608
73 0.07095588219836253 -0.8696707269407354 0.4936322788294671
74 0.10573991977295079 -0.9965435968096706 -0.08307141299896505
75 0.00010091027515366787 -0.6953129829808327 0.7187070722473073
76 0.08596061645527987 0.8179880907239889 -0.575235154900779
77 0.076546790265933 0.13078864376099483 0.9914102736320416
78 0.06749643832046655 0.6631402600239791 0.7484951539825287
79 0.0256334416357174 0.16527486573466751 -0.9862475443601305
80 2.939233929315007e-05 0.9954785160735499 -0.09498696771664637
81 0.027927449986150654 -0.99993637118413 -0.011280672990283321
82 0.09093893759815463 0.5749039804224552 -0.818220882949352
83 0.0147831709357356 0.8134252027101384 -0.5816695278213998
84 0.1352408573420029 -0.6126099980268084 -0.7903853429293801
85 9.896599141825347e-06 -0.7301720802787968 0.6832632971127122
86 0.10811165678335924 0.038975222680689946 0.9992401773432604
87 0.06644938212849438 -0.26339556172798084 -0.9646879174437718
88 0.006078312357474011 0.7305504333605716 0.6828587440435108
89 0.052480064832814165 -0.9850140064439392 -0.1724743665280707
90 5.5287854705933274e-05 0.6242721640723138 0.7812069285179633
91 0.013432724852966696 -0.386636546537123 -0.9222321729813199
92 0.07254480368416118 -0.9040322327385102 -0.4274642934442878
93 0.058513032431693764 0.9986056753676389 -0.052789251969902286
94 0.06672632872185855 -0.7606151820826814 0.6492030073754506
95 0.060139933741620785 0.7295407796548529 -0.683937314978931
96 0.011959818799457107 -0.7871747700928331 0.6167299906193109
97 0.06946549666977345 0.8995452632903037 0.4368275624224943
98 0.009606708530853278 0.6914559092010556 -0.722418663678439
99 0.0928551380802065 -0.49323524996280493 0.8698959640061157
100 0.05656355629315994 -0.039343341506256055 -0.9992257510088108
101 0.06417234304308782 -0.6700697332709212 0.7422981561032174
102 0.027159910149501577 -0.8201474145415333 0.5721522685621707
103 0.06315519537432024 -0.6021567037512568 0.7983779206161835
104 0.055356517430223025 0.5464056605819213 -0.8375206588998472
105 0.11726100722037994 -0.9954218146275106 0.09557934381273983
106 0.020161945736711758 0.9402571629857248 -0.34046507523391617
107 0.04929084004815093 0.9973988807734159 -0.07207962702412796
108 0.00018513388153439786 0.7453500203024152 -0.6666733437262881
109 0.05417556417307477 0.5899638591069859 0.8074296532501098
110 0.029206668518212794 -0.1459368705032685 0.9892939046753054
111 0.02517086724812745 0.30583651632309306 0.9520840431828245
112 0.03485997848110366 -0.8241900398345289 0.566313321614067
113 0.07410920099159289 -0.9922707832651235 0.12409146899935612
114 0.04319368292631653 0.7604628839698805 0.6493813995674745
115 0.030585430502627794 0.939820871394245 0.3416675719054445
116 0.01254971857455216 -0.13250312772988163 -0.9911825871865378
117 0.07306702464746517 0.1523775949227915 -0.9883223505342503
118 0.1096470806559858 0.6190021833211647 0.7853892646602901
119 0.031155327442285944 -0.82491937199439 -0.5652504132757279
120 3.8822452998038964e-05 -0.5821533742203022 0.8130789930160025
121 0.0016363965982570392 -0.01809708935770894 0.9998362342687822
122 0.09984510799138314 0.0843917352680501 0.9964326545323811
123 0.04245925583779014 0.7823746520763079 0.6228080794181111
124 0.05826763000434767 -0.6570164984142846 -0.753876197270767
125 0.011729725411680084 -0.4445908809900782 -0.8957337486890098
126 0.003979148690914138 -0.990902008595939 -0.13458532371894627
127 0.024987994429768606 0.9544353057496283 -0.2984179068665509
128 0.09146517989711062 -0.7736170849563078 0.6336533799039542
129 0.03224398157446213 -0.5980058183638538 0.8014917599095935
130 0.08973929046515525 0.7425528867612164 -0.6697874367010657
131 0.026773297137571962 0.28291114605667295 0.9591461220465315
132 0.03058548533522985 0.9397880114828948 0.34175794573502816
133 0.09156158215757454 0.997902608709702 -0.06473317179291695
134 0.11909642323450986 -0.9697364337980229 -0.24415415000505877
135 0.025479347029459483 -0.30104157164024337 -0.9536110172100426
136 0.05498294048609135 0.4745342641628813 -0.8802370317905245
137 0.05057667174353969 -0.910542868580074 -0.41341466408192384
138 0.06750724590813925 0.9976984041704466 0.067807774744082
139 0.00010198985718348127 0.917040295275935 -0.39879455467724967
140 0.052224537105929246 0.8031944884070891 0.5957168906388961
141 0.008774832660902681 0.5143498635743258 -0.8575804439474307
142 0.11035597403023886 -0.6212869578568873 0.7835831264115725
143 0.007621872538509425 0.8491261577350377 0.5281900872319848
144 0.1247481312424207 -0.6696552697947835 0.7426720808244213
145 0.09589283991952886 -0.7858053072535659 -0.6184739437455138
146 0.14421942240985777 0.88595544559769 0.46377036172635977
147 0.12971355878722501 0.35517365982233434 -0.93480033770234
148 0.06409452396012251 -0.27092118297443685 0.9626015336657904
149 0.17980398413424792 -0.7290060104269744 -0.6845072948927178
150 0.018009234573364643 0.3181272003216672 0.9480480390863629
151 0.08088926914587821 0.46082443366822484 -0.8874913190191551
152 0.10135741729130487 -0.3245489655255687 -0.9458688962939226
153 0.00018374407839454737 -0.8172351377313125 0.5763043724086108
154 0.04227803194570778 -0.9419927261214273 -0.33563328788176205
155 0.03301992300770649 -0.026873249280981493 0.9996388490215264
156 0.008228642879381149 0.5603837513313413 -0.8282330899232494
157 0.0245513303400418 -0.7030143341196875 0.7111756787336392
158 0.035566126851674436 -0.488956632369635 0.8723080944607505
159 0.0458508555429961 0.8848115840382128 -0.4659489894310199
160 0.05381471323313901 0.4829133416861673 -0.8756681474288642
161 0.06571591474592407 0.9147994860546077 -0.4039082820569857
162 0.07238413829978865 -0.08771513524160458 -0.996145599322482
163 0.04479051048384879 -0.9995094001804624 0.03132026422130333
164 0.1801817397479214 0.32436433534445863 -0.9459322269362365
165 2.9416814316648635e-06 -0.3241355445917978 0.9460106493756709
166 0.001636422842094067 0.017684489011392465 -0.9998436171964123
167 0.010255619826648452 -0.17912918430410232 0.9838255614338077
168 5.519990309009833e-05 -0.9894065468708154 -0.1451712265194761
169 0.0970580059056655 0.8123945863452723 0.5831080826715522
170 0.07747665887466304 -0.8815876241133442 -0.4720204031715037
171 0.061941738256434835 0.7971001047570826 0.6038471851356499
172 0.023361069347190285 0.5700843933331495 -0.8215861394144711
173 0.05379613684655017 -0.37847085038278594 -0.9256132104775358
174 0.01581472543733714 0.8567172494127849 0.5157863458435014
175 3.95025209906432e-05 0.5914707145326494 0.8063264809307934
176 0.0016444521414060655 -0.1357591087880863 0.9907418757582949
177 0.07488227437478634 -0.7854140174900236 0.6189707756673015
178 3.7585035112128562e-06 0.8483613100390248 -0.5294176873026342
179 0.12582105168096752 0.9950597921666637 -0.09927743959851124
180 0.026033445007987557 0.8042290997969376 -0.5943194048992574
181 4.97390099606318e-05 0.5606627788526232 0.8280442309498053
182 0.04361863040505086 -0.15440511584219738 0.9880076215301973
183 0.10738159122339505 0.7267068042063353 -0.6869477569074777
184 0.030460901485300947 0.9577731874353309 0.2875248188069448
185 0.12997873801968007 0.9701420335333346 -0.24253749147669174
186 0.05737147824439541 0.9408249489655156 0.3388929261640539
187 0.055732885846652376 -0.36042708938733625 -0.9327873890848724
188 0.04850206361678117 0.6261111333594239 0.779733831947401
189 0.05315640951862893 -0.8698152041372855 0.4933776552009751
190 0.10520953393316056 0.005170519494134561 0.999986632774739
191 0.03302316662856993 0.02512108592328096 -0.9996844157243
192 0.010407383413286458 0.40943493586838264 0.9123393191628065
193 0.05988834730975763 -0.7075247979672852 0.7066885171427029
194 0.03440460381092936 0.9495341138854673 -0.31366377949604024
195 0.05619858961075823 0.41189359719901275 0.9112319488398426
196 0.05000435593664691 -0.8564234530842846 -0.5162740251137861
197 0.06527181301897318 0.18852230273698148 -0.98206890866718
198 0.06849908078942499 -0.313356900447943 0.9496354315955455
199 0.08374274262927739 0.8873934058086491 -0.4610129535352844
200 0.062321256770443624 -0.3888083658606254 0.9213186498908996
201 0.12146227112485077 -0.044305704113918154 -0.9990180201492713
202 0.10167847993516818 0.9999983196397655 0.001833226021367672
203 0.09269230731526652 0.23959026806170222 -0.9708740924806479
204 0.002813967066941011 0.8372647744650805 0.5467976750498651
205 0.03446238041740568 -0.947508342755439 -0.3197310438616203
206 0.12234114625024153 -0.7653538050719518 0.6436097832241868
207 0.07098982973978375 0.9311285785384151 0.36469106135060475
208 0.04814491247246361 -0.07182110023146507 -0.9974175302056516
209 0.08694695886195637 -0.9965336023619948 -0.08319122167287632
210 0.049306704147294815 -0.9863986246245343 0.16437078006393635
211 0.10032913214505655 -0.6047872907386596 0.7963870497195393
212 0.050041106462112475 0.6380136716606946 0.7700250351605715
213 0.015864768627025433 0.9983940444246043 -0.056650966959807744
214 0.08619625435627759 -0.20912307435294283 -0.9778893290005641
215 0.011363669917953494 -0.9898901495531495 0.141836144256827
216 0.029206763399714005 0.1478063449824283 -0.9890163215958245
217 0.10172419581279425 0.9424872103190475 0.33424221514497465
218 0.0902994507356785 -0.7600904359987385 -0.6498173044042823
219 0.12126839368624318 -0.09400315444829513 -0.9955718994395985
220 0.01841964173691412 0.5238854781573228 0.8517887095846441
221 0.0016409632374292868 0.1577659605442396 -0.9874765322242111
222 0.10041483982334667 0.8971397477889488 -0.4417468425888083
223 0.10487578949434212 0.9472539429863986 -0.32048395825176756
224 0.05785029076267498 -0.9728533200223728 -0.2314225955291461
225 0.05853555303210731 -0.999976191170286 -0.006900513935025212
226 0.0005606788517730045 -0.9586082383294993 -0.28472837127131156
227 0.0896972868180806 -0.794296505501737 0.6075302966500757
228 0.014439675012100738 -0.7610356673291967 -0.6487100377308835
229 0.07178307137504886 0.30121614375917166 -0.9535558896776077
230 0.13028663025280873 0.12918953995449567 0.9916199185002013
231 0.009674934252815225 -0.7180455739756788 -0.6959960874128086
232 0.07316736499318612 -0.9783365739173426 -0.20702064664104403
233 0.002096350632484726 -0.20971536537790636 -0.9777624790941873
234 0.034876152266643624 -0.9896742302044115 0.14333498550355941
235 0.07871380712493897 0.4931698991125497 -0.8699330150128328
236 0.016458530279640032 -0.0049448279238970124 -0.9999877742636673
237 0.030839109373553095 -0.611711173805038 -0.7910811841031631
238 0.050040510968423865 0.6381656715773737 0.7698990684630028
239 0.079576347042591 0.653032395604404 -0.757329974509905
240 0.05894635787827649 -0.9909645964169955 -0.13412370651044947
241 0.0704354614759972 -0.9569876871810704 -0.29012853459083576
242 1.4351815273060208e-05 -0.9851297805976944 -0.17181186041580018
243 0.11469104010578632 0.653382389137359 -0.7570280401445886
244 0.13962315514926943 0.620603778741608 -0.7841243203801532
245 0.03753727556977627 -0.8650513704399598 0.501683293024541
246 0.03266104350879618 -0.901952524947107 0.43183520322171326
247 0.11061470421283393 -0.13241195777569903 0.9911947706873794
248 0.05483434070909243 -0.8510994498646125 0.5250045013522778
249 0.14817411544848808 -0.3001735432332097 -0.9538846072470298
250 0.0830201981974097 -0.14827754781601732 0.9889457865897749
251 0.015545953091234393 -0.17095038607504767 0.9852796382250026
252 2.5833599082019063e-06 0.018526220857132288 -0.9998283748427791
253 0.08287543273036609 -0.7331548123235719 0.6800617774634802
254 0.0679793207228988 0.8099954407398856 -0.5864361738336052
255 0.05524281230145055 -0.9666664728733689 -0.25603892325691496
256 0.0327637707467177 0.9974096446370003 0.07193052749071584
257 0.01766312296725659 0.4801243145398771 0.8772004574711605
258 0.05968333239071924 -0.42518278642460017 -0.9051075063925903
259 0.04487977465059743 0.7997683561269577 -0.6003087343509036
260 0.004669563166315741 -0.8977099903943019 -0.4405868508549278
261 0.02096436443306065 0.8348532354767533 0.5504725926092932
262 0.07018381651754695 -0.20377141688927428 -0.9790184930117192
263 0.043745250185587475 -0.9330621005616089 0.35971532702340897
264 0.04319553767286115 0.04706519265713912 0.9988918197883825
265 0.10009687926166606 0.4674589974661108 0.884014754225278
266 0.09688870941476303 0.9023620685911349 0.4309787664931162
267 0.007864644122999465 -0.8326068376074025 0.5538644725647245
268 0.03977984667302112 -0.14964741662284406 0.9887394250752364
269 0.009370929546275546 0.45308644750438914 -0.8914665843921759
270 0.07663629249212513 -0.8915312026603761 -0.45295928589989554
271 0.0805023368312932 -0.2723536900132382 0.962197208235491
272 0.05898725806706817 -0.22691953739410795 -0.973913509275256
273 0.009378977731360417 0.45023345581761287 -0.8929108775586339
274 0.03130765280740631 -0.9999922766757505 -0.003930214860432713
275 0.08234786694067142 -0.6819533935782722 0.7313956309597961
276 0.025472127529627533 -0.8018725342703432 0.5974951370369949
277 0.006133217684240873 -0.6817043360234679 0.7316277730149414
278 0.0862888834507349 0.909241636780008 -0.4162687184327115
279 0.06602982460755248 -0.4865944782776853 -0.8736279606958944
280 0.09445211215399181 -0.6110618609832867 -0.791582845981166
281 0.06847981905009864 0.968496273341878 -0.2490280476630981
282 0.07613041071474991 -0.09046918554754532 0.995899255179139
283 0.07946209086152473 0.6416761339232506 -0.766975709624047
284 0.08198582744913505 -0.9011105175890384 -0.4335894776057364
285 0.03939020372745851 -0.9991714626761342 -0.040698749042625694
286 0.08242531395163555 0.6088723961817002 -0.793268179853418
287 0.07082385650739081 -0.9799734598245468 0.19912814476991303
288 0.023858117604003092 -0.8545428856820304 -0.5193808395871263
289 3.67127445565928e-05 0.9707469337774984 0.24010495738652538
290 0.03527189220971908 -0.8734284443384847 0.4869525157758759
291 0.06956043286997268 0.9974806389503197 0.07093923399122672
292 0.05045613602853723 -0.18764925331475338 0.9822361008079552
293 0.0982994012504708 0.48768020798704975 0.8730223449246347
294 0.03269322344585976 -0.244847824702987 -0.9695615208630215
295 0.043844235673347734 0.868087882211144 0.4964105445678718
296 0.03548288203775501 0.440940872528472 0.8975361535525072
297 0.04887194227275398 -0.9971631622657758 -0.07527036481988124
298 0.052507503423435305 -0.21051962972302277 0.9775896304182453
299 0.05604311275960623 -0.9409852367498899 0.33844760926730416
