0 0.08216863675649576 -0.8045391675097975 -0.5938995941593512
1 0.004659552211315213 0.27845249619345586 0.9604500025319556
2 0.008318652805576216 0.5952472926567463 0.803542569242485
3 2.1342875643770576e-05 -0.5703343381146261 -0.821412650722736
4 0.08948852725003087 0.04198109249362436 0.9991184053319415
5 0.13556314539558145 0.36575184240315356 0.930712409812343
6 0.004654175917971612 0.2724874444869916 0.9621593384658015
7 0.08334418665838374 -0.5745544492542835 -0.8184663614603273
8 0.035217783643459184 -0.3820597705486854 -0.9241376151462973
9 6.758010641691786e-07 0.998390991191539 0.05670475030873773
10 0.07191210382568863 -0.745557239315414 -0.6664415975195266
11 0.01673921854746207 0.9915843411801153 -0.12946232782704314
12 0.023858211570488057 0.7587025382791516 0.6514372252249426
13 0.05627840571589326 0.998248608785156 -0.05915838958677531
14 0.10875088919118879 -0.5560562364468212 -0.8311446696626267
15 0.02317771340700718 -0.8647904736429566 -0.5021328874873571
16 0.01889615521287032 0.43675295099542244 -0.8995814914707784
17 0.059878992100499316 -0.7081010577350587 0.7061111045965013
18 0.036337502290542764 0.5420522818901624 -0.840344764782686
19 0.11361354748843716 0.7191835508172346 0.6948201351673066
20 0.053773510018959865 -0.9994464661211738 -0.03326802305363833
21 0.08095035138423935 0.453421980131437 0.8912959710072108
22 0.04356059526372566 0.18226889826679465 0.9832487216999618
23 0.03141420678263909 -0.012222806834301953 0.999925298706404
24 0.09044302741557188 0.0034680536541489386 -0.9999939862838436
25 0.0306297025551589 -0.8642102888283099 0.5031307749316168
26 0.013432123108202848 0.3868912512812941 0.9221253492242768
27 0.015080692931014876 0.7491905342809808 0.6623545450465169
28 0.012015576573888874 0.9997272500589731 0.02335434626624007
29 0.00397884932005134 0.9909885931981097 0.13394628830703562
30 0.021765289166484493 -0.9895998559016447 0.14384757627240077
31 0.002839154348621625 0.7425335642265071 -0.66980885780727
32 0.011319241460473094 0.9810191988261467 0.19391062769870365
33 0.026189346631435007 0.8912819208732787 0.4534495975568162
34 0.09517308733721512 -0.18079252395717477 -0.983521257157767
35 0.013545948046613002 0.551249200347832 0.834340649324888
36 0.014780321982859293 -0.8112468158880781 0.5847038598397095
37 0.13575238350255134 -0.5448693744819764 -0.8385209387675538
38 2.359809156696864e-05 -0.17103882286099448 -0.9852642899620007
39 0.004440212531571525 0.9993289108907359 0.03662960357327812
40 0.08108918755797476 0.8501868769202782 -0.5264810293947388
41 0.04497285965338063 0.9661833039311886 -0.2578562064496656
42 0.06252009741728211 0.29337018367375944 -0.9559989201517043
43 0.03335812961407235 -0.9302098416773498 -0.3670281330451386
44 0.07630939017825006 -0.9551244504100376 -0.29620480115778625
45 0.16660183526468453 0.5771868237906237 0.8166121297424448
46 0.05715520479979633 0.47929873352774577 0.8776518239248973
47 0.026994230465535084 0.9216993522675486 0.3879050193405356
48 0.13653956854083157 0.19646498619047306 0.9805108409401587
49 0.10194334521406392 0.9427890597101163 0.33338984521265
50 0.0028158968509959196 -0.844717065123169 -0.5352131163281593
51 0.0112066299745776 0.9988311575354539 -0.048335481133274245
52 5.794757639725215e-05 -0.745183249470343 0.6668597489043859
53 0.016456000648728465 0.0040864242118959495 0.9999916505337234
54 0.008465987957292948 0.8007664423706576 -0.5989767147168914
55 5.796952059686884e-05 -0.9966412572489599 -0.08189141804372795
56 3.10401950649393e-05 -0.744570768988943 -0.6675435341363243
57 0.05939278627181793 -0.9109361578993801 -0.41254735029026135
58 0.023951814471625244 0.6877537444232609 -0.72594406604902
59 0.052684720538242254 0.9712605677515271 0.2380187167661006
60 0.033886383869487426 -0.9419391359235014 -0.33578365686210454
61 0.03411369495659724 0.008754576812713933 -0.9999616779581257
62 0.013554506833620531 0.5477153508053557 0.8366647443822204
63 0.13053221953572539 -0.3380623852018914 0.9411237026616681
64 0.08742090681129001 0.9666082307284667 0.256258713584501
65 0.04060604321133395 0.5101265057727079 0.8600993826925627
66 0.1329012310604509 -0.8218253002291714 0.5697395684900534
67 0.005923416558005211 0.4602903406370588 0.887768439581077
68 0.045399597030830276 0.9984505348549334 -0.05564646842251035
69 0.11940000460149931 0.161434199122918 -0.9868834781034396
70 0.004445157617981346 -0.9991251885279693 -0.0418193453912156
71 0.017414550198038812 -0.6319552211548709 -0.7750049022135913
72 0.0028769503667211457 -0.3638213646903862 -0.9314687405355184
73 0.07102239986198138 -0.8695056170802721 0.49392305257585956
74 0.10630358737617833 -0.9965003472734946 -0.08358862293281773
75 0.00010091027515366787 -0.6953129829808327 0.7187070722473073
76 0.08620144748058019 0.8177792244601005 -0.5755320495345472
77 0.07636512480517987 0.1308845027883288 0.9913976230200736
78 0.06810575577580238 0.6635028224812107 0.7481737796524728
79 0.025339416426632465 0.1646510108507462 -0.9863518868161745
80 2.939233929315007e-05 0.9954785160735499 -0.09498696771664637
81 0.026871828321067694 -0.9999360594585845 -0.011308271063167135
82 0.09131999925918781 0.5744793471023223 -0.8185190772076663
83 0.0147831709357356 0.8134252027101384 -0.5816695278213998
84 0.13524398377036145 -0.614221146169227 -0.7891339452834107
85 9.896599141825347e-06 -0.7301720802787968 0.6832632971127122
86 0.10771325538137712 0.039711543375534564 0.9992111855472461
87 0.0665964406001674 -0.2630821568585513 -0.9647734338914254
88 0.005640200634611597 0.7305680166141862 0.682839932268474
89 0.05215275267837333 -0.9853101560201366 -0.17077440219065057
90 5.5287854705933274e-05 0.6242721640723138 0.7812069285179633
91 0.013432724852966696 -0.386636546537123 -0.9222321729813199
92 0.07189323474019514 -0.9053297431484858 -0.4247093784821532
93 0.058678580959049806 0.998644004875368 -0.052059115690588846
94 0.06709388420913268 -0.7613835371362486 0.6483017116882345
95 0.05946476884040188 0.7304193362166274 -0.6829989701901911
96 0.011907476003636437 -0.7873027857811002 0.6165665604793362
97 0.06918306528213322 0.8991293152211962 0.43768307542086055
98 0.008507264467913007 0.6913035538843423 -0.7225644582920463
99 0.0927368239359201 -0.4917549108282369 0.8707336605853209
100 0.056625009811725975 -0.03969564538833431 -0.9992118172525801
101 0.06354642241201805 -0.6718328653767135 0.7407027750722383
102 0.02661976261992371 -0.8200577482260851 0.5722807786168977
103 0.06286979879703622 -0.6036716823605182 0.7972330273615248
104 0.05477076163462997 0.5443199808179805 -0.8388776779020367
105 0.11810260950102586 -0.9956054074154597 0.09364759860827458
106 0.019127348291648638 0.9399887897036514 -0.34120532708541434
107 0.04878771261344816 0.9971958839090884 -0.07483561394664831
108 0.00018513388153439786 0.7453500203024152 -0.6666733437262881
109 0.052514400093067966 0.5886115546191654 0.8084160053888154
110 0.029206668518212794 -0.1459368705032685 0.9892939046753054
111 0.024669866647843826 0.30659845855037293 0.9518389492001971
112 0.03444401252771692 -0.8254891929212779 0.5644179235018829
113 0.07584557222001717 -0.9922894270194286 0.12394229716063103
114 0.041864552217837005 0.7612640824575053 0.6484419764020005
115 0.030585430502627794 0.939820871394245 0.3416675719054445
116 0.011318621738511591 -0.13276399537285957 -0.991147678972531
117 0.07431208986555447 0.15251567715393424 -0.9883010514121073
118 0.10915266467200041 0.6201181098690067 0.7845084638246362
119 0.03070260381106967 -0.8247753399145014 -0.5654605544765424
120 3.8822452998038964e-05 -0.5821533742203022 0.8130789930160025
121 0.0016363965982570392 -0.01809708935770894 0.9998362342687822
122 0.10027699094621285 0.08453923963381255 0.9964201508209962
123 0.04128907338023778 0.7829113894885581 0.622133230272339
124 0.05760212952526549 -0.6558269772736929 -0.754911237086885
125 0.011343585254915982 -0.44305720391212633 -0.8964933430101801
126 0.003979148690914138 -0.990902008595939 -0.13458532371894627
127 0.0249541155151655 0.9548094367880618 -0.2972186727318191
128 0.09211256340831105 -0.7731933756979041 0.634170327102175
129 0.031795527613772884 -0.5975963117517582 0.8017971365505713
130 0.08968979556265774 0.7425515808280067 -0.6697888845075202
131 0.02788321222426615 0.28210998888846445 0.9593820689221528
132 0.03058548533522985 0.9397880114828948 0.34175794573502816
133 0.0910452260447299 0.9976174794866504 -0.0689881484220495
134 0.11975390221855048 -0.9698078440472958 -0.24387034593065207
135 0.02480811800936765 -0.3025690011530737 -0.9531274833626566
136 0.05443023567542475 0.47532005824162316 -0.8798129586640446
137 0.049893144314984685 -0.9116732050990006 -0.41091600979338294
138 0.06752041935953464 0.9977410589610097 0.06717722280180241
139 0.00010198985718348127 0.917040295275935 -0.39879455467724967
140 0.051477487496575526 0.8025182715361819 0.5966275419812422
141 0.007918636804582213 0.5150296889480794 -0.8571723394405845
142 0.11105531388380592 -0.6212044246715693 0.7836485581996974
143 0.00700382260006639 0.8490296579757906 0.5283451900770103
144 0.12400151233363758 -0.6708185625758771 0.7416215046124499
145 0.09615611489192818 -0.786305924817806 -0.6178373512474095
146 0.14473723188744217 0.885749033924092 0.4641644632051637
147 0.12989206514436114 0.35438100076132484 -0.9351011208951693
148 0.06387041826234348 -0.2695971067733027 0.9629732083601622
149 0.17889187213964677 -0.727708083328862 -0.6858869771746902
150 0.01785408632616836 0.3173749223354176 0.9483001416601116
151 0.08088926914587821 0.46082443366822484 -0.8874913190191551
152 0.10136402069119305 -0.3221814924913051 -0.9466779208876032
153 0.00018374407839454737 -0.8172351377313125 0.5763043724086108
154 0.042724215438247296 -0.942063644839003 -0.3354341799409429
155 0.03301992300770649 -0.026873249280981493 0.9996388490215264
156 0.007238660122314261 0.5602140694903296 -0.828347871576359
157 0.024084140991672467 -0.70290609633106 0.7112826581188596
158 0.03501611663389341 -0.48670692520121545 0.8735653203746006
159 0.04571901852417616 0.8850640126478369 -0.4654693260739204
160 0.05229342321450238 0.4832205653894844 -0.8754986494476545
161 0.06598315547778738 0.9149961915341481 -0.4034624759231081
162 0.0725061950511081 -0.08821709013612537 -0.9961012724657643
163 0.04476296316692374 -0.999502397909644 0.03154293221740079
164 0.18105221840878552 0.325418300926753 -0.9455701610255821
165 2.9416814316648635e-06 -0.3241355445917978 0.9460106493756709
166 0.001636422842094067 0.017684489011392465 -0.9998436171964123
167 0.009716404083931133 -0.17948369048789037 0.9837609490363232
168 5.519990309009833e-05 -0.9894065468708154 -0.1451712265194761
169 0.09659408325274216 0.8125004721706333 0.5829605327314173
170 0.07845882032463376 -0.8811560639171802 -0.47282553973107483
171 0.06168249937658501 0.7964849441168006 0.6046583612216546
172 0.023030929893913355 0.5702592494714622 -0.8214647821983878
173 0.053810639890415124 -0.3775890591899785 -0.925973273037633
174 0.015250585805456652 0.8557854378642874 0.5173309234324098
175 3.95025209906432e-05 0.5914707145326494 0.8063264809307934
176 0.0016444521414060655 -0.1357591087880863 0.9907418757582949
177 0.07539191691573308 -0.7850996555125034 0.6193694623680994
178 3.7585035112128562e-06 0.8483613100390248 -0.5294176873026342
179 0.12510958946241504 0.9948337782243298 -0.10151725815793504
180 0.024803634755859595 0.8052234234790685 -0.5929715324369702
181 4.97390099606318e-05 0.5606627788526232 0.8280442309498053
182 0.044709957645073864 -0.15569309756685304 0.9878054764831173
183 0.10808068207858491 0.7263568780601949 -0.6873177472571526
184 0.029277989249658628 0.957230081892977 0.28932779043701395
185 0.1303305874547533 0.9702162676075679 -0.24224036424518564
186 0.05722527558892872 0.9409687227381114 0.3384935196257194
187 0.05572591221721279 -0.3604409950480053 -0.9327820158476491
188 0.048274743249589705 0.6248088228458089 0.7807777756148254
189 0.05327335343001042 -0.8701383588840514 0.49280750440569565
190 0.10576428080665302 0.006001383617634594 0.9999819915351846
191 0.03302316662856993 0.02512108592328096 -0.9996844157243
192 0.010208610677555623 0.41030066629711603 0.9119503074379341
193 0.05988834730975763 -0.7075247979672852 0.7066885171427029
194 0.034311817935260974 0.9498319257549425 -0.3127607916869654
195 0.05703923207881152 0.412305667469426 0.9110455732687531
196 0.04980391734719281 -0.8560457583440042 -0.5169000479988745
197 0.06542816957638321 0.18843923091561576 -0.9820848518595179
198 0.06853570443681106 -0.31461500075529175 0.9492193641618084
199 0.08378251151332015 0.8876494222635318 -0.4605198184174251
200 0.06257854382380339 -0.38901854220427007 0.9212299245146482
201 0.12161462034805541 -0.044372072125205636 -0.999015074568605
202 0.10229964621411097 0.9999989647794832 0.0014389023461722622
203 0.0920540387608798 0.24289421614407888 -0.9700527819473297
204 0.002813967066941011 0.8372647744650805 0.5467976750498651
205 0.034138624674503085 -0.9475359847303378 -0.3196491164403697
206 0.12206040233643296 -0.7670564510079978 0.6415796138960582
207 0.07326866474225847 0.9312266962210028 0.3644404481466293
208 0.048029172770234434 -0.07071745848869286 -0.9974963864921517
209 0.0875130920795088 -0.9965872204074581 -0.08254642403239898
210 0.049221187185303425 -0.9862778964965032 0.16509364276807517
211 0.10081271576577644 -0.604691099205099 0.7964600897359071
212 0.050041106462112475 0.6380136716606946 0.7700250351605715
213 0.014347272543224864 0.9981968910624995 -0.06002471718517643
214 0.0864183719241086 -0.20864678409808876 -0.9779910630908267
215 0.010750032329872233 -0.9899925791215857 0.14111942915201633
216 0.029206763399714005 0.1478063449824283 -0.9890163215958245
217 0.10221445921398206 0.9420704822078876 0.33541497663729664
218 0.090499420200918 -0.7599140218251956 -0.6500235991357977
219 0.12182245867467516 -0.09292380701739252 -0.9956732225431165
220 0.018148358133909127 0.5234160654326097 0.8520772397189389
221 0.0016409632374292868 0.1577659605442396 -0.9874765322242111
222 0.1010989330354825 0.8969169181987602 -0.4421990975215107
223 0.10535660812301184 0.9476651699326705 -0.3192659169038919
224 0.0576899363758977 -0.9727841749873788 -0.23171307449974576
225 0.058913141099335244 -0.9999764825595069 -0.0068581577640278
226 0.0027920911720018524 -0.9572886031432014 -0.28913410433938475
227 0.08879631301499223 -0.7896721621917635 0.613529034569176
228 0.014362052318406824 -0.7608309028201672 -0.6489501809182654
229 0.07215828098791091 0.30239315505753994 -0.9531832876075549
230 0.1293300435991912 0.12811754088855773 0.9917589907415353
231 0.008535372313939745 -0.7175891217319277 -0.6964666915021855
232 0.07310100543761937 -0.9782993221296604 -0.20719661271518636
233 0.0015590551977062168 -0.210639178809408 -0.9775638783990017
234 0.034701454345201034 -0.9895390703862288 0.14426513154313572
235 0.07881222233457091 0.492556422038464 -0.8702805128857399
236 0.016458530279640032 -0.0049448279238970124 -0.9999877742636673
237 0.030754700138182895 -0.6112605046115093 -0.7914294633775539
238 0.050040510968423865 0.6381656715773737 0.7698990684630028
239 0.07914901157167481 0.6516941101004395 -0.7584818961981863
240 0.059977218860839676 -0.9913192520712367 -0.1314767678068022
241 0.07081790624422374 -0.9568986681180682 -0.29042200149759173
242 1.4351815273060208e-05 -0.9851297805976944 -0.17181186041580018
243 0.11517174484013408 0.6530423637706603 -0.7573213790200489
244 0.1395768328945569 0.6202677375979139 -0.7843901667506837
245 0.037315464855433376 -0.8644003619680085 0.5028041509669304
246 0.03192210747737498 -0.8989277493069222 0.438096908829532
247 0.11149530259867123 -0.13263226501410852 0.991165315311844
248 0.05452082976722988 -0.8488280110598634 0.5286690908689068
249 0.1481415398752873 -0.29993695720286834 -0.9539590251703082
250 0.08284073806136973 -0.15267925046620057 0.9882757947440983
251 0.015279886808888626 -0.1706223178532525 0.9853365032568232
252 2.5833599082019063e-06 0.018526220857132288 -0.9998283748427791
253 0.08302781854149577 -0.7331691259266513 0.6800463460588184
254 0.07011156114752938 0.8102725835043609 -0.5860531890717501
255 0.05510239115172751 -0.9663062068415608 -0.25739524979974815
256 0.033859754318207605 0.997597518407876 0.06927619552521248
257 0.01574964668785375 0.49211655957706785 0.8705293170192663
258 0.05986447583323328 -0.4249117332970416 -0.9052347866197497
259 0.044484267929186146 0.8000852607497254 -0.5998863021698727
260 0.00688028135730811 -0.8974204341268022 -0.4411763416273156
261 0.01891229001547764 0.8367103232364786 0.5476457203242873
262 0.07028968393171903 -0.20394254162099096 -0.9789828597667941
263 0.04320381360603281 -0.9328243031740022 0.3603315409562939
264 0.04308653697959664 0.04745088562091658 0.9988735723072218
265 0.10073458637186535 0.467363731674317 0.8840651233452528
266 0.09707154166739965 0.9024503988284978 0.4307937762483174
267 0.007468274048691513 -0.8322949947617858 0.5543329700590421
268 0.03890802319691579 -0.14887944164956507 0.9888553543638795
269 0.009370929546275546 0.45308644750438914 -0.8914665843921759
270 0.07547158448484446 -0.8888465356781631 -0.4582050152638315
271 0.08027656020529168 -0.2736405107719563 0.9618320388011947
272 0.05850492911839185 -0.225784651712465 -0.9741772380070687
273 0.009378977731360417 0.45023345581761287 -0.8929108775586339
274 0.031113742740730276 -0.9999930111322679 -0.003738674446890892
275 0.08272622406922409 -0.6820135005801045 0.7313395825650844
276 0.02420478736801082 -0.7973881925401869 0.6034667102645297
277 0.005141726221493145 -0.6899726471051326 0.7238354414138176
278 0.08580899999092263 0.9097034434637512 -0.4152585278476452
279 0.06602982460755248 -0.4865944782776853 -0.8736279606958944
280 0.0940456660050271 -0.610272906298681 -0.7921912520583405
281 0.06786475041894494 0.9692889601848428 -0.24592460564934604
282 0.07657889471257666 -0.09097862027699766 0.9958528458826102
283 0.07953415744310662 0.6416440395700004 -0.7670025596334681
284 0.08231818320650894 -0.9014394766181429 -0.43290515126804463
285 0.03901422685116419 -0.9991720660119249 -0.04068393419350653
286 0.082842699414264 0.6088587524735115 -0.7932786518849473
287 0.07082385650739081 -0.9799734598245468 0.19912814476991303
288 0.0235253826534469 -0.8554405474647037 -0.5179010231243882
289 3.67127445565928e-05 0.9707469337774984 0.24010495738652538
290 0.0351089273748104 -0.8735908456712181 0.4866611083284197
291 0.06942265758897055 0.9974626061638685 0.07119234021145283
292 0.05017630958825085 -0.1891097596501044 0.9819559556339987
293 0.09829455773078205 0.4878671860507343 0.8729178705782911
294 0.03219109022078818 -0.24223872585625644 -0.9702166766735859
295 0.043794984517594296 0.8678036103264177 0.4969073292923288
296 0.035377564883735155 0.441217106776582 0.8974003926273391
297 0.04868897397667807 -0.9972204155566079 -0.07450800491964706
298 0.05252372860132946 -0.20930630743506135 0.9778501263833326
299 0.05392437614709179 -0.940704188461385 0.33922799090170447
