0 0.015065505013249055 -0.8730001588829499 -0.4877199222815737
1 0.04755392793694394 0.662010520874426 0.7494945431766473
2 0.057533652748772555 0.7141205654379653 0.7000227267871812
3 0.013410736739616158 -0.5751438741348521 -0.8180522746409018
4 0.14367748402824793 -0.21642026285380872 0.9763002969508349
5 0.12654458409550104 0.17433679284143455 0.9846860833086668
6 0.013728186193569684 0.26352166607761096 0.964653477424759
7 0.11034616085017804 -0.38700742875540606 -0.9220765966491772
8 0.03388508627497665 -0.5582512364062128 -0.8296719574934027
9 0.11191055523519813 0.9718471651274404 -0.2356121551061353
10 0.04182905356330247 -0.6564782997779028 -0.7543449091236143
11 0.11199595288813244 0.9908819093688404 -0.13473322413406924
12 0.086256957540064 0.7725972044137362 0.6348964952904366
13 0.02138971041537567 0.9909402061319934 -0.1343037894889133
14 0.0697893274421188 -0.9660182429395703 0.25847389482875305
15 0.07354114038373735 -0.93048030938603 -0.36634190839279895
16 0.08162504587549667 0.4227538835560441 -0.9062445331908395
17 0.0728463543681071 -0.831087336281156 0.5561419238585531
18 0.10631747818238073 0.08802217018512906 -0.9961185158182234
19 0.16774911675212423 0.7053844443885082 0.7088249329804331
20 0.02441735533800017 -0.978888186918002 0.20439647137949055
21 0.15625625974157029 0.5757621526325981 0.8176172353833282
22 0.1197427926418382 -0.05784122480605142 0.9983257948750678
23 0.11246814375153576 0.9631387952775747 -0.2690049461092901
24 0.04749725299912268 -0.9507767443663828 -0.3098767212490507
25 0.07547257586107244 -0.6822067094209711 0.7311593571999272
26 0.06382935654997952 -0.13253143699207884 0.9911788023403318
27 0.07575525480215124 0.6563791021716567 0.7544312256477258
28 0.021483912974693417 0.9886933721633415 0.14995137825402038
29 0.05839735883725572 0.9900168893006199 0.140948781121101
30 0.041552901018771564 0.1701094649691777 0.9854251721606772
31 0.065252088342352 0.33726896883795515 -0.941408329397495
32 0.03679699394459668 0.9723647101805752 0.23346706490519367
33 0.045506594387328354 0.998853041455069 -0.04788111920118512
34 0.05259239871293695 -0.17867066221254652 -0.9839089360629519
35 0.031671867232037305 0.7297795362900914 0.6836825494425166
36 0.060612455794943 -0.7980920504073287 0.6025355417538669
37 0.09900139892502158 -0.611140729773244 -0.7915219569994422
38 0.04889075320497942 -0.37608995263767403 -0.9265831573717451
39 0.026211360038639987 0.9990985251324941 -0.04245158510674428
40 0.02224329767388553 0.8042015260654675 -0.5943567156800479
41 0.1162412247962869 0.9433756463849837 -0.33172637791968557
42 0.027734222977260886 0.3660401527006918 -0.9305990579249768
43 0.10420647047565278 -0.8233911099980853 -0.5674742989564557
44 0.03482185154659549 -0.9502764215008709 -0.3114076472078026
45 0.15583244522187784 0.5706799685349621 0.8211725601315077
46 0.023645121545506697 0.3801679527101576 0.9249174707681586
47 0.034882659585155386 0.9176575748835153 0.3973720866629985
48 0.043453306454239254 0.20622748372901298 0.9785040750833895
49 0.09157051706356148 0.8762957756675561 0.4817735085568696
50 0.04605928223899759 -0.9992345644136273 -0.03911886093827877
51 0.04694312079839295 -0.05552293394682335 -0.9984574121142757
52 0.02987798215606654 -0.5017331016845779 0.865022482178338
53 0.030677910645472158 0.03101731624457355 0.9995188472925282
54 0.051608220106917777 0.4821715507524765 -0.876076820629876
55 0.05498778297611987 -0.9907345019260023 0.13581291062868803
56 0.01166413398109473 -0.5133051809552385 -0.8582061472656264
57 0.049246682567456956 -0.9339250503657166 -0.3574688801831479
58 0.0800778154669209 0.24511277089359002 -0.9694945742730418
59 0.03417507501934089 0.8836953069615384 0.46806260740861616
60 0.08233179554204272 -0.9580049676018372 -0.28675160339604544
61 0.06559170440164276 -0.0035821680387676056 -0.9999935840154885
62 0.022267301073046537 0.30457191842706427 0.952489341938091
63 0.10291278748680142 -0.5368360354081584 0.8436865952990189
64 0.02561506871591955 0.9945237756361128 0.10451057216612489
65 0.0316933402330501 0.5484602432646644 0.8361766329897441
66 0.10222503937626978 -0.7878817214638669 0.6158265932737345
67 0.06086416544874672 0.37490667437642 0.9270625574943758
68 0.031950723999275885 0.9981122582998063 -0.061415957467588496
69 0.03436318308877015 -0.15754849805666843 -0.9875112509536729
70 0.0527657321559977 -0.983065544376021 -0.1832542917933369
71 0.06151156645342945 -0.6796817848773575 0.7335071037869568
72 0.030396611926320316 -0.4311559797076344 -0.9022774080970607
73 0.022752674170298203 -0.8888878888805162 0.45812478758689656
74 0.026867277444285603 -0.9957841745776199 0.09172719150158369
75 0.02771599126579391 -0.680254340342343 0.7329761472554231
76 0.047684921007850406 0.9213315045535755 -0.38877790410084373
77 0.07813422861313886 -0.0462086409285641 0.9989318102370827
78 0.05642862399915098 0.9334637621501466 -0.3586717228225479
79 0.058769252215867304 0.4325444092062821 -0.9016126297165475
80 0.04670195882883329 0.9511498325702118 0.3087296487246698
81 0.023353505133262127 -0.9880031576572623 -0.15443367657113788
82 0.045214381636359754 0.6739656034582884 -0.7387627260190549
83 0.0641013677355003 0.9330238285513093 -0.35981458468974964
84 0.0902062512926974 -0.8026117048186565 -0.5965018451673807
85 0.057532423187315045 -0.6890666467039996 0.7246979759873111
86 0.07040361728846138 0.39407484044445135 0.9190783536394926
87 0.040034833399363215 -0.3728285270310164 -0.9279002583423946
88 0.09052985104390442 0.9979916426504523 0.0633457275579979
89 0.06550540222093923 -0.998056394456368 0.062317200552936845
90 0.05839781257002481 0.6128081573784325 0.7902317142778125
91 0.06757965111984136 -0.11235080566591184 -0.99366860495148
92 0.044072859246936553 -0.8489515735528975 -0.5284706479664308
93 0.021814453004346656 0.9985596373826948 -0.0536530576029088
94 0.02551014244095458 -0.7232200700405045 0.6906176440626229
95 0.05358554025790651 0.7027493528178079 -0.7114375215815878
96 0.02345297720559749 -0.7225925508154398 0.6912741898161945
97 0.04190775912767425 0.856885540175282 0.5155067128937462
98 0.10744366444000616 0.731667208618047 -0.681662009967605
99 0.11445259691534639 -0.7330816667649295 0.6801406250571663
100 0.05214249535551349 0.0937459094483631 -0.9955961553068088
101 0.0702725726077212 -0.36960349797650616 0.9291895685399889
102 0.10286585494565864 -0.796700414024169 0.6043744288880178
103 0.11496813272248746 -0.014491176713531354 0.9998949973859541
104 0.030035122685218563 0.516619727696431 -0.8562149595486319
105 0.06090253831346201 -0.9927073110078211 0.12054955276408598
106 0.14430271231828493 0.9872162443310848 -0.15938659582545822
107 0.06354767415969013 0.9995362762774437 0.030450491053867643
108 0.02895275703738135 0.5828650422806405 -0.8125689770642165
109 0.02844975479413232 0.4335916854099922 0.9011094552513154
110 0.09192206627194402 -0.24409268895148178 0.969751906005054
111 0.06778604564749437 0.26570918876647776 0.9640532283048796
112 0.1239942243184959 -0.2979040899548952 0.954595806186129
113 0.016075340241239928 0.17245753400674807 0.9850169536430889
114 0.10503491547706936 0.9335690763049895 0.3583975164074783
115 0.12358664661303988 0.8899010015776696 0.4561537102677786
116 0.09053620960230382 0.02059447678511456 -0.9997879112721595
117 0.08648601036217936 -0.9977606562824484 -0.0668855199188722
118 0.09304142496243696 0.5082756856577383 0.8611944190304278
119 0.1313693042951887 -0.9958091742494491 0.09145539065921789
120 0.03740458700152071 -0.717244539670784 0.6968215483984728
121 0.044629142768448656 0.020508891468258413 0.9997896705661362
122 0.037328780425426034 -0.1558398701447363 0.987782331727629
123 0.09975773581075956 0.753009678666173 0.658009440536431
124 0.06592628642788205 -0.6506892269084283 -0.7593441446309518
125 0.026766386809225683 -0.7368936525468616 -0.6760086869531672
126 0.06505219516173229 -0.9146800720187164 -0.4041786311172769
127 0.01651966552843762 0.9403718041853187 -0.3401483057333207
128 0.013541447520056232 -0.8675292659973929 0.4973861403758901
129 0.0787500525416015 -0.8378884480744598 0.5458415050024807
130 0.1266607853562459 0.8234157458418925 -0.5674385512984115
131 0.06031795911547238 0.8136836065836961 -0.5813079978608147
132 0.09609712230862111 0.8621828097836993 0.5065972784307919
133 0.09073242928573813 0.9743691835616362 -0.22495487130851502
134 0.07204816956504954 -0.8866241977897757 -0.462490574924113
135 0.11846356977953275 -0.1356739480294954 -0.9907535414148616
136 0.12835326220390195 0.26884976342021216 -0.963182124371552
137 0.0598530770907984 -0.8662348555918793 -0.4996370432200919
138 0.05901178092681249 0.990020088624195 0.14092630741114706
139 0.01546383781376265 0.9762273336236651 -0.2167491478323024
140 0.14350935262926273 0.9188301958613743 0.39465310232322837
141 0.06146766171835891 0.69499308402458 -0.7190164206455948
142 0.025876438528928843 -0.7117829335323435 0.7023994985277905
143 0.06204478495653194 0.8861964830364931 0.4633096086352522
144 0.07216135290444305 -0.7091512019720347 0.7050564323099381
145 0.05319873731377037 -0.6742828191448416 -0.7384732085905926
146 0.10710265988061407 0.8658792761800925 0.5002530150652158
147 0.1220770854556907 0.34538157421312293 -0.9384623424485743
148 0.14648116893153787 -0.7679235747580099 0.6405414766671079
149 0.18198971666925837 -0.9059719137960078 -0.42333779823304096
150 0.020744728268927887 0.41151192380409796 0.9114043759863403
151 0.05739857906933243 -0.9675381883373324 -0.25272485851002613
152 0.05428971077393154 -0.3363580065591592 -0.9417341936149226
153 0.02760870591700767 -0.8906122986015288 0.45476338196880073
154 0.05521276811786163 -0.04704362642416117 0.9988928357000384
155 0.09038972006937501 -0.19217866801502378 0.9813599541248722
156 0.14918160893137652 0.7640162309143328 -0.645197023318813
157 0.058732147378854425 -0.5875779345469494 0.8091675789560163
158 0.05533129008822943 -0.40229126430956164 0.9155117359489251
159 0.059623212922018276 0.8650631073242473 -0.5016630545959287
160 0.027621861724619123 0.4312475345011681 -0.9022336526569289
161 0.03654785340863008 0.8207060439324111 -0.5713506711756023
162 0.07178929758284536 0.05431705183003398 -0.9985237392673714
163 0.03403233849745674 -0.9983719734773575 -0.05703860600441134
164 0.10971118159887026 -0.09756421708182086 -0.9952292316573159
165 0.0559994354242944 -0.5307911104882352 0.8475026826073567
166 0.048525616672549544 -0.027878421982645386 -0.9996113212582967
167 0.09390546024797604 -0.22796657803817624 0.9736689577559532
168 0.06941278206896072 -0.9999406473776692 -0.010895031983789338
169 0.16202643204062991 0.7709989126101345 0.6368364599753928
170 0.07653827283056092 -0.74353837729592 0.6686932641264978
171 0.04232282675572093 0.7684434805600882 -0.6399176643793305
172 0.059126475461278236 0.6043545623406317 -0.7967154843343158
173 0.04555667677569889 -0.6013863112737982 -0.7989583872846535
174 0.11513683863992583 0.7747321987006746 0.632289506710667
175 0.0537563402925532 0.38312074800133494 0.9236982691609299
176 0.01174644602902594 0.19162059330410003 0.9814690765489174
177 0.040764939412660656 0.5973974658738802 0.8019453022291896
178 0.05046721706617737 0.724307715723009 -0.6894768545383643
179 0.07479978951731782 0.9799813912548516 0.19908910767343715
180 0.18731349625816351 0.7502306352471907 -0.6611762200325997
181 0.05898618579879405 0.20306434435979623 0.9791653956557728
182 0.06126161352614851 0.859123188622433 0.5117688411492277
183 0.07219227600595236 -0.9364416147839291 -0.3508234628710961
184 0.11242820617329932 0.8926978043786857 0.450655777792179
185 0.10449423669391092 0.9719545492528014 -0.23516877808668296
186 0.0825858190356867 0.874559288801949 0.48491860179851753
187 0.0175532880640241 -0.559453449421318 -0.8288617725113089
188 0.03236719207023055 0.6720959885910455 -0.7404640316178939
189 0.04582366922122581 -0.9023999970927769 0.43089934468151186
190 0.04711151267585545 0.22754201262782073 0.9737682642647997
191 0.06878859072840839 -0.9978523094983538 -0.06550395735221985
192 0.018371642039185343 0.18614180178867576 0.9825228901287061
193 0.10641274644742507 -0.5697834874141179 0.8217948512069212
194 0.02676268528790273 0.7947969924363777 -0.6068753915047871
195 0.026229168983652767 0.9827830816320725 -0.1847631306775436
196 0.08215994681855558 -0.9194924401696138 -0.3931076855912754
197 0.039207430173245655 0.2435213683325861 -0.9698955320885981
198 0.05538188613202985 -0.05016870177630429 0.9987407578356259
199 0.09401736138074791 0.9806481290084662 -0.1957785664269573
200 0.042316138048559916 0.04011895880877568 0.9991949104874883
201 0.1268273166003874 0.030550805787067644 -0.9995332151888505
202 0.02273828479646262 0.9965800660470885 0.0826327535398694
203 0.09322584124198878 0.22503728810285606 -0.9743501521338785
204 0.03383782525851442 0.5672879652624081 0.8235194985356673
205 0.09233796574167392 -0.8790117775962474 -0.47680005751581583
206 0.05026150302885446 -0.5397680926383969 0.8418137597886525
207 0.0856289648021609 0.6544670165503129 -0.756090552941731
208 0.0545503300786708 -0.379243834425747 -0.9252967707984594
209 0.013412884710473782 -0.9907227032895579 -0.1358989521174857
210 0.04446918273848453 -0.9996329899901708 0.027090317888706313
211 0.04502041332319077 -0.6446938231366135 0.7644408900690078
212 0.15060244642090337 0.5054348970025119 0.8628647431040743
213 0.02575008179687863 0.9983857603776598 -0.05679677345696712
214 0.04036087864483099 -0.24313181120202854 -0.9699932589361748
215 0.07575096788660257 -0.999999999650501 -2.6438571142302096e-05
216 0.09433363708422032 0.0588743133633196 -0.9982654031999695
217 0.08178163441804535 0.9782457846799127 0.2074492341658115
218 0.05198717057144757 -0.8131807979072653 -0.5820111596137169
219 0.05114316085348581 -0.26726717799526517 -0.9636224652665831
220 0.021747586444074665 0.6503140857728724 0.7596654459993512
221 0.04565979816094807 0.41443022955561504 -0.9100810869535089
222 0.013749587181161404 0.9042459877281329 -0.42701193622377037
223 0.08097541682478522 0.5784407712312089 -0.8157243861608187
224 0.09235381551012281 -0.987409047150842 -0.15818777956803826
225 0.01668619573213126 -0.9983963964632486 -0.056609500344021256
226 0.10297212742564794 -0.7240488749405829 0.6897486692247228
227 0.04597331606868795 -0.9001439041413887 0.43559264437900985
228 0.03843093946069152 -0.6625859932539644 -0.7489858486938571
229 0.04594393619791642 0.11228642284515818 -0.99367588239055
230 0.12467328365380573 -0.044884604032348945 0.9989921783081483
231 0.05005201502091965 -0.7853314957207976 -0.6190754734512868
232 0.06616675701984752 -0.9865005971958559 -0.1637576615985327
233 0.04443773772377593 -0.12187816249528952 -0.9925450687534404
234 0.06000668768862817 -0.9188488683411662 -0.3946096262740662
235 0.09041968342566105 0.7959503629289794 -0.6053618915601032
236 0.034424375362168434 -0.03105849003337139 -0.9995175687284577
237 0.018033927087237334 -0.6840902943484162 -0.7293973328565833
238 0.12550492243198344 0.5026841102626993 0.8644701760554834
239 0.05265213751898637 0.7135088688874416 -0.7006461974627163
240 0.04758178876661551 -0.38447479636814136 0.9231354889493071
241 0.02341356740226712 -0.9548291701294083 -0.29715527232405875
242 0.0692517118197236 -0.9928776485316252 -0.11913847005191311
243 0.04950405649725758 0.7749946166098727 -0.6319678348030986
244 0.15265035687451325 0.5477038727839669 -0.8366722582573443
245 0.07388355690663768 -0.977635673499405 0.21030570582217914
246 0.03147732950449952 -0.9510228340357391 0.30912063849350313
247 0.015266021428401725 -0.14408914697304948 0.9895647112365007
248 0.029385058030867203 -0.9382484840399037 0.34596211092664836
249 0.16560458198656852 -0.28473947065577554 -0.9586049414908463
250 0.024031624619980388 -0.16969360422109622 0.9854968699526416
251 0.04027621642578748 -0.18496888802715863 0.982744376967885
252 0.03836623991063114 -0.13416577787003864 -0.9909589012913338
253 0.07161599821559808 -0.8564581348121485 0.5162164888049351
254 0.030180979113583105 -0.6892030442100485 -0.7245682603120303
255 0.06987967299388308 -0.9898084812747557 -0.1424049521490091
256 0.07335155569601846 0.5428626688854468 -0.8398214826560283
257 0.021484610072258603 0.27804322489913397 0.9605685634496319
258 0.023604201434142855 -0.5555732213108947 -0.8314676155823723
259 0.08869884736170322 0.6380454059539552 -0.7699987402204321
260 0.10275764975820977 -0.8814246225016312 0.47232471335708964
261 0.04754864319831087 0.6516076292584126 0.7585561927057421
262 0.0454702786784455 -0.3172085615925107 -0.9483558026671268
263 0.11784656133690737 -0.9999366797085308 0.011253291673057166
264 0.04944181558784261 -0.0525032581763077 0.9986207527789877
265 0.04034661005614563 0.5199349757207035 0.8542058423016735
266 0.07915990514783043 0.8967956421146318 0.4424449980327558
267 0.03635705126685999 -0.7293042370301603 0.684189542341781
268 0.14097156463508365 -0.2778790812547199 0.9606160607657114
269 0.04056777152814834 0.6827616249256517 -0.7306412002678768
270 0.13359935282071958 -0.9837218529707574 -0.17969784636377664
271 0.03779772935512082 -0.25984184791100357 0.9656511865441864
272 0.13024425410206428 -0.5795020993033888 -0.8149707460412092
273 0.030874087131180603 0.2787230679292887 -0.960371517384853
274 0.04993601349295018 -0.9927176755396904 -0.12046417173198842
275 0.03177975247320784 -0.6624666513928391 0.7490914068338781
276 0.041735635014611035 -0.7136507875111491 0.7005016441698882
277 0.05177572608107174 -0.6359647054490436 0.7717181437695445
278 0.08070735368745412 0.8701143379246978 -0.4928499152255835
279 0.02556708648979897 -0.3749929429644286 -0.9270276655671484
280 0.1598699336463484 -0.7812968611497543 -0.6241596067974453
281 0.026109146420732077 0.9334497979914506 -0.3587080632348821
282 0.06797799104359492 -0.28358447972689343 0.9589472575997218
283 0.0465600323643783 0.5796206412059944 -0.8148864413450208
284 0.03838358669058207 -0.7964433947249288 -0.6047130881658106
285 0.06683890674543717 -0.999975065107246 -0.007061810232449364
286 0.036763971840774276 0.5620762211054268 -0.827085437949335
287 0.01373549651007233 -0.9870588842516426 -0.1603582209302113
288 0.05258666736455009 -0.7149023236313038 -0.6992243328621813
289 0.057871058094966656 0.8994318767347799 0.43706097871275557
290 0.042019696067456015 -0.903515212735995 0.4285560177557068
291 0.03332817074840904 0.9972886814819785 0.07358862539779501
292 0.0328221567160234 -0.18666699165985384 0.9824232459712362
293 0.10570628088679218 0.5907942949646529 0.8068222239361151
294 0.012323857058047357 -0.4527893202879071 -0.8916175365218065
295 0.031050690975632244 0.9285747518000241 0.37114543014770307
296 0.06004312743198228 0.4673172501916899 0.8840896943598412
297 0.05492959212814164 -0.9894073432615463 0.14516579865839116
298 0.0639384207732176 -0.25648850967259246 0.9665472799640649
299 0.0799855613888154 -0.9622558412891472 0.2721464603938761
