0 0.08425277212411499 -0.8044148967517776 -0.5940679034284103
1 0.004659552211315213 0.27845249619345586 0.9604500025319556
2 0.004424649790923175 0.5785620532575961 0.8156383699473404
3 2.1342875643770576e-05 -0.5703343381146261 -0.821412650722736
4 0.08850586225131846 0.0447464130397993 0.9989983776363561
5 0.13581398239281867 0.3674224940785349 0.9300541440395333
6 0.004654175917971612 0.2724874444869916 0.9621593384658015
7 0.08214563651822383 -0.5772133469044912 -0.8165933823852085
8 0.035610933562747776 -0.3839399759940499 -0.9233580534298103
9 6.758010641691786e-07 0.998390991191539 0.05670475030873773
10 0.07330885035378168 -0.7481443603643989 -0.6635359945435849
11 0.013581817500782141 0.9914880193352998 -0.13019795510899548
12 0.018497887859028984 0.7796361718046642 0.6262327359806162
13 0.04989248104582896 0.9980357502167038 -0.06264695754289515
14 0.11066661583098747 -0.568547099418632 -0.8226507130870673
15 0.02107095571604654 -0.8637180423900968 -0.503975339922321
16 0.01591121689883267 0.4348255929304209 -0.9005146882381807
17 0.059878992100499316 -0.7081010577350587 0.7061111045965013
18 0.031795467987812784 0.5459718843141478 -0.8378034981655655
19 0.11247216176812573 0.7174717941277275 0.6965875570458747
20 0.0543245072992406 -0.99944716558332 -0.03324700298474705
21 0.07893656291709218 0.4529117316612211 0.8915553618949493
22 0.04180489708047856 0.18540409147160158 0.9826623646327308
23 0.0366160073651431 -0.013111105481010864 0.9999140457624675
24 0.09386828801089511 0.0009182402734742876 -0.9999995784173112
25 0.028773502757400798 -0.8659408921784266 0.5001463498349563
26 0.013432123108202848 0.3868912512812941 0.9221253492242768
27 0.008800750576520747 0.7153057400866776 0.698811632844682
28 0.007552830880545139 0.9998224959566059 0.018840822145090124
29 0.00397884932005134 0.9909885931981097 0.13394628830703562
30 0.028644531871574095 -0.9890409293882745 0.1476415930379317
31 0.001421148801344266 0.739712660470483 -0.672922863290942
32 0.008587847157175234 0.9810416084623774 0.19379721996342303
33 0.026164458045787667 0.890459839500725 0.45506183561835084
34 0.09603429091539614 -0.18030819271168946 -0.9836101644661082
35 0.013545948046613002 0.551249200347832 0.834340649324888
36 0.014780321982859293 -0.8112468158880781 0.5847038598397095
37 0.13752917774585552 -0.5463890474119435 -0.8375314972395181
38 2.359809156696864e-05 -0.17103882286099448 -0.9852642899620007
39 0.004440212531571525 0.9993289108907359 0.03662960357327812
40 0.08080421638577641 0.8486413563643647 -0.528968664731713
41 0.040489154391266546 0.9659486036575837 -0.258734023839085
42 0.06320181604333715 0.29353430180455653 -0.9559485413264207
43 0.028246013767706295 -0.9247112119243419 -0.3806693769420057
44 0.07331994595291932 -0.9596069587433781 -0.28134406823546976
45 0.1670490249625179 0.5778817863361374 0.8161204819271202
46 0.05612594192756726 0.48138797213905776 0.8765076270517249
47 0.019815353495852322 0.9015778583911369 0.432616880459895
48 0.13960507034298542 0.19659149676280066 0.9804854835236275
49 0.10215261780562664 0.942982804904514 0.33284144822184514
50 0.0028158968509959196 -0.844717065123169 -0.5352131163281593
51 0.018554151122505563 0.9986819745941868 -0.05132556498136034
52 5.794757639725215e-05 -0.745183249470343 0.6668597489043859
53 0.016456000648728465 0.0040864242118959495 0.9999916505337234
54 0.004574573090135912 0.7527394192462723 -0.6583185905872511
55 5.796952059686884e-05 -0.9966412572489599 -0.08189141804372795
56 3.10401950649393e-05 -0.744570768988943 -0.6675435341363243
57 0.059335679792765064 -0.9101838561445387 -0.41420447609104594
58 0.022836556055300876 0.6898025723705994 -0.7239975215088129
59 0.04511332639767802 0.9671187927610271 0.2543250689343337
60 0.03278545616857886 -0.9416866132916141 -0.3364911920799265
61 0.03194103012108016 0.005810605556170025 -0.9999831182890392
62 0.013554506833620531 0.5477153508053557 0.8366647443822204
63 0.1319497287952222 -0.3384011188916158 0.9410019568167234
64 0.08885348986226277 0.9661203855185659 0.2580918454454876
65 0.04013819151123957 0.509500833604661 0.8604701625019635
66 0.1311295608847992 -0.8266952190808148 0.5626499931119912
67 0.003059993043484742 0.46363182162298394 0.8860279532715396
68 0.04557038087912337 0.9984420597498668 -0.05579832723696575
69 0.121526174584525 0.16472341699855175 -0.986339797378328
70 0.004445157617981346 -0.9991251885279693 -0.0418193453912156
71 0.025206068642206987 -0.6361907040205841 -0.7715318451741273
72 0.0014455972873869721 -0.36337190810992487 -0.9316441683371137
73 0.0712554045302202 -0.8688938306605185 0.49499849599780615
74 0.10833574690664559 -0.9963458011408646 -0.08541103294638629
75 0.00010091027515366787 -0.6953129829808327 0.7187070722473073
76 0.08706295592802485 0.8170549718209911 -0.5765597740239944
77 0.07566059702255272 0.1309091549340517 0.9913943681272617
78 0.07020214069310407 0.6647169612880874 0.7470952826620787
79 0.024285685772039926 0.16364195683577418 -0.9865197970456339
80 2.939233929315007e-05 0.9954785160735499 -0.09498696771664637
81 0.02305901281751046 -0.9999341519963091 -0.011475699169211463
82 0.09272087432968716 0.5728208685436204 -0.8196805795923998
83 0.0147831709357356 0.8134252027101384 -0.5816695278213998
84 0.13529841216475144 -0.6197969301121766 -0.784762234962617
85 9.896599141825347e-06 -0.7301720802787968 0.6832632971127122
86 0.10630243668009477 0.04253663640288114 0.9990949076857158
87 0.0671255400048418 -0.26197098449470535 -0.965075750023217
88 0.0040565439663122725 0.73074887195916 0.6826463843970868
89 0.05098653669558369 -0.9863113371616596 -0.16489374210799776
90 5.5287854705933274e-05 0.6242721640723138 0.7812069285179633
91 0.013432724852966696 -0.386636546537123 -0.9222321729813199
92 0.069564014915243 -0.9098237149495543 -0.41499494902395173
93 0.05927664799840985 0.9987737011712048 -0.049508522991226676
94 0.0683885382722896 -0.7642192554187686 0.6449565331455935
95 0.05703759300725369 0.7334395982747376 -0.6797546290262328
96 0.011717280431656719 -0.7877112584106779 0.6160446196283724
97 0.06818909170582767 0.8977448542908629 0.4405158074283798
98 0.004533895606346344 0.6906324909389155 -0.7232058921631576
99 0.09230305378993565 -0.4865455252041616 0.8736552248477694
100 0.05683278970118911 -0.04107064731042074 -0.9991562450035044
101 0.06127525603740985 -0.677923193756687 0.7351327386035351
102 0.02468494086316509 -0.8196718064380365 0.5728334223232842
103 0.061817669351900285 -0.6090773796510923 0.7931108028499921
104 0.052692300342442766 0.5369339906359291 -0.8436242586008157
105 0.12115244526131286 -0.9963235857888493 0.08566978697796229
106 0.015383052366536884 0.9390754372499206 -0.3437111042050728
107 0.0469922994848969 0.9964634702615012 -0.08402709345447044
108 0.00018513388153439786 0.7453500203024152 -0.6666733437262881
109 0.046524240465828835 0.5833541798517886 0.8122178900082458
110 0.029206668518212794 -0.1459368705032685 0.9892939046753054
111 0.022854451357143726 0.3094538066037592 0.950914476479585
112 0.03295275790412393 -0.8299084506854502 0.5578995998213978
113 0.08208744529550001 -0.992359162152638 0.12338271066772058
114 0.036959838465196675 0.7650323619402595 0.643991836271321
115 0.030585430502627794 0.939820871394245 0.3416675719054445
116 0.006848826911626527 -0.13557893069545113 -0.9907665484620876
117 0.07876584616161776 0.1530379687352827 -0.9882203095086534
118 0.10739387880800476 0.6240389420661755 0.7813932420906444
119 0.02906322938684358 -0.824445322797171 -0.5659416133470558
120 3.8822452998038964e-05 -0.5821533742203022 0.8130789930160025
121 0.0016363965982570392 -0.01809708935770894 0.9998362342687822
122 0.10180148885288333 0.0852478762451856 0.9963597741758172
123 0.03704637987286444 0.7849255375797329 0.6195901068086604
124 0.055224304858221884 -0.651839778082317 -0.7583567127082055
125 0.009934685011876231 -0.43772896791800137 -0.8991069739721972
126 0.003979148690914138 -0.990902008595939 -0.13458532371894627
127 0.02484956614278004 0.9562316140103484 -0.2926108343297698
128 0.09363772733681983 -0.7704381632465864 0.6375147344283317
129 0.030155733052903148 -0.5961851242435929 0.8028469951557717
130 0.08952715079901447 0.742575007424635 -0.669762912042988
131 0.03183766354564317 0.27927031653853823 0.960212523507408
132 0.03058548533522985 0.9397880114828948 0.34175794573502816
133 0.08924178087923954 0.9964919733555236 -0.08368839249271251
134 0.12215302437606508 -0.9700606105942492 -0.2428629485399379
135 0.022400708087833985 -0.3079766267802855 -0.9513939233340923
136 0.05243623322328026 0.4780651418896897 -0.8783243820536869
137 0.047437388158549997 -0.9155272882977809 -0.4022558692947961
138 0.06756976304723836 0.997888053816928 0.06495715549086033
139 0.00010198985718348127 0.917040295275935 -0.39879455467724967
140 0.048768982109922906 0.800097569921695 0.5998698847295123
141 0.004853602122641935 0.5167965951629125 -0.8561082170076518
142 0.1135949234011654 -0.6209907000072258 0.783817931987101
143 0.004768276662132109 0.84862791712606 0.5289902251216793
144 0.12134752239724529 -0.674926773984183 0.7378847130543521
145 0.09709655275250892 -0.7880795708297484 -0.6155733831484266
146 0.14665469023926775 0.884926037025794 0.46573158470713905
147 0.13058370346474177 0.35123536520190735 -0.9362871985835771
148 0.06304581136838987 -0.26495667693556246 0.9642603172106918
149 0.17558818201829998 -0.722881254948969 -0.6909722796490491
150 0.01730194324736831 0.3145948758074018 0.9492260342593462
151 0.08088926914587821 0.46082443366822484 -0.8874913190191551
152 0.10149599595725063 -0.3143768411877853 -0.9492982680510852
153 0.00018374407839454737 -0.8172351377313125 0.5763043724086108
154 0.044217950278609856 -0.9424047711313701 -0.33447458401025004
155 0.03301992300770649 -0.026873249280981493 0.9996388490215264
156 0.003659578159736765 0.5599218713735106 -0.8285454109206
157 0.02238547313185814 -0.7025089645694285 0.7116748939646456
158 0.033040875637795994 -0.47915208363278516 0.8777318957121021
159 0.04524072030365621 0.8859686085784692 -0.4637452151920614
160 0.04676675557360929 0.48441182914470926 -0.8748400881216389
161 0.06695425282722928 0.91569075201466 -0.401883623297624
162 0.07295657366738101 -0.09001049062371744 -0.9959408173067703
163 0.04466361017686913 -0.9994761574631426 0.03236372448763266
164 0.18421344361933265 0.32910693303787736 -0.9442926594157143
165 2.9416814316648635e-06 -0.3241355445917978 0.9460106493756709
166 0.001636422842094067 0.017684489011392465 -0.9998436171964123
167 0.007775643542457962 -0.1808021799752646 0.9835194821233548
168 5.519990309009833e-05 -0.9894065468708154 -0.1451712265194761
169 0.0949275874161694 0.8128608060324333 0.5824579899154126
170 0.08204097218010434 -0.8795678594285751 -0.4757734551866406
171 0.06077808647507997 0.7945516027422779 0.6071966325496853
172 0.021836350309246556 0.5708996287755048 -0.8210198620398844
173 0.053867309470977114 -0.37445970555532887 -0.9272431875810231
174 0.013218958149160919 0.8524261772896135 0.5228475994698805
175 3.95025209906432e-05 0.5914707145326494 0.8063264809307934
176 0.0016444521414060655 -0.1357591087880863 0.9907418757582949
177 0.0772642955991058 -0.7838244495724896 0.6209824733858305
178 3.7585035112128562e-06 0.8483613100390248 -0.5294176873026342
179 0.12256701012230081 0.9939680273425799 -0.10967023580124263
180 0.020379504714028718 0.8089935926800542 -0.587817460613938
181 4.97390099606318e-05 0.5606627788526232 0.8280442309498053
182 0.04846802252583749 -0.15891776967271737 0.9872918223515523
183 0.1105706679709771 0.7253250378916899 -0.6884065582251657
184 0.025004492767741072 0.9551490087404103 0.29612560021418527
185 0.1316150043067463 0.9704822063470978 -0.2411727330434955
186 0.05597614262545154 0.9398829892602882 0.3414966566441681
187 0.05567015198213762 -0.36050557124496213 -0.9327570600651295
188 0.047456298463736626 0.6207275312191308 0.7840263592422151
189 0.05370749502754463 -0.8712897868091508 0.4907688940856629
190 0.10788961128400161 0.01047275610946982 0.9999451591859784
191 0.03302316662856993 0.02512108592328096 -0.9996844157243
192 0.009494271508635858 0.4133260500933846 0.9105830968748546
193 0.05988834730975763 -0.7075247979672852 0.7066885171427029
194 0.03396771508685641 0.9508713308774918 -0.30958635647467975
195 0.06002926680111049 0.41381000264840095 0.9103632690899444
196 0.049078042050825874 -0.8547290472283304 -0.5190744222403474
197 0.06603218373591847 0.1879908700115305 -0.9821707757779743
198 0.06867683021926407 -0.3190827315828014 0.9477268648749269
199 0.08395776135631988 0.8886812069118548 -0.4585255854166581
200 0.06353060761941358 -0.3896758578373606 0.9209520757448333
201 0.12222913926536416 -0.045073144571340845 -0.9989836893755829
202 0.10454505946388862 0.9999999976836772 6.806354009792946e-05
203 0.08979211455999198 0.2546183921753538 -0.9670416094284867
204 0.002813967066941011 0.8372647744650805 0.5467976750498651
205 0.03300412061818832 -0.9477541060138422 -0.3190018096091348
206 0.12106654422527756 -0.7730265077173527 0.6343737213711753
207 0.0814155691972523 0.9316107124358622 0.36345767356701286
208 0.04759174130426901 -0.06664292380737363 -0.9977768892424822
209 0.08958247262285787 -0.996763864979225 -0.080385306316997
210 0.04890780172185161 -0.9858486669348872 0.1676377221949345
211 0.1025544797965695 -0.6043481743371986 0.7967203299623369
212 0.050041106462112475 0.6380136716606946 0.7700250351605715
213 0.008841149307002492 0.997445683767941 -0.07142904124167387
214 0.08724018956502476 -0.20668793587340126 -0.9784069179867816
215 0.008516197717684998 -0.9903466437498916 0.13861286092323982
216 0.029206763399714005 0.1478063449824283 -0.9890163215958245
217 0.10399905821860995 0.9406053516447155 0.3395019476487891
218 0.09122908500454775 -0.7592728622542099 -0.6507724031059551
219 0.1238247085053443 -0.08903881542042905 -0.9960281569054796
220 0.017136535985981836 0.5216886674175123 0.853135941270874
221 0.0016409632374292868 0.1577659605442396 -0.9874765322242111
222 0.10357359810332863 0.8961052496153675 -0.4438416177103944
223 0.10708806148381902 0.9491041831819879 -0.31496229848420215
224 0.05714331611683214 -0.9725277574893818 -0.23278694317481405
225 0.060262931290446575 -0.9999772841458167 -0.006740266490030643
226 0.01084058760536406 -0.9586516301325624 -0.284582241266353
227 0.08567175618056615 -0.7727451410736372 0.6347164303427827
228 0.014085237216575532 -0.760065787242115 -0.6498461349150458
229 0.07356452198519121 0.306790809333383 -0.9517769693098105
230 0.12590744000306803 0.12424899665405087 0.9922510704607286
231 0.004505746607153651 -0.7161341560629669 -0.6979626569666763
232 0.0728567013234554 -0.9781659813347106 -0.2078251980860421
233 0.0015297768753294257 0.9725905149772461 -0.23252460122811786
234 0.034066592666892305 -0.9890719611566626 0.14743356352511172
235 0.07917714966135725 0.4904111212882559 -0.8714912117266562
236 0.016458530279640032 -0.0049448279238970124 -0.9999877742636673
237 0.030466084573067414 -0.609607433251239 -0.7927034611535616
238 0.050040510968423865 0.6381656715773737 0.7698990684630028
239 0.07765309803515842 0.6471598440929941 -0.7623543376891952
240 0.06364021573180961 -0.9923927430314504 -0.12311232098581211
241 0.07221003864235831 -0.9565596869782551 -0.29153655902487174
242 1.4351815273060208e-05 -0.9851297805976944 -0.17181186041580018
243 0.11689740121672278 0.6517986071106052 -0.7583920989624529
244 0.1394204575439273 0.6189938584776168 -0.7853958257891317
245 0.03654039287000444 -0.862003060519909 0.506903071261469
246 0.0293437506954451 -0.8880043058696191 0.459835136496784
247 0.11470992077464828 -0.13360424760430337 0.9910347647898574
248 0.053435670825425156 -0.8407748440132192 0.5413849477724209
249 0.14802960293181824 -0.29909925117033426 -0.9542220066364773
250 0.08224921206653196 -0.16765465225645879 0.9858457879287034
251 0.014311635649072825 -0.1694958188501442 0.9855309063607894
252 2.5833599082019063e-06 0.018526220857132288 -0.9998283748427791
253 0.08355543887527409 -0.7331446416454171 0.6800727420111858
254 0.07783549603536682 0.8110535317402465 -0.5849719383454842
255 0.05456926757506766 -0.9649898976888531 -0.26228705145023234
256 0.03770809549421323 0.9981025132561977 0.061574126316673895
257 0.008940651739439202 0.55501076730013 0.8318431632110231
258 0.06050686488097362 -0.42390800444184423 -0.9057052521489171
259 0.04303903664018638 0.8011679309948885 -0.5984395928958658
260 0.014872864140927056 -0.8963574860646476 -0.4433319943065975
261 0.011527316594390009 0.8455673759977874 0.53386872229811
262 0.07068593781565911 -0.2046838491732167 -0.9788281370535054
263 0.04124851444172632 -0.9320337430195446 0.36237149704823296
264 0.04267731710698704 0.048874990097893374 0.9988049035436954
265 0.10304993024843072 0.46707174250421896 0.8842194226288362
266 0.09773799743720749 0.9027407883780652 0.4301849241879003
267 0.005264874185279552 -0.8214386567240599 0.5702968816672349
268 0.03575718829436917 -0.14617398405551288 0.9892588975517677
269 0.009370929546275546 0.45308644750438914 -0.8914665843921759
270 0.07135947000816475 -0.8787901219322841 -0.47720846764725505
271 0.07947795696291723 -0.2780216251485749 0.9605748153838645
272 0.056762880744946134 -0.2218551487289451 -0.9750796341747979
273 0.009378977731360417 0.45023345581761287 -0.8929108775586339
274 0.030423292553830604 -0.9999950243949481 -0.003154549943657314
275 0.08409501683125524 -0.6822286518022531 0.7311388832910475
276 0.01969134100161346 -0.7797576225986115 0.626081504278286
277 0.0018530616016845505 -0.7193875374543348 0.694608933829236
278 0.08407952898095271 0.9113631044812044 -0.41160331848805753
279 0.06602982460755248 -0.4865944782776853 -0.8736279606958944
280 0.09258374167410431 -0.6074888457375357 -0.7943282081762403
281 0.06564792094468237 0.9719509425076311 -0.23518368429490902
282 0.07821855178452726 -0.09274597681695124 0.9956898029930152
283 0.07978295257253962 0.6415059571120735 -0.7671180528378423
284 0.08352341593489081 -0.9025746864668261 -0.43053331502836156
285 0.03764633414435347 -0.9991742082534217 -0.04063128795827041
286 0.08435531269939534 0.6085702611378373 -0.793499991971408
287 0.07082385650739081 -0.9799734598245468 0.19912814476991303
288 0.02229671573241243 -0.858672530758286 -0.5125246188439736
289 3.67127445565928e-05 0.9707469337774984 0.24010495738652538
290 0.03450278409818736 -0.8741729325430541 0.4856147485497913
291 0.06890930876528506 0.9974013869017843 0.07204494018595128
292 0.04919203423315906 -0.1938202891116922 0.9810370510478491
293 0.09825263048069009 0.48849345209841766 0.8725675602822803
294 0.030374703887493772 -0.23375353864961565 -0.9722958825217675
295 0.04360183194339348 0.8667953193252588 0.4986640897395988
296 0.03501519613928769 0.44257087609244133 0.896733527662911
297 0.047989206637873635 -0.9974429370516942 -0.07146738644787654
298 0.0525957140518754 -0.20484564033619101 0.9787942907655601
299 0.04629009686070742 -0.9392686587793672 0.3431827306768347
