0 0.08719452199891997 -0.8041520915334405 -0.5944235978512237
1 0.004659552211315213 0.27845249619345586 0.9604500025319556
2 5.8025662574138466e-05 0.5643766201427913 0.8255174320607648
3 2.1342875643770576e-05 -0.5703343381146261 -0.821412650722736
4 0.08717488939879814 0.04826132191790348 0.9988347434920035
5 0.13615324781356766 0.3695891533431403 0.9291952742729058
6 0.004654175917971612 0.2724874444869916 0.9621593384658015
7 0.08042561598367565 -0.5808704982584931 -0.8139959854034478
8 0.03613941527391422 -0.3862496808004752 -0.9223942671556079
9 6.758010641691786e-07 0.998390991191539 0.05670475030873773
10 0.0753151149119574 -0.7516339540001751 -0.6595804721139511
11 0.009136207322415841 0.9913379962661991 -0.1313353614184595
12 0.010373624817908855 0.8355810250682948 0.5493672274042362
13 0.04095770203312825 0.9976712995610721 -0.06820541057805758
14 0.11337209336870892 -0.5852086186538923 -0.8108827736813771
15 0.018136618303669257 -0.8627754164892587 -0.5055873620866983
16 0.011625160430061374 0.4319279116622786 -0.9019081323100834
17 0.059878992100499316 -0.7081010577350587 0.7061111045965013
18 0.025281519725689823 0.5535456250888664 -0.8328188524192858
19 0.11093007780882497 0.7150101820075093 0.6991140390705858
20 0.05353981599799713 -0.9995867162040156 -0.02874711791593507
21 0.07611289955786045 0.45233919074449236 0.8918459825085371
22 0.03935229361997362 0.18902425409545187 0.9819724188405996
23 0.04386818760128801 -0.015198681767419474 0.999884493365375
24 0.0986153584585265 -0.002538213282668917 -0.9999967787314775
25 0.026058120381368444 -0.871275384130305 0.49079446309895297
26 0.013432123108202848 0.3868912512812941 0.9221253492242768
27 0.004277537811389619 0.6499872284889978 0.7599451314412057
28 0.00015643258703890902 0.9778450260899296 0.20933013388230792
29 0.00397884932005134 0.9909885931981097 0.13394628830703562
30 0.03790579203098694 -0.9883616957935124 0.1521221821042955
31 0.0028166795045129933 0.6461568929848882 0.7632046053635393
32 0.004737639576979826 0.9813035753031726 0.19246634276467822
33 0.02612893579952112 0.8893518963935549 0.45722336377441114
34 0.09720095946331322 -0.17947637942340264 -0.9837622828859962
35 0.013545948046613002 0.551249200347832 0.834340649324888
36 0.014780321982859293 -0.8112468158880781 0.5847038598397095
37 0.14003707139286214 -0.5484619443383775 -0.8361755172286298
38 2.359809156696864e-05 -0.17103882286099448 -0.9852642899620007
39 0.004440212531571525 0.9993289108907359 0.03662960357327812
40 0.08048035827378042 0.8468683446574143 -0.5318026013637117
41 0.0328252772062369 0.9650834165965768 -0.2619427399457333
42 0.06411608547309415 0.2939965271377956 -0.9558064877530992
43 0.021132964830219335 -0.9157045406373702 -0.40185220449327247
44 0.0692125153628874 -0.9654952424527877 -0.2604206919602064
45 0.16759466440908138 0.5791133396458916 0.8152470422173773
46 0.05473627105753899 0.48376627324851695 0.8751972308384215
47 0.01037489684884393 0.8359772633679359 0.5487640796661684
48 0.14392500442265427 0.19676107376037805 0.9804514673621857
49 0.10241508768708779 0.943235976996717 0.3321233079731814
50 0.0028158968509959196 -0.844717065123169 -0.5352131163281593
51 0.03101075453525665 0.9998738286210738 0.01588479898002054
52 5.794757639725215e-05 -0.745183249470343 0.6668597489043859
53 0.016456000648728465 0.0040864242118959495 0.9999916505337234
54 7.59397456379099e-06 0.6813054686351836 -0.7319992202234868
55 5.796952059686884e-05 -0.9966412572489599 -0.08189141804372795
56 3.10401950649393e-05 -0.744570768988943 -0.6675435341363243
57 0.059190367518482966 -0.9090864078544642 -0.4166076128136245
58 0.019773329552927075 0.6828772399834335 -0.7305331444312491
59 0.0346665258208997 0.9583756681759416 0.28551020760792
60 0.031273541340163497 -0.9413184087433633 -0.33751985624680275
61 0.028907961736538933 0.002063691059521767 -0.9999978705873382
62 0.013554506833620531 0.5477153508053557 0.8366647443822204
63 0.1339549794239859 -0.3389616585052079 0.9408001881714304
64 0.0908458769271035 0.96546425027839 0.2605355665439681
65 0.039337375417166455 0.5071728248573342 0.8618443744239628
66 0.12870489807458438 -0.8331110310380782 0.5531057855082248
67 0.019528615261054573 -0.8691043435738572 0.4946287900851049
68 0.045756538264620186 0.998450865915859 -0.05564052796183218
69 0.12450690591475908 0.16912381480110955 -0.9855948129262451
70 0.004445157617981346 -0.9991251885279693 -0.0418193453912156
71 0.036527887425159944 -0.6459330312013803 -0.7633940785747533
72 0.002947370653248338 0.9107231656477383 -0.4130173308138078
73 0.07156648944526461 -0.8679986924793489 0.4965664808000441
74 0.11117502441865451 -0.9961341425929311 -0.0878451476215169
75 0.00010091027515366787 -0.6953129829808327 0.7187070722473073
76 0.08824399902850216 0.8161017737167346 -0.5779082063238069
77 0.07471160282659084 0.13022055779056396 0.9914850509860017
78 0.07288681445826288 0.6662235459061603 0.7457520947876863
79 0.022857375883443 0.1600511268458886 -0.9871087259240298
80 2.939233929315007e-05 0.9954785160735499 -0.09498696771664637
81 0.01777902430564389 -0.9999219261528846 -0.012495663195894728
82 0.09472107935683174 0.570378429617117 -0.8213820347606292
83 0.0147831709357356 0.8134252027101384 -0.5816695278213998
84 0.1354831156874244 -0.6269967903015186 -0.7790218385588388
85 9.896599141825347e-06 -0.7301720802787968 0.6832632971127122
86 0.10357083272048608 0.05011851618162657 0.9987432774921452
87 0.06786312681926303 -0.26046974668563444 -0.9654820097037135
88 0.0016763048343318644 0.7866696422006497 0.61737417668696
89 0.04819250327964946 -0.9897156154984866 -0.14304894420600126
90 5.5287854705933274e-05 0.6242721640723138 0.7812069285179633
91 0.013432724852966696 -0.386636546537123 -0.9222321729813199
92 0.06636078337683586 -0.9156318736557643 -0.4020177507842589
93 0.0601234645511622 0.9989161649400148 -0.04654562730840706
94 0.07010624489985362 -0.7682861680515509 0.640106525494518
95 0.053664565399636405 0.7372848814716004 -0.6755819739701527
96 0.011445920439434615 -0.7881503060840187 0.6154828145607867
97 0.06685644852418642 0.8960904156378423 0.44387156588589793
98 1.3001866640903966e-05 0.6756165253688089 -0.7372532201683337
99 0.09167533183092526 -0.47958745469803016 0.877494087328379
100 0.05708948330225287 -0.04322341498627459 -0.9990654314893116
101 0.058069719481132105 -0.6857644445000584 0.7278235546198861
102 0.02201487323951744 -0.8189723257607595 0.5738330154653114
103 0.06027375607985356 -0.6169919338865518 0.7869694743247243
104 0.049977413430516204 0.5264315645491844 -0.850217506198442
105 0.12414759868937703 -0.997441575112256 0.0714863919748498
106 0.010114369105507259 0.9379678833313014 -0.3467221507763789
107 0.044524142269795966 0.9954733504693887 -0.09504108851044184
108 0.00018513388153439786 0.7453500203024152 -0.6666733437262881
109 0.03815566233241685 0.5747232826425903 0.8183478162667297
110 0.029206668518212794 -0.1459368705032685 0.9892939046753054
111 0.01892309958822546 0.2996485851817471 0.9540496451435728
112 0.030889224591893027 -0.8354394735414802 0.5495824651940184
113 0.09067295114031451 -0.9924260789860988 0.12284330567140224
114 0.029782591843924608 0.7735538941559037 0.6337305206759708
115 0.030585430502627794 0.939820871394245 0.3416675719054445
116 0.0006391330756015624 -0.12653451843083408 -0.9919622047464696
117 0.08490062750115256 0.15382776505235773 -0.9880976766995238
118 0.10499602977052606 0.6292133967146698 0.7772325915675355
119 0.026756216362556286 -0.8244006744091539 -0.5660066501674094
120 3.8822452998038964e-05 -0.5821533742203022 0.8130789930160025
121 0.0016363965982570392 -0.01809708935770894 0.9998362342687822
122 0.10331883555366055 0.08904198010185957 0.9960278739972793
123 0.029728897467257168 0.7887247172051546 0.614746549782631
124 0.051960855550072876 -0.6469863858259292 -0.7625015518383566
125 0.007925473925147126 -0.43080700868246374 -0.9024440820738244
126 0.003979148690914138 -0.990902008595939 -0.13458532371894627
127 0.02474037236690463 0.9583219885505048 -0.28569033280915584
128 0.09161290124870029 -0.7599378195340815 0.6499957772491955
129 0.02780481082464679 -0.5943576607676239 0.8042008275840297
130 0.08933903778471942 0.7426728372682934 -0.6696544308700294
131 0.037238452359007745 0.2754921184523666 0.961303330208851
132 0.03058548533522985 0.9397880114828948 0.34175794573502816
133 0.08686079350393626 0.9947280480791169 -0.10254808805975005
134 0.1242096813096143 -0.969509855906358 -0.24505231951653295
135 0.01907247999184229 -0.31520029926493204 -0.949025168972508
136 0.04964645978877171 0.481676588541198 -0.8763490537744155
137 0.04402016386998216 -0.9203688822013829 -0.39105130184590486
138 0.06764340113365683 0.9980766226004013 0.061992381939849635
139 0.00010198985718348127 0.917040295275935 -0.39879455467724967
140 0.044952492137567385 0.7967844296446108 0.604263661555047
141 0.0006260970959162414 0.5173128305597552 -0.8557963749270349
142 0.11715413890834389 -0.6208585117468954 0.7839226418412917
143 0.0016773473124571602 0.7914177286644728 0.6112756978283751
144 0.11773460840505219 -0.6804259634134078 0.7328168313521025
145 0.09838635241746814 -0.790479945000753 -0.6124879235965445
146 0.1494566102167672 0.8835930587463862 0.46825559957698887
147 0.1303218175378984 0.3430367003554216 -0.9393220013441954
148 0.061849767554989776 -0.25879576924655695 0.9659320627353059
149 0.17093483747608207 -0.7158340072670347 -0.6982704877338143
150 0.016558357235395775 0.311145344521795 0.9503623385753528
151 0.08088926914587821 0.46082443366822484 -0.8874913190191551
152 0.10195204776725807 -0.3053357234412167 -0.9522447668486442
153 0.00018374407839454737 -0.8172351377313125 0.5763043724086108
154 0.04601799269666124 -0.9430797717085476 -0.332566601140514
155 0.03301992300770649 -0.026873249280981493 0.9996388490215264
156 0.0034187617771699722 0.7943796762880232 0.6074215421768769
157 0.019984574782458145 -0.7021967808462606 0.7119829218240763
158 0.030302291804300666 -0.46996477087740424 0.882685172716835
159 0.044564424820506536 0.8872130069814466 -0.4613600332093577
160 0.03893207644073388 0.48631817355438445 -0.8737818000340403
161 0.068327098535849 0.9166092795520043 -0.3997842276017847
162 0.07361408415595724 -0.09247604126701789 -0.9957149098971958
163 0.044524557142174286 -0.9994362145664863 0.03357458879885741
164 0.18865276904245432 0.33396489618756664 -0.9425855123618375
165 2.9416814316648635e-06 -0.3241355445917978 0.9460106493756709
166 0.001636422842094067 0.017684489011392465 -0.9998436171964123
167 0.005072077591394507 -0.18271950511304436 0.9831650840277253
168 5.519990309009833e-05 -0.9894065468708154 -0.1451712265194761
169 0.09261539626452972 0.813314967163625 0.5818236538571043
170 0.09405405365206564 -0.8741097356702284 -0.48572849412662966
171 0.059549072746822806 0.7935994510219411 0.608440556946752
172 0.020156432054017646 0.5718138527957932 -0.820383396803489
173 0.05395854744505794 -0.3702241367644952 -0.9289424570752401
174 0.010388227684110653 0.8477568385400123 0.5303850890708028
175 3.95025209906432e-05 0.5914707145326494 0.8063264809307934
176 0.0016444521414060655 -0.1357591087880863 0.9907418757582949
177 0.0799572328929362 -0.7817026180621917 0.6236513584645794
178 3.7585035112128562e-06 0.8483613100390248 -0.5294176873026342
179 0.11908418585267934 0.992602422591878 -0.12141017529323757
180 0.01422548361815993 0.8148337891556454 -0.5796946576002346
181 4.97390099606318e-05 0.5606627788526232 0.8280442309498053
182 0.05213082280462636 -0.15887058714644806 0.9872994158510087
183 0.1139104551411048 0.7244953431201685 -0.6892796948969186
184 0.019093580522201507 0.9519625690636782 0.3062144136086376
185 0.1334512917681109 0.970848580172054 -0.2396936260685854
186 0.05007822257462602 0.9302025921792002 0.3670465059132106
187 0.05552078384320543 -0.3605970477875344 -0.9327216997191149
188 0.04636520245900249 0.6165716215423075 0.7872988222452066
189 0.05434997038505959 -0.8728387405861905 0.48800874267979344
190 0.11305793053094924 0.04642374275290351 0.9989218368365026
191 0.03302316662856993 0.02512108592328096 -0.9996844157243
192 0.008507139836237593 0.418200719445515 0.9083546434379326
193 0.05988834730975763 -0.7075247979672852 0.7066885171427029
194 0.03346387141872814 0.9522386570214955 -0.30535477738836625
195 0.06407133389362622 0.4158509598998355 0.9094327787969738
196 0.04806040313795468 -0.8530271590178193 -0.5218665212273995
197 0.06697522808115054 0.18701335915100883 -0.9823573705627987
198 0.0688984504221163 -0.3251424826515252 0.9456650389938304
199 0.08428490913738992 0.8903727757002655 -0.45523216087157614
200 0.06491885875664333 -0.39040209354362265 0.9206444511084376
201 0.12326085048474765 -0.04740787029928822 -0.9988756147957992
202 0.10769471113844722 0.9999985196872065 -0.0017206462145492574
203 0.08673038502218992 0.27047277390485275 -0.9627276242926731
204 0.002813967066941011 0.8372647744650805 0.5467976750498651
205 0.0301084861560577 -0.9398540524840412 -0.3415762872761006
206 0.11972825031504443 -0.7809541752531304 0.6245883253429437
207 0.09170958844680918 0.9299205600920224 0.3677604545327561
208 0.046930610446522796 -0.06075525481985475 -0.9981526932347448
209 0.09254496787859177 -0.9969732480297149 -0.07774537100741455
210 0.048458069029787804 -0.9852646389119988 0.17103681273225538
211 0.10495815256916641 -0.6038880938771187 0.7970691124823871
212 0.050041106462112475 0.6380136716606946 0.7700250351605715
213 0.0010038038238196147 0.9981156778787424 -0.06136035831592283
214 0.08844370938597582 -0.2032565888816619 -0.9791255073156817
215 0.005338099939407936 -0.9908054928596179 0.13529403282927702
216 0.029206763399714005 0.1478063449824283 -0.9890163215958245
217 0.1065332561022879 0.9386585907005298 0.3448478651580943
218 0.09227267817530004 -0.7585375912021048 -0.6516292832073376
219 0.12662988617003446 -0.08361646485986443 -0.9964980114402332
220 0.015632641971645437 0.5191766531790858 0.8546669543124756
221 0.0016409632374292868 0.1577659605442396 -0.9874765322242111
222 0.10705047575713728 0.8949559528392869 -0.44615450516331695
223 0.1094998827163038 0.9510081873243262 -0.3091656960953128
224 0.05645832290306351 -0.9721548180426054 -0.2343395181281825
225 0.06163733699469799 -0.9999555418819334 -0.00942943580544486
226 0.022127629922584918 -0.9612425914420502 -0.27570397240114586
227 0.08162464615059493 -0.7486669440372787 0.6629463077096682
228 0.01370404150335081 -0.7589463054595252 -0.6511532119473397
229 0.08124041825544993 0.37738766814827546 -0.9260553697968643
230 0.1212087700576688 0.1187164202642745 0.992928200606487
231 0.0001353733824727472 -0.7884284639657458 -0.6151264562743295
232 0.07250348010873514 -0.9779823421336815 -0.20868765769618175
233 0.010331330097432059 0.9595519823864305 -0.28153151350829525
234 0.033168960612789226 -0.9884682115392711 0.15142851374940816
235 0.07971218977214448 0.4875760065273057 -0.8730805448862577
236 0.016458530279640032 -0.0049448279238970124 -0.9999877742636673
237 0.03014636980285515 -0.6071802523170854 -0.7945641202547221
238 0.050040510968423865 0.6381656715773737 0.7698990684630028
239 0.07565573292120317 0.6415776121547976 -0.7670581252954356
240 0.06862810361098896 -0.99351333798338 -0.11371564206001814
241 0.07419830271779373 -0.9560394564318251 -0.2932380564414182
242 1.4351815273060208e-05 -0.9851297805976944 -0.17181186041580018
243 0.11928905720763798 0.6500275837127838 -0.759910613435896
244 0.13923146155322977 0.6170553296253038 -0.7869197673085914
245 0.035518838001181594 -0.8585576500399483 0.5127170384899273
246 0.026063207659643803 -0.8723618162902053 0.4888607792397076
247 0.11930301800454243 -0.13543314005545407 0.9907864878846097
248 0.052025806161896594 -0.8299882245131459 0.5577809132352196
249 0.14788666868178757 -0.2979632523750585 -0.9545773411484673
250 0.08155706656034052 -0.18637979640624683 0.9824777714999795
251 0.012935753264686049 -0.16804003205549375 0.9857801720600737
252 2.5833599082019063e-06 0.018526220857132288 -0.9998283748427791
253 0.08422158909809545 -0.733050120099908 0.6801746256818983
254 0.08873048762657944 0.8117006673654005 -0.584073648265836
255 0.053761647625364464 -0.9631179800822645 -0.2690794612047878
256 0.04933004896784677 0.9994092889950604 -0.03436674366866476
257 0.004278845835063871 0.6443695557667154 0.7647142444083318
258 0.05977640369609216 -0.4196483616850203 -0.9076867590391954
259 0.040968857940053345 0.802529085107891 -0.5966129964691446
260 0.026100965027387228 -0.894626603581513 -0.44681454784306923
261 0.0012247721939272899 0.8840703074189247 0.4673539253501654
262 0.0699046041246472 -0.1996837007963147 -0.9798604082400145
263 0.038534156460435884 -0.9308924918703845 0.365293263802313
264 0.04206388319013496 0.050952201606931216 0.9987010929960008
265 0.10632266097967176 0.46680622970753843 0.884359623629569
266 0.09868469036806776 0.9030695170996014 0.42949440891063156
267 6.848710811511556e-05 -0.6750847045816111 0.7377402263940599
268 0.031339723985644774 -0.14255594303636177 0.9897867462766985
269 0.009370929546275546 0.45308644750438914 -0.8914665843921759
270 0.06584581847267929 -0.8638252201282466 -0.5037916127431921
271 0.07842060165355527 -0.2830800070907896 0.959096298390041
272 0.054320255172510525 -0.2167707771556399 -0.9762225310713434
273 0.009378977731360417 0.45023345581761287 -0.8929108775586339
274 0.029568982346026593 -0.9999933079291247 -0.0036584282098945813
275 0.08601927079925202 -0.6825281351517472 0.7308593193811503
276 0.013576227286771847 -0.7502168852125456 0.6611918217446328
277 3.155327073695295e-05 -0.7348511360665413 0.6782284333627673
278 0.08164777293489726 0.9134559877457514 -0.4069375363018674
279 0.06602982460755248 -0.4865944782776853 -0.8736279606958944
280 0.09054963952034253 -0.6037545508766349 -0.7971702718339119
281 0.06259569666221945 0.9750592152291098 -0.2219448733284747
282 0.08056027176503673 -0.0950272217748731 0.9954746742744132
283 0.0800814483037031 0.6412312102233536 -0.7673477275886684
284 0.08522473554722274 -0.9040333101182884 -0.42746201491661295
285 0.03570355786343437 -0.9991769944279986 -0.04056271447809267
286 0.08491799415133944 0.6045220357175043 -0.7965884184018522
287 0.07082385650739081 -0.9799734598245468 0.19912814476991303
288 0.020508272365604478 -0.86312993721963 -0.504981892225095
289 3.67127445565928e-05 0.9707469337774984 0.24010495738652538
290 0.03360993039169463 -0.8749613968781416 0.4841926826925943
291 0.06815730826584868 0.9973255944423867 0.07308665179182927
292 0.04787385390077487 -0.19911288996128218 0.9799765594396972
293 0.09813128025102419 0.4892483562613209 0.872144509754889
294 0.027813142599663176 -0.2240891846867864 -0.974568641659689
295 0.043291128533176536 0.8654330423371152 0.5010245994271388
296 0.034551186922402485 0.4452142460641649 0.895424075565046
297 0.04691588924635447 -0.9977799751162378 -0.06659670605247504
298 0.05272768912720235 -0.1984744744292729 0.9801060570162925
299 0.035633921266094506 -0.9357944707489645 0.3525460374414461
