0 0.0875519961357786 -0.8041143196954531 -0.594474693204613
1 0.004659552211315213 0.27845249619345586 0.9604500025319556
2 5.8025662574138466e-05 0.5643766201427913 0.8255174320607648
3 2.1342875643770576e-05 -0.5703343381146261 -0.821412650722736
4 0.08701733466233215 0.04865966331885339 0.9988154169643637
5 0.13619334263840044 0.3698382206967257 0.9290961686025188
6 0.004654175917971612 0.2724874444869916 0.9621593384658015
7 0.0802140753261658 -0.5813082198840943 -0.8136834479668279
8 0.03620126434019319 -0.3865075314268344 -0.9222862506566682
9 6.758010641691786e-07 0.998390991191539 0.05670475030873773
10 0.07556184723442448 -0.7520448539167209 -0.6591119310840746
11 0.008596427741253132 0.991318890895528 -0.1314794910001566
12 0.010373624817908855 0.8355810250682948 0.5493672274042362
13 0.03987747196294737 0.9976202158136283 -0.06894856778766245
14 0.11368476402211769 -0.5872104340722086 -0.8094343124162259
15 0.01781735958871746 -0.8626955328525258 -0.5057236573429176
16 0.011098560209505174 0.43156108017389744 -0.9020837178882783
17 0.059878992100499316 -0.7081010577350587 0.7061111045965013
18 0.024480579250965136 0.5546583795147724 -0.8320781706270431
19 0.11074798998740222 0.71470724496522 0.6994237299335969
20 0.052901530690820694 -0.9996363744542396 -0.026965141720065748
21 0.0757709976697359 0.45228058925295467 0.8918757024299967
22 0.03904997651343637 0.18952816772846381 0.9818752841565426
23 0.04474350431700483 -0.01549923670443404 0.9998798796163367
24 0.09913609123807908 -0.0030203687559411797 -0.9999954386758863
25 0.026058120381368444 -0.871275384130305 0.49079446309895297
26 0.013432123108202848 0.3868912512812941 0.9221253492242768
27 0.004277537811389619 0.6499872284889978 0.7599451314412057
28 0.00015643258703890902 0.9778450260899296 0.20933013388230792
29 0.00397884932005134 0.9909885931981097 0.13394628830703562
30 0.03899329437490726 -0.9882877161944134 0.15260206426923187
31 0.004034633460389401 0.6459849412154329 0.7633501527627369
32 0.004269647244226188 0.98135425717662 0.19220775718301397
33 0.026124692751873724 0.8892202273004541 0.4574793846281258
34 0.09733928295484408 -0.1793653664760089 -0.9837825294794206
35 0.013545948046613002 0.551249200347832 0.834340649324888
36 0.014780321982859293 -0.8112468158880781 0.5847038598397095
37 0.14034238100473884 -0.5487105126258816 -0.8360124241504083
38 2.359809156696864e-05 -0.17103882286099448 -0.9852642899620007
39 0.004440212531571525 0.9993289108907359 0.03662960357327812
40 0.0804467395523687 0.846679856695257 -0.5321026407249817
41 0.03145690221595033 0.9648483682042144 -0.2628072038085422
42 0.06422342777068975 0.29406949167967944 -0.9557840415403759
43 0.020377880005821688 -0.9141787200017212 -0.4053113221907509
44 0.06872225386431287 -0.9661722658453659 -0.2578975624375532
45 0.16766557548088773 0.5793320721641437 0.8150916207163459
46 0.054571870257771146 0.4840156191516948 0.8750593582250301
47 0.01037489684884393 0.8359772633679359 0.5487640796661684
48 0.1444498725379244 0.1967812321140999 0.9804474216844352
49 0.10244431261162498 0.9432653607164977 0.33203984591066105
50 0.0028158968509959196 -0.844717065123169 -0.5352131163281593
51 0.03148245509762684 0.9999880126737346 0.00489637711320558
52 5.794757639725215e-05 -0.745183249470343 0.6668597489043859
53 0.016456000648728465 0.0040864242118959495 0.9999916505337234
54 7.59397456379099e-06 0.6813054686351836 -0.7319992202234868
55 5.796952059686884e-05 -0.9966412572489599 -0.08189141804372795
56 3.10401950649393e-05 -0.744570768988943 -0.6675435341363243
57 0.059167813524084824 -0.9089505164851511 -0.41690401602932187
58 0.018958196449299115 0.6794816236070427 -0.7336925263217127
59 0.03341734090036561 0.9569680407551163 0.2901933303391274
60 0.031092921096472843 -0.9412733361145518 -0.3376455341327381
61 0.0285415484536667 0.0016331547752426083 -0.9999986664018508
62 0.013554506833620531 0.5477153508053557 0.8366647443822204
63 0.13419920228082877 -0.33903557739827256 0.9407735525928755
64 0.09108594594122381 0.9653870887128452 0.2608213352978187
65 0.03920255053035396 0.5063089327843417 0.8623521696979609
66 0.12841564732364505 -0.8338565245457784 0.5519812464861787
67 0.0204515566619452 -0.8670946637867383 0.4981433970580794
68 0.04577475382072114 0.9984463045613461 -0.05572231965551751
69 0.12486791271038052 0.16964072932489493 -0.9855059730687165
70 0.004445157617981346 -0.9991251885279693 -0.0418193453912156
71 0.03724420048099875 -0.6469969102420717 -0.7624926216936218
72 0.004148186122812744 0.910737476175756 -0.4129857739547626
73 0.07160316098276462 -0.8678876108826281 0.496760601171675
74 0.11151808912215436 -0.9961089506890801 -0.08813034867229154
75 0.00010091027515366787 -0.6953129829808327 0.7187070722473073
76 0.08838449942404102 0.8159899213919218 -0.5780661278667046
77 0.07460735189452958 0.13012246501152133 0.9914979294478257
78 0.07319330490271055 0.6663936345992968 0.7456001098213029
79 0.022707162134374244 0.15941877900907742 -0.9872110478004462
80 2.939233929315007e-05 0.9954785160735499 -0.09498696771664637
81 0.017115812572802744 -0.9999138838662974 -0.013123446628710834
82 0.09496170258067754 0.5705809596178839 -0.8212413582629254
83 0.0147831709357356 0.8134252027101384 -0.5816695278213998
84 0.13551367790360686 -0.6278217296520172 -0.7783571646594829
85 9.896599141825347e-06 -0.7301720802787968 0.6832632971127122
86 0.102876916926417 0.051396338595486 0.9986783347900254
87 0.06795219893056839 -0.26029258760853025 -0.9655297866125393
88 0.0016763048343318644 0.7866696422006497 0.61737417668696
89 0.04747126390600532 -0.990706925722656 -0.13601392327686138
90 5.5287854705933274e-05 0.6242721640723138 0.7812069285179633
91 0.013432724852966696 -0.386636546537123 -0.9222321729813199
92 0.06597772615329602 -0.9162975219328298 -0.40049825380362813
93 0.06021724440139177 0.9989345733194777 -0.04614887026822021
94 0.07030585071633226 -0.7687815082563676 0.6395115265286972
95 0.05325958916182665 0.7377239097171049 -0.6751025351986977
96 0.011412568438902971 -0.7881936085450244 0.6154273600099145
97 0.06669929166720982 0.8959113156525982 0.4442329506977511
98 1.3001866640903966e-05 0.6756165253688089 -0.7372532201683337
99 0.09159759683553832 -0.4787710329421602 0.8779398031844193
100 0.057118020852652614 -0.043498875104426175 -0.9990534759784631
101 0.0576816828942066 -0.6866591808777326 0.7269794834218647
102 0.021694877042141902 -0.8188757040990168 0.5739708888404877
103 0.06008234150472168 -0.6178896931415963 0.7862647945249641
104 0.04969658930437128 0.5246869050560617 -0.851295278773876
105 0.12418123557989337 -0.9974093463906503 0.07193466294197673
106 0.009474858344330178 0.937850024555591 -0.3470408210010421
107 0.04422856284376243 0.995358418809468 -0.09623730100701987
108 0.00018513388153439786 0.7453500203024152 -0.6666733437262881
109 0.03714500044684398 0.57355187893049 0.8191692390314133
110 0.029206668518212794 -0.1459368705032685 0.9892939046753054
111 0.017995836472015074 0.29417615910884404 0.9557512162754322
112 0.03064132768356466 -0.8360606419408875 0.5486370412188655
113 0.09171768342737166 -0.9924385136066802 0.12274280716263276
114 0.028887178311179536 0.7749465913155766 0.6320267245998136
115 0.030585430502627794 0.939820871394245 0.3416675719054445
116 4.422171716741872e-05 -0.061420579002604725 -0.998111973916246
117 0.08563523836719412 0.1539275688056923 -0.9880821340159779
118 0.10471083529563717 0.6298126770484043 0.7767470578181307
119 0.026476318660804264 -0.8244227066637233 -0.5659745583833785
120 3.8822452998038964e-05 -0.5821533742203022 0.8130789930160025
121 0.0016363965982570392 -0.01809708935770894 0.9998362342687822
122 0.10289931977974712 0.0878553776770483 0.9961332403916773
123 0.02838542954558949 0.7894291204047965 0.6138417254121044
124 0.05157123255112921 -0.6464525252109825 -0.7629542139921268
125 0.007679723758250377 -0.4300110948947835 -0.902823603073928
126 0.003979148690914138 -0.990902008595939 -0.13458532371894627
127 0.024729433141908144 0.9585774681823724 -0.28483194605428797
128 0.09137190901602328 -0.7585096360332221 0.6516618233752449
129 0.027515373327777932 -0.594161385814605 0.8043458507426194
130 0.0893192290307541 0.7426891734141982 -0.6696363130038088
131 0.03788031688488576 0.27508144814322794 0.961420925967094
132 0.03058548533522985 0.9397880114828948 0.34175794573502816
133 0.0865830809765244 0.9945043274384783 -0.10469547605383953
134 0.1240122666308022 -0.9691681457860204 -0.24640029462987076
135 0.01867334015453537 -0.3160417302626346 -0.9487452897024575
136 0.049309062638681525 0.48209576393341613 -0.8761185275962698
137 0.04360768002581347 -0.9209143152927256 -0.389765088083746
138 0.06765268505395336 0.9980981441896521 0.061644907049750695
139 0.00010198985718348127 0.917040295275935 -0.39879455467724967
140 0.04448940715866015 0.7963924531271724 0.6047801754373935
141 0.00011949136946285933 0.5171749679457559 -0.855879695126778
142 0.11759100326437531 -0.6208673586832917 0.7839156350792047
143 0.0016773473124571602 0.7914177286644728 0.6112756978283751
144 0.11735190944151704 -0.6808847818964244 0.7323905473050963
145 0.0985402180781357 -0.7907641190248607 -0.6121209913594176
146 0.1498040227489518 0.8834195803678542 0.4685828048730389
147 0.12984926712169237 0.34092467696625167 -0.9400906151193389
148 0.061701793496272556 -0.2580750438455312 0.9661248737839881
149 0.17044436000067964 -0.7150889459263032 -0.6990334751741211
150 0.01648063663111461 0.31091239390239384 0.9504385741950306
151 0.08088926914587821 0.46082443366822484 -0.8874913190191551
152 0.10202764946300119 -0.3043850484495638 -0.9525490760482405
153 0.00018374407839454737 -0.8172351377313125 0.5763043724086108
154 0.04621393346791358 -0.943175104588595 -0.33229613612603565
155 0.03301992300770649 -0.026873249280981493 0.9996388490215264
156 0.00435492720482197 0.7926364959370357 0.6096945016224582
157 0.019687079956590955 -0.7021671124337827 0.7120121812275431
158 0.029973192763563795 -0.4689543942041745 0.8832223820514263
159 0.04448206397953109 0.8873614749311247 -0.4610744113568426
160 0.037976110052270945 0.4865687233680018 -0.8736423052027832
161 0.06849398135058142 0.9167153478174452 -0.3995409504367986
162 0.07369582765487738 -0.09277090756295567 -0.9956874804425059
163 0.044493002802493145 -0.9994287279155211 0.033796713111829725
164 0.18919995106131782 0.33454370351589574 -0.9423802366549653
165 2.9416814316648635e-06 -0.3241355445917978 0.9460106493756709
166 0.001636422842094067 0.017684489011392465 -0.9998436171964123
167 0.004746020768727976 -0.18295422423862928 0.9831214329029967
168 5.519990309009833e-05 -0.9894065468708154 -0.1451712265194761
169 0.09233731127339848 0.8133664829115493 0.5817516346999778
170 0.09416701973952464 -0.8730978529557729 -0.4875450124491272
171 0.05937236610310504 0.7939105511259122 0.6080345687631176
172 0.019952629747751315 0.5719253667647407 -0.8203056594044789
173 0.053970577289142826 -0.36972353953295445 -0.92914181065929
174 0.010046980335250703 0.8471962829210545 0.5312800186387105
175 3.95025209906432e-05 0.5914707145326494 0.8063264809307934
176 0.0016444521414060655 -0.1357591087880863 0.9907418757582949
177 0.08029124304897638 -0.781413141616694 0.6240140239679943
178 3.7585035112128562e-06 0.8483613100390248 -0.5294176873026342
179 0.11873983303946041 0.9924639570994945 -0.12253690814776015
180 0.013484185885698696 0.8155930725243267 -0.5786259068261017
181 4.97390099606318e-05 0.5606627788526232 0.8280442309498053
182 0.05221623221734009 -0.16360970801876595 0.9865251458741506
183 0.11430710046870739 0.7244076029332531 -0.6893719060220674
184 0.018358003047046125 0.951595586024215 0.30735295778506955
185 0.13367646254781704 0.9708923831321401 -0.23951613802830418
186 0.049336727204865836 0.9291572546763505 0.36968472524883644
187 0.055497727062157796 -0.36060581988909274 -0.9327183083129199
188 0.0462302932655291 0.6161574222601592 0.7876230259417991
189 0.054430475169589806 -0.8730195527760867 0.4876852063274441
190 0.11282000663300581 0.04596969203261835 0.9989428349081975
191 0.03302316662856993 0.02512108592328096 -0.9996844157243
192 0.008390409013538474 0.41828882102492887 0.9083140768509398
193 0.05988834730975763 -0.7075247979672852 0.7066885171427029
194 0.033401318309393156 0.9523975246701679 -0.30485890999302745
195 0.06454698749473439 0.41623366765782005 0.9092576828974939
196 0.04793750299967584 -0.8528336199551538 -0.522182742604721
197 0.06709650231135515 0.18687056298884047 -0.9823845442026425
198 0.06892718107076495 -0.3258600885883161 0.9454180041998432
199 0.08433091747863648 0.8905941498456539 -0.45479892288867285
200 0.06509074880778071 -0.3904794607985743 0.9206116394519758
201 0.12339919197597222 -0.04781178250977075 -0.9988563627735664
202 0.10807500386987597 0.9999981532440242 -0.0019218502910472006
203 0.08636788226073576 0.2723441081998123 -0.9621999203537948
204 0.002813967066941011 0.8372647744650805 0.5467976750498651
205 0.029388375916480764 -0.9364707677847743 -0.35074563587391244
206 0.11957061781338586 -0.7818811163722995 0.62342755782882
207 0.09258527613590888 0.9292350602852777 0.369489110443889
208 0.04684704197008406 -0.060032707879322945 -0.9981964105248405
209 0.09290830255144968 -0.9969959980860608 -0.0774530812839582
210 0.04840288984221925 -0.985195289081912 0.17143582580898237
211 0.10525595542845312 -0.6038590387640818 0.7970911248426488
212 0.050041106462112475 0.6380136716606946 0.7700250351605715
213 0.0001289187897724211 0.9995432866098389 0.030219500214287855
214 0.08859352135197218 -0.20278034254656577 -0.9792242504537444
215 0.004949438989714358 -0.9908601083573497 0.13489346042733596
216 0.029206763399714005 0.1478063449824283 -0.9890163215958245
217 0.10684239662968029 0.9384314243366718 0.34546557255021143
218 0.0924049922066986 -0.7584310750357726 -0.6517532542458706
219 0.1269690190444601 -0.08296144424229172 -0.9965527576446884
220 0.015443654805723931 0.5188646922726802 0.8548563804012794
221 0.0016409632374292868 0.1577659605442396 -0.9874765322242111
222 0.10747192034274389 0.8948163158188661 -0.4464344979326208
223 0.10979058630997741 0.9512303851623161 -0.30848136790404673
224 0.056381489950473165 -0.9721089255536509 -0.23452982083079824
225 0.06119153810814803 -0.9999758669363424 -0.006947340851741852
226 0.023428472527493336 -0.9617799018859409 -0.2738237030066423
227 0.08116024423143987 -0.7457428917970683 0.6662338473345121
228 0.013658244686205901 -0.7588087630139692 -0.6513134891687796
229 0.08072904024828868 0.3758981069837144 -0.926661002290514
230 0.12064388057269579 0.11809743598719809 0.9930020118878157
231 0.0001353733824727472 -0.7884284639657458 -0.6151264562743295
232 0.07245996190821659 -0.9779603750356224 -0.20879057655982663
233 0.010908821262958075 0.9565434947801345 -0.29158968190559625
234 0.033059838084651 -0.9883988659147753 0.1518804854429494
235 0.0797787183736216 0.4872453603868129 -0.8732651136862877
236 0.016458530279640032 -0.0049448279238970124 -0.9999877742636673
237 0.030107657805572542 -0.6068623831404713 -0.7948069249377914
238 0.050040510968423865 0.6381656715773737 0.7698990684630028
239 0.07541990729832408 0.6409601090563712 -0.7675741909408137
240 0.06922146209001225 -0.9936274349907466 -0.11271433109285448
241 0.07444265364112876 -0.9559729149132987 -0.2934549129801218
242 1.4351815273060208e-05 -0.9851297805976944 -0.17181186041580018
243 0.11957652616555979 0.6498119013490088 -0.7600950551511213
244 0.1392110843926338 0.6168088269925185 -0.7871129975703065
245 0.035400011118635805 -0.8581363451030334 0.5134218667072991
246 0.026063207659643803 -0.8723618162902053 0.4888607792397076
247 0.11986574384725325 -0.13569166921175968 0.990751114511877
248 0.05186305361621532 -0.8287278582237686 0.5596517997861217
249 0.1478703848673815 -0.297827759005931 -0.9546196237064819
250 0.08148326262053689 -0.18847989935927845 0.9820770476584392
251 0.012767735547550957 -0.1678713566504473 0.9858089102946566
252 2.5833599082019063e-06 0.018526220857132288 -0.9998283748427791
253 0.08429987828946278 -0.7327761022103321 0.6804698259507419
254 0.0900554697310265 0.8117570045249408 -0.5839953472457595
255 0.05365970121978189 -0.9628901699266769 -0.2698935357850859
256 0.04917311896226249 0.9995389519598878 -0.03036253472503722
257 0.004278845835063871 0.6443695557667154 0.7647142444083318
258 0.0591482839808635 -0.4180534567125029 -0.908422427800375
259 0.040714710155949296 0.8026820212283053 -0.5964072206109198
260 0.027462690943496695 -0.8943918526518142 -0.4472842652162665
261 0.00014006971942414546 0.9393610185608728 0.34292984239969465
262 0.06939004341946917 -0.1971731577573073 -0.9803686785388506
263 0.038199581634992506 -0.9308013005016529 0.3655255654320661
264 0.04198656109327511 0.051209882196920485 0.9986879131967992
265 0.10672073077968457 0.4667860403772689 0.8843702802044575
266 0.0987999953968006 0.9031029401895742 0.4294241253364166
267 6.848710811511556e-05 -0.6750847045816111 0.7377402263940599
268 0.030805163361645682 -0.1421312858856668 0.9898478153597586
269 0.009370929546275546 0.45308644750438914 -0.8914665843921759
270 0.06519799479505294 -0.8619526847882822 -0.5069887268828294
271 0.07830579861982058 -0.28367662049535436 0.9589200044760432
272 0.0540244011994282 -0.21618705861642357 -0.9763519630168104
273 0.009378977731360417 0.45023345581761287 -0.8929108775586339
274 0.029507594135703346 -0.9999912535289021 -0.004182447333206363
275 0.08625233800287804 -0.6825628284907831 0.7308269187452401
276 0.01285709071377721 -0.7461491170327522 0.6657788635509874
277 3.155327073695295e-05 -0.7348511360665413 0.6782284333627673
278 0.08135570524564774 0.9137253136090698 -0.40633243935232016
279 0.06602982460755248 -0.4865944782776853 -0.8736279606958944
280 0.09030449277209786 -0.603315421245847 -0.7975026661315597
281 0.06222600765118535 0.9754271242970067 -0.2203223211244648
282 0.08084663719988927 -0.09528773409332894 0.9954497715763257
283 0.0801214409775351 0.6411765503779658 -0.7673934005745761
284 0.08543138242006847 -0.9042001268791139 -0.4271090382464347
285 0.03546619753848825 -0.9991775220331445 -0.04054971595097982
286 0.08457211684856811 0.6028730544461111 -0.7978371263753125
287 0.07082385650739081 -0.9799734598245468 0.19912814476991303
288 0.020286857002820555 -0.863660634831058 -0.5040737127079866
289 3.67127445565928e-05 0.9707469337774984 0.24010495738652538
290 0.033498619269374044 -0.875053692299879 0.4840258625242547
291 0.06806430555690487 0.9973171803653212 0.07320137804826737
292 0.047718544845888576 -0.19966250730578228 0.9798647269783561
293 0.09811176655164089 0.4893305462123393 0.8720983984296345
294 0.02750125036963313 -0.2230777787460668 -0.9748006486609049
295 0.043250368830143174 0.8652723187829137 0.5013021188345805
296 0.0344996624817289 0.44558024235468524 0.8952420050596039
297 0.0467786703345437 -0.997822164245464 -0.06596156866311087
298 0.05274591939248379 -0.19770198550864937 0.9802621715265452
299 0.03440896050615182 -0.9360173107012579 0.351953965835853
