0 0.08777552768598151 -0.8040900223299938 -0.5945075575544436
1 0.004659552211315213 0.27845249619345586 0.9604500025319556
2 5.8025662574138466e-05 0.5643766201427913 0.8255174320607648
3 2.1342875643770576e-05 -0.5703343381146261 -0.821412650722736
4 0.08691930732806069 0.04890588078419499 0.9988033914763816
5 0.13621828465881694 0.3699924271692849 0.9290347699830085
6 0.004654175917971612 0.2724874444869916 0.9621593384658015
7 0.08008166030631776 -0.581580442473295 -0.813488899083796
8 0.03623965511481605 -0.38666653877728946 -0.922219598463398
9 6.758010641691786e-07 0.998390991191539 0.05670475030873773
10 0.07571644517231184 -0.7523002694595615 -0.658820388703227
11 0.008258964985744787 0.99130686899147 -0.13157010105008063
12 0.010373624817908855 0.8355810250682948 0.5493672274042362
13 0.03920265497742929 0.9975873792660015 -0.06942204786082593
14 0.11355156800049608 -0.5874656161624189 -0.8092491271709285
15 0.017607185056583513 -0.8628431164362248 -0.5054718156520929
16 0.010834601312312848 0.43137183994186795 -0.9021742269125003
17 0.059878992100499316 -0.7081010577350587 0.7061111045965013
18 0.023978111311383537 0.5553741796414953 -0.831600577553633
19 0.11063471256356454 0.7145174203610263 0.6996176498635697
20 0.052503001014630894 -0.9996654989044561 -0.02586291360432814
21 0.07555735028271537 0.452245105700039 0.8918936956668998
22 0.03886032447357262 0.1898437750370275 0.981814310895747
23 0.04529020205225816 -0.015691663442834475 0.9998768782697182
24 0.09949570128853143 -0.003252968564698801 -0.9999947090837616
25 0.026058120381368444 -0.871275384130305 0.49079446309895297
26 0.013432123108202848 0.3868912512812941 0.9221253492242768
27 0.004277537811389619 0.6499872284889978 0.7599451314412057
28 0.00015643258703890902 0.9778450260899296 0.20933013388230792
29 0.00397884932005134 0.9909885931981097 0.13394628830703562
30 0.03966883073684104 -0.988242553132812 0.15289426469799774
31 0.004792419670617513 0.6458549519287443 0.7634601371840702
32 0.003976999030025866 0.9813881268246919 0.19203474822938255
33 0.026122045251400144 0.8891382202423717 0.457638749784399
34 0.09742541588218494 -0.17929498743102762 -0.9837953585386077
35 0.013545948046613002 0.551249200347832 0.834340649324888
36 0.014780321982859293 -0.8112468158880781 0.5847038598397095
37 0.14053339688740477 -0.5488659240662516 -0.8359104003413881
38 2.359809156696864e-05 -0.17103882286099448 -0.9852642899620007
39 0.004440212531571525 0.9993289108907359 0.03662960357327812
40 0.08042631841261998 0.8465646173356633 -0.532285965130889
41 0.03060293066446802 0.9647072116425696 -0.2633248864137578
42 0.0642901336371711 0.2941168315922496 -0.9557694750169291
43 0.01985514376095122 -0.9129204626279934 -0.4081375122616034
44 0.06841601906072971 -0.966590825968069 -0.2563243553671131
45 0.16770226363774202 0.5794377391290926 0.8150165068714655
46 0.054469534110294454 0.4841674928382579 0.8749753361545202
47 0.01037489684884393 0.8359772633679359 0.5487640796661684
48 0.14472318242451027 0.19675197307733527 0.9804532936811297
49 0.10246228764652798 0.9432835955551402 0.3319880394781815
50 0.0028158968509959196 -0.844717065123169 -0.5352131163281593
51 0.031820476190250455 0.9999971437463571 -0.0023900834980626526
52 5.794757639725215e-05 -0.745183249470343 0.6668597489043859
53 0.016456000648728465 0.0040864242118959495 0.9999916505337234
54 7.59397456379099e-06 0.6813054686351836 -0.7319992202234868
55 5.796952059686884e-05 -0.9966412572489599 -0.08189141804372795
56 3.10401950649393e-05 -0.744570768988943 -0.6675435341363243
57 0.05915319065700532 -0.9088652953167964 -0.41708976847761736
58 0.018448392445249626 0.6773707556851752 -0.7356418009755119
59 0.032638693602030325 0.9560375833246237 0.2932441632340072
60 0.03098031889114206 -0.9412451613848557 -0.3377240680934614
61 0.028312661687162476 0.001366095706572957 -0.9999990668908249
62 0.013554506833620531 0.5477153508053557 0.8366647443822204
63 0.13435200111399714 -0.33908229047108596 0.9407567168449461
64 0.091235832949678 0.965339135473398 0.26099876153628093
65 0.03911867692810193 0.5057895730600871 0.8626568887939717
66 0.12823535064379873 -0.8343190220726922 0.5512819327781988
67 0.021026401491940603 -0.8660097384601241 0.5000271321560736
68 0.04578519957027571 0.9984431762236495 -0.05577834573049301
69 0.12509351430864202 0.16996206306971365 -0.985450606127515
70 0.004445157617981346 -0.9991251885279693 -0.0418193453912156
71 0.0376895698927658 -0.6476088098739207 -0.7619729846744464
72 0.004894833121530082 0.9107401791376634 -0.4129798131922392
73 0.07162598217515745 -0.8678179232986942 0.49688233214871064
74 0.1117323884632528 -0.9960932590767385 -0.08830752641695605
75 0.00010091027515366787 -0.6953129829808327 0.7187070722473073
76 0.08847199034479936 0.8159203156188364 -0.578164369846896
77 0.07454323013049878 0.13006069695995953 0.991506033822432
78 0.07338289683602112 0.666498736403052 0.7455061598492227
79 0.02261767024349901 0.15904164049173267 -0.9872718757210186
80 2.939233929315007e-05 0.9954785160735499 -0.09498696771664637
81 0.01669846783258277 -0.999907354509411 -0.013611847706722196
82 0.09475782925191849 0.5699849096055382 -0.8216551605278011
83 0.0147831709357356 0.8134252027101384 -0.5816695278213998
84 0.13553364792416536 -0.6283322326882343 -0.7779451171933779
85 9.896599141825347e-06 -0.7301720802787968 0.6832632971127122
86 0.10244848789053626 0.05220114213624568 0.9986365909377002
87 0.06800783874616778 -0.2601824008260499 -0.9655594845996764
88 0.0016763048343318644 0.7866696422006497 0.61737417668696
89 0.047053965191105204 -0.9912599775965736 -0.13192291997693345
90 5.5287854705933274e-05 0.6242721640723138 0.7812069285179633
91 0.013432724852966696 -0.386636546537123 -0.9222321729813199
92 0.06573888517187375 -0.9167094856234407 -0.39955440051137825
93 0.05998557969345495 0.9988668481662295 -0.04759222241566926
94 0.07042962206433748 -0.7690910938508686 0.6391391783948739
95 0.05300707438195412 0.7379958930322698 -0.6748052029048847
96 0.011391665122883468 -0.7882196385863073 0.6153940212147588
97 0.06660152681421518 0.8958014772405356 0.44445439965611105
98 1.3001866640903966e-05 0.6756165253688089 -0.7372532201683337
99 0.09154899523000823 -0.4782649008118983 0.8782156253741931
100 0.057135587463947 -0.043672434535251034 -0.9990459040813712
101 0.0574393788280898 -0.6872121686623756 0.7264567676347675
102 0.021495273396520787 -0.8188140790367724 0.5740587983570693
103 0.05996279016505765 -0.618443281031816 0.7858294396028964
104 0.04951972600364194 0.5236248983086998 -0.8519489221022606
105 0.12420479905141191 -0.9973896251103909 0.0722075877048521
106 0.009075066033452995 0.9377784066608028 -0.34723430130205446
107 0.044044180898401994 0.9952872554819399 -0.096970506213115
108 0.00018513388153439786 0.7453500203024152 -0.6666733437262881
109 0.03651377280866338 0.5728036347072353 0.8196926229179937
110 0.029206668518212794 -0.1459368705032685 0.9892939046753054
111 0.017417254029978988 0.2906831129864845 0.9568193809828931
112 0.030486624200636626 -0.8364437563616349 0.548052773411136
113 0.09236992085106206 -0.9924459648319377 0.12268254516761617
114 0.02832454510152084 0.7758673375517426 0.6308960885283489
115 0.030585430502627794 0.939820871394245 0.3416675719054445
116 4.422171716741872e-05 -0.061420579002604725 -0.998111973916246
117 0.08609341442791305 0.153990375865994 -0.9880723476247323
118 0.10453317075011515 0.630184077190097 0.7764457668479273
119 0.026301362101464526 -0.8244391202521073 -0.5659506489067146
120 3.8822452998038964e-05 -0.5821533742203022 0.8130789930160025
121 0.0016363965982570392 -0.01809708935770894 0.9998362342687822
122 0.10263799326976486 0.08711606597691958 0.9961981685632156
123 0.027547144774516977 0.7899120796024701 0.6132201126007698
124 0.0513283600457801 -0.6461245791113208 -0.7632319622947
125 0.0075258985768438215 -0.4295178264392904 -0.9030583794920833
126 0.003979148690914138 -0.990902008595939 -0.13458532371894627
127 0.02472288202924608 0.9587365815479983 -0.2842959148522159
128 0.09122047334250695 -0.7576069656858082 0.65271102759517
129 0.02733389426665399 -0.5940431421660004 0.8044331825860648
130 0.08930717410425976 0.7426998785571006 -0.6696244398103075
131 0.03828000500553554 0.2748319480019685 0.9614922778459759
132 0.03058548533522985 0.9397880114828948 0.34175794573502816
133 0.08641065854879865 0.9943636966520933 -0.10602282197896641
134 0.12388884870386647 -0.9689574082888714 -0.24722771066794516
135 0.0184243590383534 -0.3165635572204709 -0.9485713016109657
136 0.049098268571311825 0.4823557596387107 -0.8759754112664135
137 0.04310821973156967 -0.9209102495015995 -0.3897746943593206
138 0.06765853253710878 0.9981114519659336 0.0614290603416303
139 0.00010198985718348127 0.917040295275935 -0.39879455467724967
140 0.04396705454995581 0.7966205570046728 0.604479683825325
141 0.0005716555638473256 0.865474320098051 0.5009532924842557
142 0.11786508565153211 -0.6208699571270715 0.7839135770842526
143 0.0016773473124571602 0.7914177286644728 0.6112756978283751
144 0.11708446538559919 -0.6812860058982515 0.7320173346084146
145 0.09863611193111822 -0.7909410082017004 -0.6118924101056309
146 0.1500220166463486 0.8833098732965008 0.46878957724859843
147 0.12955591055610527 0.33960031511841027 -0.940569841091812
148 0.06160898377404108 -0.2576273143136509 0.966244361908278
149 0.17009055660320346 -0.7145475064924578 -0.6995869216655003
150 0.016434069322341937 0.31081180374184436 0.9504714738774338
151 0.08088926914587821 0.46082443366822484 -0.8874913190191551
152 0.10207704804603987 -0.30380624571384146 -0.9527338374725971
153 0.00018374407839454737 -0.8172351377313125 0.5763043724086108
154 0.04633405118027182 -0.9432360308949109 -0.33212315490133276
155 0.03301992300770649 -0.026873249280981493 0.9996388490215264
156 0.0049383216614987254 0.7921464624277987 0.6103310430111876
157 0.019500567879571294 -0.7021611777506519 0.7120180338023872
158 0.029767804662090634 -0.46833392533034246 0.8835515459692622
159 0.04443054508423528 0.8874539869858904 -0.4608963234642331
160 0.037377891459260314 0.4867276175103532 -0.87355379133325
161 0.06859832003723826 0.9167810208685466 -0.39939023495226506
162 0.07374714494835836 -0.09295477632508303 -0.9956703317656672
163 0.0444827668999429 -0.9994256634002064 0.033887214949850246
164 0.18954263759147263 0.3349053352434424 -0.9422517797412099
165 2.9416814316648635e-06 -0.3241355445917978 0.9460106493756709
166 0.001636422842094067 0.017684489011392465 -0.9998436171964123
167 0.004542409820486103 -0.183101071684603 0.983094093944191
168 5.519990309009833e-05 -0.9894065468708154 -0.1451712265194761
169 0.09216374434506017 0.8133983335962215 0.5817071006124043
170 0.09426097798322194 -0.8723746107100985 -0.4888379471649109
171 0.05926416012719593 0.7940878596149545 0.6078029871694777
172 0.019825235214586446 0.571995107468327 -0.8202570310776355
173 0.053978209804947705 -0.3694120660239569 -0.9292656915413975
174 0.00983387539063565 0.8468468121783906 0.5318368891900013
175 3.95025209906432e-05 0.5914707145326494 0.8063264809307934
176 0.0016444521414060655 -0.1357591087880863 0.9907418757582949
177 0.08050121200325559 -0.7812320761695993 0.6242406932936504
178 3.7585035112128562e-06 0.8483613100390248 -0.5294176873026342
179 0.11848181305465878 0.992349749242014 -0.1234583945275163
180 0.013021383261450198 0.8160740220802755 -0.5779473942200294
181 4.97390099606318e-05 0.5606627788526232 0.8280442309498053
182 0.052269897837877596 -0.16648716464038626 0.9860436217581882
183 0.11455319328965013 0.7243559941616073 -0.6894261336228483
184 0.017896719616312545 0.9513735892735949 0.30803943519081617
185 0.1338174785127152 0.9709196903967174 -0.2394054193203284
186 0.048870992542978886 0.9285228417763665 0.37127527833070256
187 0.05548281893091512 -0.3606109042218451 -0.9327163426017061
188 0.04614485295474342 0.6158872409718583 0.7878343140585284
189 0.05448123332368006 -0.8731300023635241 0.487487434681831
190 0.11265531292768603 0.04564249501507776 0.9989578382738676
191 0.03302316662856993 0.02512108592328096 -0.9996844157243
192 0.008318024894553872 0.4183294706150339 0.908295356156215
193 0.05988834730975763 -0.7075247979672852 0.7066885171427029
194 0.033362074781493736 0.9524961264696657 -0.30455070031159426
195 0.06451208028435938 0.41489325892218465 0.9098700916619521
196 0.04786075915173442 -0.8527141162001642 -0.522377867097155
197 0.06717300147401623 0.18677856219944466 -0.9824020402578102
198 0.06894533803441516 -0.3263067687154258 0.9452639275305589
199 0.08436034322483144 0.8907341489961093 -0.4545246701909336
200 0.06519854729292204 -0.39052695503563756 0.9205914932208493
201 0.12348709088289346 -0.0480788323858247 -0.9988435442432492
202 0.1083123568468508 0.9999979086881082 -0.0020451453273711805
203 0.08614222470564238 0.2735079274076637 -0.9618697487940684
204 0.002813967066941011 0.8372647744650805 0.5467976750498651
205 0.028940003017700586 -0.9343233729911545 -0.35642647864942906
206 0.11947260065978377 -0.7824568595633914 0.6227047959685192
207 0.09313099959042878 0.9288313216084461 0.37050286908350305
208 0.046794421257485175 -0.059580160061021036 -0.9982235243306496
209 0.09313573608426282 -0.9970100202884719 -0.07727237180506968
210 0.04836833618446215 -0.9851520999241766 0.17168383737261117
211 0.10541279867732209 -0.6038306707168588 0.7971126150686793
212 0.050041106462112475 0.6380136716606946 0.7700250351605715
213 0.0001289187897724211 0.9995432866098389 0.030219500214287855
214 0.08868823106094499 -0.20247055127592262 -0.9792883517463199
215 0.004706148562802336 -0.990894055650786 0.13464386534832157
216 0.029206763399714005 0.1478063449824283 -0.9890163215958245
217 0.10703577750933525 0.9382904991145699 0.3458481448140662
218 0.09248851724007273 -0.7583661577155755 -0.651828789508192
219 0.12718089592714413 -0.08255237726597546 -0.9965867272885667
220 0.015324792478687189 0.5186688363819537 0.8549752266388717
221 0.0016409632374292868 0.1577659605442396 -0.9874765322242111
222 0.1076914032752638 0.8946692098048863 -0.44672923010152404
223 0.10997209185426078 0.9513683598410781 -0.30805558572000746
224 0.05633412388062377 -0.9720801947179357 -0.23464887606195803
225 0.06091281244373187 -0.9999853030308555 -0.005421597761549591
226 0.023883754564793247 -0.963130638201818 -0.2690341497969335
227 0.0808727959561367 -0.743916162095428 0.6682729560390791
228 0.013629655108379537 -0.7587226645031182 -0.6514137842948127
229 0.08041208649025831 0.3749543198005136 -0.9270432881278706
230 0.12029053362829188 0.11771331400468688 0.9930476200595991
231 0.0001353733824727472 -0.7884284639657458 -0.6151264562743295
232 0.07243269259831567 -0.9779466780946744 -0.20885472176513345
233 0.01126821343420705 0.9549925439296775 -0.2966298047039831
234 0.032991400935410406 -0.9883561943920295 0.15215792127557712
235 0.07982047405645837 0.48704005991264276 -0.8733796311114024
236 0.016458530279640032 -0.0049448279238970124 -0.9999877742636673
237 0.030083250610232672 -0.6066746524166812 -0.7949502287030925
238 0.050040510968423865 0.6381656715773737 0.7698990684630028
239 0.07527311830502739 0.6405804380274213 -0.7678910745780271
240 0.06959113366775319 -0.9936967776009585 -0.11210135675125087
241 0.0745957965682632 -0.9559309415586021 -0.29359161256903177
242 1.4351815273060208e-05 -0.9851297805976944 -0.17181186041580018
243 0.11975593423980843 0.6496770478077787 -0.7602103219187235
244 0.1391985199658555 0.6166541644042217 -0.7872341719735819
245 0.035326271801095516 -0.857872797321269 0.5138621056433147
246 0.026063207659643803 -0.8723618162902053 0.4888607792397076
247 0.1202180793170078 -0.13585730052137227 0.9907284158108344
248 0.05176217048114191 -0.8279455908035466 0.5608084331293229
249 0.1478602667307811 -0.29774335124113727 -0.9546459536350095
250 0.08143810837449615 -0.18977416802304356 0.9818277675596477
251 0.01266259116499556 -0.1677666426762033 0.9858267360977563
252 2.5833599082019063e-06 0.018526220857132288 -0.9998283748427791
253 0.08434691288302472 -0.7327145158502932 0.6805361403057668
254 0.0908840161040761 0.8117924971734752 -0.583946009090612
255 0.053595583369052936 -0.9627477543668858 -0.2704011121676808
256 0.04907473459473182 0.9996094081936799 -0.027946932759804043
257 0.004278845835063871 0.6443695557667154 0.7647142444083318
258 0.05875657903446251 -0.41704139731319434 -0.9088874918971316
259 0.040555517206051606 0.8027763249873352 -0.5962802797676847
260 0.028313882134048497 -0.8942419336371452 -0.4475839185280226
261 0.00014006971942414546 0.9393610185608728 0.34292984239969465
262 0.0690898798641931 -0.1952635149009519 -0.9807508142991908
263 0.037989854838432285 -0.9307459512283499 0.36566647955758
264 0.04193791804499777 0.05137155189294571 0.9986796101133287
265 0.10696965701073487 0.4667747991202822 0.8843762134443803
266 0.098872097134699 0.9031231119794596 0.42938170036523043
267 6.848710811511556e-05 -0.6750847045816111 0.7377402263940599
268 0.030471185602401554 -0.14186736790116655 0.9898856751791063
269 0.009370929546275546 0.45308644750438914 -0.8914665843921759
270 0.06479533168701393 -0.8607766201220187 -0.5089829174454816
271 0.07824614129574017 -0.28363857203253273 0.9589312595047393
272 0.0538395123332649 -0.21582568308136738 -0.9764319098239576
273 0.009378977731360417 0.45023345581761287 -0.8929108775586339
274 0.029468346808927556 -0.9999899150407525 -0.004491081917379762
275 0.0863979269994713 -0.682584074179546 0.7308070755517163
276 0.012410480585417178 -0.7435431928171787 0.6686879095775815
277 3.155327073695295e-05 -0.7348511360665413 0.6782284333627673
278 0.08117483565234987 0.9138978473934305 -0.4059442382023103
279 0.06602982460755248 -0.4865944782776853 -0.8736279606958944
280 0.0901514252926385 -0.6030424214568761 -0.7977091186161954
281 0.06199546828116277 0.9756537171652423 -0.21931672116290019
282 0.0810258551364145 -0.09544880022711008 0.9954343406449293
283 0.08014673973101002 0.6411379679367826 -0.7674256355308267
284 0.08556064441077017 -0.904303257086645 -0.42689064082325023
285 0.035317624162738544 -0.9991779086982578 -0.040540187091032666
286 0.08435885029327823 0.6018426543079511 -0.7986146877284188
287 0.07082385650739081 -0.9799734598245468 0.19912814476991303
288 0.020147989179321892 -0.8639910606454736 -0.5035071470443191
289 3.67127445565928e-05 0.9707469337774984 0.24010495738652538
290 0.033428725787117225 -0.8751109584484774 0.48392231856299744
291 0.0680060150452781 0.9973120034247418 0.0732718760844014
292 0.047621926424365836 -0.19999679321513084 0.9797965516900252
293 0.0980991434745999 0.4893814194199735 0.8720698517472623
294 0.027306131480264454 -0.22246194670273428 -0.9749413737600994
295 0.043224556323707086 0.8651723583085582 0.5014746159266765
296 0.03446821104088375 0.44581423342978727 0.8951255047597578
297 0.04669201433724188 -0.9978487181807493 -0.06555864264180318
298 0.05275753142594657 -0.19721958380721005 0.9803593401212184
299 0.03359711829045443 -0.9358835675986693 0.3523094490625917
