0 0.09064523289083198 -0.8037294557090325 -0.5949949260503508
1 0.004659552211315213 0.27845249619345586 0.9604500025319556
2 5.8025662574138466e-05 0.5643766201427913 0.8255174320607648
3 2.1342875643770576e-05 -0.5703343381146261 -0.821412650722736
4 0.08569088454008048 0.05186067286324725 0.9986543298910646
5 0.13652927313857122 0.3718686950802965 0.9282853406250028
6 0.004654175917971612 0.2724874444869916 0.9621593384658015
7 0.07836020185667239 -0.5850429180291125 -0.8110023329584085
8 0.036711732743998145 -0.3885715500525827 -0.9214185533674332
9 6.758010641691786e-07 0.998390991191539 0.05670475030873773
10 0.0777218105657921 -0.7554689431997279 -0.6551844594163435
11 0.003932536655034916 0.9911496166191239 -0.13274952909808668
12 0.010373624817908855 0.8355810250682948 0.5493672274042362
13 0.03058921714576618 0.9970909180220914 -0.07622139593226482
14 0.11180382214076376 -0.5916253780846782 -0.8062130065969921
15 0.01489673638943628 -0.8639163295369167 -0.5036353597191738
16 0.006778558968632946 0.4297733809541305 -0.9029367868368504
17 0.059878992100499316 -0.7081010577350587 0.7061111045965013
18 0.017419556007397727 0.5672243414112881 -0.8235633227084184
19 0.10922013471563534 0.7120559123060287 0.7021227654406522
20 0.04745952798797152 -0.999931045141085 -0.011743294386905401
21 0.07282557260224494 0.45186582448147405 0.8920859132761136
22 0.03638559210353789 0.19392872442259437 0.9810156216104947
23 0.05226514916712224 -0.01845424017595553 0.9998297060097425
24 0.10412458663836498 -0.005626507198413862 -0.9999841710830958
25 0.026058120381368444 -0.871275384130305 0.49079446309895297
26 0.013432123108202848 0.3868912512812941 0.9221253492242768
27 0.004277537811389619 0.6499872284889978 0.7599451314412057
28 0.00015643258703890902 0.9778450260899296 0.20933013388230792
29 0.00397884932005134 0.9909885931981097 0.13394628830703562
30 0.04800650958731204 -0.9877587992326191 0.15598895646338026
31 0.014242572501505 0.6443537413540749 0.7647275697939796
32 0.00022083338388540519 0.9819509689824416 0.18913565109318747
33 0.026090909928607173 0.8880946890996152 0.4596605521393563
34 0.09850751569223495 -0.1783338960986633 -0.9839700307947754
35 0.013545948046613002 0.551249200347832 0.834340649324888
36 0.014780321982859293 -0.8112468158880781 0.5847038598397095
37 0.14298918186527548 -0.5508439292995432 -0.834608270719767
38 2.359809156696864e-05 -0.17103882286099448 -0.9852642899620007
39 0.004440212531571525 0.9993289108907359 0.03662960357327812
40 0.08020330050184955 0.8452439498045998 -0.5343806371105891
41 0.019753924902549163 0.9634502143143024 -0.2678874475180289
42 0.06511807323023508 0.2948314151196319 -0.9555492853111007
43 0.013128231595193855 -0.9001407063633363 -0.435599252464595
44 0.06450289103777271 -0.9716191989065597 -0.23655048576609455
45 0.16815258982101877 0.5809413386997717 0.8139454287541131
46 0.0531859422466158 0.48585992367002073 0.8740366894881253
47 0.01037489684884393 0.8359772633679359 0.5487640796661684
48 0.1488554314347196 0.19744026761417083 0.9803149191583512
49 0.10267224630483021 0.9435090028122199 0.33134689015032315
50 0.0028158968509959196 -0.844717065123169 -0.5352131163281593
51 0.03616456550767521 0.9977862534018347 -0.06650257530599703
52 5.794757639725215e-05 -0.745183249470343 0.6668597489043859
53 0.016456000648728465 0.0040864242118959495 0.9999916505337234
54 7.59397456379099e-06 0.6813054686351836 -0.7319992202234868
55 5.796952059686884e-05 -0.9966412572489599 -0.08189141804372795
56 3.10401950649393e-05 -0.744570768988943 -0.6675435341363243
57 0.05893127791634485 -0.9077563702110596 -0.4194977620217321
58 0.01189799720864412 0.6508208179383186 -0.7592313632471317
59 0.022833967055895712 0.9392138487673382 0.3433327049432426
60 0.029558081525740437 -0.940886991468941 -0.3387206360476506
61 0.025389574789292314 -0.0019306969106419195 -0.9999981362029827
62 0.013554506833620531 0.5477153508053557 0.8366647443822204
63 0.13631683993454155 -0.3397169247892525 0.9405277300599559
64 0.09314356561292932 0.9647449622118365 0.26318654579381956
65 0.038070535710594516 0.5004735046260964 0.8657518531122371
66 0.12595890243527905 -0.8400119457955916 0.5425679044328958
67 0.028248157322631993 -0.8585710417927745 0.5126946129957578
68 0.04585469106006769 0.9983854436995652 -0.05680233981820193
69 0.12797943240546214 0.17396269854504964 -0.9847522427062171
70 0.004445157617981346 -0.9991251885279693 -0.0418193453912156
71 0.04324166274670622 -0.6529277845483271 -0.757420166198929
72 0.014187687289301094 0.9107041954161149 -0.4130591585372327
73 0.07191226111955937 -0.8669096543973693 0.49846529579563875
74 0.11446776034763542 -0.9958961684009746 -0.0905031588634208
75 0.00010091027515366787 -0.6953129829808327 0.7187070722473073
76 0.089567655010267 0.8150424413407062 -0.5794012588986854
77 0.0737878758998381 0.12927634381583233 0.9916086057157888
78 0.07568333035442093 0.6677706306040916 0.7443671035870768
79 0.02176184913756483 0.15556020132386728 -0.9878264137813272
80 2.939233929315007e-05 0.9954785160735499 -0.09498696771664637
81 0.011143712899424377 -0.9996099341455109 -0.027928114107604023
82 0.09228987607453236 0.5621005315714183 -0.8270689163589265
83 0.0147831709357356 0.8134252027101384 -0.5816695278213998
84 0.13584645980244053 -0.6345318945112276 -0.7728966779900094
85 9.896599141825347e-06 -0.7301720802787968 0.6832632971127122
86 0.09718292378292821 0.0626313382340876 0.998036730521982
87 0.06871833610588386 -0.25880924372529396 -0.9659284525068829
88 0.0016763048343318644 0.7866696422006497 0.61737417668696
89 0.04142108578184032 -0.9970492745829609 -0.07676421075990664
90 5.5287854705933274e-05 0.6242721640723138 0.7812069285179633
91 0.013432724852966696 -0.386636546537123 -0.9222321729813199
92 0.06272010966353865 -0.9217148712607212 -0.3878681426681394
93 0.055198886581855226 0.9979418347527244 -0.06412561461979216
94 0.07194523374099682 -0.7730392445730563 0.6343582003489184
95 0.049810339642233345 0.7413074717314192 -0.6711655774510275
96 0.011119681015319008 -0.7884861805258668 0.6150524718426308
97 0.06537919441994947 0.8945303275960309 0.44700726281676634
98 1.3001866640903966e-05 0.6756165253688089 -0.7372532201683337
99 0.09092657526207967 -0.4720741056306085 0.8815588685919172
100 0.057342938208250274 -0.045977503747171175 -0.9989424753954448
101 0.05434756696563158 -0.6938812748967177 0.7200894224662001
102 0.018966599504636902 -0.8179465413368918 0.575294233862131
103 0.05843526117148842 -0.6250496573486736 0.7805849895099864
104 0.04717728343388706 0.5117209655321346 -0.8591517057160859
105 0.12465838854017891 -0.9971676185799839 0.07521130537042774
106 0.0039510333558150194 0.9370274512269896 -0.3492557166991712
107 0.04170598298409118 0.9944269492444875 -0.10542790245614078
108 0.00018513388153439786 0.7453500203024152 -0.6666733437262881
109 0.028466211792658465 0.5619146928046482 0.8271951873713107
110 0.029206668518212794 -0.1459368705032685 0.9892939046753054
111 0.010102767245244953 0.23832647684154085 0.9711850958680834
112 0.028521519050932007 -0.8410187485726996 0.5410059745965937
113 0.1006746087565065 -0.9925234885413733 0.12205377787542004
114 0.020902948746607624 0.7922791995521186 0.6101587252158689
115 0.030585430502627794 0.939820871394245 0.3416675719054445
116 4.422171716741872e-05 -0.061420579002604725 -0.998111973916246
117 0.09189517082381773 0.15482249870566217 -0.9879423029178046
118 0.10229751321618213 0.6347198506444305 0.7727423316979029
119 0.024060967125032022 -0.82480743054876 -0.5654137445371772
120 3.8822452998038964e-05 -0.5821533742203022 0.8130789930160025
121 0.0016363965982570392 -0.01809708935770894 0.9998362342687822
122 0.09931156356917313 0.07814590668283576 0.9969419327466958
123 0.0169114529056797 0.8010620445798385 0.5985813234085815
124 0.04826221324098343 -0.6423004487759763 -0.766452955831067
125 0.005541902395332159 -0.4234590065375985 -0.9059152663368634
126 0.003979148690914138 -0.990902008595939 -0.13458532371894627
127 0.02465182184943206 0.960747984169072 -0.27742262149122693
128 0.08916991353726603 -0.7461880177881945 0.6657352642825263
129 0.024974693144442946 -0.592745689209677 0.8053896869983779
130 0.08917245750815891 0.7428605498703782 -0.6694461915989062
131 0.043300411181347316 0.27194547848062367 0.962312660591112
132 0.03058548533522985 0.9397880114828948 0.34175794573502816
133 0.08427523178701331 0.9925276991495968 -0.12201953294783317
134 0.12233528880539112 -0.9663925063047044 -0.2570710480744804
135 0.015271076939850692 -0.3229488864292884 -0.9464164076948807
136 0.04640524876687217 0.4855517411354539 -0.8742079310326172
137 0.034304710989868634 -0.9120557646673774 -0.41006619238484593
138 0.06773685771702029 0.9982723007010547 0.05875724340898886
139 0.00010198985718348127 0.917040295275935 -0.39879455467724967
140 0.034823321540100864 0.8148150134080951 0.5797210483713401
141 0.01103108677328475 0.8611377005361629 0.5083717741134827
142 0.12144173119779249 -0.6207233459304753 0.784029672791072
143 0.0016773473124571602 0.7914177286644728 0.6112756978283751
144 0.11367788564615049 -0.6862098975764201 0.727403585685525
145 0.09984511615517647 -0.7931577842196785 -0.6090161979222966
146 0.15286885502253755 0.8818266052137952 0.47157378885717705
147 0.12590716127835888 0.32259843118210607 -0.9465359222971118
148 0.06039919351520074 -0.2520736140647641 0.9677080619134721
149 0.1654984512361793 -0.7079634546479376 -0.7062490685890903
150 0.015965708648065326 0.31203084339190235 0.9500719724168997
151 0.08088926914587821 0.46082443366822484 -0.8874913190191551
152 0.1028496699489969 -0.297399351931089 -0.9547531751562642
153 0.00018374407839454737 -0.8172351377313125 0.5763043724086108
154 0.04771859515798004 -0.9440981926713558 -0.3296643787167178
155 0.03301992300770649 -0.026873249280981493 0.9996388490215264
156 0.012290429232663403 0.7919057214923345 0.6106433724095474
157 0.017077768533182255 -0.702830816506022 0.7113570435227858
158 0.027159535749592897 -0.46109080802833685 0.8873529550025601
159 0.04376810642017502 0.8886178145335505 -0.4586484271134226
160 0.029666313858647975 0.4889265319505523 -0.8723249660274579
161 0.06993550748825197 0.9175776373828568 -0.39755663668827673
162 0.07441965426833726 -0.09528122523973397 -0.9954503946037768
163 0.044334884279179955 -0.9993746525286654 0.03535963635572643
164 0.193976214431727 0.33952873556329266 -0.9405956823879172
165 2.9416814316648635e-06 -0.3241355445917978 0.9460106493756709
166 0.001636422842094067 0.017684489011392465 -0.9998436171964123
167 0.0019474360734093375 -0.18500497495280965 0.9827375841203542
168 5.519990309009833e-05 -0.9894065468708154 -0.1451712265194761
169 0.08995790561277796 0.8137851589559721 0.581165824066594
170 0.09534044606562211 -0.8648086194733238 -0.5021016348157452
171 0.05801536335632884 0.7953577914931697 0.6061402341959389
172 0.018193440988739977 0.5728889425793607 -0.8196330029167335
173 0.05408357715019275 -0.3655219530281782 -0.9308027190841603
174 0.007116564823565437 0.8424465473878417 0.5387799316922494
175 3.95025209906432e-05 0.5914707145326494 0.8063264809307934
176 0.0016444521414060655 -0.1357591087880863 0.9907418757582949
177 0.08327075717579907 -0.7788977813225801 0.6271508959180097
178 3.7585035112128562e-06 0.8483613100390248 -0.5294176873026342
179 0.11528395923663595 0.9906479332334422 -0.13644292719048995
180 0.007131888526132204 0.8227416976732332 -0.568415428106738
181 4.97390099606318e-05 0.5606627788526232 0.8280442309498053
182 0.05297472485471867 -0.1983474245616363 0.9801317764309889
183 0.11759197401251884 0.7238913265446487 -0.6899140144637075
184 0.01189235710643602 0.9492196378498282 0.31461417501479644
185 0.13564178779664093 0.9712642813472809 -0.23800356253415603
186 0.04283129247075346 0.9209599017027408 0.38965736160847514
187 0.05526098764066235 -0.36064110417520573 -0.9327046660005988
188 0.04498563801706518 0.6118403383616339 0.790981289509127
189 0.05516637416668002 -0.8744415575501155 0.4851308714453533
190 0.11084324117310432 0.041369487150651994 0.9991439163268183
191 0.03302316662856993 0.02512108592328096 -0.9996844157243
192 0.007426101267866854 0.4181879345606435 0.9083605294088372
193 0.05988834730975763 -0.7075247979672852 0.7066885171427029
194 0.032850566453765453 0.9537155397268987 -0.3007102746555733
195 0.06271213631626128 0.4017603004958205 0.9157448667317267
196 0.046884162347600254 -0.8512861417067934 -0.5247017294977799
197 0.06819891693148188 0.1854501097132829 -0.9826536810124569
198 0.06919139979287134 -0.33189912225318047 0.9433148852040704
199 0.08478200812015257 0.8926250719544891 -0.4507998235561356
200 0.0666015211259516 -0.39109386240146804 0.9203507976809178
201 0.12470547544427153 -0.052617767760636744 -0.9986147257655916
202 0.1113315705369301 0.9999939267394758 -0.0034851806500967213
203 0.08331294722623397 0.28800129680690284 -0.9576300188682173
204 0.002813967066941011 0.8372647744650805 0.5467976750498651
205 0.02329939726060219 -0.9050208964591953 -0.4253671084747792
206 0.11825211629464193 -0.7895904806835171 0.6136341522552117
207 0.10009750198402871 0.924780521488059 0.38050096856154464
208 0.046093244961953585 -0.05372224350232642 -0.9985559175895342
209 0.09607614085514558 -0.9971731838818554 -0.0751374829690439
210 0.04792189767021974 -0.9846094876906057 0.1747688666486195
211 0.10790766604653532 -0.6036798276429818 0.7972268596183522
212 0.050041106462112475 0.6380136716606946 0.7700250351605715
213 0.0001289187897724211 0.9995432866098389 0.030219500214287855
214 0.08995170654575049 -0.19780692011145773 -0.9802410021805961
215 0.0015682936029446644 -0.9912893672499281 0.1317018996720898
216 0.029206763399714005 0.1478063449824283 -0.9890163215958245
217 0.10952402725496262 0.9365492972205733 0.3505358952741506
218 0.0936139529742699 -0.7576468343801696 -0.6526647488210987
219 0.12988711679064108 -0.07734758010144323 -0.9970041884829024
220 0.013751805138690301 0.5160960746038314 0.8565307010134059
221 0.0016409632374292868 0.1577659605442396 -0.9874765322242111
222 0.11098389141695877 0.8938348967185935 -0.44839622813763863
223 0.11228270749655066 0.9530759388022464 -0.302731324570512
224 0.05577056178239255 -0.9717112843784586 -0.2361719285003331
225 0.057366720289496416 -0.9999147166523579 0.013059840046299842
226 0.029689720021042892 -0.9732096774787293 -0.2299193851369381
227 0.07737872117031047 -0.7206847877721339 0.6932628914588133
228 0.013265451566632166 -0.7576083822203802 -0.6527093834084341
229 0.07649849749128733 0.36243598573962316 -0.9320086674709349
230 0.11575562572780354 0.11292074619051953 0.9936039981198628
231 0.0001353733824727472 -0.7884284639657458 -0.6151264562743295
232 0.07207926489212815 -0.9777735963562961 -0.20966352631889743
233 0.015749193859289592 0.9462074172717503 -0.3235606952334042
234 0.03209799532239698 -0.9878557496235316 0.15537380067350637
235 0.08036627540228054 0.48449951027570626 -0.8747915320478364
236 0.016458530279640032 -0.0049448279238970124 -0.9999877742636673
237 0.029758322806301977 -0.6049086812558341 -0.7962948495006907
238 0.050040510968423865 0.6381656715773737 0.7698990684630028
239 0.07343290140654124 0.6361353896846887 -0.7715774530082571
240 0.07424448836168628 -0.9944679087271725 -0.10504084211298005
241 0.07658913300827498 -0.9553669252345777 -0.295421797042515
242 1.4351815273060208e-05 -0.9851297805976944 -0.17181186041580018
243 0.12203517573403778 0.6479508777659964 -0.7616821253004923
244 0.1390595969469197 0.6145791199190525 -0.7888551865580418
245 0.03441690297177318 -0.8544938019943905 0.5194615889102594
246 0.026063207659643803 -0.8723618162902053 0.4888607792397076
247 0.1247686746090282 -0.1382537053614516 0.9903968461954172
248 0.05052431254601629 -0.8183163414091897 0.5747680970466944
249 0.14773195114881602 -0.296676373911665 -0.9549780778440027
250 0.08092641977749285 -0.20518730509335203 0.9787227236702577
251 0.011307915343028774 -0.16646576776422845 0.9860472342452292
252 2.5833599082019063e-06 0.018526220857132288 -0.9998283748427791
253 0.08509970261787153 -0.7328614901323912 0.6803778628680764
254 0.10153186324613604 0.812088778809277 -0.5835339024701627
255 0.052750342551267274 -0.9609265178421773 -0.2768035897666569
256 0.04781033981786933 0.9999986064618188 -0.001669453329830096
257 0.004278845835063871 0.6443695557667154 0.7647142444083318
258 0.05377867380581379 -0.403765364528641 -0.9148625746018108
259 0.038494303058955154 0.8038991333771273 -0.5947656541491815
260 0.039218884413869275 -0.8920653254495353 -0.4519064672369877
261 0.00014006971942414546 0.9393610185608728 0.34292984239969465
262 0.06515428386466203 -0.17510486546475848 -0.98454978852802
263 0.03526174380183444 -0.9301440461415095 0.36719484395549673
264 0.04129441484063835 0.053480431911525454 0.9985688976743451
265 0.11016401790523184 0.46672856503297727 0.8844006143045458
266 0.09979496412282722 0.9033312082963706 0.42894373537542085
267 6.848710811511556e-05 -0.6750847045816111 0.7377402263940599
268 0.02620622372822669 -0.1385878830443047 0.9903501394321597
269 0.009370929546275546 0.45308644750438914 -0.8914665843921759
270 0.05979045066259262 -0.8453862197028709 -0.5341555387117964
271 0.07757056436830509 -0.28814993861443566 0.9575853031853073
272 0.05147401345446389 -0.21142645791234002 -0.9773939087669011
273 0.009378977731360417 0.45023345581761287 -0.8929108775586339
274 0.028909522865423497 -0.999973565469132 -0.007271063398953012
275 0.08825013263406925 -0.6827996479947093 0.7306056670313344
276 0.0069293068717958765 -0.7049776652029144 0.7092295055657566
277 3.155327073695295e-05 -0.7348511360665413 0.6782284333627673
278 0.07895968257897532 0.916349616859377 -0.40037904500819355
279 0.06602982460755248 -0.4865944782776853 -0.8736279606958944
280 0.08820193901156669 -0.5996452355216276 -0.8002659504915923
281 0.05907989191931384 0.9783402663051038 -0.2070031964150757
282 0.08333399080140647 -0.09739183777082859 0.995246115257739
283 0.080490566334515 0.6403612631879859 -0.7680738588236726
284 0.08722477055397374 -0.9055556348954453 -0.4242275239881388
285 0.03341072317778996 -0.9991888132158929 -0.04027052947523049
286 0.0818286475883903 0.5887676375044394 -0.8083023376357642
287 0.07082385650739081 -0.9799734598245468 0.19912814476991303
288 0.018339346161383864 -0.8681236365533994 -0.4963480146603806
289 3.67127445565928e-05 0.9707469337774984 0.24010495738652538
290 0.0325130075438708 -0.8758123146769977 0.48265183047422455
291 0.06725103877502055 0.9972510713368871 0.07409656346573096
292 0.04641323756153478 -0.20370131482222523 0.9790330813306038
293 0.09790286760684799 0.4899705392937441 0.8717389922586907
294 0.02479418142838596 -0.21560725959126453 -0.9764801634501057
295 0.04287139542389518 0.8639266822594224 0.5036176006457946
296 0.03410767364599636 0.44908695268055726 0.8934880575206873
297 0.04552926682926484 -0.9981928891676182 -0.06009123076791811
298 0.05291822043588602 -0.19107061318527363 0.9815762939155588
299 0.023350342872936084 -0.9292391106822393 0.3694789238623509
