0 0.0908837368558618 -0.8037598254229844 -0.5949538999250392
1 0.004659552211315213 0.27845249619345586 0.9604500025319556
2 5.8025662574138466e-05 0.5643766201427913 0.8255174320607648
3 2.1342875643770576e-05 -0.5703343381146261 -0.821412650722736
4 0.08557802227382272 0.05211880261571999 0.9986408916191564
5 0.1365576453250116 0.37203559162388733 0.9282184648912476
6 0.004654175917971612 0.2724874444869916 0.9621593384658015
7 0.07819607587210674 -0.5853665114761291 -0.8107688001164493
8 0.03675405041776268 -0.3887389584999457 -0.9213479376133522
9 6.758010641691786e-07 0.998390991191539 0.05670475030873773
10 0.0779123444113805 -0.7557558920528042 -0.6548534428614314
11 0.003593806030289115 0.9911342746767828 -0.13286402658706228
12 0.010373624817908855 0.8355810250682948 0.5493672274042362
13 0.0297842150094907 0.9970353582054949 -0.0769447495807246
14 0.1116385053172243 -0.5920721862046912 -0.8058849336740311
15 0.014640962405318158 -0.8639453260614965 -0.5035856169277418
16 0.006416607162904116 0.4297761402561817 -0.9029354734788632
17 0.059878992100499316 -0.7081010577350587 0.7061111045965013
18 0.016792730929252493 0.568736966659247 -0.822519460411265
19 0.10909083206177209 0.7118222794832962 0.7023596247160027
20 0.04699274195690806 -0.999945870553994 -0.010404612535554221
21 0.07256975391730984 0.45183714822548077 0.8921004380020586
22 0.036149091528817526 0.19431628487101252 0.9809389284934753
23 0.05291716315733245 -0.018741780379969986 0.9998243574089346
24 0.10456017048436494 -0.00580219300682797 -0.9999831671364832
25 0.026058120381368444 -0.871275384130305 0.49079446309895297
26 0.013432123108202848 0.3868912512812941 0.9221253492242768
27 0.004277537811389619 0.6499872284889978 0.7599451314412057
28 0.00015643258703890902 0.9778450260899296 0.20933013388230792
29 0.00397884932005134 0.9909885931981097 0.13394628830703562
30 0.048755675959158085 -0.9877252325057434 0.15620136065820647
31 0.015102816565059499 0.6442238632835547 0.7648369852301938
32 0.0003833697127115588 -0.09965725313228521 0.9950218248350775
33 0.02608845099986874 0.887996477299492 0.45985025421727527
34 0.09860714081445329 -0.17823875439215223 -0.9839872694464772
35 0.013545948046613002 0.551249200347832 0.834340649324888
36 0.014780321982859293 -0.8112468158880781 0.5847038598397095
37 0.1432201727928866 -0.5510269111464827 -0.8344874733585677
38 2.359809156696864e-05 -0.17103882286099448 -0.9852642899620007
39 0.004440212531571525 0.9993289108907359 0.03662960357327812
40 0.08018588655660193 0.8451330985128456 -0.534555933273663
41 0.018744239553089664 0.9634089622390474 -0.2680357652953835
42 0.06519324339164752 0.2949078252574323 -0.9555257058823335
43 0.012499007559915992 -0.8991279187377617 -0.43768594419549395
44 0.06414448044671177 -0.9721153804596676 -0.23450306410312766
45 0.16819317205402864 0.5810959564464643 0.8138350504872403
46 0.053067955645159856 0.4859963512442958 0.8739608381256171
47 0.01037489684884393 0.8359772633679359 0.5487640796661684
48 0.14923506209109091 0.19755557707681284 0.9802916882060397
49 0.10268997842129832 0.9435294530451933 0.33128865244109773
50 0.0028158968509959196 -0.844717065123169 -0.5352131163281593
51 0.03656965049509745 0.9975050033399433 -0.07059580944914325
52 5.794757639725215e-05 -0.745183249470343 0.6668597489043859
53 0.016456000648728465 0.0040864242118959495 0.9999916505337234
54 7.59397456379099e-06 0.6813054686351836 -0.7319992202234868
55 5.796952059686884e-05 -0.9966412572489599 -0.08189141804372795
56 3.10401950649393e-05 -0.744570768988943 -0.6675435341363243
57 0.05890726391664706 -0.907650825656123 -0.41972607577533033
58 0.011281710314891568 0.6483318274519472 -0.7613578931835006
59 0.02193242430795514 0.9369698245285182 0.3494102859433274
60 0.029426530049381953 -0.9408538930987932 -0.3388125615157216
61 0.024963856788847206 -0.0015209098964571422 -0.9999988434158746
62 0.013554506833620531 0.5477153508053557 0.8366647443822204
63 0.13650195914446261 -0.33977946312346224 0.9405051389756102
64 0.09331155657144592 0.9646409125211444 0.26356765714019964
65 0.037974548103203956 0.5000948343035614 0.865970644250077
66 0.12574832357097587 -0.840524646810736 0.5417733087774697
67 0.028912433917599983 -0.8582138313658368 0.5132923335219132
68 0.045855097291160433 0.9983784593925246 -0.0569249665876853
69 0.12824981052861692 0.17432766631204855 -0.9846876990996664
70 0.004445157617981346 -0.9991251885279693 -0.0418193453912156
71 0.04374884267768677 -0.6532601985126325 -0.7571334842940417
72 0.015033654622457858 0.9106984651651836 -0.4130717922417104
73 0.07193861787477064 -0.8668230979747258 0.49861580081010165
74 0.11472349367304749 -0.995878060667898 -0.09070219556519307
75 0.00010091027515366787 -0.6953129829808327 0.7187070722473073
76 0.08966782805103932 0.8149606507257513 -0.5795162963788507
77 0.07372305033417943 0.12920480343614343 0.9916179298343831
78 0.07588761878500956 0.6678835283574961 0.7442658077251311
79 0.021708196534235513 0.15537114894678455 -0.9878561666937936
80 2.939233929315007e-05 0.9954785160735499 -0.09498696771664637
81 0.01059969428553124 -0.9995403275428659 -0.0303172164866802
82 0.0920675914994641 0.5613488975485836 -0.8275792501150507
83 0.0147831709357356 0.8134252027101384 -0.5816695278213998
84 0.13588106205978903 -0.6350822516895566 -0.772444518129893
85 9.896599141825347e-06 -0.7301720802787968 0.6832632971127122
86 0.0967032191537381 0.06360631191840797 0.997975068368012
87 0.06878481531317297 -0.2586841199399881 -0.9659619692777112
88 0.0016763048343318644 0.7866696422006497 0.61737417668696
89 0.04090328518507983 -0.9974255469042199 -0.07170968123494749
90 5.5287854705933274e-05 0.6242721640723138 0.7812069285179633
91 0.013432724852966696 -0.386636546537123 -0.9222321729813199
92 0.0624406978237081 -0.922159322598605 -0.3868102684062071
93 0.05474860705338082 0.9978429361911686 -0.0656465893507602
94 0.07208064424693787 -0.7734068097194242 0.6339100146547793
95 0.049513579627959665 0.7416012473534884 -0.670840957249742
96 0.011093723039884809 -0.7885051895853221 0.6150281017945565
97 0.06526717121631441 0.8944232580310246 0.4472214613512719
98 1.3001866640903966e-05 0.6756165253688089 -0.7372532201683337
99 0.09086823659070062 -0.47152138309506236 0.8818546282036056
100 0.05736078254207722 -0.046200563465836085 -0.9989321838520567
101 0.054058223131692375 -0.6944690153063121 0.7195226103323518
102 0.0187319818038645 -0.8178582592464582 0.5754197318326452
103 0.05829207626932898 -0.6256262019397417 0.7801229745664804
104 0.046951239385242066 0.5107467768133492 -0.859731196348472
105 0.12471376604038104 -0.9971497692392907 0.0754475825061976
106 0.003470018063436877 0.9369765396611721 -0.3493922782841314
107 0.04148866800856498 0.9943514808678212 -0.10613732847575794
108 0.00018513388153439786 0.7453500203024152 -0.6666733437262881
109 0.027715085395224447 0.5607442495164348 0.8279890619049568
110 0.029206668518212794 -0.1459368705032685 0.9892939046753054
111 0.009429264301832148 0.2322829892585206 0.9726482472616326
112 0.028338668207526035 -0.8414181071658482 0.5403846490542095
113 0.10144952534774467 -0.9925293913468827 0.12200576753820504
114 0.02018467663408403 0.7944162425686021 0.6073737181860801
115 0.030585430502627794 0.939820871394245 0.3416675719054445
116 4.422171716741872e-05 -0.061420579002604725 -0.998111973916246
117 0.0924332897719787 0.15490305643544142 -0.9879296751828839
118 0.10209149830848735 0.6351240109907081 0.7724101829100098
119 0.023850876096636785 -0.8248551820989874 -0.565344079799591
120 3.8822452998038964e-05 -0.5821533742203022 0.8130789930160025
121 0.0016363965982570392 -0.01809708935770894 0.9998362342687822
122 0.09901290657950373 0.07723097492841441 0.9970132278518709
123 0.015923875635426486 0.8028874307526547 0.5961306681755276
124 0.04797871561480251 -0.6419761640615086 -0.7667245951297448
125 0.005354536643665596 -0.4229126846990415 -0.906170437125737
126 0.003979148690914138 -0.990902008595939 -0.13458532371894627
127 0.02464623020623826 0.9609326510731151 -0.2767822973052915
128 0.08896463187462111 -0.7451661088743412 0.6668789021892007
129 0.02475035322630574 -0.5926376892141831 0.8054691610005148
130 0.08916149179730047 0.7428771064001072 -0.6694278189518298
131 0.04376239770813204 0.27169217542561647 0.9623842069633604
132 0.03058548533522985 0.9397880114828948 0.34175794573502816
133 0.08408144968032154 0.9923536519153151 -0.12342702107049977
134 0.12219373994187595 -0.9661613432333337 -0.25793847879205706
135 0.014978767121155031 -0.32351819318920616 -0.9462219500072864
136 0.046153247439814644 0.4858390952002619 -0.8740482673027794
137 0.03347821934786824 -0.9110285930347425 -0.4123431855543845
138 0.06774453638556287 0.9982865155258972 0.05851523664108909
139 0.00010198985718348127 0.917040295275935 -0.39879455467724967
140 0.033966260780139854 0.8167490260218623 0.5769930922397073
141 0.012007958456586148 0.8612411921882795 0.5081964274550845
142 0.1217833727621886 -0.6206940418891372 0.7840528721733796
143 0.0016773473124571602 0.7914177286644728 0.6112756978283751
144 0.11336037418645639 -0.6866526006965649 0.7269856985915499
145 0.09995671638742115 -0.7933612284823519 -0.608751148780003
146 0.15314094730967243 0.8816807602627191 0.4718464124930417
147 0.1255735406591215 0.3210139393639979 -0.9470744694764015
148 0.06028373346403826 -0.25156914649694057 0.9678393278487917
149 0.165064271523309 -0.7073630477789397 -0.7068504216854437
150 0.0159331394601261 0.3123467519435556 0.9499681608087247
151 0.08088926914587821 0.46082443366822484 -0.8874913190191551
152 0.10293493092192153 -0.2968898679532249 -0.954911726970989
153 0.00018374407839454737 -0.8172351377313125 0.5763043724086108
154 0.047834434945142404 -0.9441860361936351 -0.3294127032416201
155 0.03301992300770649 -0.026873249280981493 0.9996388490215264
156 0.01296880797671004 0.7919811125715877 0.6105455898865131
157 0.01684752533309354 -0.7029551002106362 0.7112342280063961
158 0.026916999780070495 -0.4604738999764289 0.887673243620927
159 0.043705688133886485 0.8887251720317786 -0.4584403653661897
160 0.028937747232634353 0.489147984009791 -0.8722008081509426
161 0.07006095479129122 0.9176479971304546 -0.3973942039870047
162 0.07448420692054213 -0.09549694136150519 -0.995429723381112
163 0.044319404547447094 -0.9993687811808953 0.03552519107635751
164 0.19439629166064515 0.3399617159517751 -0.9404392759169113
165 2.9416814316648635e-06 -0.3241355445917978 0.9460106493756709
166 0.001636422842094067 0.017684489011392465 -0.9998436171964123
167 0.0017051753255973832 -0.1851875071996449 0.9827032040128807
168 5.519990309009833e-05 -0.9894065468708154 -0.1451712265194761
169 0.0897525900938056 0.8138196816973629 0.5811174801036388
170 0.09543199248904426 -0.864226244789304 -0.5031033669310692
171 0.05790999600095782 0.7953948710927718 0.6060915764464251
172 0.01804035938182756 0.5729726852259532 -0.8195744639658807
173 0.05409414315595894 -0.3651667379412019 -0.9309421321980124
174 0.006862685849658178 0.8420421020446601 0.539411807790866
175 3.95025209906432e-05 0.5914707145326494 0.8063264809307934
176 0.0016444521414060655 -0.1357591087880863 0.9907418757582949
177 0.0833354846604416 -0.7795286235826401 0.626366605922885
178 3.7585035112128562e-06 0.8483613100390248 -0.5294176873026342
179 0.11499237023362421 0.9904689047587333 -0.13773651914447166
180 0.0065829998556736265 0.8234253162392877 -0.5674246633485621
181 4.97390099606318e-05 0.5606627788526232 0.8280442309498053
182 0.05304232595497991 -0.2009228976409803 0.9796070585717276
183 0.11786714558158855 0.723863402691763 -0.6899433123405883
184 0.011320180714655135 0.9491082149117789 0.31495014905057034
185 0.13581465686445596 0.9712960931665555 -0.23787370472455743
186 0.04226131536911329 0.9202692756456923 0.39128565051960795
187 0.05523748876506693 -0.3606399746493235 -0.9327051027441285
188 0.0448716113076348 0.6114190174951024 0.791307010613026
189 0.055233806519190035 -0.8745580465924303 0.48492084213862413
190 0.11069510941921307 0.04096689463339446 0.9991605043956133
191 0.03302316662856993 0.02512108592328096 -0.9996844157243
192 0.00734543217563135 0.4181310915076287 0.9083866964650237
193 0.05988834730975763 -0.7075247979672852 0.7066885171427029
194 0.032801810874912726 0.9538262015785629 -0.30035908040578807
195 0.06253210417927266 0.4007056701269617 0.9162068357789646
196 0.046793237603775524 -0.8511621202590897 -0.5249028910532414
197 0.06829930406177542 0.18531245419984338 -0.9826796498953415
198 0.06921579703540946 -0.33241117561177996 0.943134566394634
199 0.08482576813330149 0.8928106373264582 -0.4504321989786293
200 0.06673509540437882 -0.3911445685677328 0.9203292489538525
201 0.12482788829663452 -0.05316493333686038 -0.9985857448728612
202 0.1116131347523255 0.9999934859990385 -0.003609426476727892
203 0.08305311814786547 0.28932092651195057 -0.95723215652331
204 0.002813967066941011 0.8372647744650805 0.5467976750498651
205 0.022778588173489524 -0.902140459990732 -0.43144245322836566
206 0.11814093906790905 -0.7902375728686333 0.6128006025018999
207 0.10075390467954091 0.9244796435171841 0.3812314109859524
208 0.046024774922824016 -0.05316724484449134 -0.9985856218049837
209 0.09635445300439488 -0.9971870715628512 -0.07495294729298496
210 0.0478796816421851 -0.9845595607187971 0.17504991116024352
211 0.10815079007257596 -0.6036684908241184 0.797235444010194
212 0.050041106462112475 0.6380136716606946 0.7700250351605715
213 0.0001289187897724211 0.9995432866098389 0.030219500214287855
214 0.09007290869606303 -0.19731104638238486 -0.9803409360908522
215 0.0012720170990544188 -0.9913207514382002 0.13146546226291525
216 0.029206763399714005 0.1478063449824283 -0.9890163215958245
217 0.10975856074947934 0.9363915591365797 0.3509570457730765
218 0.09372478416483873 -0.7575898287629698 -0.6527309180319975
219 0.13014024347013214 -0.07686341924718326 -0.9970416314184838
220 0.01359933286387324 0.5158478703168057 0.8566802056132825
221 0.0016409632374292868 0.1577659605442396 -0.9874765322242111
222 0.11128432111835826 0.8937849353609962 -0.4484958074739828
223 0.11249811687442215 0.9532306829095812 -0.3022437181476785
224 0.05572162993686159 -0.9716767909354705 -0.2363138039923732
225 0.05703667551359217 -0.9998918629354308 0.014705863983926886
226 0.030230736883776876 -0.9737548197578684 -0.22759954085700912
227 0.07706825555510108 -0.7185302755134584 0.6954956816332891
228 0.013231424392378306 -0.7575024764446399 -0.6528322894742858
229 0.07614291107270059 0.36124607108075923 -0.932470522927516
230 0.11532990013608868 0.11247899780748563 0.9936541023174129
231 0.0001353733824727472 -0.7884284639657458 -0.6151264562743295
232 0.07204574847454638 -0.9777575889046 -0.20973816376487917
233 0.016157816809902113 0.945891837081722 -0.3244820989548808
234 0.032012507300539186 -0.987813150871176 0.15564439908316383
235 0.08041847225465905 0.4842692427703595 -0.8749190251141089
236 0.016458530279640032 -0.0049448279238970124 -0.9999877742636673
237 0.029726810368776606 -0.6047954376915072 -0.7963808627456703
238 0.050040510968423865 0.6381656715773737 0.7698990684630028
239 0.07326384181716113 0.6357569130665 -0.7718893362964375
240 0.07467345037800481 -0.994530522782446 -0.10444634629356118
241 0.07677960653133033 -0.955311410641189 -0.2956012664024659
242 1.4351815273060208e-05 -0.9851297805976944 -0.17181186041580018
243 0.12218862155835844 0.6477077697609833 -0.7618888665620814
244 0.13904882139483193 0.614374881309678 -0.7890142617315096
245 0.03433480869130342 -0.8541773775905211 0.5199817377683377
246 0.026063207659643803 -0.8723618162902053 0.4888607792397076
247 0.12519892081893602 -0.1385048395679065 0.9903617568425532
248 0.050413040650179236 -0.8174509758958373 0.5759981788225925
249 0.14771980342908353 -0.29657718466361827 -0.9550088866272408
250 0.08088435125758632 -0.2065273050583731 0.9784408373863622
251 0.011180096517061545 -0.16634682045724955 0.9860673077045824
252 2.5833599082019063e-06 0.018526220857132288 -0.9998283748427791
253 0.08518450916526399 -0.7329817376838793 0.680248316588818
254 0.10253536038650132 0.8120905407510955 -0.5835314504142799
255 0.05266901243818384 -0.9607562888224899 -0.2773938598600128
256 0.04769217839363733 0.9999999056650838 0.0004343613974916533
257 0.004278845835063871 0.6443695557667154 0.7647142444083318
258 0.05331508545568437 -0.40250384675097384 -0.9154182941970673
259 0.038298854801433295 0.8039966365257178 -0.5946338440211193
260 0.04024233160291379 -0.89183234558631 -0.4523660767188677
261 0.00014006971942414546 0.9393610185608728 0.34292984239969465
262 0.06479910923503032 -0.17321903994510454 -0.9848833251713099
263 0.0350017478775555 -0.930097221466684 0.3673134337591726
264 0.04123216310469554 0.0536816281502961 0.99855810186445
265 0.1102315160334057 0.46735130797855495 0.8840716910583292
266 0.09988128230221484 0.9033458468421486 0.4289129060695672
267 6.848710811511556e-05 -0.6750847045816111 0.7377402263940599
268 0.02568421583193385 -0.13720397692400266 0.990542815185814
269 0.009370929546275546 0.45308644750438914 -0.8914665843921759
270 0.05933522623207356 -0.8439163846628316 -0.5364747297847454
271 0.07752681344953137 -0.2885433499331348 0.9574668324330429
272 0.051252362047405145 -0.21103453462683497 -0.9774786060036481
273 0.009378977731360417 0.45023345581761287 -0.8929108775586339
274 0.028852094207271896 -0.9999723948150786 -0.0074303168032411404
275 0.08842223071678265 -0.6828125240360124 0.7305936333007357
276 0.006442856073224515 -0.7007738082124786 0.7133835362015164
277 3.155327073695295e-05 -0.7348511360665413 0.6782284333627673
278 0.07876044164391886 0.9165988827691893 -0.3998080640835975
279 0.06602982460755248 -0.4865944782776853 -0.8736279606958944
280 0.08802007183468266 -0.5993358394829756 -0.8004976898850095
281 0.058809896191891836 0.9785729603478613 -0.2059003673528124
282 0.0835515429323913 -0.09756278268710672 0.995229372272718
283 0.08054501172741702 0.6402770972903113 -0.7681440220983908
284 0.08738186915710523 -0.9056673006704663 -0.42398908063330026
285 0.033232312279365295 -0.9991905466476193 -0.040227496691091366
286 0.08161021012514849 0.5875628112967758 -0.8091785605050529
287 0.07082385650739081 -0.9799734598245468 0.19912814476991303
288 0.01816698248950309 -0.8685009439021574 -0.49568751289603985
289 3.67127445565928e-05 0.9707469337774984 0.24010495738652538
290 0.03242523805253642 -0.875874789630451 0.4825384470586912
291 0.06717961098767955 0.9972458437259872 0.07416688729644699
292 0.04630236472463576 -0.2039985821556641 0.9789711836813578
293 0.09788118593980705 0.4900204151074753 0.8717109571285069
294 0.02455716762047664 -0.21505535061378053 -0.9766018616469989
295 0.04283613992020308 0.8638131498371768 0.5038123084724857
296 0.03407713682745735 0.44941401473974946 0.8933235938647878
297 0.04541576637410999 -0.9982249105901737 -0.05955692971636192
298 0.052934235004430945 -0.19049654207764583 0.9816878666136502
299 0.022400011681614273 -0.9280733331637543 0.3723974869280391
