0 0.09238228369185694 -0.8033028741325855 -0.5955707283021283
1 0.004659552211315213 0.27845249619345586 0.9604500025319556
2 5.8025662574138466e-05 0.5643766201427913 0.8255174320607648
3 2.1342875643770576e-05 -0.5703343381146261 -0.821412650722736
4 0.08494515094858934 0.05352024058847319 0.9985667648421671
5 0.1367159146857277 0.3729534362141403 0.9278500603093504
6 0.004654175917971612 0.2724874444869916 0.9621593384658015
7 0.07725652459473933 -0.5871998896354167 -0.8094419618552985
8 0.03698721989272275 -0.38965560038984925 -0.920960646870878
9 6.758010641691786e-07 0.998390991191539 0.05670475030873773
10 0.0790004117544465 -0.7573463946478067 -0.6530133524775497
11 0.001406601085511175 0.9919447881583986 -0.12667098028115917
12 0.010373624817908855 0.8355810250682948 0.5493672274042362
13 0.025231798049772738 0.9966796617557373 -0.081422674007116
14 0.11070428407829437 -0.5947087573759202 -0.8039412254017012
15 0.013188340351755397 -0.8639012142696644 -0.5036612869611873
16 0.004435433849260773 0.4303415213783538 -0.9026661481288438
17 0.059878992100499316 -0.7081010577350587 0.7061111045965013
18 0.01319737635453391 0.5796994301208259 -0.814830393835177
19 0.10836858975213567 0.7104898466880791 0.7037074518243713
20 0.044367528065517046 -0.9999961847672282 -0.0027623270964247026
21 0.07112107386904343 0.4516958801495699 0.8921719743726012
22 0.03479431068405831 0.1965300374502769 0.9804978043727547
23 0.05660727883553701 -0.020469646658755676 0.9997904748324349
24 0.10703093683963635 -0.006682557559494089 -0.9999776714629502
25 0.026058120381368444 -0.871275384130305 0.49079446309895297
26 0.013432123108202848 0.3868912512812941 0.9221253492242768
27 0.004277537811389619 0.6499872284889978 0.7599451314412057
28 0.00015643258703890902 0.9778450260899296 0.20933013388230792
29 0.00397884932005134 0.9909885931981097 0.13394628830703562
30 0.05287696099352214 -0.9875936250993758 0.15703130790728864
31 0.019878729100090677 0.6436161603663076 0.76534844228974
32 0.005570858433921902 -0.124122325613016 0.9922669239092959
33 0.02607673636958083 0.8874355672723606 0.4609317888147697
34 0.09916629937499252 -0.17768628752124874 -0.9840871827368326
35 0.013545948046613002 0.551249200347832 0.834340649324888
36 0.014780321982859293 -0.8112468158880781 0.5847038598397095
37 0.14453031616907824 -0.5520498794116451 -0.8338110881018482
38 2.359809156696864e-05 -0.17103882286099448 -0.9852642899620007
39 0.004440212531571525 0.9993289108907359 0.03662960357327812
40 0.08009785875959845 0.8445398675490938 -0.5354926816681616
41 0.013044960945375763 0.9636519731438691 -0.26716076556247514
42 0.06561137038767495 0.2953671213209232 -0.9553838305323108
43 0.008964188905940551 -0.8932121933612579 -0.44963538298355793
44 0.062085955366462955 -0.9744413698017851 -0.22464197474831074
45 0.1684185969305841 0.5820130465240382 0.8131794474012534
46 0.05240638465603941 0.4867050178450068 0.8735663830553987
47 0.01037489684884393 0.8359772633679359 0.5487640796661684
48 0.15135546862906674 0.19837356577693463 0.9801264859195186
49 0.10278397606336802 0.943643476875872 0.3309637269393968
50 0.0028158968509959196 -0.844717065123169 -0.5352131163281593
51 0.03884590616876158 0.9959232233872547 -0.09020495062877851
52 5.794757639725215e-05 -0.745183249470343 0.6668597489043859
53 0.016456000648728465 0.0040864242118959495 0.9999916505337234
54 7.59397456379099e-06 0.6813054686351836 -0.7319992202234868
55 5.796952059686884e-05 -0.9966412572489599 -0.08189141804372795
56 3.10401950649393e-05 -0.744570768988943 -0.6675435341363243
57 0.05876120245930525 -0.9070482051287746 -0.42102678486370476
58 0.007785807912415466 0.6337828448575343 -0.7735110248498663
59 0.016894278060982638 0.9205243272645178 0.39068524788403125
60 0.02868670474933842 -0.9406689239910838 -0.33932576594985625
61 0.02063799219648939 0.026610909486717776 -0.9996458670430692
62 0.013554506833620531 0.5477153508053557 0.8366647443822204
63 0.13755415446232372 -0.34014191186348847 0.9403741169310493
64 0.09432514842357485 0.9643712931509637 0.26455246917452513
65 0.03743726347850327 0.4983030110756009 0.8670029464500046
66 0.12456361823534169 -0.8433644843514436 0.5373419270209833
67 0.03263678220502058 -0.8566785039481497 0.5158506962999663
68 0.04583775163671451 0.9983342690871495 -0.05769477590065734
69 0.12978118404611283 0.1763666300756765 -0.9843245459683252
70 0.004445157617981346 -0.9991251885279693 -0.0418193453912156
71 0.046583085932319974 -0.6548178025162071 -0.7557867725144742
72 0.019745257099738383 0.9106709546047702 -0.4131324393451046
73 0.07208670212388597 -0.8663286938292549 0.49947431790643354
74 0.11617044809315741 -0.9957766929054693 -0.09180837579571177
75 0.00010091027515366787 -0.6953129829808327 0.7187070722473073
76 0.09022595278930642 0.8144950981723686 -0.5801704362109324
77 0.0733746369230415 0.12880537978632808 0.991669891717047
78 0.07701115844143269 0.6685050091290492 0.7437076393108853
79 0.02148532119303005 0.15475978632290038 -0.9879521286668146
80 2.939233929315007e-05 0.9954785160735499 -0.09498696771664637
81 0.007416181044747868 -0.9987277105231172 -0.05042777243992363
82 0.09082519424842418 0.5570838348585099 -0.8304562607021133
83 0.0147831709357356 0.8134252027101384 -0.5816695278213998
84 0.1360935189401828 -0.6381053647080306 -0.7699490525553176
85 9.896599141825347e-06 -0.7301720802787968 0.6832632971127122
86 0.09401512181681931 0.0690892654641602 0.9976104818001978
87 0.06916123450160958 -0.2579870932132377 -0.9661483632110465
88 0.0016763048343318644 0.7866696422006497 0.61737417668696
89 0.03800125998605198 -0.9990528424227504 -0.04351342375661971
90 5.5287854705933274e-05 0.6242721640723138 0.7812069285179633
91 0.013432724852966696 -0.386636546537123 -0.9222321729813199
92 0.06086868716707492 -0.924600048372388 -0.3809393003482022
93 0.05219075997894306 0.9972449370085407 -0.07417907798585606
94 0.07282585717107332 -0.7754767842013808 0.6313760821924481
95 0.04783962090024494 0.7432097980451506 -0.6690584399659617
96 0.010944982603707982 -0.7885950778751422 0.6149128419142817
97 0.06463983106560531 0.8938525317557772 0.44836107265661157
98 1.3001866640903966e-05 0.6756165253688089 -0.7372532201683337
99 0.09053777566392164 -0.4684788846991974 0.8834746938033914
100 0.057457030663975235 -0.04748305068522831 -0.9988720438062245
101 0.052418792504010284 -0.697685080914672 0.716404583925234
102 0.017444241444159545 -0.817526387714457 0.575891140225782
103 0.05748729975548151 -0.6290730478726081 0.7773461908572443
104 0.045653379650613814 0.5056152533764532 -0.8627590715565181
105 0.12504313141911802 -0.9970505623336984 0.07674748302098126
106 0.000742198067118661 0.9367886562280875 -0.3498957181252354
107 0.040262571784550415 0.9939417722680828 -0.10990793119963065
108 0.00018513388153439786 0.7453500203024152 -0.6666733437262881
109 0.02347101150865845 0.5534745597532632 0.8328660826963309
110 0.029206668518212794 -0.1459368705032685 0.9892939046753054
111 0.005681340917937751 0.19018271059779132 0.9817487135666014
112 0.02730673826000633 -0.843593146041474 0.5369828711903654
113 0.10583205471626432 -0.9925600613095092 0.12175600475238657
114 0.016034804529899412 0.8096465815823027 0.5869177224552787
115 0.030585430502627794 0.939820871394245 0.3416675719054445
116 4.422171716741872e-05 -0.061420579002604725 -0.998111973916246
117 0.09546468692256221 0.15536698149623196 -0.98785682214618
118 0.10093583679966855 0.6373455068543924 0.7705781627404956
119 0.022660324772519103 -0.8251612494048147 -0.5648972583405634
120 3.8822452998038964e-05 -0.5821533742203022 0.8130789930160025
121 0.0016363965982570392 -0.01809708935770894 0.9998362342687822
122 0.097231916087325 0.07280321996073677 0.9973463245850704
123 0.010366056223029756 0.8187528746365317 0.574146087920501
124 0.046384880982883944 -0.6402434563488045 -0.7681720618471726
125 0.004288657788551783 -0.4198768265950159 -0.9075810985738404
126 0.003979148690914138 -0.990902008595939 -0.13458532371894627
127 0.024617206221004117 0.9619624514808766 -0.27318170132880837
128 0.08775604603568614 -0.7395885455185002 0.6730592717865413
129 0.02347005790571092 -0.5920437367309263 0.805905834324136
130 0.08910392556287465 0.7429727726816941 -0.6693216409572273
131 0.04635396250925855 0.27027848610333677 0.9627821871792646
132 0.03058548533522985 0.9397880114828948 0.34175794573502816
133 0.08300247216630081 0.9913671322310986 -0.13111525133212884
134 0.12140877070549543 -0.9648737268756172 -0.262714086385098
135 0.013333666281827278 -0.32664626806560465 -0.9451466635177914
136 0.044727211442673095 0.487429124362574 -0.8731625557266725
137 0.028790660540032834 -0.9043053848471961 -0.42688613345523946
138 0.06778912799486601 0.9983644258953561 0.05717056153857471
139 0.00010198985718348127 0.917040295275935 -0.39879455467724967
140 0.02911354391477108 0.828713882433064 0.5596724944668247
141 0.017532854743763922 0.861876525672174 0.5071181859244078
142 0.12373914708871203 -0.6204841424188572 0.7842189930158128
143 0.0016773473124571602 0.7914177286644728 0.6112756978283751
144 0.11156796553377588 -0.6891043957972881 0.7246620810369855
145 0.10058353871855513 -0.7945004498326552 -0.6072635632208708
146 0.15469890149419216 0.8808353950132609 0.473422651435092
147 0.12370611928284228 0.3121019911595376 -0.9500486025010784
148 0.059623018516747055 -0.24876025992187528 0.9685650897506068
149 0.1625992948347517 -0.7039713693885946 -0.7102283513639447
150 0.015781651568311624 0.31472658871653203 0.9491823714939374
151 0.08088926914587821 0.46082443366822484 -0.8874913190191551
152 0.10345728351633725 -0.2942785636192822 -0.9557196905966582
153 0.00018374407839454737 -0.8172351377313125 0.5763043724086108
154 0.048448271783868097 -0.944702983397045 -0.3279272376011523
155 0.03301992300770649 -0.026873249280981493 0.9996388490215264
156 0.016777946927846708 0.7924290286906488 0.6099641255749348
157 0.015533627367114722 -0.7038206382568911 0.7103777228796399
158 0.025549078774781683 -0.4571612858874155 0.8893838084234302
159 0.043350845794039694 0.8893283877407299 -0.457269087910471
160 0.024788649677265382 0.4904426962461002 -0.87147344291083
161 0.07077182625482879 0.9180322796496132 -0.3965056538327471
162 0.07485494639354413 -0.09671256227741581 -0.9953123531322903
163 0.044226507989584045 -0.9993321431381923 0.036541314848093503
164 0.19679077816552595 0.34241384265137614 -0.9395492325369217
165 2.9416814316648635e-06 -0.3241355445917978 0.9460106493756709
166 0.001636422842094067 0.017684489011392465 -0.9998436171964123
167 0.0003354553178153525 -0.18624423546328858 0.9825034782415252
168 5.519990309009833e-05 -0.9894065468708154 -0.1451712265194761
169 0.0885938300321193 0.8140107262861618 0.5808498407429199
170 0.09592636402558159 -0.8612317122649504 -0.5082124927519803
171 0.05734608104015526 0.7953891335912545 0.606099105893544
172 0.01717260553906889 0.5734463486133285 -0.8192431173113637
173 0.053430317149037926 -0.3631912313853559 -0.9317146180267801
174 0.005438955026885354 0.8412801068725088 0.5405994652055996
175 3.95025209906432e-05 0.5914707145326494 0.8063264809307934
176 0.0016444521414060655 -0.1357591087880863 0.9907418757582949
177 0.08236326861631645 -0.7857278111348418 0.6185723941538698
178 3.7585035112128562e-06 0.8483613100390248 -0.5294176873026342
179 0.1133620000461834 0.9894011672994047 -0.14520788596551953
180 0.003483066542237825 0.8275669066320849 -0.5613670947316043
181 4.97390099606318e-05 0.5606627788526232 0.8280442309498053
182 0.053429442708318675 -0.2144134742734726 0.976742986690961
183 0.11939814739260983 0.7237453282401217 -0.6900671705353026
184 0.008046792062331354 0.9489857333456023 0.31531900974490784
185 0.13679985850909415 0.9714753106670966 -0.2371407193298279
186 0.03902644606852667 0.9163447329962746 0.400390222545439
187 0.05509661463262914 -0.3606182973760575 -0.9327134841941513
188 0.04421158933803143 0.6089465604237887 0.7932112496353271
189 0.055625230871587224 -0.8752063442745883 0.48374978546921427
190 0.10990620268971696 0.03868592915211714 0.9992514192562537
191 0.03302316662856993 0.02512108592328096 -0.9996844157243
192 0.006896571924420354 0.4177187974839649 0.9085763623540678
193 0.05988834730975763 -0.7075247979672852 0.7066885171427029
194 0.03252323197527828 0.9544432658883941 -0.2983924466207149
195 0.06147456818951292 0.3952496281700492 0.9185737484989639
196 0.04628037152516856 -0.8504917151048133 -0.5259884433503013
197 0.06888075730530234 0.1844952608355914 -0.9828334033442326
198 0.06864316453589502 -0.3372652237931314 0.9414096710889309
199 0.08508718387336422 0.8938842517613266 -0.4482978300785018
200 0.06749797798433535 -0.391429845734753 0.9202079525129455
201 0.12554177894780238 -0.056752550781465 -0.9983882751614209
202 0.1132051475493066 0.9999908073531576 -0.0042877977074449345
203 0.08159743255794849 0.2966703163049376 -0.9549799596973374
204 0.002813967066941011 0.8372647744650805 0.5467976750498651
205 0.019847527039295057 -0.8855706545171702 -0.46450469950047957
206 0.11752143474910154 -0.7938374800416084 0.6081299657813197
207 0.10450131965765214 0.9229824168741332 0.384842121058992
208 0.04562775845882382 -0.050001211506336185 -0.9987491571199941
209 0.09793911401979175 -0.9972620039056784 -0.07394927698112112
210 0.047639415944523034 -0.9842795620705151 0.17661750674911866
211 0.10955778784226113 -0.6036141969592626 0.7972765525394714
212 0.050041106462112475 0.6380136716606946 0.7700250351605715
213 0.0001289187897724211 0.9995432866098389 0.030219500214287855
214 0.09076077829712377 -0.1942947073037018 -0.9809432025931821
215 0.0014031353366615684 -0.12233404628942815 -0.9924889828700649
216 0.029206763399714005 0.1478063449824283 -0.9890163215958245
217 0.11109171350980188 0.9355137019911373 0.35329040941814077
218 0.09436978506826262 -0.7572993575069258 -0.653067900849213
219 0.13157033534449136 -0.07414519977063876 -0.9972474564274266
220 0.012718533472738136 0.5144130979107947 0.8575425148048458
221 0.0016409632374292868 0.1577659605442396 -0.9874765322242111
222 0.11295718255192178 0.8936016510733628 -0.4488608795595357
223 0.11369345464323646 0.9540959771106954 -0.299501029148795
224 0.05545626850945141 -0.9714825376447536 -0.23711111119327558
225 0.05517391003840192 -0.9997175480503449 0.02376602870078337
226 0.03328322856471154 -0.9762080966924059 -0.216835771846322
227 0.07536174459360657 -0.7064393854937171 0.7077735475582988
228 0.013038756302148796 -0.7568963572869255 -0.6535349296906652
229 0.07415769865344453 0.3545155001514389 -0.935050137774641
230 0.11291735407801007 0.10998835394545654 0.9939328760013771
231 0.0001353733824727472 -0.7884284639657458 -0.6151264562743295
232 0.07185471117597607 -0.9776676195608303 -0.2101571451610905
233 0.018437436022377452 0.9447038796684066 -0.32792465558335293
234 0.03152234334353554 -0.9875854142954511 0.1570829381915241
235 0.08071738738993306 0.48298843480266884 -0.8756267308887207
236 0.016458530279640032 -0.0049448279238970124 -0.9999877742636673
237 0.028854425364588845 -0.6095579123872503 -0.7927415413904442
238 0.050040510968423865 0.6381656715773737 0.7698990684630028
239 0.07231601983610181 0.6337298689067966 -0.7735544281143858
240 0.077081291053348 -0.9948595926659892 -0.10126396634767014
241 0.07787303742498057 -0.9549874818771228 -0.2966461013699523
242 1.4351815273060208e-05 -0.9851297805976944 -0.17181186041580018
243 0.12334125687026784 0.646468634053039 -0.7629405646481238
244 0.1389955078421378 0.6131847007155948 -0.7899395690863488
245 0.033879302588721356 -0.8523891431288816 0.5229079734293702
246 0.026063207659643803 -0.8723618162902053 0.4888607792397076
247 0.1276473394833311 -0.14001545635595344 0.9901493180230112
248 0.04978275802743397 -0.8124289995934619 0.5830601346512782
249 0.1476497022500483 -0.2960161483855597 -0.9551829353034833
250 0.0806635781747234 -0.21380293149443097 0.9768768123383765
251 0.010453239790922279 -0.16567952621779217 0.9861796462066371
252 2.5833599082019063e-06 0.018526220857132288 -0.9998283748427791
253 0.08571295750928479 -0.7341415079767365 0.6789964994502131
254 0.10824552856002784 0.8119758019682554 -0.5836910972577948
255 0.05220242490918478 -0.9597947930077558 -0.28070261009687664
256 0.047025799673655715 0.9999345746206068 0.011438814549862269
257 0.004278845835063871 0.6443695557667154 0.7647142444083318
258 0.05069825145407556 -0.3953144025608748 -0.9185458742642845
259 0.03718431735634424 0.8045251662497821 -0.5939185608067494
260 0.04604577582492263 -0.8903937534405655 -0.4551911289052341
261 0.00014006971942414546 0.9393610185608728 0.34292984239969465
262 0.06283007790828522 -0.16259880961494683 -0.9866922656592593
263 0.03351442152071532 -0.929860507100004 0.36791226853113157
264 0.04087308433799163 0.054830523698017206 0.998495675339158
265 0.1092105967232995 0.4730509190759291 0.8810350889501614
266 0.10036893665450845 0.9034125624813577 0.42877236612317615
267 6.848710811511556e-05 -0.6750847045816111 0.7377402263940599
268 0.020899511195122566 -0.09303884382582667 0.9956624797287249
269 0.009370929546275546 0.45308644750438914 -0.8914665843921759
270 0.05679994882844556 -0.8355226599700938 -0.5494559897539556
271 0.07734048737676631 -0.2906476668153395 0.9568301488638407
272 0.049996755583889885 -0.20887581164798877 -0.9779421738059945
273 0.009378977731360417 0.45023345581761287 -0.8929108775586339
274 0.0285118462718335 -0.9999676342828083 -0.008045519675176629
275 0.08939066810629392 -0.6828547555529975 0.7305541614546153
276 0.003807954961396577 -0.6746585237421107 0.7381299860743471
277 3.155327073695295e-05 -0.7348511360665413 0.6782284333627673
278 0.07765440416983428 0.9180597814888436 -0.3964419725668018
279 0.06602982460755248 -0.4865944782776853 -0.8736279606958944
280 0.08699227109938605 -0.5976113374250245 -0.8017859373804667
281 0.057290514478643924 0.9798342434430348 -0.19981205012815312
282 0.08478738331799267 -0.09849551990531695 0.9951374942984418
283 0.08073201717776962 0.6395950227808634 -0.7687120441582445
284 0.08827634207820054 -0.9062842312300665 -0.42266877365583483
285 0.03222604190758954 -0.9992031334140594 -0.03991363395539536
286 0.08043073751386481 0.5808485300562174 -0.8140116615451719
287 0.07082385650739081 -0.9799734598245468 0.19912814476991303
288 0.017207007676095707 -0.8707029912472904 -0.49180921202537553
289 3.67127445565928e-05 0.9707469337774984 0.24010495738652538
290 0.03192202380498972 -0.8762171729051486 0.48191645116774035
291 0.06677353000169503 0.9972176837410999 0.07454455871514448
292 0.04568104623842948 -0.2055402210472324 0.9786486691003339
293 0.0977477866016729 0.49028797315629197 0.8715604989777216
294 0.023208614074775893 -0.21219166323681735 -0.977228068596473
295 0.04260993852484904 0.8628503911544877 0.505459397463879
296 0.03391186697644173 0.4513107765300384 0.892366843281312
297 0.044760407353428996 -0.9984032619842205 -0.05648828603585106
298 0.052298859994828875 -0.18810922590966145 0.9821481146587148
299 0.017039779130226876 -0.9188754306338662 0.3945477702096755
