0 0.09276901699250088 -0.8030874752133611 -0.5958611475464977
1 0.004659552211315213 0.27845249619345586 0.9604500025319556
2 5.8025662574138466e-05 0.5643766201427913 0.8255174320607648
3 2.1342875643770576e-05 -0.5703343381146261 -0.821412650722736
4 0.08477942174109744 0.05387372487359779 0.9985477563783537
5 0.13675710004876088 0.3731886161744234 0.927755494059625
6 0.004654175917971612 0.2724874444869916 0.9621593384658015
7 0.07700506446889374 -0.5876853169500056 -0.8090895922216349
8 0.037047020022111146 -0.38988956716884315 -0.9208616212074929
9 6.758010641691786e-07 0.998390991191539 0.05670475030873773
10 0.0792908918335429 -0.7577567336389804 -0.6525371503790288
11 0.00086971111035292 0.9924312466944282 -0.12280154960155482
12 0.010373624817908855 0.8355810250682948 0.5493672274042362
13 0.02402958602548137 0.9965715566628338 -0.08273531561924528
14 0.11045831247674903 -0.5954298067385668 -0.8034073345739837
15 0.012803302709614267 -0.8638320070166328 -0.5037799754392945
16 0.00393279310919809 0.43065358289572275 -0.9025173081659303
17 0.059878992100499316 -0.7081010577350587 0.7061111045965013
18 0.012231732070264243 0.583548513947465 -0.8120782793978085
19 0.10818035172846975 0.710134826443181 0.7040657130357316
20 0.0436782547187521 -0.9999997384658754 -0.0007232345268581411
21 0.07073787666140084 0.4516643910673498 0.8921879162159506
22 0.03443155105207227 0.19712196274649862 0.9803789735622486
23 0.05758299702719435 -0.02095662273947372 0.9997803858664939
24 0.10768537909305859 -0.006886571407204406 -0.9999762872859803
25 0.026058120381368444 -0.871275384130305 0.49079446309895297
26 0.013432123108202848 0.3868912512812941 0.9221253492242768
27 0.004277537811389619 0.6499872284889978 0.7599451314412057
28 0.00015643258703890902 0.9778450260899296 0.20933013388230792
29 0.00397884932005134 0.9909885931981097 0.13394628830703562
30 0.053929087815769904 -0.9875800417964771 0.1571167115403976
31 0.021110595572816773 0.6435255147148071 0.7654246611594394
32 0.006939307092325269 -0.12335726421200469 0.9923623256483136
33 0.026069743298919323 0.8872055550824759 0.4613743632136444
34 0.09931284628846607 -0.17753663556545693 -0.9841141920692427
35 0.013545948046613002 0.551249200347832 0.834340649324888
36 0.014780321982859293 -0.8112468158880781 0.5847038598397095
37 0.14487728430526253 -0.5523159714521114 -0.8336348527256466
38 2.359809156696864e-05 -0.17103882286099448 -0.9852642899620007
39 0.004440212531571525 0.9993289108907359 0.03662960357327812
40 0.080077504073559 0.8443919232245309 -0.5357259373907313
41 0.011542447362203343 0.9639222902433029 -0.26618380561579197
42 0.06571983384170343 0.29549565812620826 -0.9553440825318169
43 0.008041944339237467 -0.8914265807519524 -0.45316514774294253
44 0.06154603150765219 -0.9750141351131477 -0.22214282867011614
45 0.1684770645375661 0.5822670050985443 0.8129976228585
46 0.05223319262402653 0.48687527914381384 0.8734715007134654
47 0.01037489684884393 0.8359772633679359 0.5487640796661684
48 0.15190700169152174 0.19863785512184398 0.9800729577498776
49 0.10280699150838954 0.9436731749505 0.3308790396486958
50 0.0028158968509959196 -0.844717065123169 -0.5352131163281593
51 0.03944123430206339 0.9955139800823768 -0.09461456262407592
52 5.794757639725215e-05 -0.745183249470343 0.6668597489043859
53 0.016456000648728465 0.0040864242118959495 0.9999916505337234
54 7.59397456379099e-06 0.6813054686351836 -0.7319992202234868
55 5.796952059686884e-05 -0.9966412572489599 -0.08189141804372795
56 3.10401950649393e-05 -0.744570768988943 -0.6675435341363243
57 0.05871975173916768 -0.9068874728714589 -0.42137288895800945
58 0.006860480378780601 0.6296595004826755 -0.7768712335077851
59 0.01558317385945575 0.9147234615841084 0.40408042371239167
60 0.028492451164872735 -0.9406208203338097 -0.33945908789506707
61 0.019489154265001415 0.035772902739439144 -0.9993599448795187
62 0.013554506833620531 0.5477153508053557 0.8366647443822204
63 0.13783361175538228 -0.3402399113387507 0.9403386638505294
64 0.09459501429207377 0.9643083197055828 0.26478191884378266
65 0.037296833875409184 0.497924800067705 0.8672202104872418
66 0.12425238112815543 -0.8440979126584927 0.5361890653916542
67 0.03361150388447703 -0.856371943965447 0.5163594616048409
68 0.04582759937768605 0.9983213183203633 -0.05791843736749014
69 0.1301675878235877 0.17699289790332123 -0.9842121286042885
70 0.004445157617981346 -0.9991251885279693 -0.0418193453912156
71 0.04732254562198634 -0.6551525659981602 -0.7554966017567692
72 0.020968875367221737 0.9106683319829206 -0.4131382203614731
73 0.07212557347185902 -0.8661967920328745 0.4997030292803489
74 0.11655285097429405 -0.9957502192439943 -0.09209506433863499
75 0.00010091027515366787 -0.6953129829808327 0.7187070722473073
76 0.09037077464040869 0.8143706908329729 -0.5803450507346699
77 0.0732877673289377 0.1287007341114389 0.9916834782526008
78 0.07729921451309585 0.6686645515598194 0.7435641986320385
79 0.02144871098478641 0.15472647167465445 -0.987957346732698
80 2.939233929315007e-05 0.9954785160735499 -0.09498696771664637
81 0.006538084507808977 -0.9982715162624396 -0.05877056932759714
82 0.0905002226417929 0.5559560980007447 -0.8312116560153535
83 0.0147831709357356 0.8134252027101384 -0.5816695278213998
84 0.13615432680148937 -0.6388789793254237 -0.7693072531674876
85 9.896599141825347e-06 -0.7301720802787968 0.6832632971127122
86 0.09331112715902214 0.07052681733679453 0.997509883678524
87 0.06926080505093685 -0.25780604429088594 -0.9661966898758688
88 0.0016763048343318644 0.7866696422006497 0.61737417668696
89 0.037242100586007784 -0.9993451021127521 -0.0361851749098049
90 5.5287854705933274e-05 0.6242721640723138 0.7812069285179633
91 0.013432724852966696 -0.386636546537123 -0.9222321729813199
92 0.0604557363600429 -0.9252242666270294 -0.3794206853144351
93 0.05151170561762109 0.9970762628316462 -0.07641286604805562
94 0.07301678428037582 -0.7760205417518842 0.6307076333604281
95 0.04739847676439243 0.7436193572388299 -0.6686032093399713
96 0.010905123180215717 -0.7886139933767603 0.6148885829565865
97 0.06447577867822334 0.8937112757411051 0.44864256999665825
98 1.3001866640903966e-05 0.6756165253688089 -0.7372532201683337
99 0.09042945928861965 -0.46769393013189087 0.8838904840068061
100 0.057481159779848315 -0.04782729107549829 -0.9988556203117543
101 0.05198471988198791 -0.6985047798924278 0.715605388791498
102 0.017096323937078405 -0.8173756244958621 0.5761051019388731
103 0.057265949155094226 -0.62983051274001 0.7767325956992253
104 0.04530545176499702 0.5043597037328189 -0.8634936532775114
105 0.125152611319614 -0.9970263420185798 0.07706149051926024
106 1.953704537251586e-05 0.9367920317326862 -0.34988668062980877
107 0.03993944918001421 0.9938385179952062 -0.11083771988403705
108 0.00018513388153439786 0.7453500203024152 -0.6666733437262881
109 0.022351335936428428 0.5513401085297012 0.8342805791377726
110 0.029206668518212794 -0.1459368705032685 0.9892939046753054
111 0.004716738526324918 0.17537490212062082 0.9845017235668928
112 0.027038233876332213 -0.8437051903071656 0.5368068105461679
113 0.106990297616707 -0.9925677081109097 0.12169365150021598
114 0.0149130701539357 0.8148403585514535 0.5796854233769715
115 0.030585430502627794 0.939820871394245 0.3416675719054445
116 4.422171716741872e-05 -0.061420579002604725 -0.998111973916246
117 0.09626211799704994 0.1554917674454575 -0.9878371881320767
118 0.10063335147423746 0.6379140130306329 0.7701075976635691
119 0.022345184300374844 -0.8252514889438239 -0.5647654203259984
120 3.8822452998038964e-05 -0.5821533742203022 0.8130789930160025
121 0.0016363965982570392 -0.01809708935770894 0.9998362342687822
122 0.09675553690451955 0.07164076347019496 0.9974304993378774
123 0.008908459856252323 0.8255053298897566 0.5643943216613754
124 0.04596668762122212 -0.63981380126486 -0.7685299601908896
125 0.004021607880257479 -0.4126125875222305 -0.9109066102615623
126 0.003979148690914138 -0.990902008595939 -0.13458532371894627
127 0.024610162672893305 0.9622300271451699 -0.27223771755619325
128 0.08742332268980889 -0.7381738505256485 0.6746105294168907
129 0.023128737596020785 -0.5918887546205898 0.8060196661085183
130 0.08908987997818014 0.7429982313968239 -0.6692933797231165
131 0.047032680581508945 0.26990764960675573 0.9628862137780128
132 0.03058548533522985 0.9397880114828948 0.34175794573502816
133 0.08272209673271043 0.9911066252874525 -0.13307012178290503
134 0.12120612271276765 -0.9645387240757097 -0.26394137560905806
135 0.012901508423177204 -0.32744678012418776 -0.944869623909194
136 0.04435056693207604 0.4878394050181671 -0.8729333966068206
137 0.02754867076004225 -0.9022136474793266 -0.43128938579803855
138 0.06780123563625938 0.9983843170015856 0.05682213974567891
139 0.00010198985718348127 0.917040295275935 -0.39879455467724967
140 0.027830716818283665 0.8322141121117335 0.5544543909124349
141 0.018992412610304814 0.862058265259057 0.5068091823344811
142 0.12426239837942213 -0.6204169372522887 0.7842721619249848
143 0.0016773473124571602 0.7914177286644728 0.6112756978283751
144 0.11109551909238617 -0.6897376866943914 0.7240593370390783
145 0.10074788701978868 -0.794798199232631 -0.6068738110155744
146 0.1551157856266025 0.88060662457476 0.47384804817055814
147 0.12321803603872553 0.30976472459771115 -0.950813238966993
148 0.059446315808521694 -0.2480305741927097 0.9687522047797541
149 0.16194614722538006 -0.7030731253561168 -0.7111175573714814
150 0.01575046442588138 0.3155370711418334 0.9489132503739388
151 0.08088926914587821 0.46082443366822484 -0.8874913190191551
152 0.10360639710587788 -0.29366309783958305 -0.9559089836209614
153 0.00018374407839454737 -0.8172351377313125 0.5763043724086108
154 0.048598988705188646 -0.9448448125065443 -0.327518366323895
155 0.03301992300770649 -0.026873249280981493 0.9996388490215264
156 0.01777636690060021 0.7925500056428579 0.6098069272774013
157 0.015206584117699614 -0.7037540073023196 0.7104437326107723
158 0.025188807276138675 -0.4563343538979902 0.8898083824355129
159 0.04325670308073363 0.8894852784826452 -0.4569638271927562
160 0.023684101092952565 0.4907939686958196 -0.8712756626302647
161 0.07095996791184297 0.9181298645494802 -0.3962796384150378
162 0.07495449734989332 -0.09703255882256699 -0.9952812077640897
163 0.04420046136578594 -0.9993215086608881 0.03683099683319096
164 0.19739693828103572 0.3430200367890252 -0.9393280866455851
165 2.9416814316648635e-06 -0.3241355445917978 0.9460106493756709
166 0.001636422842094067 0.017684489011392465 -0.9998436171964123
167 1.3910956118698216e-05 -0.7947460144875937 -0.6069421491839939
168 5.519990309009833e-05 -0.9894065468708154 -0.1451712265194761
169 0.08828842108419654 0.8140601293206349 0.5807806004426036
170 0.09605090271148957 -0.8605165093996534 -0.5094225525540031
171 0.057205705015103 0.7953318456966423 0.6061742779273733
172 0.016942827771726114 0.5735713908699636 -0.8191555771497229
173 0.052662068419043154 -0.3621628481665057 -0.9321148381009309
174 0.005057038340618314 0.840271555279548 0.542165761910589
175 3.95025209906432e-05 0.5914707145326494 0.8063264809307934
176 0.0016444521414060655 -0.1357591087880863 0.9907418757582949
177 0.0821171558413799 -0.7872832676400848 0.6165914826641304
178 3.7585035112128562e-06 0.8483613100390248 -0.5294176873026342
179 0.11293632617490856 0.9891042588613508 -0.14721672833729882
180 0.0026654535319259784 0.8287614513586372 -0.5596020521244763
181 4.97390099606318e-05 0.5606627788526232 0.8280442309498053
182 0.05353298949328461 -0.21769566404406096 0.9760166995786574
183 0.11979570562478759 0.7237243850974132 -0.6900891351234065
184 0.007170809368441258 0.9491614263193171 0.314789750130908
185 0.13706204772164154 0.9715227791422314 -0.23694617449487335
186 0.03816911235585604 0.9152985544549991 0.4027760621146557
187 0.055057258520273156 -0.36060793736372065 -0.9327174896560495
188 0.04403332907809477 0.6082733519668594 0.7937276165580993
189 0.05573137025774432 -0.8753755891845819 0.48344345880334966
190 0.10970991975872581 0.03808132148585862 0.999274643405851
191 0.03302316662856993 0.02512108592328096 -0.9996844157243
192 0.006792271801972478 0.41532720585024996 0.9096720904153452
193 0.05988834730975763 -0.7075247979672852 0.7066885171427029
194 0.03245640571624998 0.9544776837599135 -0.2982823347171446
195 0.06118401620839891 0.393945817270766 0.9191336644116939
196 0.04614532513443238 -0.8503234926534813 -0.5262603517666755
197 0.06903812094797435 0.18426905386039194 -0.9828758394575563
198 0.06790927819598934 -0.339930691315986 0.9404504905104978
199 0.085160163109127 0.8941741046513394 -0.44771941053630393
200 0.0677015301149087 -0.3915054704560039 0.920175780274086
201 0.12573479400093662 -0.05785810762209926 -0.9983248165714351
202 0.11362572086938892 0.999990049298282 -0.004461087806756997
203 0.08121674358448386 0.29857908386789356 -0.9543848965048689
204 0.002813967066941011 0.8372647744650805 0.5467976750498651
205 0.019076692841284243 -0.8811398726144405 -0.47285571254771536
206 0.1173604440417969 -0.7947717931619843 0.6069083924235057
207 0.10550391072334156 0.9226467427028239 0.3856461955988533
208 0.04552028651883593 -0.049153491088398754 -0.9987912366024357
209 0.09836055050277817 -0.9972808867741941 -0.07369418481045147
210 0.04757553578013783 -0.9842062575695788 0.17702554211436217
211 0.10993847012149065 -0.6036026575361845 0.7972852888491394
212 0.050041106462112475 0.6380136716606946 0.7700250351605715
213 0.0001289187897724211 0.9995432866098389 0.030219500214287855
214 0.09094226135672025 -0.1934257970858328 -0.98111490714478
215 0.002909355390907021 -0.12209765667475077 -0.9925180916409205
216 0.029206763399714005 0.1478063449824283 -0.9890163215958245
217 0.11144579579186717 0.9352856205495838 0.35389378066473576
218 0.09454530613709274 -0.7572315811174745 -0.6531464862941005
219 0.1319469238795135 -0.0734357383753158 -0.9972999510324224
220 0.012480514839788324 0.5140236972181411 0.8577759839831102
221 0.0016409632374292868 0.1577659605442396 -0.9874765322242111
222 0.11339101687990497 0.8935830962596982 -0.4488978169683283
223 0.11401825705310742 0.9543197945255583 -0.2987870977413455
224 0.05538932291166795 -0.9714315818945679 -0.23731978783451108
225 0.054682805842112124 -0.9996596272556348 0.02608887952989234
226 0.03408730831041849 -0.9767205230231133 -0.21451578008495334
227 0.07492464799973891 -0.7032783714507372 0.7109145745092014
228 0.012989977332284661 -0.7564280117771706 -0.6540769549516606
229 0.07364004095609068 0.35274226493997113 -0.935720521590191
230 0.11227862971941376 0.10933245212510674 0.9940052388756868
231 0.0001353733824727472 -0.7884284639657458 -0.6151264562743295
232 0.07180384310041679 -0.9776440229227739 -0.2102668886043993
233 0.01903086625503355 0.9445056277544314 -0.32849523457762303
234 0.03140316103669093 -0.987477033903248 0.15776282044145715
235 0.08079738072790502 0.4826560537731749 -0.875809987243869
236 0.016458530279640032 -0.0049448279238970124 -0.9999877742636673
237 0.028045637293683964 -0.6144513503504744 -0.7889547122949951
238 0.050040510968423865 0.6381656715773737 0.7698990684630028
239 0.07206788610833803 0.6332258414484265 -0.7739670753474802
240 0.07771214608291936 -0.9949401161201662 -0.10046972347324395
241 0.07816689603318606 -0.9548988585781878 -0.29693125447832874
242 1.4351815273060208e-05 -0.9851297805976944 -0.17181186041580018
243 0.12362660655767821 0.6460417603550952 -0.763302065945907
244 0.1389836366380721 0.6128602562355603 -0.7901913099540411
245 0.033761415811293334 -0.8519176186624394 0.5236758262632698
246 0.026063207659643803 -0.8723618162902053 0.4888607792397076
247 0.12829814666579908 -0.14044073845199787 0.9900890863872086
248 0.049624278981380984 -0.8112123290177119 0.5847517056406587
249 0.14761337880896577 -0.29597874792293816 -0.9551945250984062
250 0.08060998162739426 -0.21564146079910146 0.9764726111798679
251 0.01026012422201976 -0.16550444987603347 0.986209043292157
252 2.5833599082019063e-06 0.018526220857132288 -0.9998283748427791
253 0.0858672308272674 -0.734620170073979 0.6784785963613578
254 0.10976494648090679 0.8119044326978856 -0.5837903666261756
255 0.05207741696506374 -0.959541345376334 -0.28156776540182116
256 0.04685044275871073 0.9999003903610423 0.014114154449885731
257 0.004278845835063871 0.6443695557667154 0.7647142444083318
258 0.05000851108301304 -0.39340043791026136 -0.9193672255698561
259 0.03688732540997392 0.8046583968664678 -0.5937380435446983
260 0.04758297575195459 -0.8899751930071814 -0.4560089427103708
261 0.00014006971942414546 0.9393610185608728 0.34292984239969465
262 0.062321064947818236 -0.15981432860912562 -0.9871470915578967
263 0.03311669268604472 -0.9298056527506733 0.36805087707122014
264 0.040776094230065334 0.055136155531715976 0.9984788452206599
265 0.10894766528715208 0.4745235554535915 0.8802428047531444
266 0.10049747882294033 0.9034254971021959 0.42874511214199307
267 6.848710811511556e-05 -0.6750847045816111 0.7377402263940599
268 0.019645542528984258 -0.07942321262980365 0.9968409869661063
269 0.009370929546275546 0.45308644750438914 -0.8914665843921759
270 0.056141345463576034 -0.8332852401731032 -0.5528432947134782
271 0.07730842808655675 -0.2911660176644752 0.9566725407146431
272 0.04966435233235177 -0.2083231790339073 -0.9780600457421859
273 0.009378977731360417 0.45023345581761287 -0.8929108775586339
274 0.028417756361634877 -0.9999669383178258 -0.00813156019921614
275 0.08964485799792875 -0.682856338233744 0.7305526821071856
276 0.003151803831523095 -0.6670857122590574 0.7449809745891677
277 3.155327073695295e-05 -0.7348511360665413 0.6782284333627673
278 0.07736746972557165 0.918459181022037 -0.39551578071719073
279 0.06602982460755248 -0.4865944782776853 -0.8736279606958944
280 0.0867209774688587 -0.5971629472860922 -0.8021199501250345
281 0.0568913028489119 0.9801523868620793 -0.1982455510940131
282 0.0851152981835083 -0.09873225160363899 0.9951140349192528
283 0.08078002195319398 0.6393802762752295 -0.7688906699331259
284 0.08851441953021084 -0.9064433800041447 -0.42232735981305036
285 0.03196148901642638 -0.9992073053776924 -0.03980905524941419
286 0.08013465232582308 0.5791091709354892 -0.8152500034580866
287 0.07082385650739081 -0.9799734598245468 0.19912814476991303
288 0.016943043785881746 -0.8712320114710835 -0.4908714517957322
289 3.67127445565928e-05 0.9707469337774984 0.24010495738652538
290 0.031787202590587746 -0.8763043838759009 0.48175785079215644
291 0.06666575359202084 0.9972106310378863 0.07463884608580523
292 0.045518441660353945 -0.20591000945181426 0.978570931515725
293 0.09770948835348385 0.4903547896450672 0.87152290863301
294 0.022850023633321018 -0.21150491185967601 -0.977376934585235
295 0.04255344059460159 0.8626955911958605 0.5057235578171387
296 0.03387001644095212 0.451822885868612 0.8921076615551282
297 0.044583737059014625 -0.998449353473041 -0.05566766161126712
298 0.05153361029308084 -0.1875124958009547 0.9822622174951539
299 0.01562779864418678 -0.9154591982698722 0.40241080540050467
