0 0.09627296516042157 -0.7749327766921001 -0.6320436627387951
1 0.004659552211315213 0.27845249619345586 0.9604500025319556
2 5.8025662574138466e-05 0.5643766201427913 0.8255174320607648
3 2.1342875643770576e-05 -0.5703343381146261 -0.821412650722736
4 0.08419577576222094 0.05507036629323449 0.9984824759385259
5 0.1369011518410973 0.37399925637040143 0.9274290033390086
6 0.004654175917971612 0.2724874444869916 0.9621593384658015
7 0.07610144671978925 -0.5894124212596964 -0.8078322831286097
8 0.03725298877377253 -0.3906939221990229 -0.9205206456982613
9 6.758010641691786e-07 0.998390991191539 0.05670475030873773
10 0.07730555334646178 -0.7602992962965169 -0.6495729212729092
11 2.1000841594927993e-05 0.993374359076933 -0.11492337764133417
12 0.010373624817908855 0.8355810250682948 0.5493672274042362
13 0.019766051737664235 0.996122923603779 -0.0879722744451904
14 0.1095904389343855 -0.5980458614299672 -0.8014618815804583
15 0.011435467210860424 -0.8633888921950867 -0.5045390181483894
16 0.0022320234862495568 0.43232752898120164 -0.9017166448973915
17 0.059878992100499316 -0.7081010577350587 0.7061111045965013
18 0.008736126353848404 0.6030419920832696 -0.7977094432086421
19 0.10752091349564483 0.7088649960259426 0.7053441836501811
20 0.041246484687136015 -0.9999783544775843 0.0065795574549323286
21 0.06937635462719147 0.45157176140313643 0.892234803346781
22 0.03312773392792984 0.19925026525952644 0.9799486373244306
23 0.06104973025969042 -0.02279417110507461 0.9997401791283737
24 0.11001245127880362 -0.007530080809761862 -0.9999716485395965
25 0.026058120381368444 -0.871275384130305 0.49079446309895297
26 0.013432123108202848 0.3868912512812941 0.9221253492242768
27 0.004277537811389619 0.6499872284889978 0.7599451314412057
28 0.00015643258703890902 0.9778450260899296 0.20933013388230792
29 0.00397884932005134 0.9909885931981097 0.13394628830703562
30 0.057514159539106484 -0.9876421284364596 0.1567259587225418
31 0.025328244534576827 0.6438949868514058 0.7651138777382279
32 0.02242145725423064 -0.07927769830312932 0.9968525701184494
33 0.023356587333491212 0.8833610790519965 0.4686930808280538
34 0.09982926686928784 -0.17699488874514488 -0.9842117705850169
35 0.013545948046613002 0.551249200347832 0.834340649324888
36 0.014780321982859293 -0.8112468158880781 0.5847038598397095
37 0.14611061686435337 -0.553242827042082 -0.8330200323680607
38 2.359809156696864e-05 -0.17103882286099448 -0.9852642899620007
39 0.004440212531571525 0.9993289108907359 0.03662960357327812
40 0.08001470167127529 0.843892619229629 -0.5365121128266875
41 0.006220232137004201 0.9665267523550823 -0.25656585310975677
42 0.06609804477519078 0.29597358625294407 -0.9551961244899244
43 0.004843402055545289 -0.8827017743816351 -0.46993358839682126
44 0.05964103289185144 -0.9769139187652419 -0.21363331978588515
45 0.168681297037021 0.5832056409146636 0.8123245536146968
46 0.05162363782608534 0.48742707836265287 0.8731636978704785
47 0.01037489684884393 0.8359772633679359 0.5487640796661684
48 0.15382870421268272 0.1997491997818071 0.9798470580588216
49 0.10288239275480494 0.9437773498240389 0.3305817810453468
50 0.0028158968509959196 -0.844717065123169 -0.5352131163281593
51 0.04151969606481175 0.9940784233287975 -0.10866502782465094
52 5.794757639725215e-05 -0.745183249470343 0.6668597489043859
53 0.016456000648728465 0.0040864242118959495 0.9999916505337234
54 7.59397456379099e-06 0.6813054686351836 -0.7319992202234868
55 5.796952059686884e-05 -0.9966412572489599 -0.08189141804372795
56 3.10401950649393e-05 -0.744570768988943 -0.6675435341363243
57 0.058563189116373746 -0.9063122391693855 -0.42260871397993494
58 0.0035824514897269968 0.611955120591986 -0.7908924897742095
59 0.011013774590941175 0.8855888286845786 0.46447004909797596
60 0.027807028095165994 -0.9404532899121507 -0.3399229464061116
61 0.01756959031366589 0.05312621317804659 -0.9985878055901548
62 0.013554506833620531 0.5477153508053557 0.8366647443822204
63 0.1388305457883926 -0.34059412528401045 0.9402104242253538
64 0.09555966218016966 0.9641121147846942 0.2654954427582227
65 0.03680360576948705 0.49687570832287836 0.8678217158372092
66 0.12315337073955734 -0.8466453536197417 0.5321575379472723
67 0.03704050734725094 -0.8554877369280196 0.5178230701366785
68 0.04577313425222585 0.9982712191365057 -0.0587756160641006
69 0.12875036317180774 0.18212825680145492 -0.9832747825885007
70 0.004445157617981346 -0.9991251885279693 -0.0418193453912156
71 0.04991743949705417 -0.6561474963491389 -0.7546326676170048
72 0.025236630983300076 0.9107104631782851 -0.4130453392275399
73 0.07226283463728175 -0.8657247500377926 0.5005203863700274
74 0.1179104831228528 -0.9956573326260197 -0.09309390951098506
75 0.00010091027515366787 -0.6953129829808327 0.7187070722473073
76 0.09087337088337687 0.813926488360792 -0.5809678747957323
77 0.07299693260960852 0.128327953476748 0.9917317865010022
78 0.07829346307624563 0.6692159704178096 0.7430679544548732
79 0.02139065257360621 0.15501629460946792 -0.9879119132825308
80 2.939233929315007e-05 0.9954785160735499 -0.09498696771664637
81 0.0032224039260622056 -0.9928604134739142 -0.11928201606448545
82 0.08935412172221528 0.5519616815049347 -0.8338694754877678
83 0.0147831709357356 0.8134252027101384 -0.5816695278213998
84 0.13638556404168342 -0.6415423154478928 -0.7670876465500904
85 9.896599141825347e-06 -0.7301720802787968 0.6832632971127122
86 0.09082948607390437 0.0755866165874124 0.9971392397217489
87 0.06961466558540871 -0.25717425586651055 -0.9663650459942695
88 0.0016763048343318644 0.7866696422006497 0.61737417668696
89 0.034573236566476574 -0.9999436007910297 -0.010620510207604652
90 5.5287854705933274e-05 0.6242721640723138 0.7812069285179633
91 0.013432724852966696 -0.386636546537123 -0.9222321729813199
92 0.05899792311233797 -0.9273710490109823 -0.37414293719950165
93 0.04908974836461053 0.996442872768682 -0.08427099921382313
94 0.07367301491202803 -0.7779284655158989 0.6283528487562373
95 0.045835160563565444 0.7450253612735674 -0.6670361392452363
96 0.010761660653799517 -0.7886656864791611 0.614822279175335
97 0.06389871901833931 0.8932400162830838 0.44958010777902113
98 1.3001866640903966e-05 0.6756165253688089 -0.7372532201683337
99 0.0901617034008746 -0.465030190003748 0.8852948222965489
100 0.057562569591114596 -0.0490649232700754 -0.9987955913521553
101 0.05044029156246208 -0.7013170474902377 0.712849492459366
102 0.01587014930093414 -0.8168622393423011 0.5768328024104395
103 0.05642769200943565 -0.6322946770668753 0.7747279789402832
104 0.04405561087724421 0.5002076195302968 -0.8659055014052248
105 0.1256092630712841 -0.9969332610384541 0.0782564568277495
106 0.005404603952353112 0.38572042513776433 0.922615712868333
107 0.03879498659174572 0.9934892923965306 -0.11392552783920239
108 0.00018513388153439786 0.7453500203024152 -0.6666733437262881
109 0.018384566501903635 0.542838075099375 0.8398373796291787
110 0.029206668518212794 -0.1459368705032685 0.9892939046753054
111 0.0014783603526757464 0.08643832992001807 0.9962572032967381
112 0.02599732678041588 -0.8459205222410457 0.5333089817839527
113 0.1111076640201684 -0.9925964002172472 0.12145940175944624
114 0.010848418717811479 0.8396051055869685 0.5431972631303432
115 0.030585430502627794 0.939820871394245 0.3416675719054445
116 4.422171716741872e-05 -0.061420579002604725 -0.998111973916246
117 0.09908103149980538 0.15594152435858294 -0.9877662886435847
118 0.0996226235061644 0.6401239622773497 0.7682716400586099
119 0.02122477373841423 -0.8255994521726405 -0.5642566300649341
120 3.8822452998038964e-05 -0.5821533742203022 0.8130789930160025
121 0.0016363965982570392 -0.01809708935770894 0.9998362342687822
122 0.09504644476858896 0.06754508311258463 0.99771622305509
123 0.0038104270823565373 0.8731788385929874 0.4873999546916286
124 0.044490834628633284 -0.6383824072358718 -0.7697193658286984
125 0.0029802667649877087 -0.4157946028530693 -0.9094585467399041
126 0.003979148690914138 -0.990902008595939 -0.13458532371894627
127 0.024586660814451777 0.9631635204423169 -0.268916405020524
128 0.08619830953716542 -0.7333493287201583 0.6798520148280014
129 0.02190770785136889 -0.591332206843978 0.8064280632201677
130 0.08904341265267252 0.7430871894416123 -0.6691946121180037
131 0.049422272220412115 0.26859024166007883 0.9632545261170489
132 0.03058548533522985 0.9397880114828948 0.34175794573502816
133 0.08174195316009347 0.990185814973318 -0.13975711726286452
134 0.12049947149652908 -0.9633600225988739 -0.2682116083585815
135 0.00876306041789035 -0.4274213553493823 -0.9040525344200397
136 0.04301263097983653 0.48926242263788206 -0.8721366187671004
137 0.0231292878062842 -0.8933076843764327 -0.44944563746243626
138 0.06784529165473904 0.9984526511798408 0.0556084827337267
139 0.00010198985718348127 0.917040295275935 -0.39879455467724967
140 0.023279067411555162 0.8461080070283489 0.5330114824677942
141 0.024172505113319986 0.8627502597826391 0.5056302890897545
142 0.12614093897195608 -0.6201415962162637 0.7844898983685797
143 0.0016773473124571602 0.7914177286644728 0.6112756978283751
144 0.10942286722644401 -0.691937998335322 0.7219569283964992
145 0.10132697059323142 -0.7958442952721567 -0.605501327564824
146 0.15661275168479935 0.8797781637927513 0.4753844575850739
147 0.12150247432510751 0.3015386356856937 -0.9534539586098588
148 0.05881204991397792 -0.24548155140372083 0.9694012625948155
149 0.15962435520837934 -0.6998649256444824 -0.7142752171625745
150 0.01566719213382427 0.31929664242270184 0.947654818031117
151 0.08088926914587821 0.46082443366822484 -0.8874913190191551
152 0.10417171320017839 -0.29171723569601754 -0.9565046023924162
153 0.00018374407839454737 -0.8172351377313125 0.5763043724086108
154 0.049096786160285004 -0.9453636374125377 -0.3260177802791375
155 0.03301992300770649 -0.026873249280981493 0.9996388490215264
156 0.021292916680611635 0.7929741045272889 0.6092553401892709
157 0.013945691568065013 -0.70514762008551 0.709060529071913
158 0.023913928020201286 -0.4535531895925117 0.8912292096932524
159 0.04292136873770343 0.8900320910995447 -0.4558978798074978
160 0.019732987871230647 0.4920478650753002 -0.8705681469447634
161 0.07162867094172264 0.9184627133896361 -0.3955075778198783
162 0.07531328910874996 -0.09816505249950015 -0.9951701474962813
163 0.04410302377478686 -0.9992806354944898 0.03792375938285501
164 0.19971272826964184 0.34526574853421904 -0.9385049615687204
165 2.9416814316648635e-06 -0.3241355445917978 0.9460106493756709
166 0.001636422842094067 0.017684489011392465 -0.9998436171964123
167 0.005241069976075099 -0.9823077982909499 -0.18727356838803094
168 5.519990309009833e-05 -0.9894065468708154 -0.1451712265194761
169 0.08720692866261348 0.8142325165171678 0.5805388953774933
170 0.09647448567765546 -0.8581987263323823 -0.5133175879720826
171 0.056734201129153346 0.7949655456664754 0.6066545814573587
172 0.016125599306287142 0.5740143856145761 -0.818845214376637
173 0.04993217537179023 -0.35848222018861525 -0.9335365540827211
174 0.003685597098837327 0.8369706052104893 0.547247846970262
175 3.95025209906432e-05 0.5914707145326494 0.8063264809307934
176 0.0016444521414060655 -0.1357591087880863 0.9907418757582949
177 0.08122676981291971 -0.7921735114566304 0.6102959345649223
178 3.7585035112128562e-06 0.8483613100390248 -0.5294176873026342
179 0.111441470555538 0.9880038293644176 -0.15442937920372204
180 0.00011037961917098356 0.8449149135898126 -0.5349007279799863
181 4.97390099606318e-05 0.5606627788526232 0.8280442309498053
182 0.05390389264292039 -0.2285083320801782 0.9735419570670465
183 0.1211847229608137 0.7236798053692629 -0.6901358846638145
184 0.0040151606710417285 0.9513246282798288 0.3081906092473382
185 0.1380001078811047 0.9716896117650997 -0.23626108098413046
186 0.03511842395419417 0.9115398702971453 0.4112117032121818
187 0.054910957414939655 -0.3605541848186905 -0.9327382697250765
188 0.04338986265990373 0.6058378837655976 0.7955881211999223
189 0.05611686482249931 -0.8759743267335433 0.48235772918417674
190 0.10904681600242341 0.03591696227450474 0.9993547777546129
191 0.03302316662856993 0.02512108592328096 -0.9996844157243
192 0.0063708148279158425 0.41659079653636727 0.9090941140724623
193 0.05988834730975763 -0.7075247979672852 0.7066885171427029
194 0.029615112876558124 0.948455742377073 -0.31690961606103923
195 0.060115198755585644 0.389749157810649 0.920921057412572
196 0.0456677400266484 -0.8497566643558744 -0.527175124017416
197 0.06960865350982001 0.18343461728493485 -0.9830319125956845
198 0.06535009184230978 -0.34966555582866204 0.9368745908962591
199 0.08543228413565769 0.8952209240669797 -0.44562259493057893
200 0.06843026761105464 -0.3917786402903693 0.9200595073212544
201 0.12641949002855118 -0.06242750891882224 -0.9980495008416117
202 0.11509837445874287 0.9999880363508554 -0.004891539140219976
203 0.07987838012778992 0.3052414631974072 -0.9522749860965087
204 0.002813967066941011 0.8372647744650805 0.5467976750498651
205 0.016349604806430423 -0.865370744574106 -0.50113219257523
206 0.11679896831491206 -0.7980337916191622 0.6026127010227577
207 0.10912847783497877 0.9217221587606063 0.387850824479835
208 0.0451896404419634 -0.04536861927104659 -0.9989703140661582
209 0.09980398435001595 -0.9973560601574655 -0.07266972730909446
210 0.04734753266802576 -0.9839482784500099 0.17845387453138112
211 0.11131939437555434 -0.6035707674362961 0.797309430959123
212 0.050041106462112475 0.6380136716606946 0.7700250351605715
213 0.0001289187897724211 0.9995432866098389 0.030219500214287855
214 0.09158106456522434 -0.18997054814376915 -0.9817897895364139
215 0.008235328329764114 -0.12348838764796126 -0.9923460173327179
216 0.029206763399714005 0.1478063449824283 -0.9890163215958245
217 0.11269836042665266 0.9344700295506724 0.35604180073632574
218 0.09518533439769537 -0.7570203374910254 -0.653391313551821
219 0.13328817758420342 -0.07091080074145364 -0.9974826606704529
220 0.00875023091103503 0.438706199441664 0.8986305528811331
221 0.0016409632374292868 0.1577659605442396 -0.9874765322242111
222 0.11489898556425987 0.89362923371556 -0.44880596325020133
223 0.115177640334234 0.9551320338179442 -0.2961803470434819
224 0.055161985761481756 -0.9712525904669782 -0.23805126656076475
225 0.05294299025034661 -0.999418587281405 0.03409526941440383
226 0.03693240472272001 -0.978231396150093 -0.2075170729994037
227 0.07341776271243898 -0.6922061538050365 0.7216998272373619
228 0.010271851124902824 -0.7141975062425657 -0.6999442278331184
229 0.07182335756136818 0.3464838437421922 -0.9380559397102265
230 0.11000746279316276 0.10700970962955775 0.9942579756003961
231 0.0001353733824727472 -0.7884284639657458 -0.6151264562743295
232 0.07162204770255647 -0.977560920995218 -0.2106529034762662
233 0.021108225958607497 0.9440237772337126 -0.32987741362117207
234 0.02821189033888381 -0.9858271902990038 0.16776397368675985
235 0.08108464004216168 0.4814959457681943 -0.8764483180477854
236 0.016458530279640032 -0.0049448279238970124 -0.9999877742636673
237 0.025188782920305165 -0.6317490445633238 -0.7751729772723811
238 0.050040510968423865 0.6381656715773737 0.7698990684630028
239 0.07119427223891536 0.6315390603201585 -0.7753440625231686
240 0.07993455928526547 -0.9952056501028558 -0.09780446821772666
241 0.07912828761562095 -0.9541846008409138 -0.2992185614531057
242 1.4351815273060208e-05 -0.9851297805976944 -0.17181186041580018
243 0.12814043657342905 0.6268519631771573 -0.7791383806878877
244 0.13894915313823328 0.6116748432332673 -0.7911092757360123
245 0.03335101532407547 -0.8502495272713886 0.5263798451449108
246 0.026063207659643803 -0.8723618162902053 0.4888607792397076
247 0.13048006164331769 -0.14099278960254422 0.9900106228117417
248 0.04907381037646481 -0.8070165501919458 0.590528820394306
249 0.14755291281201124 -0.2953954015475777 -0.9553750869394414
250 0.08043504255538474 -0.22189793871020608 0.9750698973900085
251 0.009571145242583123 -0.164885550641013 0.9863127065945211
252 2.5833599082019063e-06 0.018526220857132288 -0.9998283748427791
253 0.08647254177764292 -0.7373302497940251 0.675532458686243
254 0.11520209548877336 0.8114746166217107 -0.5843876680583254
255 0.05162820758061614 -0.9586441171940584 -0.28460754833493873
256 0.046230877032184536 0.9997372658890054 0.022921587920039507
257 0.004278845835063871 0.6443695557667154 0.7647142444083318
258 0.0475665320216711 -0.3865638387182711 -0.9222626516320579
259 0.03582481658985911 0.8051102620752424 -0.5931251688312802
260 0.05304944302560035 -0.8883356359797192 -0.45919472759223606
261 0.00014006971942414546 0.9393610185608728 0.34292984239969465
262 0.06055096367896105 -0.15005549563408108 -0.9886775754663449
263 0.031688597694211645 -0.9296340825641043 0.36848401937559816
264 0.04042607861828336 0.056228096816517074 0.9984179491217055
265 0.10807689075741372 0.48011023833996525 0.8772081617501867
266 0.10095190723822459 0.9034544334980504 0.42868413382433074
267 6.848710811511556e-05 -0.6750847045816111 0.7377402263940599
268 0.017573120892360856 -0.0543026764488384 0.9985245211463225
269 0.009370929546275546 0.45308644750438914 -0.8914665843921759
270 0.05384292110368045 -0.8252962653276504 -0.5646999862194371
271 0.07725155899258769 -0.29286493562640015 0.9561538210353732
272 0.048482142199347426 -0.2064219480267553 -0.9784630700097166
273 0.009378977731360417 0.45023345581761287 -0.8929108775586339
274 0.028070509027604336 -0.9999663730403483 -0.008200779751397408
275 0.09053983885189676 -0.6828239553962971 0.7305829493883331
276 0.001010214959008573 -0.6387630579150233 0.7694035065185553
277 3.155327073695295e-05 -0.7348511360665413 0.6782284333627673
278 0.07631251688101567 0.9201375234328385 -0.3915953753185584
279 0.06602982460755248 -0.4865944782776853 -0.8736279606958944
280 0.08575888378621194 -0.5955957133058971 -0.8032843495871431
281 0.05548178409920993 0.9812331224283781 -0.1928252043936569
282 0.08628345368767573 -0.09953980560272804 0.995033580890902
283 0.08094573669453833 0.6385052001953337 -0.7696175084569716
284 0.08936584602937475 -0.9069969638898154 -0.4211371599546362
285 0.03102968750436624 -0.9992253889112274 -0.03935253683317476
286 0.07913368064768363 0.573082133085477 -0.8194979369944745
287 0.07082385650739081 -0.9799734598245468 0.19912814476991303
288 0.015996000398191587 -0.8730710232972066 -0.48759305601984176
289 3.67127445565928e-05 0.9707469337774984 0.24010495738652538
290 0.03130260372740826 -0.876602380503409 0.4812154055054312
291 0.06628201217021425 0.9971868487272117 0.07495591187820316
292 0.04494601786914458 -0.20710654875704954 0.9783183926830487
293 0.09756321469054655 0.4905803834929372 0.8713959417692526
294 0.021569273783327302 -0.2092863064880414 -0.9778544073207389
295 0.04234351178541188 0.8621162798873574 0.5067104892867166
296 0.03372620542915593 0.45366754287681355 0.891171005217357
297 0.0439460564039795 -0.998608443196439 -0.05273686733950411
298 0.048810860470319586 -0.18499106469006663 0.9827402026908412
299 0.010634917602125496 -0.8973770164502268 0.4412646488751273
