0 0.016984152129265875 -0.8689602708268033 -0.4948818522886132
1 0.045817265283261535 0.6514076806931963 0.7587279048077188
2 0.05585175116519503 0.7125312045104417 0.7016404225804689
3 0.011117141581759304 -0.5606655862322381 -0.8280423300863675
4 0.14180332405685792 -0.2081739464647732 0.9780918198274033
5 0.12645538213692326 0.1841690439020756 0.9828945840059327
6 0.015062169638448263 0.25819007079622674 0.9660941399999482
7 0.11031432796299893 -0.39478450855465663 -0.9187737435327907
8 0.03453803033170193 -0.5544046134757925 -0.8322472736853855
9 0.10864974275780544 0.9736719166415023 -0.22795393996082505
10 0.04220066562635738 -0.6566554396390465 -0.7541907143371964
11 0.10994851351090774 0.9908772593932131 -0.13476741749174798
12 0.08410595261830582 0.769947178138831 0.6381076264048654
13 0.023456967836810387 0.9903407785956879 -0.1386547592060462
14 0.06711347707038914 -0.9634362262173218 0.26793775025577377
15 0.07339541603624553 -0.9259510341158663 -0.3776435917896102
16 0.08059379128722997 0.42429661898622406 -0.9055232626039261
17 0.07247984447734016 -0.8209632085857145 0.5709810943881143
18 0.10417041082030304 0.11145170340700415 -0.9937698515288523
19 0.16576460850062252 0.7094254805217554 0.7047804534651032
20 0.025467609483284723 -0.9809393136787914 0.19431434038531925
21 0.15379686106951485 0.5706911068148044 0.8211648193891976
22 0.11717443374440406 -0.05052710951699939 0.9987226898413079
23 0.10870367955029128 0.9649951722941548 -0.262267644685681
24 0.046540131706390875 -0.9601472928582445 -0.2794945008707405
25 0.07376761568210329 -0.6965496641374621 0.7175085821019764
26 0.06086028714564208 -0.09609271380227427 0.995372387779626
27 0.07363544992711879 0.6612855937670091 0.7501342303056262
28 0.022861385487070403 0.9881133107065156 0.15372730793391526
29 0.05800271799807413 0.9910847830775699 0.1332327015116269
30 0.04084748633564391 0.16616798689161458 0.9860974597535419
31 0.06403038617985458 0.36725439962629813 -0.9301205330252242
32 0.03796627520920832 0.9764378486239591 0.21579881319093092
33 0.04365038073817387 0.9999809238762767 -0.0061767211000832494
34 0.054110683453134405 -0.17683864335453456 -0.984239856039435
35 0.031827856706488404 0.7235223825020314 0.6903009213513945
36 0.05910529192476151 -0.7858511973047619 0.61841563344944
37 0.09834923977524482 -0.6006562693104955 -0.7995073771629612
38 0.04853306503173265 -0.3739557362691897 -0.927446552266689
39 0.026668881692254783 0.9991709069807798 -0.0407123893084888
40 0.024487254438791024 0.808531431902071 -0.5884529918577921
41 0.11534844524452283 0.9450533121079807 -0.32691625422076453
42 0.028889254735538 0.36123689577313484 -0.9324740774585583
43 0.10029170510135683 -0.8310583881640029 -0.5561851809085258
44 0.036498175906945825 -0.9458292897657505 -0.3246643722696037
45 0.15544608474486213 0.5705749957283123 0.8212455018139438
46 0.02474375962897544 0.38913420131509574 0.9211810752326942
47 0.03603438965334345 0.9160747049095833 0.40100764958392
48 0.04516977150038519 0.20290817867462754 0.9791977691084398
49 0.09170503605115136 0.8830896052829382 0.46920437875325116
50 0.0413246122932702 -0.9986413536223459 -0.05210994948499488
51 0.047321887567646784 -0.06608893288074555 -0.9978137366015184
52 0.030156796112955908 -0.5198781300274136 0.8542404403440519
53 0.029925916331938297 0.02564094422068522 0.9996712169405858
54 0.04940403427914056 0.5244149349257686 -0.8514628447717504
55 0.05407852160008863 -0.9931906641672761 0.11650023438158831
56 0.013175891211644811 -0.5208229258532827 -0.8536647350720457
57 0.049652482071670376 -0.9320482189749835 -0.36233426211933273
58 0.07712708061987741 0.27224054753702465 -0.9622292264719156
59 0.03604746715658807 0.8937086089499665 0.4486478822960339
60 0.0809589457851119 -0.9570078305896683 -0.2900620833374413
61 0.06567980872291844 0.011019711055084662 -0.9999392811407413
62 0.023102267422856138 0.30790951052293614 0.9514156469858618
63 0.10246361473870931 -0.5212004561984477 0.8534342883072662
64 0.027469658280770803 0.9934006319583176 0.11469605235061585
65 0.03246158372312871 0.5432445529034641 0.8395745087487563
66 0.10317308703230832 -0.7863483995430447 0.6177832909168814
67 0.06079772820056957 0.3783072927647006 0.9256800701327879
68 0.032446543885339886 0.9982800126532962 -0.05862607216021477
69 0.036367628063658286 -0.12444407897284983 -0.992226622908597
70 0.0525150917416624 -0.9797027437325064 -0.2004558153883264
71 0.06014774608594866 -0.6947979241614504 0.7192050087290407
72 0.030971099431941294 -0.4369665842613639 -0.8994777397128605
73 0.024612032972129695 -0.8882491087727783 0.4593620802421169
74 0.029096323576744174 -0.9974945502591978 0.07074335448083316
75 0.02604926792884124 -0.6636491232805594 0.7480440101818508
76 0.04903145880639323 0.9131729503357143 -0.4075722792035383
77 0.07862314040200909 -0.03238163667102956 0.9994755772936652
78 0.05460717633326667 0.9237538925495634 -0.3829866133424636
79 0.057962268426977534 0.41206847086181697 -0.911152882518408
80 0.046011233245091335 0.9561044777303253 0.2930259846225621
81 0.025252368124531775 -0.9897696395353395 -0.14267466717705762
82 0.046263245125386536 0.6661777032649605 -0.745793046141235
83 0.0631049955101825 0.9351167735701568 -0.3543396954727768
84 0.0896274252593776 -0.7859956834966015 -0.6182319835827892
85 0.05639746930570999 -0.6887642947993283 0.7249853420653303
86 0.07077809159675752 0.36411303045820187 0.9313547664829683
87 0.04096162029924339 -0.35987164595407417 -0.9330018212406155
88 0.08677317010000832 0.9960280451264261 0.0890400658222479
89 0.06293721007180678 -0.9991288320812604 0.0417322046378655
90 0.05600651466525305 0.6154413530267286 0.7881826824947562
91 0.0670022983958007 -0.11816659814437858 -0.992993784010245
92 0.04503511584217805 -0.8507186628749611 -0.5256213053484784
93 0.023701152481892734 0.998525683183481 -0.054281304543669744
94 0.02660732351409976 -0.721546054191336 0.692366443208301
95 0.054788481692463864 0.7040929101294434 -0.7101078607545839
96 0.023087460378618547 -0.7307663348106294 0.6826276905513277
97 0.04366879850185007 0.8684541493545165 0.49576949328183073
98 0.10685404230657614 0.7292638236749974 -0.6842326179589235
99 0.11331979090435298 -0.7291498331274713 0.6843540902560462
100 0.051768673083747364 0.07420073258367003 -0.9972433260162972
101 0.06917005579057066 -0.3927611918309968 0.9196404983424202
102 0.10063854644384779 -0.7982619111564744 0.6023104857104956
103 0.11235726110353222 -0.03747146792878759 0.9992976979315332
104 0.031024403974816674 0.5129092854399404 -0.8584428140007287
105 0.06097699703358548 -0.9924113463985597 0.12296226876321831
106 0.14127610170581167 0.9861325071913065 -0.16595986942808727
107 0.06346005814506803 0.999050713488062 0.04356227587023391
108 0.023980709597414187 0.5836298981476001 -0.8120197916234689
109 0.028247644819959002 0.44939381483511237 0.8933337557642971
110 0.08966546923821182 -0.22952784306504764 0.9733020955787093
111 0.06683704987433318 0.28121559939475876 0.9596446147699921
112 0.1204033635892347 -0.3110674466933813 0.950387838520496
113 0.01681923953755157 0.17525389943305794 0.9845232707932848
114 0.10168965424628372 0.9299523014096074 0.3676801831795872
115 0.1200539724750999 0.8914265675944612 0.4531651736251998
116 0.08934966674927085 0.01615954789278115 -0.9998694259811632
117 0.08294172912776637 -0.9974310183319649 -0.07163353732198018
118 0.0928742070380889 0.5162569674704557 0.85643373563762
119 0.12677686535966798 -0.9971166235433436 0.07588437950936845
120 0.03277387728844726 -0.7185362408647342 0.6954895186586041
121 0.043861525289184744 0.011289988545073565 0.9999362660483178
122 0.038645537915228366 -0.1278253251449919 0.9917966960277581
123 0.09766760269253337 0.752293074514612 0.658828604446826
124 0.06599150665544855 -0.6472158061371401 -0.7623068281776386
125 0.027419578873421415 -0.73038045665941 -0.683040546768632
126 0.06389774803564567 -0.9110123842406048 -0.41237899529467864
127 0.017418433560139304 0.9397870962404266 -0.34176046251722453
128 0.01526207799916212 -0.8654283377013111 0.5010327257810067
129 0.07707651861362563 -0.8278088730074956 0.5610102225183246
130 0.124726436819484 0.8193351590168899 -0.5733148325298829
131 0.05893098063790112 0.8233258536440221 -0.567568972655608
132 0.09491402865944149 0.8686514935469165 0.4954236396849783
133 0.0905869937093664 0.9777131435979433 -0.20994525199638947
134 0.07145332461354686 -0.8970017949189993 -0.44202689953451185
135 0.1160611565786619 -0.138575461702696 -0.9903518775737665
136 0.1263058068296563 0.2755959427626457 -0.9612735699751495
137 0.06133708116880482 -0.8626880638488184 -0.5057363982281452
138 0.059841126503175406 0.9894052584701676 0.1451800072722858
139 0.015427700464718872 0.9770545500244495 -0.21298921633857515
140 0.14072065110782137 0.9159743784689833 0.401236760514736
141 0.061440014432430336 0.6845283601186214 -0.7289862304552199
142 0.027946248638165937 -0.699127912523339 0.7149966167267916
143 0.061473017680091675 0.8841147883666561 0.4672697732481557
144 0.0734376040434645 -0.7047659949963858 0.7094398440296078
145 0.0547020634822614 -0.6790055283857999 -0.7341331571462502
146 0.1074731901788159 0.866751272019422 0.4987406464814291
147 0.12217130517518189 0.3470557643067269 -0.9378444948185566
148 0.1420609665040487 -0.7585567496181792 0.6516069809392031
149 0.180380881808811 -0.9004105607977522 -0.43504117276859827
150 0.0219772270791034 0.4110132816215196 0.9116293557859517
151 0.05489830910161634 -0.96642088465727 -0.2569643432429089
152 0.05521258008518426 -0.3280395636469689 -0.94466398506681
153 0.022685349946779416 -0.8917146021316605 0.4525981311772889
154 0.053723675222915074 -0.0648419925294391 0.9978955436341082
155 0.08790679225878237 -0.19421849765131577 0.9809582943071871
156 0.14476816517940141 0.7598638436768412 -0.6500822556205152
157 0.058925169326650526 -0.598454796062776 0.8011565746278696
158 0.05484878523391201 -0.42559583049077204 0.9049133599792137
159 0.05949718795231978 0.8666879259990938 -0.49885071807845405
160 0.02948781847689406 0.441369521925986 -0.8973254399128705
161 0.03730901462625955 0.8392375900852966 -0.5437649008421043
162 0.07130838033749301 0.04881172352356142 -0.9988079973882165
163 0.035201906548363346 -0.9987968873629833 -0.049038533766988655
164 0.10999148930930153 -0.07660338179721989 -0.9970616439805662
165 0.05407622742292872 -0.5188164807432923 0.8548856410708657
166 0.04762122101275404 -0.02910201346307071 -0.9995764467075018
167 0.0903981120109129 -0.2226408510797361 0.9749005341215538
168 0.06860278186453259 -0.9999417252221641 -0.01079565466853045
169 0.1598113462308714 0.7732645636118236 0.6340835234117158
170 0.07402587244589252 -0.7366033872148221 0.6763249588353595
171 0.04053633374217361 0.7520332221144028 -0.6591252027014513
172 0.05858469273451448 0.5998394942620168 -0.8001203541489792
173 0.04629272884993194 -0.5840624704255063 -0.8117087104623522
174 0.11099310692302418 0.7820387509600111 0.6232298067301545
175 0.05017798120975584 0.39244864839118354 0.919773916990438
176 0.013245521364049509 0.18986892830643815 0.9818094469212265
177 0.037108242609465894 0.5903311030629853 0.8071611913096658
178 0.04974402482978186 0.7364718093949479 -0.6764682357409928
179 0.07579264199046307 0.982531344462943 0.18609717125158504
180 0.1831999956789243 0.7507001173263331 -0.6606431213947737
181 0.058199203469449755 0.207786155770116 0.9781742756126216
182 0.059419302398686334 0.8736913476570614 0.48648065637719645
183 0.07138538912943128 -0.9329882903207751 -0.35990672419991965
184 0.10957619418291331 0.8998214486031998 0.4362583645428923
185 0.10462593788697211 0.9710680556532565 -0.2388029130680862
186 0.08261286580112555 0.8834730413419272 0.46848200095846304
187 0.019297310811130328 -0.5447957382684849 -0.8385687828464022
188 0.03181176699297048 0.695307154225467 -0.7187127112295167
189 0.04627750147260584 -0.8960293061361893 0.4439949127468684
190 0.048480533280478404 0.21452337032279417 0.9767188559587398
191 0.06479140868419417 -0.9983214025577938 -0.05791698537596172
192 0.019594106023043185 0.19364848187400968 0.981070978812385
193 0.1060075102034069 -0.575026774185391 0.8181345909872918
194 0.027712633726581393 0.8004660839533148 -0.5993780513502683
195 0.02729532986545873 0.9837403447338461 -0.17959658722518565
196 0.08007252044220448 -0.9174640211208165 -0.3978187652044861
197 0.04046035574566037 0.22699570304196892 -0.9738957597199416
198 0.056229366663537485 -0.05615154294070954 0.9984222574769543
199 0.09357819236966704 0.9761410805153798 -0.2171372628782695
200 0.04330814138640965 0.010081381163055047 0.999949181585667
201 0.1259879245915818 0.022793615962472747 -0.9997401917855235
202 0.02486518071025322 0.9967633562809893 0.0803916138378718
203 0.09287467532376982 0.21751739742098872 -0.976056443971966
204 0.030599675028286158 0.5790665474939661 0.8152802791515432
205 0.08957653768073331 -0.8830736943068703 -0.4692343235774809
206 0.052077667026835424 -0.5516555781032846 0.8340720131664476
207 0.08242147682961858 0.6454683397158277 -0.7637870268762705
208 0.054512821721646315 -0.3615184360887132 -0.9323649609289116
209 0.01537296518964759 -0.9914251575756292 -0.1306757702335777
210 0.04520845407396963 -0.9996652738877265 0.025871609593852575
211 0.046244888804532626 -0.6422698135045812 0.7664786276608047
212 0.14691339464746417 0.5088374130707694 0.8608626412264894
213 0.02664618260111879 0.999051151179993 -0.043552236750030365
214 0.04215391298532896 -0.2507546595039862 -0.9680506705421158
215 0.07440188142700109 -0.9998337933846713 0.018231445527395237
216 0.09269711853201981 0.06959064704877929 -0.9975756321419105
217 0.080955211638896 0.9789556881500191 0.20407292970583496
218 0.05362093694852121 -0.8054431680442021 -0.5926730152882946
219 0.052757905676197155 -0.2624343025394307 -0.964949862350704
220 0.022486093720860162 0.6357053566116797 0.7719317972303105
221 0.04400265119992665 0.4102119171297009 -0.9119902318801312
222 0.016202155585911475 0.9039842869579268 -0.4275656779176372
223 0.07909730208393355 0.6059287449783322 -0.795518922470725
224 0.09088891183329559 -0.9879000649903806 -0.15509178441168858
225 0.017614931420192895 -0.9988608370690941 -0.047718216329077745
226 0.09976325036768703 -0.7137227415500725 0.7004283319471367
227 0.04704776684287296 -0.9029385289523895 0.4297697208195279
228 0.037772764247599275 -0.6587416658239873 -0.752369203056211
229 0.04653637021228322 0.12410613189609383 -0.9922689494415259
230 0.1254236492547178 -0.035525016715105724 0.9993687873790092
231 0.04956964119650599 -0.7850323188219667 -0.6194548073951852
232 0.06688799003977122 -0.9859439755333013 -0.16707626135866502
233 0.04537343963597803 -0.11021901536952755 -0.9939073239749125
234 0.05902018699641646 -0.9317645295607565 -0.3630631645491209
235 0.08896874611747989 0.7804880758801612 -0.6251706674252109
236 0.033947596009971395 -0.02890142577692788 -0.99958226654341
237 0.019708949760361857 -0.6831526455807194 -0.7302756074497243
238 0.12381704499209499 0.5100751932636695 0.8601298141658794
239 0.053418197998744275 0.7084151081069873 -0.7057960290379689
240 0.04564310594755473 -0.37263832334096214 0.9279766591771781
241 0.024703065125568267 -0.9549789060466524 -0.2966737079788821
242 0.06535993138416211 -0.9929088631508677 -0.11887804455176554
243 0.051178597829073594 0.7630859712891628 -0.6462969908808759
244 0.15180521398610777 0.5548819419116329 -0.8319291018712924
245 0.07316299241202068 -0.9741902563803453 0.22572847488431133
246 0.03258214884565095 -0.9526946573426778 0.303929086911269
247 0.01708380813121556 -0.14169205076330701 0.9899107852480892
248 0.030715886199324253 -0.9397110735997717 0.3419694403802255
249 0.1641769738250067 -0.2897302925183229 -0.9571083311711622
250 0.0252244007144674 -0.14870466385980943 0.9888816526492648
251 0.040251263266601556 -0.18593620683482648 0.982561818405273
252 0.038558747100549746 -0.15136921569840803 -0.9884772938913917
253 0.07146588848064704 -0.8453479096180746 0.5342161657085562
254 0.030345166148389117 -0.6894968751487179 -0.7242886573460565
255 0.06983517655521239 -0.9894938528005972 -0.14457494689547712
256 0.07066364370983026 0.5255582420862457 -0.8507576236362594
257 0.023322954197641382 0.2785450213423835 0.9604231729219007
258 0.024963356631468023 -0.5404650752894923 -0.841366449528577
259 0.0877513774114417 0.6485788811845431 -0.7611474462161758
260 0.09911049870164794 -0.872304945414994 0.4889622502857908
261 0.048193827738371366 0.6581920580518399 0.7528500612455866
262 0.046877858295439154 -0.3162676541333801 -0.9486700010799164
263 0.1156139009700743 -0.9996545827568889 0.026281460635785302
264 0.04948197315069359 -0.047331968506141145 0.9988792142983723
265 0.041594166802900116 0.5105886793547905 0.8598250987931969
266 0.07966170258175607 0.893662510921142 0.4487396980144722
267 0.03783419057649897 -0.7369387067981967 0.6759595715888645
268 0.1381938740702158 -0.27590818524642713 0.961183995556534
269 0.03976987051314518 0.6827234762809029 -0.7306768471321089
270 0.13211386336298156 -0.9823083969359101 -0.18727042828274423
271 0.03962261419448227 -0.2539213227121794 0.967224876578398
272 0.1278350630338186 -0.5683438182274546 -0.8227911668720308
273 0.031179608156557313 0.27780145439233844 -0.9606385126245468
274 0.049834811816562255 -0.9931666570826998 -0.11670471823870232
275 0.033054010548073165 -0.6667315305815298 0.7452979713701162
276 0.04264444691459096 -0.7243973999392159 0.689382627400273
277 0.05074896468148739 -0.6320122664150182 0.7749583828186853
278 0.08079046717288048 0.8720584936604787 -0.4894016587983911
279 0.027311461783735353 -0.37403417204322753 -0.927414922321146
280 0.15735513231845624 -0.7764474845863921 -0.6301819607696371
281 0.02808335069082809 0.9321421017088911 -0.3620926707650009
282 0.06682071974999051 -0.2646002259817444 0.9643581909282514
283 0.04808683967164544 0.5851189367580375 -0.8109474889579126
284 0.039736968724732126 -0.8004358597692771 -0.5994184134604293
285 0.06718508952075229 -0.9999606705736326 -0.00886889541774846
286 0.03760158862532891 0.57508208614866 -0.818095712121085
287 0.015619662989452977 -0.9879808916585842 -0.15457605803457689
288 0.051712193395994366 -0.7261978652261927 -0.6874857529730493
289 0.056067188342573133 0.8982170776398363 0.43955213733543874
290 0.04246485099991178 -0.9036388222984699 0.42829531731625814
291 0.03575874285852338 0.9975269798251294 0.07028459661231541
292 0.0335153951599904 -0.1796441899190526 0.9837316529563982
293 0.10522260142774276 0.5804059913227756 0.8143272592985121
294 0.013903971236544108 -0.45037271018315944 -0.8928406475526727
295 0.03199074869235092 0.9255711909695362 0.37857359977583516
296 0.05848075501106784 0.4631586707701133 0.8862753780233669
297 0.05472684900715157 -0.9912379481763102 0.13208834201101405
298 0.06345646133871827 -0.25941947606873594 0.9657647412471748
299 0.08037652438715762 -0.9600164839508495 0.2799434774068657
