0 0.017946380573656207 -0.8669414243938884 -0.498410038692938
1 0.04499990937423799 0.6459629567550884 0.7633687565654124
2 0.05502526457575733 0.7116949158781988 0.7024886808434165
3 0.009917862852253309 -0.5546781381437685 -0.8320649993031568
4 0.14086649365947976 -0.2038962630141206 0.9789924994242175
5 0.1264309520560297 0.18906608189243904 0.9819643662973935
6 0.015689796019818944 0.2555364084898125 0.9667994331484311
7 0.1102779510675174 -0.3986770992722545 -0.9170913643230215
8 0.03483317695405492 -0.551861625522911 -0.8339356967267982
9 0.10698352043985994 0.974601243094372 -0.22394735309644725
10 0.04239279235460351 -0.6568983924703051 -0.7539791124228369
11 0.10889559391524574 0.9908661291861005 -0.13484922703432142
12 0.08305858038813863 0.7686073400631006 0.6397208428690793
13 0.024535848176456276 0.9900979359066725 -0.1403783363391471
14 0.06572807954871815 -0.9620871603529979 0.2727421784101331
15 0.07328256585881153 -0.9238080853264233 -0.38285587560533496
16 0.08006484512099041 0.4250970892476652 -0.9051477584975629
17 0.0723282041769573 -0.8160312113727748 0.5780078391038324
18 0.1031043173663448 0.12328122703408573 -0.9923717746192554
19 0.16476556819679553 0.7114009339311825 0.7027863908769444
20 0.026011173197257063 -0.9819450212460415 0.18916652782696766
21 0.1525718024429381 0.568023418683981 0.8230123910528704
22 0.11587416072344053 -0.04677500929970581 0.9989054502329099
23 0.10680969582880055 0.9659563246902546 -0.25870519668320413
24 0.04607363496790737 -0.9643215128620193 -0.2647338660457069
25 0.07292962780126959 -0.7036078730393843 0.7105884610637817
26 0.059392774042952165 -0.07737819244846793 0.9970018131043734
27 0.072582896019993 0.6638766844868628 0.7478420607285542
28 0.023539645873210422 0.9879370564882288 0.15485597314076785
29 0.057794258459789666 0.9915979582793039 0.12935798829726758
30 0.040450060626870336 0.16431372334947772 0.9864081307040363
31 0.06338881165410673 0.3817720768740561 -0.9242565019080308
32 0.03856701225099534 0.9780335045816878 0.20844774864618143
33 0.04275747900551296 0.9998921278563886 0.014687840236860957
34 0.05487230924314552 -0.17611982670446902 -0.9843687350996007
35 0.03189627019079484 0.7205502501906164 0.6934027234949688
36 0.058365461998477204 -0.7798761850888655 0.6259338111423903
37 0.0980816656589961 -0.5955117175895275 -0.8033466214614777
38 0.04836784715211233 -0.37342279641345266 -0.9276612609777112
39 0.02687478722354852 0.9991800769238544 -0.04048671236888096
40 0.02564956346852226 0.8102021679158579 -0.5861505328023204
41 0.11492490022130897 0.9458687075856972 -0.32454951549827177
42 0.029475998895665337 0.3588501651253521 -0.9333951783620417
43 0.09838684232950491 -0.8351480186198936 -0.5500252603247107
44 0.0374006826976028 -0.9438781583421932 -0.33029384221409497
45 0.15528421121748734 0.5705996810184499 0.82122835071717
46 0.025316053425106576 0.3930160265594525 0.9195316214613937
47 0.03661989455854618 0.9155868519389513 0.40212027623152863
48 0.046063248733653764 0.201523805380743 0.979483616945615
49 0.09177787725875239 0.8862615718286269 0.4631850885983395
50 0.0388698292826872 -0.9982133560343948 -0.059750278949564195
51 0.04748242605134784 -0.07012616045285192 -0.9975381304091292
52 0.030300719940025568 -0.5282090514270984 0.8491143609611634
53 0.02952911876084741 0.022795142316468134 0.9997401569841895
54 0.04833130392998216 0.5450073316030908 -0.8384312783400192
55 0.053622651370773246 -0.9942710192893817 0.10688844746395236
56 0.013917252835557775 -0.524496152047512 -0.8514128179017234
57 0.04985998537878642 -0.9311837783715287 -0.36455009381115766
58 0.07565850223681556 0.2860536885179328 -0.9582135916826089
59 0.03701175047523746 0.8979812072710132 0.4400338070967884
60 0.08025445042256509 -0.9564779865424857 -0.29180449150010096
61 0.06575627780492219 0.017762933950742143 -0.9998422266425147
62 0.02353981300122645 0.309484373712764 0.950904528555637
63 0.10227665420713228 -0.5134691760878459 0.8581080381908031
64 0.02841227307692991 0.9928378327084229 0.11946982021766771
65 0.03284032263075501 0.540843660066116 0.8411231392407937
66 0.10367565745456497 -0.7856595342235444 0.6186591115336808
67 0.06072663628297852 0.38005828200231145 0.9249625410152843
68 0.03268650643633276 0.998343410474282 -0.05753637773252028
69 0.03743018344368204 -0.10980369825497412 -0.9939532925895113
70 0.05238347490369544 -0.9779753292815311 -0.20872051963494365
71 0.0594396470504005 -0.7020873889576884 0.7120907935555518
72 0.031227149612639886 -0.4386886194033904 -0.898639135140434
73 0.025588858918588787 -0.8878821133702981 0.46007103012153794
74 0.030238659885471593 -0.9980665121595143 0.06215494594754529
75 0.025196025638723286 -0.6553468796183625 0.7553280528184264
76 0.049708562100336875 0.9093682430568593 -0.41599206545279327
77 0.07885103176173426 -0.02579133985385231 0.9996673480656169
78 0.05367492197798595 0.9187836239249293 -0.3947615133309909
79 0.05756194913867432 0.4021694817425964 -0.9155652395951319
80 0.04565694031270822 0.9584056978218505 0.28540938734143256
81 0.026219235207635267 -0.9905643919145379 -0.1370481137082222
82 0.04679847018462318 0.6626826902007487 -0.7489002951717262
83 0.06257606059387774 0.9359155174723501 -0.35222456495034965
84 0.08938833044203291 -0.7776587602604929 -0.628686609202163
85 0.05578246638288384 -0.6885456098992175 0.7251930384997601
86 0.07101674688862383 0.34961048201827133 0.9368951440064955
87 0.04143006958120959 -0.3542312192838061 -0.9351578707815639
88 0.0849019115622825 0.994728625066751 0.10254249106010199
89 0.06174195532167953 -0.9995261182952299 0.03078211892755526
90 0.05471874022219913 0.6168242784756457 0.787100889011694
91 0.06671543147270129 -0.12148172107962957 -0.9925936688512229
92 0.04555292057541837 -0.8516327854492372 -0.5241389116903777
93 0.024651429176620908 0.9984982250360983 -0.0547840725006933
94 0.02716881703168902 -0.7209333184661879 0.6930044374499561
95 0.05540306243297791 0.7045522481623017 -0.709652118723989
96 0.02288632982006912 -0.7342872504285534 0.6788388865246857
97 0.04457725367479236 0.8734788565208437 0.48686208233034484
98 0.10651692749373069 0.727982272253606 -0.6855959533752198
99 0.11276916366855162 -0.7270224499403719 0.6866136885343166
100 0.05159484067600557 0.06510947436699613 -0.9978781270013155
101 0.06865259114099087 -0.4041101968902228 0.9147103086602585
102 0.09952389157611352 -0.7990402670072089 0.6012775163774614
103 0.1110539165563176 -0.04933043565329747 0.998782512921735
104 0.03152671205785271 0.5117619442732301 -0.8591272969669183
105 0.06104589745670724 -0.9922615359751724 0.12416539060540048
106 0.1397361822943355 0.9855740809734205 -0.1692445890225078
107 0.063428971943636 0.998775471960061 0.049472786569561555
108 0.021408411775150703 0.5845723672014812 -0.8113415726464758
109 0.02815969912244574 0.4565258217945614 0.8897101629377965
110 0.08854674205011295 -0.22230287029554688 0.9749776581329243
111 0.06636808518499408 0.2884102833762649 0.9575069234438061
112 0.11859051877480001 -0.3181465627499836 0.9480415416058363
113 0.017139774650626983 0.1763846176703672 0.9843213228663079
114 0.10001340043802363 0.927995050416464 0.3725925205939383
115 0.11827627762673261 0.8922115913610462 0.4516176217122063
116 0.08878285187986365 0.01388585390771716 -0.9999035868828822
117 0.08116083580971833 -0.9972524803334922 -0.07407759761694337
118 0.09281889239558586 0.5201971964659201 0.8540461795412453
119 0.12446182530736889 -0.9977189193922054 0.0675052434026419
120 0.030409939561754 -0.7190610565158702 0.694946902289866
121 0.043449239984553065 0.0070375716843678136 0.9999752359857655
122 0.03938031637951934 -0.11485896178820935 0.9933818092238929
123 0.09664531089735924 0.7519910600481194 0.6591733046837573
124 0.06605371629281022 -0.6458783246579054 -0.7634403642309577
125 0.027733028998725994 -0.727072333382929 -0.6865608654948977
126 0.06335914233415414 -0.9090866691191458 -0.4166070427031409
127 0.017849779135285813 0.9394544201667504 -0.34267388641265717
128 0.016152707013605886 -0.8642456061176805 0.5030701067508215
129 0.07624686047785033 -0.8225528432655111 0.5686886846384615
130 0.12375875498779708 0.8172610612511438 -0.5762676095033055
131 0.058208826151099624 0.8279289979352917 -0.5608329291133535
132 0.0942734821513448 0.8717154386829248 0.4900124426602206
133 0.0905120199674008 0.9792354863978235 -0.20272607671243972
134 0.0712128271117608 -0.9018678788330852 -0.432011954845131
135 0.11483367687255891 -0.1400851762049356 -0.9901394565452041
136 0.12527322111420416 0.27910402474853185 -0.9602608725597284
137 0.0621157141000428 -0.8610661688708656 -0.5084929230835469
138 0.06024252091686617 0.9891520433179614 0.14689532055141125
139 0.015366372175973463 0.9773431271414856 -0.21166107773821294
140 0.13930289268065807 0.9144711036873074 0.4046512084757908
141 0.061407564103227695 0.6790916089006398 -0.7340535312364763
142 0.029007293718304936 -0.6938637404229475 0.7201063183490869
143 0.061160682189882964 0.883050471246839 0.46927802551444436
144 0.07410306488008493 -0.7028919893074237 0.7112965987318177
145 0.055464111970491774 -0.681291696066989 -0.7320120387467446
146 0.10767199048245356 0.8672231250294752 0.49791972386531463
147 0.12222397195426915 0.34792802921893057 -0.9375212458839698
148 0.13984462016713048 -0.7534846694387536 0.6574654765999293
149 0.17961069034614235 -0.8975023596026811 -0.44100965353109867
150 0.02257195682187645 0.4102626097588522 0.9119674287132494
151 0.053624108213929385 -0.9658524081176127 -0.25909289016375675
152 0.055703281659127094 -0.324643604210679 -0.945836418333054
153 0.020191573890159083 -0.8922527658657462 0.4515362685376735
154 0.052947932699856114 -0.0736048219784212 0.9972874862252734
155 0.08669520308370417 -0.19514458437685286 0.9807744853881474
156 0.14253015122348464 0.757656022306242 -0.6526540828517687
157 0.05900200605820714 -0.6037516999229069 0.7971724310588019
158 0.05462392684127369 -0.4367569464619079 0.8995795516335785
159 0.05942201212076545 0.8673911317126178 -0.49762699346629496
160 0.030450150931821605 0.44526667202927966 -0.8953980069108765
161 0.03770879840690223 0.8469924340531753 -0.5316049441612423
162 0.07106718950031475 0.04605325052696886 -0.99893898618279
163 0.03576236957415156 -0.9989686939842979 -0.04540427776439427
164 0.11018112525402741 -0.06600186010578266 -0.9978194999410348
165 0.05310535299759729 -0.5130375311432841 0.8583661757306166
166 0.047142460666458816 -0.029666417672700653 -0.9995598549674096
167 0.08868260389375623 -0.21996684702682623 0.9755073481061416
168 0.06813073454385994 -0.9999391370830701 -0.011032775243116869
169 0.15873945953942914 0.7743925110522698 0.6327054913829657
170 0.07274218924254545 -0.7330257156045552 0.6802009263904525
171 0.03964598974249061 0.743930570160524 -0.6682569167473223
172 0.05828477531613208 0.597796750454812 -0.8016477063808436
173 0.0466575249823609 -0.5761300342777452 -0.8173580510419678
174 0.10892150641132714 0.7858506795525246 0.6184162913821362
175 0.048336970884651186 0.3974154000853976 0.9176388177136816
176 0.013972687943284693 0.18931942638196536 0.9819155538000218
177 0.03528874799050468 0.5866962232393873 0.809807101498029
178 0.04933105138436484 0.7419771061897277 -0.6704252187159412
179 0.07631918471443776 0.9837252499339489 0.1796792493372279
180 0.18110604996567994 0.7509444143349236 -0.6603654189758716
181 0.057813536873325286 0.21021056212555658 0.9776561356483462
182 0.05847651518196493 0.8806465499773828 0.4737738426854453
183 0.07091367825376205 -0.9312175950689954 -0.36446370276601836
184 0.10818743729770525 0.9034068853389826 0.4287843275145656
185 0.10470149386162816 0.9706449463118323 -0.24051691873816333
186 0.08266410633200988 0.8875988533351452 0.46061727666049984
187 0.020177990624106183 -0.5378554298645446 -0.8430370908597237
188 0.031507659639705456 0.7054300298685325 -0.7087795658451796
189 0.0464826623796357 -0.8931431713003368 0.44977247087786193
190 0.04918685668942601 0.20780045557515342 0.9781712379040587
191 0.06274658221784025 -0.9985496435756439 -0.05383873433648344
192 0.020159260296366898 0.1977988361412371 0.9802426334439713
193 0.10580898330175428 -0.5775704949496476 0.8163408132413932
194 0.02817800053889388 0.8038089241218436 -0.5948875637480451
195 0.027876241412870338 0.9842187120233405 -0.17695628528853302
196 0.07907892597384375 -0.9163505313866841 -0.4003769519182413
197 0.04108028449542367 0.22022125119684835 -0.9754499477273525
198 0.056669437444245484 -0.059690905289010866 0.998216908204714
199 0.09335115189046511 0.9737810012635875 -0.22748749763027673
200 0.043797038873235904 -0.004241450061463677 0.9999910050102331
201 0.12557920568363878 0.018969607964043022 -0.999820060797787
202 0.025951197572244365 0.9968277064399375 0.07958972090473608
203 0.09272714054516479 0.21398401667532616 -0.9768371617662248
204 0.0289296791447672 0.5853428025301679 0.8107859171977082
205 0.08821921663273688 -0.8852126878477657 -0.4651865188000766
206 0.05303332951562085 -0.5573620113428904 0.8302695877314835
207 0.08078531480289013 0.640752705577627 -0.7677473349318452
208 0.0544905761386887 -0.3527979028035529 -0.9356995456755416
209 0.01635775075051286 -0.991739050573154 -0.12827180348096356
210 0.0455712279446399 -0.9996653872179619 0.025867230202754662
211 0.04686413021492609 -0.6411122859904473 0.7674470905229251
212 0.14507476395128874 0.5106237607886158 0.8598042654686533
213 0.0270852306174439 0.9992595002892399 -0.03847663033191031
214 0.04307934793769761 -0.25365423749475485 -0.9672949538796088
215 0.07370502262463906 -0.9996344895253886 0.027034928357880926
216 0.09184913084655359 0.07482855788786706 -0.9971964134133366
217 0.08055194872387979 0.979271518613176 0.2025519509485014
218 0.054440793370610856 -0.8020394007106875 -0.597271127468624
219 0.053609849167205806 -0.2597602721459295 -0.9656731336299424
220 0.02283931838597681 0.6290342293353652 0.7773776034363629
221 0.04318610707367077 0.40829371394654507 -0.9128506138201019
222 0.01745378722053838 0.9038348312236145 -0.427881523166145
223 0.07821562990081916 0.619795785320077 -0.7847631391059784
224 0.09017287243351885 -0.9881167035323288 -0.15370549827642374
225 0.01808434571365919 -0.9990321097996276 -0.04398685700643682
226 0.09812706844420963 -0.7083176719009424 0.7058938133124761
227 0.047621268530248353 -0.9038991434489663 0.4277456469354483
228 0.03741336430164639 -0.6572975647520016 -0.7536311507435771
229 0.04684105690361852 0.13001770752872538 -0.9915116720084413
230 0.1257945936819164 -0.03091618150555837 0.9995219806092888
231 0.04932247477020602 -0.7845913976136512 -0.6200131763040666
232 0.06724666210161244 -0.9856827219804087 -0.16861071018559967
233 0.04587513822948925 -0.10463141166945263 -0.9945110696679337
234 0.058529675725480984 -0.9376562649992761 -0.34756399224834456
235 0.08826298944062806 0.7726248900602036 -0.6348628034933675
236 0.03369134215171071 -0.028085292793799576 -0.9996055303611953
237 0.020528419300817287 -0.6826460927409056 -0.7307491444165877
238 0.12294282002998108 0.5138303689258644 0.857891806680487
239 0.0538120081290794 0.7059159685953252 -0.7082955917426875
240 0.04466957041539984 -0.3668615652221838 0.9302755462564462
241 0.025348511784928834 -0.955052914007185 -0.2964353748228855
242 0.06337817472633481 -0.9929078633970136 -0.11888639453014536
243 0.052039076591077545 0.7576150088451759 -0.6527016917187546
244 0.15139968297578246 0.5584060564504818 -0.8295677646337406
245 0.07277897118308292 -0.9723685645390107 0.23345101134144577
246 0.033130494220001416 -0.9533875018225151 0.30174868909180674
247 0.018030219349477516 -0.14070260277710614 0.9900519065037691
248 0.0314027601580349 -0.9402071955123477 0.3406030380175815
249 0.16350196410234297 -0.29216333951551554 -0.956368434779788
250 0.025857468078744093 -0.14047210240720248 0.9900846370110489
251 0.040198511914902535 -0.18685897726782444 0.9823867479839203
252 0.038632052467651806 -0.15865539992391767 -0.9873340184937324
253 0.07139489640023194 -0.8398448940571067 0.5428264491770893
254 0.030381755851411903 -0.6892611436504593 -0.7245129921910723
255 0.0697911893277038 -0.989303229534602 -0.14587364406364348
256 0.0693084834328238 0.5166640415800116 -0.8561882200417196
257 0.02423868424802805 0.2790203219686194 0.9602851971828619
258 0.025648118897166186 -0.5340662623101324 -0.8454426222175487
259 0.08726365043201313 0.6536643713219656 -0.7567845728239044
260 0.09725824961333988 -0.8673167807513559 0.49775656884375175
261 0.04852679776248189 0.6615178631979552 0.7499294077911676
262 0.04758029719384563 -0.3152838636201265 -0.9489974106080403
263 0.11447833094882597 -0.999425468244486 0.03389297013084008
264 0.04948962080245424 -0.0447321271117152 0.9989990174189669
265 0.042227325148846036 0.5066057968403249 0.8621778045204942
266 0.07990555345826358 0.892338788147983 0.4513662450456273
267 0.03863304113786033 -0.7404626131788437 0.6720975513155498
268 0.13680644746344864 -0.27482112966950234 0.9614953700809893
269 0.039373802603563 0.6823244926761098 -0.7310494420313097
270 0.13136298739609634 -0.9815575292252603 -0.1911669867451025
271 0.04057672033490932 -0.25145502218130483 0.9678689848423698
272 0.12662099998757675 -0.562546788070307 -0.8267654511599896
273 0.03135046471625514 0.2776214371310161 -0.9606905524909201
274 0.04977213018589569 -0.9933924745545857 -0.1147666828758108
275 0.03370906846431967 -0.6683860183437967 0.7438145807138535
276 0.04309346469916526 -0.729208664005081 0.6842914030878402
277 0.050252194941923636 -0.6299763057573642 0.7766143535785983
278 0.08084237917137627 0.8730293866361649 -0.48766760202999093
279 0.028192868915005376 -0.3744037134507342 -0.9272657975760243
280 0.15611376036218658 -0.7738871477586938 -0.6333235212226951
281 0.029082563177914186 0.9317245623469425 -0.36316571963691513
282 0.06625269829620334 -0.2552860891537503 0.9668655608121449
283 0.04886090089110054 0.5877451854258484 -0.8090461031416782
284 0.04041942768585184 -0.8024254940139739 -0.5967523159204579
285 0.06732829184422165 -0.9999522117290918 -0.009776208779362645
286 0.0380401896244863 0.5803836190386075 -0.8143432045223
287 0.01656778756237841 -0.9884307488669899 -0.15167285417714504
288 0.05127599187841762 -0.7315463865189544 -0.6817916722658472
289 0.05520159621108955 0.8975937796062795 0.4408235551919993
290 0.04266149715584725 -0.9035542373927816 0.4284737332550839
291 0.036973247396096906 0.9975929360112752 0.06934215182992089
292 0.03387144139337434 -0.17670852646361698 0.9842632252985262
293 0.10499609954627333 0.575391992585814 0.8178777750178363
294 0.014703772598220081 -0.4489626776244635 -0.893550510100169
295 0.032453030695174384 0.9240586104913425 0.38225081344165807
296 0.05771523808467129 0.46113814904357725 0.8873283538221144
297 0.05463790001325516 -0.9920856305870196 0.12556313783414136
298 0.06321012454231233 -0.26064620909165803 0.965434386007743
299 0.08057479441800472 -0.9589500065002632 0.28357518409258786
