0 0.019767816173307595 -0.86316369588337 -0.5049241864963105
1 0.043552409583796435 0.635542053045083 0.7720662528638593
2 0.053494183983580364 0.7100787845106395 0.7041222335560018
3 0.007560699363304375 -0.545981894508984 -0.837796974730979
4 0.1390962071856549 -0.1955592032306053 0.9806918976068941
5 0.12641984436110035 0.1982498272382854 0.9801515219597376
6 0.016797749082647705 0.2505306369495693 0.9681086715599871
7 0.11017062966247992 -0.4060223782943475 -0.913863134350107
8 0.03533129667436044 -0.5461124189212034 -0.8377118991037622
9 0.10377535808500961 0.9763801040027534 -0.21605992804676274
10 0.04276919804961779 -0.6576029412169058 -0.7533647003297106
11 0.10685468617138666 0.9908327910691704 -0.13509396782268843
12 0.08113926454680037 0.7660263420086988 0.6428091811329175
13 0.02665166845077294 0.9897188811463414 -0.14302634828042707
14 0.06302706318012165 -0.9594292387299443 0.2819495271676819
15 0.0729915611772693 -0.9199744822360917 -0.3919782545428191
16 0.07903939081109537 0.42664363807555095 -0.9044198173910489
17 0.07209682172192011 -0.80702753224526 0.5905138120299354
18 0.10111323029251426 0.14580793248877527 -0.9893129165351824
19 0.16287323639719475 0.7150407762141671 0.6990827478568195
20 0.027068705321675532 -0.9838034310646142 0.1792506876569596
21 0.15026581457231525 0.5627873248299585 0.826601734217113
22 0.11339429956814254 -0.03952139173850906 0.9992187246019019
23 0.10320809917028519 0.9678168265950341 -0.2516556976496213
24 0.04521446658970131 -0.9713307721071512 -0.2377320574885209
25 0.07137475863874948 -0.7166591465972975 0.6974235926597503
26 0.056665369040301894 -0.04129783408598551 0.9991468805434996
27 0.07061300172372408 0.668995334474738 0.743266602539784
28 0.0247967885016168 0.9877699347386816 0.1559184274752051
29 0.05737677380702313 0.9925266286495578 0.12202824026241983
30 0.039626832191402395 0.160995976989678 0.9869550624993719
31 0.06211645275928204 0.4083538007793537 -0.9128237362103683
32 0.03972789498316782 0.980451502694718 0.1967608976998968
33 0.0411418823808934 0.9985523700839082 0.0537881418140624
34 0.0563125344827529 -0.1750663631400273 -0.9845566354948425
35 0.0320089125465462 0.7152240795663272 0.698895211035603
36 0.056994714451459726 -0.7689257233307999 0.6393381202464047
37 0.09768484369779577 -0.5860578763254867 -0.8102691932912546
38 0.04807519646104077 -0.37331809374732716 -0.9277034013524268
39 0.027222911211756316 0.9991596664348172 -0.040987326942174065
40 0.02791341950464234 0.812824719697622 -0.582508347621287
41 0.11415684536219477 0.947357415205468 -0.32017796278821953
42 0.03059920794937438 0.35437618204984117 -0.9351029470575835
43 0.09489408811778902 -0.8432326320714942 -0.5375488147227003
44 0.03922382213635968 -0.9406758327442836 -0.33930661309625065
45 0.15503119643572938 0.570759745961842 0.8211171124690885
46 0.026442734467299774 0.3993764869033896 0.9167870100021633
47 0.037739065018564416 0.9151307058712179 0.403157278455501
48 0.047815291049363155 0.19933580928794234 0.9799312400038694
49 0.09192679026404665 0.8918678442631611 0.4522960848486108
50 0.03407663218247236 -0.9970472653762636 -0.0767903028104096
51 0.04771675425905452 -0.0757763214888234 -0.9971248412819843
52 0.03057800591418541 -0.5427560053884378 0.8398904205994887
53 0.028745094638113956 0.017255276773125182 0.9998511166286123
54 0.04636713870778708 0.58266828445168 -0.8127100776378599
55 0.052760336967559385 -0.9960407841969325 0.0888974477494136
56 0.015287928785493586 -0.5312926953343996 -0.8471883331847228
57 0.05025867274012957 -0.9296867100695431 -0.3683512197890341
58 0.07291245307013113 0.3125388372571502 -0.949904982198719
59 0.038871996557288256 0.9050232199176507 0.4253621649957688
60 0.07889506953399686 -0.9554351870263665 -0.2952009542530171
61 0.06595858969693005 0.029463959657381824 -0.9995658432946317
62 0.02440435779925439 0.3123650435027131 0.9499621464024491
63 0.10199352966950732 -0.49910053528124987 0.8665440875581403
64 0.03021878299046253 0.9917780200308581 0.12797014879912758
65 0.03354537357323664 0.5366257542849392 0.8438203599333925
66 0.10467572083783827 -0.7845042628494785 0.6201234244656433
67 0.06051758403974842 0.3834380850254952 0.9235665839299195
68 0.03312995403831136 0.9984366345122091 -0.05589532059066633
69 0.03953854592365671 -0.08514093673050396 -0.996368918068329
70 0.05212298107634843 -0.9746560326401382 -0.22370877952862234
71 0.05805753938659862 -0.7153089243851533 0.6988083733720962
72 0.031650715260036474 -0.44023337983061295 -0.8978833840109278
73 0.027511873233094175 -0.8871394201566918 0.4615015159282238
74 0.032439991122615676 -0.9988237561559052 0.04848818555698719
75 0.023554679318042896 -0.6398519116240515 0.7684982310916837
76 0.050990903630865295 0.9026560684823299 -0.43036266338057644
77 0.07924929010292937 -0.013890282945697795 0.9999035253661668
78 0.051876607217972756 0.9092532373948361 -0.4162433786704719
79 0.056809240790458425 0.38416378766485354 -0.923264958853629
80 0.044973885306918975 0.9624334035743428 0.27151785150208096
81 0.02807058252447679 -0.9919188891848508 -0.1268736271976631
82 0.047830040494138894 0.6566839563405513 -0.7541658845936489
83 0.06151370601249998 0.9370172091387117 -0.3492831942391444
84 0.08903573995034618 -0.7619593521649959 -0.6476248494678842
85 0.05453788626809945 -0.688103452880527 0.7256125950766679
86 0.07156111831680122 0.32320945507817506 0.9463274529189508
87 0.04232216419245634 -0.34489201148300036 -0.9386423708821214
88 0.08138720337885308 0.9916216439277615 0.12917629540284759
89 0.05965849721204078 -0.999958147652531 0.009148931266492162
90 0.05212520150277974 0.6194968869496323 0.7849991127763868
91 0.06617472690648327 -0.12844436317935656 -0.9917167163900433
92 0.04659439673762721 -0.8533876704380822 -0.5212767824719065
93 0.0264516907455739 0.9984341534718959 -0.05593962085015123
94 0.028250313462061638 -0.7201729891318864 0.693794541434886
95 0.05658381431727465 0.7050847100559557 -0.7091230863857901
96 0.02248060123703023 -0.7400350944718531 0.6725682559785552
97 0.04633611577794526 0.8817977824583066 0.471627682448362
98 0.10579638719536662 0.7254682870391636 -0.6882555953281178
99 0.11175623318835054 -0.7227061930875923 0.6911553793994804
100 0.05129096131210045 0.04919685596096555 -0.9987891015442429
101 0.06774143785108105 -0.4250227173639519 0.9051826830671046
102 0.09741503311094243 -0.8005007186113512 0.5993317941697323
103 0.10860551389039269 -0.07235881668377442 0.9973786651258006
104 0.03248747515593756 0.5105667271049938 -0.8598381342865032
105 0.061238986343027706 -0.991977993250442 0.12641068351538165
106 0.13677748434554823 0.9844905252246529 -0.17543775461082256
107 0.06339140492930898 0.9982296869163678 0.059476820349194416
108 0.016401788721877412 0.5878383098188802 -0.8089784431672343
109 0.028026132843663266 0.4686119925432988 0.883404098046075
110 0.08645344329386881 -0.20883999043776802 0.9779498240676527
111 0.0654938312258753 0.3009308115433966 0.9536459755401019
112 0.1151404958413532 -0.33239195284276285 0.9431413413085944
113 0.017647499032330892 0.17813797646386392 0.9840055189587912
114 0.09684910221548697 0.9240074737937946 0.38237440862747335
115 0.11489851062456402 0.893737843468265 0.44858964227085646
116 0.08775646503572267 0.009522709987672429 -0.9999546579692955
117 0.07778329235856825 -0.996889843722265 -0.07880761056774954
118 0.09276638656282118 0.5275071781922062 0.8495505735126638
119 0.12006547102997622 -0.9987200961816115 0.05057834994335608
120 0.025868169819349373 -0.71963402580781 0.6943535618830252
121 0.0426184561774423 -0.0004112135017370993 0.9999999154517244
122 0.04091234357016143 -0.09215499182098001 0.9957446748451508
123 0.09476012826402258 0.751523593366742 0.6597062138657933
124 0.06622364955939718 -0.6440775737475777 -0.764960181313664
125 0.028299465728382208 -0.7206752947112348 -0.6932727598808963
126 0.06240902374458646 -0.9053310507327477 -0.4247065911651701
127 0.018635648487886833 0.938866273986114 -0.3442820349240302
128 0.01789233991372869 -0.8618357949346118 0.5071874037960975
129 0.07469486938752211 -0.8122771771682078 0.5832716240754798
130 0.12193464243095085 0.8132915510073873 -0.5818563852532671
131 0.05679171795461744 0.8362194820591192 -0.5483949104657868
132 0.09297135926998339 0.8772143397809999 0.4800989503035643
133 0.09037144404084492 0.9818570790491137 -0.18962245732281455
134 0.07086740040319818 -0.9104448215247571 -0.41363054403507615
135 0.112469259758624 -0.14304225596767806 -0.9897165821626297
136 0.12330663899775769 0.2859424822402748 -0.9582467828541196
137 0.06365659209627098 -0.8582468293504897 -0.5132371575693165
138 0.0609729476006787 0.9887710917600737 0.14943804100560154
139 0.015167616033709455 0.977706845490453 -0.20997458008317946
140 0.136588493566331 0.9114972465188298 0.4113061749944823
141 0.06130894654407828 0.6684531289675465 -0.7437542701547982
142 0.031054630655839455 -0.685393001720352 0.7281733538057854
143 0.06052464747218443 0.8810210993975303 0.47307697303543234
144 0.07540622134266303 -0.6999095429316455 0.7142314972844693
145 0.05691597319377271 -0.6854900181560036 -0.7280820249178535
146 0.10807494327825799 0.8681679109075691 0.49627056982092654
147 0.12233260831400992 0.34961367148786154 -0.9368939538222977
148 0.135657810826024 -0.7431665238296655 0.6691065071114846
149 0.17821374252074898 -0.8917938122903414 -0.4524420364650697
150 0.023650086765944406 0.4082230966775707 0.912882195761849
151 0.05117275773104799 -0.9647729500974243 -0.2630839310188156
152 0.05668293339891516 -0.319499782501716 -0.9475863490898104
153 0.015417113764515341 -0.8931376477325648 0.4497834392268584
154 0.05142914269524863 -0.08985372126302747 0.9959549732669576
155 0.08446349275763146 -0.1966680634518935 0.9804701284680131
156 0.13824946852330092 0.7532307057559012 -0.6577564168493281
157 0.05910352811687945 -0.6134518080501346 0.7897321566202182
158 0.05423446489160664 -0.45691308940594505 0.889511342664901
159 0.05925758993207054 0.8685282550408376 -0.4956396576099593
160 0.03231994885305261 0.4510929841296288 -0.8924769575003192
161 0.038494324881852046 0.8594000415260478 -0.5113037928912979
162 0.07061428940851042 0.040816350097463414 -0.9991666655592155
163 0.036774960971463544 -0.9992347359696714 -0.03911447854210802
164 0.11062842051077997 -0.045870459234494364 -0.9989473964977418
165 0.051254721893822 -0.502479312416139 0.8645892322911524
166 0.046191498200126545 -0.030744502187773293 -0.9995272760586507
167 0.08551647870670806 -0.21495724547724404 0.9766234599971658
168 0.06711285179251078 -0.9999280928267144 -0.011992046361227571
169 0.1567658550238695 0.7764969451876702 0.6301210154519656
170 0.07026978116201131 -0.7260517539073653 0.6876400589320248
171 0.03796855802936782 0.7289454729595378 -0.6845717620905756
172 0.05767064424880969 0.5942544775781432 -0.8042770765590227
173 0.04733490256571061 -0.5623401182583291 -0.8269060354098333
174 0.10502094049904288 0.793295120112338 0.608837295511659
175 0.04476425239832924 0.40734906596745235 0.9132725433601101
176 0.015305679652823617 0.18881645322710716 0.9820123965565484
177 0.03186804272760131 0.579787755543599 0.8147675487657299
178 0.04844771646676613 0.7514520972371953 -0.6597876518682513
179 0.07736784781791928 0.9858352137409606 0.16771681891901727
180 0.17708478030775063 0.7514279135076241 -0.6598151944306668
181 0.0571020546575585 0.21490345597663302 0.9766352976466186
182 0.05665833976724637 0.8931619701174032 0.4497351388717575
183 0.06989794419505299 -0.9277873760313418 -0.37310934707787413
184 0.10564035885289548 0.9101575692850205 0.4142622346692772
185 0.10486321018777457 0.9698867171109146 -0.2435564738860636
186 0.08282578352009476 0.8948349535838307 0.44639713915371776
187 0.02185276541582385 -0.5253751235759319 -0.8508707184570252
188 0.030880537333949038 0.7222092009525137 -0.6916746851371182
189 0.046835126013189066 -0.8882161917755814 0.45942572486494865
190 0.05055444372241789 0.19486134812834777 0.9808307983569862
191 0.058807253569127804 -0.9989602523506025 -0.0455896284654808
192 0.021138608253498288 0.20608197679375062 0.9785347305235416
193 0.1054415231563149 -0.5822471753427466 0.813011824517573
194 0.02903491492072899 0.8108121380122764 -0.585306481129298
195 0.029062736788621025 0.9851257585023532 -0.17183492059288563
196 0.0772873683393827 -0.9140859842020884 -0.40552042301874175
197 0.042235779908118956 0.20966038539449805 -0.9777742698579415
198 0.057521133504757266 -0.06722145820985947 0.997738079636204
199 0.09291162333321706 0.9691628010913675 -0.24642131600317022
200 0.0447020100453965 -0.030156009079211826 0.9995452041385695
201 0.12482891218119069 0.0118707415076699 -0.999929540265742
202 0.028040766777480994 0.9969240979466168 0.07837310082754394
203 0.09250032639125726 0.20774629505748685 -0.978182742073222
204 0.025679034408247207 0.5981688212721564 0.8013701150266829
205 0.08570260499615909 -0.8894061853884402 -0.4571177500303217
206 0.05492221444128777 -0.5677210364357366 0.8232210060417148
207 0.07764357583056417 0.63143805953379 -0.7754263194992816
208 0.054442719273397736 -0.3366249845289993 -0.9416387947567002
209 0.018227796085612077 -0.9922718673700136 -0.12408279987986338
210 0.04624173343140053 -0.9996404722199517 0.026812801044874834
211 0.04804893260217024 -0.6390142093702497 0.769194929925383
212 0.14161007346579543 0.5141200726332911 0.8577182234950703
213 0.027893853587249728 0.9995174600906623 -0.031061985994318572
214 0.04486856928089066 -0.2577917093424003 -0.9662005146936755
215 0.07235106923220443 -0.9990729947696102 0.04304824180013068
216 0.0901948189521649 0.08450139479027824 -0.9964233609658585
217 0.07981425526753856 0.9797941931408183 0.20000834754462832
218 0.05598836527418438 -0.7963713534459064 -0.6048079591165573
219 0.055294695317756486 -0.2543689687888593 -0.967107247267485
220 0.023476961539976755 0.6175486634654277 0.78653267462456
221 0.041669598582826005 0.4050047794931474 -0.9143145676339774
222 0.019861319914721204 0.9035250162922405 -0.42853534852344044
223 0.07666723238648535 0.6459907129709492 -0.7633452683781335
224 0.08884899899998501 -0.9884689686614035 -0.1514235714592056
225 0.018982680905176158 -0.9992763606920329 -0.038036232227788055
226 0.0949876675043394 -0.6976298825746405 0.716458335801108
227 0.04876622506635227 -0.9050477824019674 0.4253099006245694
228 0.036682817844346835 -0.6555439604341896 -0.7551570140959147
229 0.04743112801371849 0.14113583508089064 -0.989990240384227
230 0.12648261928845972 -0.02237849581124108 0.999749570105047
231 0.04884547101186176 -0.7832783674215512 -0.6216711342256688
232 0.06791836017394931 -0.9852185878043909 -0.171301880447127
233 0.046876132445820895 -0.09462087829393175 -0.9955133798151007
234 0.0576080614259066 -0.9477982093802058 -0.318870748573267
235 0.08697177669635409 0.7575971238116006 -0.6527224509639532
236 0.03317124614838406 -0.026950550074397027 -0.9996367679565851
237 0.022037378928604443 -0.6815924998126118 -0.7317319619909975
238 0.12123537679405139 0.5209973996205891 0.8535582637339904
239 0.05457513808200057 0.7013210966102172 -0.7128455088232247
240 0.04282694315426494 -0.35622527627853295 0.9344001030288271
241 0.026570567831526663 -0.9551926461768143 -0.2959848115862287
242 0.059568652352144015 -0.9928726821337075 -0.11917985178971267
243 0.05370254951557834 0.7480996499481025 -0.663586402624049
244 0.1506647215088177 0.5649143125635041 -0.825149573993045
245 0.0720123102683902 -0.9687576487818309 0.24800931016132996
246 0.03415510436439035 -0.954472310294812 0.2982995287969528
247 0.019885500913132688 -0.1391162035319654 0.9902760634867698
248 0.03273541703209789 -0.9408145682435193 0.33892174344641923
249 0.16229602328356843 -0.29659049748260674 -0.955004752241066
250 0.027119255220306417 -0.12811600123511918 0.991759189636034
251 0.040031017546155116 -0.18914926024763531 0.9819483475966403
252 0.0387285016700189 -0.17039181542026008 -0.985376389628749
253 0.07127072727154926 -0.8296096009263845 0.5583438994479702
254 0.030369456979036914 -0.68821233392433 -0.7255093269107066
255 0.06966966169339986 -0.9888871906955111 -0.14866783135009334
256 0.06673556487618161 0.4994579863422892 -0.8663381094462518
257 0.025952398250344816 0.28026063626970865 0.9599239426942626
258 0.026946712779240063 -0.5235519924936124 -0.8519937271811151
259 0.08631531371311828 0.6629397281949612 -0.748672770161164
260 0.09371489558699327 -0.8570774613538779 0.5151875631643218
261 0.04917538686644108 0.6678329240924596 0.7443112154859115
262 0.048899877863015195 -0.31265731101212807 -0.9498659936384003
263 0.11230632070858722 -0.99882645524757 0.048432554109546104
264 0.04948288883573143 -0.039818367361619415 0.9992069343337521
265 0.043442217580626205 0.5001173941516337 0.8659576156296447
266 0.08035400615766508 0.8902388656678941 0.455493975870528
267 0.04024961336889379 -0.7467125464012049 0.6651468808068097
268 0.13418172298089476 -0.2725844694315937 0.9621318553216583
269 0.03862975992968425 0.6808967381950642 -0.7323794316577453
270 0.129930526979651 -0.9800590669902244 -0.19870637938992028
271 0.04244999702996158 -0.2474912545376854 0.9688901273763515
272 0.12431512455823504 -0.5512233075954962 -0.8343577560995529
273 0.03170855273316521 0.27766944433854224 -0.9606766780143698
274 0.04963075549484622 -0.9938215392375126 -0.110989856057124
275 0.03497907349100101 -0.6708291602292964 0.7416119185841452
276 0.04392542577204535 -0.7374191600117584 0.6754354021278072
277 0.049345239860909926 -0.626004348709502 0.7798195659232925
278 0.08095975959080953 0.8748627094500137 -0.48437097313297073
279 0.029871031548763114 -0.3762594123094447 -0.9265143574972551
280 0.15379658301269392 -0.7688335469585165 -0.6394489636172591
281 0.030989678204639867 0.9312599705148219 -0.36435541345880007
282 0.06520544171230774 -0.23803423248731637 0.9712567653119201
283 0.05033675899414911 0.5924709975880287 -0.8055917806290268
284 0.041717102848702614 -0.8061891285617984 -0.5916579155126449
285 0.067538299650762 -0.9999339022168467 -0.011497443080505317
286 0.038906251969379246 0.5885818920387235 -0.80843760202264
287 0.018366824518667935 -0.9892515870053761 -0.14622345094869282
288 0.05045321876212155 -0.7411090176951745 -0.6713847063278204
289 0.05362599240922572 0.8963790645070003 0.44328836293495794
290 0.04298450836654594 -0.9031587981703209 0.4293066331744032
291 0.0392579478185405 0.9976506960684906 0.06850612114297698
292 0.03456545171749617 -0.17185067132611836 0.9851230109812492
293 0.10459575824057743 0.5662830818940278 0.8242108171824741
294 0.016230528620087756 -0.4460454438976598 -0.8950103138948398
295 0.033310815256631376 0.9212203260817675 0.38904127135022837
296 0.05630021864165391 0.45743691286372157 0.8892420765740384
297 0.0544920376793039 -0.9935667439484527 0.11324806982756848
298 0.06273774274828031 -0.26251861422787637 0.9649269284167975
299 0.08095475465023057 -0.9570292483266708 0.2899914099543079
