0 0.019822107577155273 -0.863052231679635 -0.5051146853862019
1 0.043511278918775695 0.6352306448542152 0.7723224895327715
2 0.053449248607014374 0.7100304096459771 0.7041710142983492
3 0.00748876286281008 -0.5457809664373315 -0.8379278827409506
4 0.13904347914412146 -0.19530614868625787 0.9807423251218137
5 0.1264201954709645 0.19852156013836555 0.9800965208387535
6 0.01682911642500096 0.2503816855651427 0.9681472055083142
7 0.11016664652547468 -0.4062407375844201 -0.9137660877526953
8 0.035344917049201764 -0.5459242518633438 -0.8378345369029904
9 0.1036786760807653 0.9764334381565214 -0.21581876853006737
10 0.042780696063415856 -0.6576284983669909 -0.7533423910384817
11 0.10679289539549794 0.9908315929775602 -0.13510275481110856
12 0.0810833962306069 0.7659482036938207 0.6429022859332586
13 0.026716163078771404 0.9897089692763251 -0.1430949200146327
14 0.06294499142838113 -0.9593478606516939 0.28222629619335293
15 0.07298128828340904 -0.9198645292906651 -0.3922362142292105
16 0.07900830994485873 0.4266901608862585 -0.9043978696364
17 0.07209099817360916 -0.8067665684924317 0.5908702936880027
18 0.10105451855533183 0.14648176477734792 -0.9892133706070262
19 0.1628168820005421 0.7151471534869215 0.6989739257365424
20 0.0271007691764956 -0.9838578567875751 0.17895171873262158
21 0.15019732791989626 0.5626279954704634 0.8267101902800571
22 0.11332006123718362 -0.039302191478680866 0.9992273703942327
23 0.10310036785258796 0.9678729552593289 -0.25143973925689056
24 0.045189321924935244 -0.9715226166133303 -0.23694684089218848
25 0.07132904209480606 -0.7170412277925176 0.6970307580342484
26 0.05658521992398079 -0.040211553075028154 0.9991911884115543
27 0.07055477713099481 0.6691518557161503 0.743125691920036
28 0.024833678824667256 0.9877678687408394 0.15593151536228908
29 0.05736383574356257 0.9925534333944568 0.12181002363055227
30 0.0396009697612809 0.16090067847131992 0.9869706032438195
31 0.06207731412915216 0.40912865727461467 -0.9124767075365107
32 0.03976294614168681 0.9805135034926041 0.19645169754588274
33 0.04109527532096352 0.998489560818507 0.05494175949553152
34 0.0563554100993098 -0.17504049813598163 -0.9845612342624035
35 0.03201194050653544 0.7150712817359844 0.6990515446206069
36 0.05695445254448021 -0.7686072454198817 0.6397209565803373
37 0.09767522266569556 -0.5857826920500816 -0.8104681595809666
38 0.048066814878482744 -0.37333210475824624 -0.9276977630439657
39 0.027232464184773392 0.9991583915061373 -0.04101839444528043
40 0.027982123633670922 0.812895224732831 -0.582409953217285
41 0.11413451506511192 0.9474006168370486 -0.32005010735317657
42 0.03063291810456821 0.354243895310749 -0.9351530690935399
43 0.09479232391953468 -0.8434791582683554 -0.5371619025646799
44 0.03928048626878301 -0.9405899071457928 -0.3395447342773393
45 0.15502467584157978 0.5707664835395256 0.8211124291276587
46 0.02647723764529523 0.39954779820434516 0.9167123632579959
47 0.03777259510053987 0.9151254408065169 0.4031692294665827
48 0.04786874285608109 0.19927842523638936 0.9799429112123342
49 0.09193146421290553 0.8920273010640964 0.4519815197066178
50 0.03393083933254442 -0.9970033490837348 -0.07735839912909574
51 0.04772216489247997 -0.07590836324206257 -0.9971147979996642
52 0.030586335980024776 -0.543167006453425 0.8396246799019339
53 0.02872110543777652 0.017088423756248357 0.9998539822261683
54 0.04630999941923871 0.5837613901615498 -0.8119252671007688
55 0.05273465593978756 -0.9960880652609779 0.08836609216572727
56 0.015328105781904756 -0.5314923724873702 -0.8470630779273445
57 0.050270655993248994 -0.9296448391736815 -0.3684568807849027
58 0.07283143710626902 0.3133341476040451 -0.9496429391856954
59 0.03892801073500138 0.9052152293660984 0.42495339570790785
60 0.0788540735057961 -0.9554034765899924 -0.2953035674009981
61 0.06596575559192844 0.0297914911984095 -0.9995561350180264
62 0.024430879388806344 0.3124495785515564 0.9499343455539202
63 0.10198651867067886 -0.498678359113914 0.8667871100515133
64 0.030273059339794663 0.9917465828763564 0.12821355370268098
65 0.033566145549010946 0.5365060080717711 0.8438965003499497
66 0.10470649569427487 -0.7844728344736857 0.6201631817294715
67 0.06050979916672864 0.38353991698091516 0.9235242996707086
68 0.03314300656436322 0.9984389700072688 -0.05585358691099589
69 0.039603243218372775 -0.08446130650702613 -0.9964267598289029
70 0.05211498993078656 -0.9745563990546849 -0.22414242137883175
71 0.058015535239119294 -0.7156909437746299 0.6984171196348063
72 0.03166207964251343 -0.4402496336794418 -0.8978754145454242
73 0.02757058579765621 -0.8871166470013323 0.46154528988292526
74 0.03250632309146416 -0.9988413634033504 0.0481241182208678
75 0.023505296759228505 -0.6393967160722663 0.7688769989250568
76 0.051029109131888475 0.9024653636953627 -0.430762425624841
77 0.07926048269410343 -0.013546484572094892 0.9999082421681191
78 0.05182233723744287 0.9089674586311741 -0.41686707611609813
79 0.05678686901930842 0.3836424035815478 -0.9234817302871632
80 0.04495330229431674 0.9625469611997289 0.2711150078567537
81 0.028126117185630756 -0.9919564353095247 -0.12657973948472465
82 0.04786117272107861 0.6565161938566951 -0.7543119296444398
83 0.061480740638817824 0.9370423407310337 -0.3492157666505128
84 0.08902731197568693 -0.7614941817814388 -0.6481717450745729
85 0.05449921136462081 -0.6880906310321852 0.7256247539091601
86 0.07157919203310069 0.3224445551264403 0.9465883523841353
87 0.042348845921759144 -0.34463796430739835 -0.9387356782172778
88 0.08128304880984467 0.9915151789031732 0.12999096124195875
89 0.05960010030062026 -0.999963965182834 0.00848930714628571
90 0.05204484419816796 0.6195770356838234 0.7849358552475777
91 0.06615862911832034 -0.12866547358512906 -0.9916880537281442
92 0.0466266281849072 -0.853440164849141 -0.5211908335938681
93 0.026505305575553237 0.9984320588538466 -0.05597699396063598
94 0.028282899651332297 -0.7201579892947494 0.6938101112371768
95 0.05661932330447679 0.7050944069543483 -0.7091134445782958
96 0.02246808698460032 -0.7401896845479043 0.6723981193376984
97 0.04638924786825892 0.8820242053935593 0.4712040970745694
98 0.10577317542026335 0.725392170755917 -0.6883358181919771
99 0.1117266079835381 -0.7225716935179046 0.6912959914006932
100 0.051282413518802826 0.04874842787763239 -0.9988110886346122
101 0.0677156877450318 -0.4256335915880292 0.9048955993438551
102 0.09735216509956425 -0.8005439277566976 0.5992740773067691
103 0.10853300835033991 -0.07305635393415827 0.9973278142866803
104 0.03251629120638439 0.5105473915170428 -0.8598496153486047
105 0.06124605803543323 -0.9919695770039124 0.12647671049912362
106 0.13668838760762078 0.9844577033470443 -0.17562183896276393
107 0.06339068893304976 0.9982132686629799 0.059751738595370335
108 0.016249895609110672 0.5879745888608949 -0.808879399449548
109 0.028022912996940756 0.46894463452974816 0.8832275639639883
110 0.08639154342977035 -0.2084438351081737 0.9780343386637284
111 0.06546804731704564 0.30128158378656666 0.9535352155379779
112 0.11503735257116739 -0.3328331816567955 0.9429857226852454
113 0.017660611342743056 0.1781835631630571 0.9839972651478849
114 0.09675504306184994 0.9238827138887004 0.38267575175029045
115 0.11479756298425227 0.8937841852288225 0.4484973023718758
116 0.08772675900423856 0.009391797884411903 -0.9999558960936719
117 0.07768249154768568 -0.996878536103418 -0.07895051777098257
118 0.09276587232194211 0.5277216914822744 0.8494173393209531
119 0.11993425576522965 -0.9987466077143285 0.050052108638108966
120 0.025731595043200182 -0.7196393634459991 0.6943480298661739
121 0.04259268292071016 -0.0006221166814222615 0.9999998064853987
122 0.040960898734538426 -0.09151363259608455 0.9958038235762448
123 0.09470497823905562 0.7515117262499637 0.6597197323930819
124 0.06622974115997354 -0.6440383710235734 -0.7649931873221499
125 0.028315790566221313 -0.7204813576041008 -0.6934743061894593
126 0.06238204983094512 -0.9052174861100398 -0.4249485884676167
127 0.018658501824080038 0.938850366802301 -0.3443254111377561
128 0.017945301307352515 -0.8617611636543225 0.507314199305665
129 0.07464899348192548 -0.8119649038065005 0.5837062574501838
130 0.12188046858090135 0.813172464529534 -0.5820228027585893
131 0.05674846018315215 0.8364581428607221 -0.5480308159601902
132 0.0929307237654568 0.8773725026367113 0.47980984943724747
133 0.09036733774315599 0.9819302523902295 -0.18924317541422775
134 0.07085934785591848 -0.9106876340517299 -0.41309567074137
135 0.11239797437512211 -0.14313238911761417 -0.9897035511634198
136 0.12324776752992327 0.28614992059284994 -0.9581848584405337
137 0.06370392458257192 -0.8581673589613443 -0.5133700264071824
138 0.06099409753323026 0.9887616686093016 0.1495003768856442
139 0.015159992660417277 0.9777145024678102 -0.20993892365190941
140 0.1365070285262262 0.9114060552995326 0.4115082044909255
141 0.061305219166890905 0.6681291272077362 -0.7440453409414164
142 0.031116400172236696 -0.6851659544009324 0.7283869953052837
143 0.06050480640044816 0.8809605299969658 0.47318975537036406
144 0.07544589893299807 -0.6998315682574341 0.7143079000475497
145 0.056959373936474794 -0.685612815705349 -0.7279663913537376
146 0.10808751952890701 0.8681969813491436 0.4962197109912451
147 0.12233601389662743 0.34966432360489674 -0.9368750507927565
148 0.13553329438019476 -0.7428441987214972 0.6694643354397729
149 0.1781732848530909 -0.8916197397306994 -0.4527849817767368
150 0.023681200238735864 0.408152428378312 0.9129137939635302
151 0.05109887813056885 -0.9647408602070864 -0.26320158177125563
152 0.05671315107668155 -0.31937063457587594 -0.9476298843802903
153 0.015273596028935434 -0.8931590109257733 0.4497410156991402
154 0.05138288510088619 -0.09033084415400906 0.9959118126593459
155 0.084398217208815 -0.19670832514285982 0.9804620516978161
156 0.13812101877487631 0.7530936610305222 -0.6579133208224659
157 0.05910558740909293 -0.6137339951380674 0.7895128771665898
158 0.054223636454815975 -0.45749424608357686 0.8892125813327315
159 0.05925224422695789 0.868558399458422 -0.49558683066665954
160 0.032376642414794266 0.4512411236138469 -0.8924020665371147
161 0.038518270303230205 0.8597297443284939 -0.5107492209654975
162 0.07060090690240603 0.04065977614918593 -0.9991730493780835
163 0.036804165108902664 -0.9992416372589655 -0.03893777559160151
164 0.11064351810279298 -0.04527026360559528 -0.9989747760744913
165 0.051199292304665925 -0.502171863029502 0.8647678416670448
166 0.04616226933895752 -0.030777750510181456 -0.9995262528185705
167 0.08542375050702407 -0.2148096583138261 0.976655932606308
168 0.06707997518283526 -0.9999276284275013 -0.012030706851756142
169 0.1567079719588544 0.7765589023621458 0.6300446580696477
170 0.07019525200638818 -0.7258396502060086 0.6878639416256815
171 0.0379186882582747 0.7285073295917943 -0.6850380067784799
172 0.05765146106542752 0.5941546482622185 -0.8043508276544504
173 0.04735477112512754 -0.5619519040010524 -0.827169908537292
174 0.10490520803515262 0.7935210448236809 0.6085428098514793
175 0.04465597498460606 0.4076559337687371 0.9131356085834891
176 0.015344555491785107 0.18881151717303948 0.9820133456235791
177 0.03176651731170746 0.5795831465187642 0.8149131096450767
178 0.04841923557621319 0.7517170903805735 -0.6594857208687422
179 0.07740013827740679 0.9858951598221544 0.16736407571294598
180 0.17696375804716882 0.7514427988508467 -0.6597982419309752
181 0.05708124474350477 0.2150453845199934 0.9766040562053018
182 0.05660348445136695 0.8935218580279475 0.4490196980381646
183 0.06986520535818341 -0.9276834928842731 -0.37336756290555667
184 0.10556615231007146 0.9103573438557861 0.41382303764754064
185 0.10486842244594914 0.9698650088933956 -0.24364290370173686
186 0.08283186291395092 0.8950398755752041 0.44598612212749733
187 0.02190279516115566 -0.5250154734800326 -0.851092681560908
188 0.03086076515881899 0.7226657026367067 -0.6911977157316096
189 0.046844967244059885 -0.8880797184247017 0.4596894753229648
190 0.05059575382580691 0.19447298118664028 0.9809078751791019
191 0.058688517764503234 -0.9989719418633773 -0.04533276265255642
192 0.02116595597691325 0.20633503574944506 0.9784814014697854
193 0.10543073956910506 -0.5823839549676957 0.8129138509068381
194 0.029059929282250777 0.8110319275889419 -0.5850018909639226
195 0.029099857887643275 0.9851528911460383 -0.17167929714034255
196 0.07723567586751344 -0.9140155943400001 -0.40567905208834265
197 0.042269837317041134 0.20938574468001347 -0.9778331196706298
198 0.057546787271696355 -0.06746081252181756 0.9977219245731228
199 0.09289835836133205 0.9690225068583888 -0.2469724300440922
200 0.04472852004136285 -0.030906085596025437 0.9995222928344976
201 0.12480703419383 0.011662204146898314 -0.9999319941848226
202 0.02810370546287881 0.9969266615982021 0.07834048375306257
203 0.09249461822213016 0.20756954903339922 -0.9782202626781308
204 0.02558026982063897 0.598574287206155 0.8010673022260011
205 0.08562868643656538 -0.8895335587013986 -0.45686983698207234
206 0.05498009052894311 -0.5680212118711108 0.823013914137832
207 0.07754910587009081 0.6311524727843447 -0.7756587884490235
208 0.054441182579967294 -0.33614995823073274 -0.9418084760616017
209 0.01828368397348893 -0.9922866123719541 -0.12396482931618621
210 0.046261371402696934 -0.9996392480314362 0.02685840269161215
211 0.04808453441678396 -0.6389534185852527 0.7692454282465505
212 0.14150707035424 0.5142262746961753 0.8576545565739703
213 0.027917461246027595 0.999523145957367 -0.030878482726454097
214 0.04492252574089068 -0.25789136686057673 -0.9661739195914902
215 0.07231003768835927 -0.9990528893657125 0.04351234594941465
216 0.09014453499832042 0.08478491433987807 -0.9963992765454919
217 0.07979284647269891 0.9798082380126211 0.19993953266576117
218 0.056034347226486904 -0.7962168498705733 -0.6050113453334417
219 0.05534630054668243 -0.25420299424395293 -0.9671508867376428
220 0.02349534761063829 0.6172284125494287 0.7867840153064323
221 0.04162501471526342 0.4049133494097121 -0.9143550620354264
222 0.019933827717000384 0.903515322714215 -0.42855578589097115
223 0.0766236219357391 0.6467678250211708 -0.762686947913352
224 0.08881014599275729 -0.9884782693205121 -0.15136284577506184
225 0.01900968181558096 -0.9992823442541231 -0.037878707237498255
226 0.09489332900221915 -0.6973017243685679 0.7167777237000477
227 0.048801505454036435 -0.9050700039862182 0.42526261049425335
228 0.03666007961164803 -0.65551216847861 -0.7551846111888605
229 0.047448977357891074 0.14146526822071326 -0.9899432195268786
230 0.12650279763153782 -0.022128033073438608 0.9997551450991892
231 0.04883108508489286 -0.7832302995775302 -0.6217316927933563
232 0.0679382120728179 -0.9852053366315969 -0.17137807523899265
233 0.04690688170429103 -0.09433465323345264 -0.995540543222286
234 0.05758072221869412 -0.9480809662946337 -0.3180290573985869
235 0.08693424086723303 0.7571470623409123 -0.6532444611234959
236 0.03315499420540924 -0.026924195243252617 -0.9996374781442037
237 0.02208145082027535 -0.6815589777821459 -0.7317631856034822
238 0.12118341066184511 0.5212118708828309 0.8534273171458828
239 0.05459823657803325 0.7011871827660044 -0.7129772329637699
240 0.04277205117688878 -0.35591437493426037 0.9345185700215671
241 0.02660702758889699 -0.9551968393937177 -0.2959712790326999
242 0.05945390676210802 -0.992870929563836 -0.1191944513265783
243 0.05375279058583239 0.7478319975725692 -0.6638880202312893
244 0.15064346080831195 0.5651047558990544 -0.8250191602988807
245 0.07198868338823111 -0.9686468852694996 0.24844156588159105
246 0.03418533953616196 -0.954500494342439 0.2982093330196752
247 0.019942080538494708 -0.13907385963438532 0.9902820111293527
248 0.03277575226652078 -0.9408270014008988 0.3388872281969227
249 0.16226149049114846 -0.2967183061080947 -0.9549650500517508
250 0.027158132782076877 -0.12780307641540598 0.9917995632479165
251 0.040024736699425065 -0.1892258009261264 0.9819336007408372
252 0.03873053630376001 -0.17070455293165143 -0.9853222597751484
253 0.07126725927143215 -0.8293088357077367 0.5587905287467552
254 0.030367464949168803 -0.6881699594298907 -0.7255495206657245
255 0.06966528959996891 -0.988873737210333 -0.14875729177310726
256 0.06665878240585676 0.49893814091389954 -0.8666376010428937
257 0.026002985088757338 0.28030381527858805 0.9599113350410376
258 0.02698542967533661 -0.5232654683999102 -0.8521697304998709
259 0.08628652390610095 0.6632092651146643 -0.7484340122322521
260 0.09360861536015427 -0.8567557725683855 0.515722353762903
261 0.04919510142962095 0.6680213034610651 0.744142149136964
262 0.04893896404203267 -0.31256550138250444 -0.9498962087225654
263 0.11224120094882249 -0.998805226439779 0.0488683909759871
264 0.04948228187090025 -0.039672295401225695 0.9992127446032691
265 0.043478787872382574 0.4999426994867643 0.8660584837237535
266 0.08036712778300566 0.8901838845148107 0.4556014176340129
267 0.040299875658944745 -0.7468919637070695 0.6649454071950551
268 0.1341034334600383 -0.27251425281299974 0.9621517458352256
269 0.038607674818274186 0.6808410262093516 -0.7324312234129543
270 0.1298876088467006 -0.9800128553780859 -0.19893416824088023
271 0.04250713451074279 -0.24738505275769196 0.968917249135381
272 0.12424627767855112 -0.5508790157792531 -0.8345851124804955
273 0.031719951994915584 0.27767730302661203 -0.960674406541502
274 0.04962607377805567 -0.993834356110395 -0.1108750315203416
275 0.03501753216201203 -0.670890117763259 0.7415567745544507
276 0.04394979398784176 -0.7376476186322254 0.6751858934591325
277 0.04931887880312838 -0.6258833825498443 0.7799166567319646
278 0.08096364656299525 0.8749172913125541 -0.48427237517981886
279 0.029921225454190903 -0.3763341537081774 -0.9264840013474328
280 0.15372814127029413 -0.7686790749028961 -0.6396346455645033
281 0.03104682245898805 0.931251632263783 -0.36437672456681386
282 0.0651748506778605 -0.23752780174056973 0.9713807406986679
283 0.05038090639641841 0.5926069278516357 -0.8054917932929212
284 0.04175588507966781 -0.806301438567289 -0.5915048521900056
285 0.06754328058757567 -0.9999333100641105 -0.011548827829332153
286 0.03893280782457134 0.5887934938663164 -0.8082835032219178
287 0.01842051397938154 -0.989275376069938 -0.1460624191970087
288 0.050428742978158685 -0.7413829735858377 -0.6710821756514034
289 0.05358019891723704 0.8963420808675375 0.44336314017524364
290 0.042993144194178774 -0.9031426386804551 0.4293406272382163
291 0.03932568595991115 0.9976513391036798 0.06849675601541025
292 0.03458659400507971 -0.17171632849174334 0.9851464370992343
293 0.10458438145394201 0.5660195197666338 0.8243918384137178
294 0.01627627728417571 -0.4459545822700056 -0.895055590760923
295 0.0333360280097422 0.9211365710920132 0.38923953729913996
296 0.05625874434939234 0.4573291772123818 0.8892974888473744
297 0.05448812991132989 -0.9936084446701614 0.11288161356103435
298 0.06272356773664133 -0.26256542416269096 0.9649141920576494
299 0.08096618611096311 -0.95697391508314 0.2901739579122274
