0 0.021110170720986414 -0.860430844239484 -0.5095672303841062
1 0.04256976015131837 0.6278579275694209 0.7783279660838558
2 0.052395664534757615 0.7088879160202948 0.7053211484993226
3 0.005755945758855449 -0.5421511205845568 -0.8402810020754422
4 0.13779285609560013 -0.18923037676616125 0.981932718931871
5 0.12643966838648235 0.2049292694167572 0.9787767848372345
6 0.017544349587503283 0.24685178061725238 0.9690532484884883
7 0.11005864317517762 -0.41140913625422515 -0.9114507790366699
8 0.035647153976060185 -0.5412086684571116 -0.8408883262282099
9 0.10136755921980248 0.9777023711192496 -0.20999541306370761
10 0.043058606405858575 -0.6583065404566718 -0.7527499576831395
11 0.10531074977862664 0.9908004323005878 -0.1353310879028482
12 0.07978192354152157 0.7640681589641116 0.6451355272012176
13 0.02826949144524141 0.9894938267132231 -0.14457512544148862
14 0.06097166772136704 -0.9573795109534863 0.2888329482702128
15 0.07270975966565574 -0.9173259887050466 -0.39813694936078053
16 0.07826167305144673 0.42779745192872276 -0.9038746263300526
17 0.07197012266407647 -0.800713497602669 0.5990474895673136
18 0.0996742261631613 0.1625000085988171 -0.9867085421771641
19 0.1614821573689856 0.7176322775705407 0.6964222240774044
20 0.027869982642701713 -0.9851313952790809 0.17180260194622016
21 0.148576626763969 0.5588015739622514 0.8293013933048168
22 0.11155433440819564 -0.03405195298363635 0.999420064086168
23 0.10053731095188474 0.9692133742965969 -0.2462223285662871
24 0.04460030292327887 -0.9758003045428163 -0.2186635901428195
25 0.07025503177854925 -0.7259754828596515 0.687720581549437
26 0.05470553790936796 -0.014307682111967587 0.9998976398774941
27 0.06918250134130377 0.6729251372609859 0.7397105918143143
28 0.025698230004602692 0.9877614863326762 0.1559719401618836
29 0.05704797727369913 0.9931742324990276 0.11664023276711799
30 0.03896666995682251 0.15869705189051425 0.9873273245085742
31 0.06112739389770537 0.42722616336802366 -0.9041447922395167
32 0.04060164037411432 0.9818445946279405 0.18968708970273965
33 0.04001658079368801 0.9966294973021215 0.08203441416454817
34 0.057371276297763965 -0.17450991626164805 -0.9846554164408748
35 0.03207828951824259 0.7115458515388574 0.7026396666555641
36 0.05600924664853867 -0.7611981273784891 0.6485193989970396
37 0.09748440155963882 -0.5793820752491012 -0.8150560783651912
38 0.04787269353982835 -0.3739349203798808 -0.9274549451701103
39 0.027445309042020544 0.9991180248710625 -0.04199014619820807
40 0.029631808727265323 0.8144828135356345 -0.5801876820952655
41 0.11361234944275529 0.9484045493653845 -0.31706278675215394
42 0.03143612624211092 0.3511280550111824 -0.9363274475225342
43 0.09241908867592477 -0.8493957095387331 -0.5277565050448854
44 0.04066452206203185 -0.9387056706496006 -0.34471968886369614
45 0.15488643963231852 0.5709543521201804 0.8209818072253642
46 0.027312306943672305 0.40332979235910077 0.9150546861229468
47 0.038570076969744904 0.9151233930835565 0.4031738774167276
48 0.04915784679275923 0.19803549975032084 0.9801948484044591
49 0.09204658754076402 0.89568650515497 0.4446860515951406
50 0.03042294762833909 -0.9957525554063996 -0.09206980178986564
51 0.04782071690401013 -0.07848905582804894 -0.9969149753691241
52 0.030784450456358168 -0.5525675623589852 0.8334681091851379
53 0.028142287648782467 0.01312421932970461 0.9999138737246253
54 0.044979423678927336 0.6091392466552308 -0.7930632876286091
55 0.052125999439746495 -0.997118635876309 0.07585793292839381
56 0.01626937700903741 -0.5361846966419935 -0.8441006877659403
57 0.05055627122372077 -0.9286969184245685 -0.3708396334114119
58 0.07092632513264588 0.3322792738076115 -0.9431810452918815
59 0.040263998287288424 0.9095152802180018 0.4156704885482847
60 0.0778741226321347 -0.9546436751499703 -0.2977506565839243
61 0.06615462346007013 0.03720627529793458 -0.9993076068350797
62 0.025073307248921706 0.3144420189003218 0.9492766808206602
63 0.10184450878927982 -0.48877987805550105 0.8724071473847801
64 0.03156764677903355 0.9910039325022456 0.13383275296086788
65 0.0340546605413365 0.5337579341047097 0.8456373145623792
66 0.10545274955775952 -0.7837785003797226 0.6210404675562722
67 0.060297768326452755 0.38597016106369125 0.922511265388379
68 0.03345068954515468 0.9984882096990191 -0.054966308699491144
69 0.04116781982406259 -0.06918111198767259 -0.9976041167437858
70 0.05192170585415234 -0.9721862689564261 -0.23420900591690214
71 0.05700585710672862 -0.7245409225627871 0.6892317836053886
72 0.03190961617281522 -0.4402047433624373 -0.8978974239417389
73 0.028985364957238684 -0.886570363194486 0.4625937646631191
74 0.03409101916314875 -0.9991960743029121 0.04008996255485113
75 0.022327173003167246 -0.6287537557942178 0.7776044718072712
76 0.0519347107535788 0.8980904863188863 -0.439810730182321
77 0.07951431342006392 -0.005565472948960957 0.9999845126354979
78 0.050523585165103704 0.9021721498357561 -0.43137618392851723
79 0.0562564589276286 0.37154232305320994 -0.9284160178391065
80 0.04446168957592207 0.9651329101582764 0.2617603211516526
81 0.02944818181403695 -0.992802434517509 -0.11976362559687005
82 0.04860650211191688 0.6527015313509803 -0.7576151470054471
83 0.06067553256445005 0.9375170902721525 -0.3479392266583875
84 0.08886401204268661 -0.7505273529319654 -0.6608393847985583
85 0.053555533804899136 -0.6878070273286986 0.7258935825293256
86 0.07203899701115109 0.3046850665209511 0.9524531538291653
87 0.0429831019926559 -0.33897956053656875 -0.9407937380416787
88 0.0788234711369105 0.9887383797097712 0.1496543233217681
89 0.05827938782123373 -0.9999730532095403 -0.007341175300310085
90 0.05008813971476845 0.6214766433137026 0.78343269131147
91 0.0657765918094809 -0.1341431064359145 -0.9909619705093243
92 0.047410596185746515 -0.8546833405634747 -0.5191496772254216
93 0.027775109812648115 0.9983800437651654 -0.056897172262479694
94 0.02906148994900903 -0.7199237215184771 0.694053193346869
95 0.05746650512493376 0.7052299778475339 -0.7089786162820193
96 0.022165436018802564 -0.743603841366618 0.668620465664049
97 0.04766028695194164 0.8870708448014132 0.461633313684473
98 0.10519154662043297 0.7235767398849154 -0.6902439434703628
99 0.11103305538062651 -0.719281209677864 0.6947190377442873
100 0.05108837681600964 0.038543856181654554 -0.9992569094835662
101 0.06712922372248661 -0.43989691452169394 0.8980482752025604
102 0.09585997319045318 -0.8015622723378026 0.5979113007500847
103 0.1068227450269505 -0.08978210842273981 0.9959614314857616
104 0.0332025301718606 0.5103113846170857 -0.8599897038512687
105 0.06143722562114546 -0.991771200464057 0.1280229898498051
106 0.13455881935392006 0.9836702276846024 -0.17998022993351928
107 0.06338017289091 0.9978268602991083 0.0658904914659464
108 0.012603310445313326 0.5921634376752322 -0.8058178845624187
109 0.02796133375426038 0.47638760793379376 0.8792353763396454
110 0.08493142941998502 -0.19914815464822883 0.9799693936548248
111 0.06486098418062668 0.30921720149117277 0.950991441760633
112 0.11258647318031091 -0.3435763072628472 0.9391247633236095
113 0.017936833228950955 0.17916966537608925 0.9838181900173528
114 0.09452960831303993 0.9208186887401653 0.38999095177560555
115 0.11239797273504269 0.894898700645554 0.4462693307666338
116 0.08703634174726362 0.006276831168202968 -0.9999803005012078
117 0.07528896851710441 -0.9966018025441966 -0.08237018371752083
118 0.09277158871015402 0.532746789274152 0.8462746944805111
119 0.11682058554097736 -0.9993080924991308 0.03719322876208365
120 0.022474564815389047 -0.7194806729111259 0.6945124630324162
121 0.0419641747414309 -0.005454553499932793 0.9999851238124077
122 0.042162857171940564 -0.07687000126589456 0.997041123979037
123 0.09341505481325649 0.7512645479827943 0.6600011961687704
124 0.06639127646701434 -0.6433483668156079 -0.765573562053765
125 0.028693174134422187 -0.715816595488945 -0.6982883370231927
126 0.06176410212706261 -0.9025070779438205 -0.43067502163615995
127 0.019191647354576742 0.9385094006699574 -0.34525368188350636
128 0.019221063224422148 -0.8599529824709761 0.5103732633468108
129 0.07356737255766334 -0.8044663302728067 0.5939982520659498
130 0.12059943903609346 0.8103363443706216 -0.5859650236934432
131 0.055704784321308085 0.8419778538440976 -0.5395120884985687
132 0.09193546387030775 0.881032508709814 0.4730557246207804
133 0.09027234168986271 0.9835865183903257 -0.18043713819720542
134 0.07070693430541847 -0.9162299850463297 -0.4006527355478837
135 0.11069328990272885 -0.14530456311050904 -0.9893869738071469
136 0.12184654819865288 0.2911255995055523 -0.9566848411637622
137 0.06485201670780298 -0.8563497569713581 -0.5163962565076319
138 0.06148477252323275 0.9885698804133425 0.15076336272300928
139 0.014949651379438883 0.9778499081178267 -0.20930732713872682
140 0.13456600320416823 0.9091999013513423 0.4163598676418147
141 0.061202621654700216 0.6603279783624388 -0.7509773372025114
142 0.03259389173222852 -0.680141231861935 0.7330811037813822
143 0.0600193089070267 0.8795255926114939 0.4758515860448514
144 0.07640064101126917 -0.6981582067721814 0.7159435161495995
145 0.05799005696302111 -0.6884910379638685 -0.7252448487534641
146 0.10839600207270818 0.8688998657207162 0.49498790222642947
147 0.12241942600882484 0.3508679114458529 -0.9364249616053735
148 0.13258609601323176 -0.734939634131648 0.6781325343783761
149 0.1772330377780816 -0.8874266208693149 -0.46094901298567637
150 0.02440070952574886 0.4063444626581734 0.9137199667660986
151 0.04933198141029454 -0.963984082313081 -0.2659599388009539
152 0.05744727115426181 -0.3166866059941559 -0.948530228081268
153 0.01184536536455172 -0.8934981536530127 0.44906686519788713
154 0.050269058551238976 -0.10152151882614086 0.9948333434375999
155 0.08287078808624697 -0.19756742844433767 0.9802892997569093
156 0.1350599959117312 0.7497514610741474 -0.6617195377327024
157 0.05913653186760019 -0.6203046263810004 0.7843609950082472
158 0.053980898845001735 -0.4709462752502098 0.8821618932077907
159 0.05911789294105018 0.8692130298556073 -0.4944377703303371
160 0.033737821663118825 0.45440757540298704 -0.8907938905360648
161 0.039094566558858616 0.8669599569076083 -0.4983778015910801
162 0.07028620364952577 0.036934726466697126 -0.9993176802102675
163 0.037480297039273316 -0.9993904375906887 -0.03491064668968101
164 0.11103159617612293 -0.031048633436537947 -0.999517874958584
165 0.04987954383863355 -0.4949936718884953 0.8688965788805619
166 0.045454057285588094 -0.03159895646185008 -0.9995006282892083
167 0.08325178614552316 -0.2113502325378681 0.9774103944639575
168 0.0662563142666025 -0.9999139924318133 -0.013115172094620684
169 0.1553478985838972 0.7780133678334914 0.6282477214223608
170 0.06841336638791977 -0.7207330916491441 0.6932126734284842
171 0.03673712611429808 0.7182832502719098 -0.6957507976127811
172 0.057182355532518526 0.5918722015690707 -0.8060318213382033
173 0.04781967971076052 -0.5530968327245288 -0.8331169747581035
174 0.1021706601513996 0.798937765094405 0.6014137074476748
175 0.04205658407485928 0.41512204554384646 0.909765732100024
176 0.01625262506583244 0.18885211132080967 0.9820055397245336
177 0.0293644865202153 0.5747893412797674 0.8183014194972236
178 0.04770505458384615 0.7577358555591724 -0.6525613941998171
179 0.07818347636101268 0.9872686974045196 0.15906136905352936
180 0.17407284407018023 0.7518048447159211 -0.6593856803583694
181 0.05659471326722311 0.2184461220209375 0.9758490107460343
182 0.055291078243252044 0.9018352356099087 0.4320800942098819
183 0.06904684997825326 -0.9251901814724951 -0.3795037919532446
184 0.10383606002303777 0.9150592697393374 0.4033193931168083
185 0.10499905991420236 0.9693656955469296 -0.2456219621630309
186 0.08299690850582617 0.8997350868592651 0.43643644837977363
187 0.023090698115157408 -0.5166793844560406 -0.8561789612447429
188 0.030372639138760198 0.7328273391356342 -0.6804146463851187
189 0.04706813926879204 -0.8850103770851597 0.4655712968510659
190 0.05158386631714557 0.185241356226209 0.982693054795583
191 0.055850357056407125 -0.9992374381583059 -0.03904538619127485
192 0.02178309276418367 0.21240851024207724 0.9771809580506271
193 0.10517787455007924 -0.5855868080392115 0.8106097027857783
194 0.029643601039092103 0.81639138153351 -0.5774990148544037
195 0.03001015106787556 0.9857998071445049 -0.16792480529646914
196 0.07603688786505622 -0.9123017450099387 -0.4095186516531584
197 0.043070983189759736 0.2034631447583436 -0.9790826056697388
198 0.05815792704601797 -0.07335979502308003 0.9973055401802257
199 0.09258145780036862 0.9656565975542761 -0.2598217381203865
200 0.04534865403217221 -0.0483504053300413 0.9988304352113129
201 0.12429659408037767 0.0067717163598957795 -0.9999770716659163
202 0.02960751854240606 0.9969849534146547 0.07759512010931426
203 0.09237697746879406 0.20353349371839052 -0.9790679838166427
204 0.023203527459891626 0.6086881768975161 0.79340954324055
205 0.08389428807583581 -0.8925856618790161 -0.45087785065136965
206 0.05637928490347055 -0.575002671862377 0.8181515308004549
207 0.07529517421436435 0.6242403019809751 -0.7812323888464309
208 0.05440293310065512 -0.3250055440481753 -0.945712110707032
209 0.019612618715727746 -0.9926187902570489 -0.12127628469174297
210 0.046720920599008266 -0.9996021518536465 0.028205283362506498
211 0.04893459422684651 -0.6375389312172555 0.7704181404811024
212 0.13906722184918807 0.5167744710857408 0.8561215719943359
213 0.028468292098218145 0.9996338448466466 -0.027058755276443185
214 0.04621087350829343 -0.25991068000521356 -0.965632662257873
215 0.07132557140793853 -0.9985248894839904 0.05429590298526014
216 0.08893531657837268 0.09143084816880945 -0.9958114279335883
217 0.07929600092351669 0.9801148799438993 0.1984309000951108
218 0.05712174398625597 -0.7927762567265234 -0.609512761778358
219 0.05659284179274149 -0.2501978577354104 -0.9681947283396101
220 0.023921036469625782 0.6099879151017406 0.7924107163774552
221 0.04057840501366415 0.40285050461241784 -0.9152657925070292
222 0.021666225614456348 0.9032791600695396 -0.42905332883461844
223 0.07563430099465637 0.6650924698579457 -0.7467610103227522
224 0.08789824344973418 -0.988677949723815 -0.15005302972587245
225 0.019654497612673454 -0.9994069371715726 -0.03443506836549646
226 0.09264383329976257 -0.6893468315883666 0.7244314638246189
227 0.04965747122212428 -0.9054172395862469 0.4245228171253235
228 0.03610521574203008 -0.6551150519530609 -0.7555291316054851
229 0.04787676217664156 0.1492379090166289 -0.988801318017095
230 0.1269751603903089 -0.016257884947017458 0.9998678318543154
231 0.048487383477731225 -0.7819514475218903 -0.6233393407434032
232 0.0684058264869557 -0.9849003495549973 -0.1731222153463967
233 0.04764909478746167 -0.0877584671592597 -0.996141782800951
234 0.056934262699037966 -0.954472191015599 -0.2982999104557055
235 0.08606077539677734 0.7464484102310482 -0.6654432889912864
236 0.03275579722820304 -0.02641324836097639 -0.999651109293148
237 0.02311059181181052 -0.6807250272581252 -0.7325390346353051
238 0.1199320984137047 0.5263085688393361 0.850293649491921
239 0.055152108558105435 0.6980663807681469 -0.7160330495453827
240 0.04147071707060488 -0.3486453811738677 0.9372547136110485
241 0.027473108093116805 -0.9552975444344993 -0.2956460748892429
242 0.0567109812698388 -0.9928166978680639 -0.1196453276745626
243 0.054955223589319355 0.74173613584972 -0.670691810576755
244 0.15014982423760814 0.5695576972398104 -0.821951354713212
245 0.07141545083187974 -0.9659687131654595 0.2586589360247704
246 0.03489676737737898 -0.955105305660941 0.29626652713109614
247 0.02130605310236281 -0.13814178603015373 0.990412463043756
248 0.03374235847963981 -0.9410412597205772 0.33829180821224347
249 0.16146567618457036 -0.2996701882516592 -0.9540428597674295
250 0.028101854109193868 -0.12117011537753472 0.9926317560603202
251 0.039855135381857254 -0.19113871781424185 0.9815630344263825
252 0.03876481385802084 -0.17756527027967292 -0.9841090258657862
253 0.07118945467575677 -0.8222589828018729 0.5691134906164405
254 0.030292692874212778 -0.6869922704885687 -0.7266647234378185
255 0.06954921972907406 -0.9885377192055701 -0.1509740961484764
256 0.06483671055199532 0.4864968744629213 -0.87368231705684
257 0.027192983157463418 0.2814238422611839 0.9595835664531528
258 0.02790345916341939 -0.5168443884055143 -0.8560793644129788
259 0.08559436652212452 0.6694886174003409 -0.7428223146697869
260 0.0910776931461967 -0.8488349368179028 0.5286579707498479
261 0.049669606179076016 0.672488991951704 0.7401071244784643
262 0.049861278747237336 -0.310188818151937 -0.9506749692158223
263 0.11069106784463739 -0.9982434632727779 0.059245151980310905
264 0.04946135349043265 -0.036217974561077865 0.9993439139348841
265 0.04435299330841249 0.4960766324385242 0.868278742540927
266 0.08067468029405261 0.8889989909622702 0.4579091548201077
267 0.04152736481709078 -0.7510617751897938 0.6602319364047423
268 0.13224373676462667 -0.27078933446104686 0.9626386322718111
269 0.03808486816743978 0.6793038720561111 -0.7338571042168731
270 0.12886575002563186 -0.9788903557885019 -0.20438608402790104
271 0.04388383852570835 -0.24503191562757462 0.9695150129440395
272 0.12261172426001012 -0.5426013248700664 -0.8399903584263623
273 0.03200327559485402 0.2779491909694259 -0.9605957772338173
274 0.04950684626706825 -0.9941386936374722 -0.10811224635895911
275 0.035940108747029034 -0.6721666319343382 0.7403999047231488
276 0.0445193308979075 -0.7428214799156015 0.6694895435897379
277 0.04870490025391836 -0.622966559323969 0.7822484681762284
278 0.08106252133914715 0.876211511273253 -0.48192674496466986
279 0.031114683235141955 -0.3783784354189712 -0.9256509923345253
280 0.15211460047110026 -0.764954908367 -0.644083836286267
281 0.03240729131770702 0.9311315095865199 -0.36468357771515914
282 0.06446085036947445 -0.22565045944852033 0.9742083299534405
283 0.051429886857601866 0.5957489321860553 -0.8031707226979672
284 0.04267742325127386 -0.808970599965109 -0.5878491034203349
285 0.06763895236449685 -0.9999184708990246 -0.012769164223098763
286 0.039575812183453574 0.5933265232471442 -0.8049618853159795
287 0.019694988353955306 -0.9898274470559781 -0.14227306510596036
288 0.0498487758823206 -0.7476984752886682 -0.6640383950126687
289 0.05251201937812251 0.8954505331010845 0.44516103015536257
290 0.04318118112630286 -0.9026911461762289 0.43028908261196464
291 0.040925190523102443 0.997652251416002 0.06848346694336113
292 0.03509686786508563 -0.16865156035466802 0.9856757332865286
293 0.10432359635381769 0.5599060481865357 0.8285561038361475
294 0.017365341092773826 -0.44374949025890276 -0.8961508745155382
295 0.03392799198717879 0.9191690464076661 0.3938632556180151
296 0.055287139078646665 0.4548198118882973 0.8905834821699165
297 0.05440260983746935 -0.9945565546780218 0.10419817439371502
298 0.06238615353980484 -0.2635251418584609 0.9646525279127599
299 0.08123947472719552 -0.9556929969336899 0.2943652418542349
