0 0.023810899572022103 -0.8551004316712937 -0.5184623918430027
1 0.04080850597534535 0.6127203834916775 0.7902997732846769
2 0.05026921734762139 0.7065921911308797 0.7076209970265597
3 0.0020058891289902133 -0.544309609954485 -0.8388844071212651
4 0.1351716307386636 -0.1760868962057779 0.9843746263413211
5 0.12654641833690194 0.2180824425655999 0.9759303500991359
6 0.018858431570301124 0.2394823813156741 0.9709007101858429
7 0.10974695286503425 -0.4221506692037472 -0.9065256822014632
8 0.036151458929142684 -0.5299925076276351 -0.8480023242058781
9 0.0964188227437877 0.9803705095223729 -0.19716405366811393
10 0.04367594217370895 -0.6601383755296283 -0.7511440109280666
11 0.10210376256673337 0.9907232711275096 -0.1358948124337612
12 0.07721120469735862 0.7599208130625886 0.6500156597146673
13 0.0316608813335112 0.9891466538576762 -0.14693160709038253
14 0.0566748752087441 -0.9530097029051079 0.30293977317070486
15 0.07196405710575267 -0.9124142745294215 -0.40926787271290854
16 0.07663537696826477 0.4301143048231825 -0.902774437379831
17 0.07181615163992004 -0.7889649226362234 0.6144382400612921
18 0.0968733851643523 0.19618258187943863 -0.9805673840012818
19 0.15870875524875014 0.7225751881339306 0.6912923386623164
20 0.02952914908902432 -0.9876797649008373 0.15648860024112513
21 0.1452050524058294 0.5505593387338032 0.8347960316945674
22 0.10783334132000036 -0.022745951837598706 0.9997412773688009
23 0.09511559679925537 0.9720594415387284 -0.23473483362171793
24 0.043408978201381544 -0.9831943830957535 -0.1825617841963669
25 0.06806813132414626 -0.7438041837831333 0.6683975884058132
26 0.05091757423973085 0.04032696306094659 0.999186537164248
27 0.06636775960248668 0.6811449364208797 0.732148602121315
28 0.027438178347382502 0.9879698336261928 0.15464671947581926
29 0.05632758757089371 0.9943801194420567 0.10586868308617545
30 0.03752056293335951 0.15441536090933397 0.9880060203841068
31 0.05899917278868974 0.4634632406823776 -0.8861161461886294
32 0.04240026160682281 0.9839505732168365 0.17844122132023973
33 0.037927185181122036 0.9906371511499077 0.13652118795848103
34 0.05948909263299532 -0.1738389585303453 -0.9847740941439742
35 0.032183366797701736 0.704761164445673 0.7094446427235737
36 0.05408766326490976 -0.7466613558979391 0.6652043442496832
37 0.09731594331680206 -0.5668732686672584 -0.8238050116808578
38 0.04748769688607587 -0.37671131060185603 -0.9263307122537998
39 0.02780657377764919 0.9989760617197891 -0.04524188447467739
40 0.03320310726946518 0.8175238729333386 -0.5758947101546205
41 0.11255162469981422 0.9503719497272833 -0.31111598668593365
42 0.033137196678821444 0.3447740740288486 -0.9386856970666753
43 0.08770797543483039 -0.8620067660745446 -0.5068967698079218
44 0.04381487679156456 -0.9356521586469515 -0.35292355832290345
45 0.15469315154812316 0.5714854633324383 0.8206121892829208
46 0.029171751108297346 0.4097040978362078 0.9122184783352172
47 0.04024695471267238 0.9157540690477244 0.4017393247150888
48 0.051991330442058725 0.1960686211787527 0.9805901772856297
49 0.0923159024356731 0.9026292443411984 0.4304189206575812
50 0.022772841318338302 -0.9910749390818331 -0.1333059080608986
51 0.0478202545771096 -0.08094459312959354 -0.996718602637216
52 0.03119781120819981 -0.5703203784919016 0.8214223431809328
53 0.026875952887215945 0.004947151033905566 0.999987762773449
54 0.04235239461317481 0.6584661086372104 -0.7526103797956611
55 0.05085643075179101 -0.998731232921857 0.050357962492415406
56 0.01816565426484146 -0.5457761380730589 -0.8379310276568456
57 0.05116014716926411 -0.9269787975993278 -0.3751137278230491
58 0.06705819888650856 0.37223357677264557 -0.928139086733795
59 0.0430888218703034 0.9172350190427244 0.39834648215051816
60 0.07577990533904105 -0.9530284321599134 -0.3028808470253895
61 0.06666438696185689 0.05059934138076106 -0.998719032887545
62 0.026505950200693636 0.3185823595470172 0.9478951841767396
63 0.10169837929474264 -0.46886111887855403 0.8832719010610212
64 0.03432055089868397 0.989470046997224 0.14473778392427944
65 0.03505022431729627 0.5285271203109633 0.8489164170257285
66 0.10711516601139817 -0.7826427014690673 0.6224712056289835
67 0.05967695995160161 0.39112073627755795 0.9203393774329668
68 0.03408844505642669 0.998560560324872 -0.053635877579076535
69 0.044617738751658705 -0.04173239594510889 -0.9991288240906078
70 0.05149602971691221 -0.9672200255670758 -0.2539398002323098
71 0.054811760823177284 -0.7417095910661807 0.6707211660000293
72 0.03228531119059226 -0.43791515946591614 -0.8990163030278935
73 0.03207199041363474 -0.885415029959904 0.4648012744400582
74 0.037472736569512104 -0.999655952840926 0.02622929563866288
75 0.019826249784179833 -0.6077603671673646 0.7941204795876946
76 0.05382446128290756 0.889773759590504 -0.45640185883076767
77 0.07997207874435276 0.010145040993835812 0.999948537747435
78 0.047731951500331 0.8879342623075868 -0.4599703749376493
79 0.05514073983329026 0.34791041097099557 -0.9375277840885533
80 0.04341470080220838 0.9699003991152703 0.24350198314600946
81 0.03223577039798273 -0.9943205965133183 -0.10642627189467366
82 0.05021187794254396 0.6455924378349728 -0.7636821355841034
83 0.0588388655395402 0.9378231845210657 -0.3471133454287908
84 0.08875944299514509 -0.7281421958201179 -0.6854261029945221
85 0.05141935799761244 -0.6874289636960352 0.7262516229736048
86 0.07319175712000045 0.26992938226370067 0.962880121609506
87 0.04431806243691112 -0.32910376125999347 -0.9442937648446723
88 0.07374803052990202 0.9812380609955901 0.19280007171579214
89 0.05592552840118722 -0.9991571266441546 -0.04104919336840618
90 0.04568627282651493 0.6253806245101673 0.7803198539619975
91 0.06497275423509223 -0.14717403050827185 -0.9891106129973282
92 0.04916649469371001 -0.857237658268973 -0.5149209621345081
93 0.03041222528523152 0.9982609996917257 -0.058948931241172293
94 0.030724418851226093 -0.7201131048958883 0.6938566971336396
95 0.0592679260913546 0.7049997971448139 -0.7092075056186105
96 0.02150467743573736 -0.7494082127082192 0.6621082469849415
97 0.050379172278216505 0.8958973714872991 0.4442610716258497
98 0.10376803151340175 0.7197867702684443 -0.6941952213509697
99 0.10963511504933814 -0.7117655406125926 0.7024171233650728
100 0.050737059663727054 0.01979296861325209 -0.9998041000083341
101 0.06605475483861135 -0.468245783093695 0.8835982608714055
102 0.09272443166698716 -0.8036439187400113 0.5951104535060682
103 0.10331375215964937 -0.12582653325441734 0.9920522584668486
104 0.034653257642966444 0.5108607451671221 -0.8596634801172449
105 0.06199135974930356 -0.9913693005009968 0.13109885592240825
106 0.12999474664221408 0.981965346584682 -0.1890609904417758
107 0.06339608077368586 0.9970711634361273 0.07647937659348054
108 0.004713481906831672 0.6142931057123767 -0.7890779304189433
109 0.027939304431178317 0.48939542894496835 0.8720619898423336
110 0.08192254118572673 -0.18042346323357517 0.9835890269389969
111 0.06361581799569366 0.3234208745791651 0.9462552181554656
112 0.10743787707094038 -0.3677503777426129 0.9299245451487801
113 0.018295377504254376 0.18075969916260934 0.9835272905001889
114 0.08991676478381967 0.9137202530461854 0.40634381891843113
115 0.10733874815515564 0.8973329550248937 0.44135424301380866
116 0.08567427878884988 -0.00027356362150475087 -0.9999999625814718
117 0.07025949303593772 -0.9959696544455604 -0.08969084358835605
118 0.09289604151879062 0.5428332699593175 0.8398404854645165
119 0.11030963038398447 -0.9999690306057083 0.00787005905187771
120 0.015581471029779546 -0.7161988082710642 0.6978963153872555
121 0.04054198637375873 -0.014653927361602486 0.9998926254417926
122 0.044999898972515814 -0.04953286360243237 0.9987724943265823
123 0.09083319864410602 0.7509529878959373 0.6603556692950885
124 0.06683247796320296 -0.6433349172130545 -0.7655848642015282
125 0.02941838614076034 -0.7055939062392167 -0.708616426198323
126 0.06059931205700783 -0.8968145395833389 -0.442406692526146
127 0.020256495152894387 0.9380502277877264 -0.34649930757130626
128 0.022018394473854393 -0.8559929893570797 0.5169874294134533
129 0.0713439227858961 -0.7882875487117166 0.6153070294950913
130 0.1179475739008554 0.804343259353645 -0.5941648938908751
131 0.05340873128675677 0.8526737385531117 -0.5224437726510478
132 0.08965459098933871 0.8881655508194913 0.45952361673532033
133 0.09009545767607235 0.986596598860344 -0.16317828016375682
134 0.07063045754401058 -0.9265053095096211 -0.376281691622754
135 0.10703854351197192 -0.15006860660824636 -0.9886755854731416
136 0.11887981222109915 0.30184062094987507 -0.9533584003639942
137 0.0674292894131659 -0.8528707793851511 -0.5221220486351491
138 0.06244070015315635 0.9883557700318143 0.15216067772200334
139 0.014321312522480372 0.9778964714381442 -0.20908967250638383
140 0.13045480750286684 0.9043158031012813 0.42686406297706125
141 0.06089303514004023 0.6433034536114971 -0.7656113025364244
142 0.03576188901486648 -0.671442915942056 0.741056280339914
143 0.05891012774542644 0.8765522840915936 0.4813066519941422
144 0.07847931737655174 -0.6956715065035752 0.7183600455475277
145 0.06014910047449805 -0.6943401725567094 -0.7196469445317745
146 0.1091092158535609 0.8704391926013382 0.49227595105136956
147 0.1226088673907543 0.3533664277079932 -0.9354849906700222
148 0.1264692225633424 -0.7167170463619904 0.6973640910271652
149 0.17538351075876077 -0.8782688744807818 -0.4781671089883334
150 0.02578238787541443 0.4019344715227167 0.9156684337694264
151 0.0455380003926995 -0.9624523843567983 -0.2714505624343296
152 0.05909298501899268 -0.3131909047839538 -0.9496901900939108
153 0.004477293379848542 -0.890556823152431 0.4548720091813188
154 0.047834466581241436 -0.12413758617949337 0.9922650148511378
155 0.07980109848091217 -0.198717185767069 0.9800568759418079
156 0.12856841284481998 0.7421529254105085 -0.6702305836834248
157 0.05907931479397025 -0.6332650846017662 0.7739349666634258
158 0.05356638475071232 -0.49704366876689254 0.867725527651888
159 0.058789963007713886 0.8702366686611525 -0.49263388080555276
160 0.03669010359021299 0.4593797440879763 -0.8882399736116728
161 0.040347616464113355 0.8790079277997942 -0.47680715479647723
162 0.06965000287317252 0.02905228980796144 -0.999577893141357
163 0.03879294029245315 -0.9996251988655042 -0.02737629984313485
164 0.11203143534432654 -0.0014937073949225295 -0.9999988844184869
165 0.0470827696841129 -0.4806117450310263 0.8769334926539365
166 0.04387901752608957 -0.03359366809603023 -0.999435573443258
167 0.07887105782339898 -0.20445279467109345 0.9788764246579748
168 0.06425446685962134 -0.9998655298209321 -0.01639884983487083
169 0.1525597215240045 0.7809522380763545 0.6245907474847293
170 0.06459699309735746 -0.7095518247958753 0.7046532536849904
171 0.034264586896684116 0.698103506832062 -0.7159968531696052
172 0.056118051510442996 0.5875525388022866 -0.8091860194955097
173 0.04874710690188045 -0.5365097564249953 -0.8438941173279929
174 0.0965241144188123 0.8105436550777808 0.5856782249778043
175 0.036417280612362 0.4319701371933164 0.9018879090957963
176 0.01806966637633616 0.18982545682584473 0.9818178527307697
177 0.024363092585339897 0.5654465056257911 0.8247849715383896
178 0.045954921989982626 0.7688846294384475 -0.6393875402393303
179 0.07993000736893507 0.989856315990516 0.142072072180579
180 0.16789063955803835 0.7526250659412852 -0.6584493223604047
181 0.055622466804328856 0.225768356580044 0.9741810145795011
182 0.05247329013637426 0.9178574431544111 0.39691020904739527
183 0.06707459678922836 -0.9197800764985399 -0.3924342121634404
184 0.10040829717151029 0.92458249634095 0.3809818991237472
185 0.10531903362358305 0.9684201469669121 -0.24932392373894718
186 0.08346643266776227 0.908719186629986 0.41740800166088904
187 0.025579411644731438 -0.5003437547966308 -0.8658268458739362
188 0.029226699106997753 0.7504607485335659 -0.6609150209447806
189 0.04747866212525073 -0.8795577703416393 0.4757921065251546
190 0.05369643838334849 0.16597769600167717 0.9861295069259285
191 0.049777568886644814 -0.999697259468675 -0.024604662379731402
192 0.022878074407219885 0.2253781082666448 0.9742713730343043
193 0.1046676553431956 -0.592048728990839 0.8059021668294062
194 0.030800374776527365 0.828241770562687 -0.5603709213504796
195 0.032094524976067025 0.9871949556696081 -0.15951839862686856
196 0.07368616988154299 -0.9084794643218199 -0.4179294951370855
197 0.044706069445929704 0.1941538242974496 -0.980971096674451
198 0.05943898498521691 -0.08685870126785715 0.996220641230677
199 0.0919079287162477 0.9584252365592523 -0.28534376798230804
200 0.0465875094711263 -0.08292217667142462 0.9965560258289913
201 0.12328335777207469 -0.003082900201197321 -0.9999952478518833
202 0.03282168720598366 0.9971051024219808 0.07603561483969928
203 0.09223972850494985 0.1960486698694968 -0.9805941663310062
204 0.017991109891131687 0.6342110858473802 0.7731599437298126
205 0.08038434089984178 -0.8990895759214584 -0.43776470217386426
206 0.05946961372640936 -0.5888130449221768 0.8082692609084392
207 0.0705015637081392 0.6088948037159885 -0.7932509804643596
208 0.054312015923204435 -0.3024672339568718 -0.953159783238088
209 0.02242094974669705 -0.9932169026602 -0.11627632721271643
210 0.04764096473261678 -0.9994730897809031 0.03245832410668747
211 0.050754129905793435 -0.6347345737914252 0.7727302380739464
212 0.13397258586140356 0.5222619072627699 0.8527851430590556
213 0.029558316871818025 0.9997636086970663 -0.021742279664729105
214 0.04894475096597465 -0.2623608311622904 -0.9649698411203493
215 0.06919623820976349 -0.9971488320967168 0.07545996718892527
216 0.0863018963140885 0.10486736136272193 -0.9944862173609146
217 0.07833326841398194 0.9805877567916468 0.19608072631017634
218 0.05937226157592526 -0.7868157934585555 -0.6171879026392074
219 0.05933345829746238 -0.24152412737879816 -0.9703948144409625
220 0.02474776472053228 0.5968818789337335 0.8023291236148268
221 0.0384584149288739 0.399133969801689 -0.9168926186584471
222 0.025368898214939917 0.9027592088528963 -0.4301462667875809
223 0.07385762018059316 0.7024209666598182 -0.7117617477756771
224 0.08604486075232162 -0.9889622092042241 -0.14816797483228478
225 0.021035002882110767 -0.9995866128600104 -0.02875071113993049
226 0.08786989952782809 -0.6715765339500253 0.7409351922048719
227 0.051566038615718984 -0.9051854332681087 0.42501686013524964
228 0.03485432649057131 -0.6565233515949542 -0.7543056998396128
229 0.048799483175010976 0.1651880388294797 -0.986262090839788
230 0.12792060886482923 -0.004417325296801606 0.9999902435710172
231 0.0477573276262672 -0.7785145689677112 -0.627626533780256
232 0.06936095510802204 -0.9843155097699938 -0.1764170548054728
233 0.04924669502805162 -0.07521349664529973 -0.9971674533007922
234 0.05559262706888525 -0.9660151619079523 -0.25848540957654215
235 0.0843420356690476 0.7240158086945889 -0.689783378141515
236 0.031826561741613496 -0.025974454843104712 -0.9996626069307601
237 0.025157284138833492 -0.6787250374423383 -0.7343924860378792
238 0.11719306753577617 0.5370035990563702 0.8435799515164554
239 0.05634847480117944 0.6918970748522288 -0.7219961480582353
240 0.03875120400613755 -0.3340972825451154 0.9425385964489568
241 0.029299093877240685 -0.9555217072307605 -0.29492078090703083
242 0.05083145290802803 -0.9926180446374548 -0.12128238726260201
243 0.05753599664915387 0.7304093050769318 -0.6830096976302998
244 0.149180228373261 0.5784500171335571 -0.8157178296924663
245 0.07013869332421682 -0.9600670877916488 0.2797698821161107
246 0.03634584175478839 -0.9560195538805385 0.2933029365656883
247 0.02429911720059039 -0.13657507893116044 0.9906297228606394
248 0.03582313876464494 -0.9410832729564333 0.338174915334664
249 0.15993922280293854 -0.3052911136921838 -0.9522590697392103
250 0.03021163849809321 -0.11127173204289859 0.9937900188914022
251 0.03938095711688333 -0.195469550646015 0.9807097709160671
252 0.03875238688704045 -0.18894654002574213 -0.9819873751796917
253 0.07105813534394584 -0.8081066969256375 0.5890361333432236
254 0.029964068367796578 -0.6835592799779149 -0.729894999815778
255 0.06923236572951344 -0.987736494387603 -0.15613013051582555
256 0.061022360002574334 0.459847265120588 -0.887998025201135
257 0.029611367878056846 0.2843058873076365 0.958733624341098
258 0.029819749840421534 -0.5052602927281639 -0.8629669962358063
259 0.08408549260815575 0.681954269644398 -0.731394814114631
260 0.08572947370693917 -0.8303632026959631 0.5572225332921336
261 0.050709108749870016 0.6818187962613445 0.7315211063699607
262 0.05175746725761491 -0.3041812482092617 -0.9526141759589007
263 0.10741773932121809 -0.9966999854314221 0.08117351194203051
264 0.04937973638010563 -0.029080980929508317 0.999577058834474
265 0.04623012647109276 0.4894548801227647 0.8720286235692095
266 0.08129978860222252 0.8871878688495748 0.4614083715822132
267 0.044322279916982454 -0.7595482388466323 0.6504509765270395
268 0.12832229438496628 -0.2668178303551991 0.9637469820469189
269 0.03699274931298028 0.674815732736436 -0.7379862646766449
270 0.12670236545019742 -0.9763763184038011 -0.21607703455073418
271 0.046893695635003334 -0.24089551749115984 0.970551054634771
272 0.11918412158825124 -0.524617178301864 -0.8513382501864873
273 0.03268184519858219 0.27888775574814734 -0.960323705681455
274 0.049204529812670296 -0.9947755805320045 -0.10208596562316218
275 0.03793573636251117 -0.673989788933629 0.7387406611343402
276 0.04564962365891453 -0.7523426513566217 0.658771990107115
277 0.04748874039736311 -0.6165416416224433 0.7873223000433195
278 0.08131157969906037 0.878921590942288 -0.4769662849463025
279 0.03363157660124665 -0.3839946052979956 -0.9233353362143336
280 0.1487934437484217 -0.756822482855858 -0.6536204781399483
281 0.035285822310430745 0.9312686212063822 -0.3643333022883905
282 0.06304636467635184 -0.20166440054772622 0.9794546796823864
283 0.05363056521960814 0.601832929435239 -0.7986220163803391
284 0.04461576413316785 -0.8146060371283638 -0.5800146586716777
285 0.06769512603157464 -0.9998824473760063 -0.015332691523932311
286 0.04100769515247336 0.6002568961347863 -0.7998072634345305
287 0.022367844345979365 -0.9909041376054444 -0.1345696476788526
288 0.048637219369888435 -0.7598261878340682 -0.6501262679522705
289 0.05037502609402099 0.8934913868408302 0.4490803287177583
290 0.043471209583885395 -0.901364009333404 0.433062261895921
291 0.04422002858314828 0.9975882430060797 0.06940963489345499
292 0.036227150262919235 -0.16267067026676554 0.986680420924101
293 0.10383078337226448 0.5479872535869124 0.836486682444062
294 0.019667488056612854 -0.4389261064450054 -0.8985231622395873
295 0.03512883647580939 0.9151946702271573 0.40301205389889366
296 0.053330964210503054 0.4498769474874847 0.8930905509069855
297 0.054265395619617164 -0.9962879024817177 0.08608376948402854
298 0.0616754784616295 -0.2646272464983063 0.9643507766423609
299 0.08182767726475265 -0.9532020917507237 0.30233387551189983
