0 0.02669894150641204 -0.8496895658442262 -0.5272832651388155
1 0.03923677637122913 0.5975341760838206 0.8018434438291739
2 0.048130061102072956 0.7044506981176996 0.7097529245600089
3 2.1342875643770576e-05 -0.5703343381146261 -0.821412650722736
4 0.13237041887404297 -0.16154815470395767 0.9868648305172022
5 0.12675027242050502 0.23163623012094012 0.9728024757859937
6 0.01997713786170425 0.2316852347847355 0.9727908058687346
7 0.10928441070260254 -0.43344371535541665 -0.9011806398380363
8 0.036503213282069784 -0.516535594259191 -0.8562657180240865
9 0.09098628352097494 0.9831948726508414 -0.18255914765657666
10 0.04439403396859064 -0.6626350692225675 -0.7489424310562215
11 0.0985307186917239 0.9906346488574208 -0.13653934408489948
12 0.07471552656526079 0.7550918302008554 0.655619041794793
13 0.0354584715025633 0.9888927578666122 -0.14863079572876453
14 0.051853913621201016 -0.9479544033981295 0.3184061071620587
15 0.07090039862112615 -0.9077129547061008 -0.4195916966036388
16 0.0747997826882229 0.43252495644206346 -0.90162196183034
17 0.07177793941360214 -0.7779634538095751 0.6283095292422972
18 0.09405258009529244 0.23201571749620978 -0.9727120369537529
19 0.155805361696646 0.7273837770096425 0.6862308947746281
20 0.03135313633738431 -0.99019125041464 0.13971860148989412
21 0.1416433770850508 0.5415875416110489 0.8406443568904156
22 0.10384980518065631 -0.010251924282036485 0.9999474476433826
23 0.08924449043961828 0.9751122057035492 -0.2217119443962348
24 0.04219139025846053 -0.9890749729675541 -0.14741335709233494
25 0.06582267759670574 -0.7613279317436701 0.6483670105325421
26 0.04713236807905805 0.09775895967890302 0.9952101214329055
27 0.06346547300484383 0.6902180833994422 0.723601407784977
28 0.0291895062884853 0.9885841478847993 0.1506697798195947
29 0.05546718559653447 0.995524538625072 0.09450340203049579
30 0.035829730297051034 0.15031584134693612 0.9886380267014631
31 0.05651839618449225 0.49980133443028035 -0.8661400730261307
32 0.04437251864414345 0.9855222751820027 0.16954599706300613
33 0.03595397386006693 0.9817952234535284 0.18994246287714642
34 0.06172607221060518 -0.17361769507552866 -0.9848131274290878
35 0.03224331930278131 0.6983762743887753 0.7157308009097094
36 0.05211371909465677 -0.7327704955029732 0.6804758635839533
37 0.09747467788727038 -0.5550985923965496 -0.8317845590772704
38 0.04709245868039341 -0.3814902369287853 -0.9243728680181063
39 0.02806713007262723 0.9987467481328907 -0.05004930662832622
40 0.037160703472221154 0.8207468902356554 -0.5712919937899541
41 0.11143860153406117 0.9522543783190613 -0.3053057467067694
42 0.03496942974411174 0.3383343129021128 -0.9410259787662906
43 0.08308139464526051 -0.8752614545926602 -0.4836500657545087
44 0.047556163352018004 -0.9335667002193668 -0.35840370567493135
45 0.15461765346367293 0.5721788698364043 0.8201288562858492
46 0.031334316605028 0.4146533634565554 0.9099794438195655
47 0.04202800444288498 0.9171003921170092 0.3986563316678011
48 0.055214546915781974 0.19471049305161645 0.9808607566293986
49 0.09264843749585065 0.9090572718024367 0.41667118520856555
50 0.01420381774726444 -0.9782773390212605 -0.2073003809873052
51 0.0474663713285505 -0.08025891465847539 -0.9967740499320011
52 0.03162360607519663 -0.586847426070989 0.8096975352030257
53 0.025464478509087975 -0.003215634231351589 0.9999948298348798
54 0.039795463312838356 0.7045070228166681 -0.7096970161991628
55 0.049517278803247036 -0.9997011329699492 0.024446773582622275
56 0.020070553726371922 -0.55574679359294 -0.8313516111797499
57 0.05180528137377176 -0.9255013161964533 -0.3787443910061675
58 0.06315621620825694 0.41454210857342755 -0.9100301314898845
59 0.04609357444180215 0.9241045876513304 0.38213964866494093
60 0.07349620163332851 -0.9513265060926532 -0.3081848127431736
61 0.06736956420005358 0.06192307535907827 -0.9980809249445026
62 0.028174663830200303 0.32300712571157075 0.9463965325060893
63 0.10176757601381037 -0.4490427922226344 0.8935102521811935
64 0.03730851863494837 0.9878702607384624 0.1552815119340432
65 0.03606578562769816 0.5236482042046184 0.8519345973918879
66 0.10903093797828069 -0.7819031393369064 0.6233999363932358
67 0.05873926558901481 0.39662506378345663 0.9179806962996384
68 0.03476837972895004 0.9986050215891534 -0.05280161793852853
69 0.048520002389875395 -0.017834962453741342 -0.9998409444077961
70 0.051020568811811266 -0.962021295558033 -0.27297440702901776
71 0.05236216214559154 -0.7578744351439328 0.6524004449379728
72 0.03245963954039247 -0.4331923185653494 -0.9013015117794804
73 0.035509117274091166 -0.8842139345776822 0.4670821318554741
74 0.041154376428556384 -0.9998953667790366 0.014465666034298408
75 0.017130220068245626 -0.5881175708660773 0.8087754464859728
76 0.0558225811431998 0.8819770121787508 -0.4712924251335297
77 0.08033121466238131 0.025225676784813997 0.9996817819840212
78 0.04464818534117462 0.8729713818886634 -0.4877714284410243
79 0.05392655163528536 0.32535593688156633 -0.9455916213333948
80 0.04228190144653256 0.9740775246795502 0.2262144467406099
81 0.03520648193235111 -0.9956149347320816 -0.09354625453984215
82 0.05199245515275115 0.6390364565342818 -0.769176447390395
83 0.05665293441309371 0.9372756272246765 -0.3485891544649507
84 0.08902476789839726 -0.7055523756336272 -0.7086577772364776
85 0.04891231495007021 -0.6875089980620654 0.7261758585795144
86 0.07468548143635739 0.23648730917037836 0.971634577709827
87 0.045746437128132186 -0.3208465886051033 -0.9471311770713007
88 0.06846976258189363 0.9704585467322988 0.24126791969558367
89 0.05404989311450663 -0.9970867596316779 -0.07627577444510515
90 0.040568952128559606 0.6293010490629507 0.777161623890597
91 0.06411214284480118 -0.16420212234511278 -0.9864267144686222
92 0.05118980977986408 -0.8598099408540433 -0.5106142042761508
93 0.03316500378828691 0.9981266454196763 -0.061181694184319894
94 0.03253866558236175 -0.7211328961947229 0.692796756650759
95 0.06122185415309161 0.7041531300926707 -0.7100481458187848
96 0.020779749715372327 -0.7540928815695158 0.6567677869431358
97 0.05333985261367871 0.9032739583363962 0.42906427978951855
98 0.10191334545465354 0.7159287683291436 -0.6981733299680783
99 0.10822182542895241 -0.7028304502009869 0.711357405437153
100 0.050447051813439156 0.0034904821767663898 -0.9999939082485321
101 0.06514091005516498 -0.49597229776146634 0.8683383441108721
102 0.08935704208235337 -0.8057611461909324 0.5922406396804215
103 0.09971397822888095 -0.16543241264066944 0.986221129791837
104 0.036210533280798964 0.5123399674663528 -0.8587827185828651
105 0.06283001855438188 -0.9909762401277684 0.13403764956993033
106 0.12496883460303265 0.9800641644415465 -0.1986812360981612
107 0.0634658775451969 0.9964065836782042 0.084698996468257
108 0.00018513388153439786 0.7453500203024152 -0.6666733437262881
109 0.028112932953210636 0.49999986636431143 0.8660254809390256
110 0.07878155309264458 -0.16183740005766933 0.9868174380008563
111 0.06231791291068173 0.3349595881238276 0.9422324948354922
112 0.10195870356143054 -0.3958739577310664 0.918304856564715
113 0.018343327767262867 0.18198197616153067 0.9833018663423476
114 0.085105974276383 0.905076540829341 0.4252486981054665
115 0.10189241669627917 0.9000862512927857 0.4357117627901503
116 0.08433989294976715 -0.007228282618019381 -0.9999738756239555
117 0.0648708513402552 -0.9952205187941797 -0.09765305407944885
118 0.09320006979349316 0.5528368117310831 0.8332895412730266
119 0.10343322430032856 -0.9996339350288584 -0.02705542346221899
120 0.008286735140696522 -0.7014690119725066 0.712699954568762
121 0.03887139708428742 -0.023405560578074094 0.9997260523433538
122 0.04851521755129805 -0.024886566598253737 0.9996902814386818
123 0.08827514136721137 0.75092434786843 0.660388237159304
124 0.06744816707281885 -0.6452627923860932 -0.7639606853510864
125 0.030082333234973155 -0.6939309378713737 -0.7200415637065375
126 0.05953491881286968 -0.8909341744756051 -0.4541324660839304
127 0.021320343859431604 0.9379490437501582 -0.34677311217590656
128 0.025164458078996227 -0.8518852714500844 0.523728445175948
129 0.06903791250422002 -0.7705901337681554 0.6373310330896937
130 0.11518333515041751 0.7979255272310385 -0.6027560476619618
131 0.050797461063676906 0.8628307061026741 -0.5054929995621709
132 0.08693013736501716 0.8950571394512469 0.44595147394907353
133 0.08995576086631092 0.9892049860245867 -0.14653837594329033
134 0.07091359486047819 -0.9355662863936596 -0.3531511344503611
135 0.10302025568888337 -0.1554732501510013 -0.9878401026924774
136 0.11566442863177741 0.31358358096590216 -0.9495606024623187
137 0.07049091278101494 -0.8493317096103568 -0.5278594955576233
138 0.06334675930352887 0.9883790403279273 0.15200944918144174
139 0.013363964403490518 0.9776950207821311 -0.2100296320470716
140 0.12602333546393804 0.8987322038068822 0.438497919995551
141 0.060405270599585885 0.6242811234671286 -0.7811997688700502
142 0.0392431303449559 -0.6641187288868116 0.7476271222620041
143 0.057587078814465516 0.8734737588379947 0.48687122796631205
144 0.08079953417589908 -0.69432854138385 0.7196581665066931
145 0.06243602843232038 -0.700388664166547 -0.7137616682808063
146 0.10997760502413896 0.872142217505678 0.4892524424510097
147 0.12282919831509803 0.3559181568503331 -0.9345171296580185
148 0.12007485007998471 -0.6946766773333563 0.7193221211453795
149 0.1735943225065303 -0.8680085258955682 -0.49654929158403055
150 0.027043150820400735 0.39663564374753024 0.9179761250212243
151 0.04134667454694506 -0.9609691130759559 -0.27665567717654127
152 0.06100963607474257 -0.3120765174324068 -0.950056970537694
153 0.00018374407839454737 -0.8172351377313125 0.5763043724086108
154 0.04508924002031284 -0.14696638759524 0.9891414868041911
155 0.07671829263225444 -0.1988834920115649 0.980023140851932
156 0.12155212832134604 0.7330925522738296 -0.680128892049619
157 0.05881370124845085 -0.6458164678947669 0.7634926913834392
158 0.05327663319885179 -0.5217849972795547 0.8530770285349237
159 0.05837295253596083 0.8708888146983064 -0.49148008345545297
160 0.03998640858233265 0.463113989778451 -0.8862987264300253
161 0.04173873984744863 0.8883855018005198 -0.4590982467736494
162 0.0690201043392916 0.020521328824838075 -0.9997894153586858
163 0.0400385954587603 -0.9997912370144048 -0.020432385793300464
164 0.11337985494457341 0.029358348328197222 -0.9995689507900094
165 0.04404804009076501 -0.46610759480271957 0.8847280429980864
166 0.0420645575999378 -0.0362311829164319 -0.9993434351535392
167 0.07443674242323858 -0.197817339277917 0.9802388995959125
168 0.061701099241572174 -0.9997724510652201 -0.0213318093710345
169 0.14963568345795225 0.7839038746910081 0.6208822072216471
170 0.06041120287800757 -0.6968867738598941 0.717181165689081
171 0.03161434487855846 0.6788268536261506 -0.7342983745018238
172 0.0548734473345612 0.5835040744331296 -0.8121102111905358
173 0.04965295407664762 -0.5212086167748701 -0.8534293045118774
174 0.09065789648763226 0.8230339733432585 0.567992146708745
175 0.03011351038689374 0.4519354644026581 0.8920506353426098
176 0.019886490227744483 0.1919833140191484 0.981398189899607
177 0.019048905469915348 0.5574107802676759 0.8302368469547595
178 0.04368286040976759 0.7790662290475241 -0.6269416326562391
179 0.08194204675381941 0.9922142190568144 0.12454293838462292
180 0.1611074065781536 0.7536057408416583 -0.657326697594503
181 0.05466096062672845 0.23382659958643148 0.9722783147462699
182 0.04936751708626079 0.9328835446571926 0.36017813940858745
183 0.06459344456856649 -0.9137199656663317 -0.4063444651311465
184 0.09706322433950675 0.9340313726524877 0.3571909781908127
185 0.10573668098956858 0.9675668253934118 -0.25261519827222406
186 0.08262218047031711 0.9149236336733568 0.4036269868900507
187 0.02821647351832521 -0.4844184360051669 -0.8748364297731936
188 0.027812334280559743 0.7648754957208566 -0.644178139993724
189 0.04784665714622735 -0.8750212918590391 0.4840844335375166
190 0.05599637724018195 0.14597047017204287 0.9892889475970874
191 0.043126827203094645 -0.9999745324174587 -0.007136842192797161
192 0.02375156811104266 0.23924371971904893 0.970959547342212
193 0.10415711152675566 -0.5985848586967754 0.801059402877815
194 0.031924503532942614 0.841216659509268 -0.5406981891629268
195 0.03452426234724246 0.9888319040985699 -0.14903511477768125
196 0.0713968562394509 -0.9041667303536601 -0.42717973233941187
197 0.046384249978979344 0.18764685842068343 -0.9822365583324865
198 0.06076957592371934 -0.10242271470938429 0.9947409650313794
199 0.09118503688981465 0.9505820329315348 -0.31047350719143585
200 0.04780700278759727 -0.11724197475417741 0.9931033779802286
201 0.12229450259833531 -0.012906291176609394 -0.9999167103554498
202 0.036336032151705874 0.9972506745181948 0.07410190397692491
203 0.09225116400947714 0.18946635044255228 -0.9818872145261797
204 0.011985606041796736 0.6743409628123368 0.7384201147540136
205 0.07683749439108901 -0.9059803126817008 -0.4233198235768882
206 0.0629915835666628 -0.6024543234065282 0.7981533613340124
207 0.06530450269704943 0.5912278564255425 -0.8065045702204409
208 0.054199322228956646 -0.2797114366828908 -0.9600841172463969
209 0.025463218453613233 -0.9937346062221519 -0.11176552418570139
210 0.048549652595535876 -0.9992530516075406 0.038643742740808784
211 0.052762335934260586 -0.6319544911458804 0.7750054974776316
212 0.12855263208430207 0.5282802134391581 0.8490700890319229
213 0.03060725907058894 0.9998216638620485 -0.01888492711462841
214 0.05187092735477984 -0.2630326190792324 -0.9647869408840065
215 0.06682911968857777 -0.9953962398362931 0.09584532184602843
216 0.08334882973806991 0.1184906693081498 -0.9929551657989935
217 0.0774476739527455 0.9808266650359532 0.19488215196484787
218 0.061717792767636295 -0.7819810214391476 -0.6233022397753657
219 0.06242278618390405 -0.23211682195158514 -0.9726879155037839
220 0.025531664440508313 0.5855820344626509 0.8106131512099854
221 0.03631501086695561 0.3959145596836686 -0.9182873523197882
222 0.029416124175963777 0.9022053448861093 -0.43130675355127085
223 0.07243420621407286 0.739766495522149 -0.6728636801781459
224 0.08414420986642959 -0.9890588024107239 -0.1475218132137232
225 0.022557284121111805 -0.9997029577212084 -0.024372039788820753
226 0.08271263172322774 -0.6508969675900707 0.759166080368486
227 0.053768487406652916 -0.9038378460937279 0.42787515465220766
228 0.03340965498253077 -0.6612630023212842 -0.750154145333505
229 0.04982167177605893 0.18152914818299942 -0.9833855644455813
230 0.12885323494056106 0.007524072812601473 0.9999716937635338
231 0.04698786172616414 -0.7739651090723033 -0.6332282447417342
232 0.0703327100240764 -0.983762350087608 -0.1794760110714148
233 0.04939269030306806 -0.0757163098559073 -0.9971294000388335
234 0.0541820936384679 -0.975875999221494 -0.21832552334404373
235 0.08268561648738716 0.7003718036343276 -0.7137782125240296
236 0.030675251121119594 -0.026296529088795133 -0.9996541864854477
237 0.027158679633550165 -0.676204204840972 -0.7367142413143571
238 0.11409233234117695 0.548353068256049 0.836246920792045
239 0.05767529802896578 0.685888761789149 -0.7277064012713835
240 0.03586233994428629 -0.31963678802910717 0.9475401436025999
241 0.03127344659749047 -0.9557908018301897 -0.29404751850135225
242 0.04435757675136984 -0.9922603796857282 -0.12417463068571837
243 0.06037088324655365 0.7201700584650599 -0.6937975835144082
244 0.1482366884996915 0.5872101450704589 -0.8094345220747201
245 0.06867295877093904 -0.9534081536426496 0.3016834310460451
246 0.03781693783644918 -0.9565597688827766 0.2915362902880687
247 0.027693316801646734 -0.13535804994255685 0.9907967492456504
248 0.038113828867318934 -0.9407000261449558 0.3392395330896435
249 0.1585077510293124 -0.31031712696947633 -0.9506330946844896
250 0.03265703924153256 -0.10493691496408912 0.9944788805589687
251 0.03871925638950594 -0.20000839960420033 0.9797941825137392
252 0.03862155994562025 -0.19763052618640445 -0.9802765809297317
253 0.07097483122944916 -0.7941346643382081 0.6077418324391053
254 0.02935249575436313 -0.6786853388811072 -0.7344291734318815
255 0.0687929288044787 -0.9867559633955425 -0.1622118019853514
256 0.05697233724770907 0.43084544269413316 -0.9024257335147843
257 0.03205212713403828 0.2880604637146408 0.9576122227940213
258 0.031843515383520093 -0.49484786200622805 -0.8689796277634275
259 0.0823867519285617 0.6942823441191471 -0.7197027349152024
260 0.07999682719338491 -0.8076868535860788 0.5896116913225348
261 0.051893461017767414 0.6916803772162639 0.722203749487613
262 0.0537123914978063 -0.2966777176237639 -0.954977660401307
263 0.10390328127989777 -0.9945037744830579 0.10470072845472948
264 0.049243355984945864 -0.021693317171235713 0.9997646723054922
265 0.04830938055863241 0.48409517001541824 0.8750153520754612
266 0.08194853550861145 0.8860940849429054 0.4635054181228037
267 0.045184864249730027 -0.7710323277941487 0.6367960030467658
268 0.12408255581638074 -0.26207942475183177 0.9650463072421701
269 0.03582332544135072 0.6683491574322815 -0.7438477019925245
270 0.12436414263839154 -0.973457411682602 -0.2288682320467588
271 0.050273405049764935 -0.2371537700013144 0.9714721248569944
272 0.11553631711245138 -0.5046049402251029 -0.8633503659004381
273 0.033544449148479975 0.2800908059467649 -0.959973510272076
274 0.048799789733343195 -0.9954453592095597 -0.09533381786202999
275 0.040153698870806824 -0.675069606641888 0.7377540417973776
276 0.04673684435256636 -0.7609847220357804 0.6487697995653975
277 0.046293804226739295 -0.6091931033512041 0.7930219182527865
278 0.08164028956232078 0.8818116122816543 -0.4716018240478184
279 0.03634277557044528 -0.39131049402880996 -0.9202587121363909
280 0.14533278804936686 -0.7477555381940597 -0.6639741373729191
281 0.038393465028625784 0.9318225739495469 -0.3629141643392294
282 0.0616810043721499 -0.17757377959542023 0.9841074904705264
283 0.05596373297700427 0.607628354913678 -0.7942214944868323
284 0.04669003508506152 -0.8206946143252035 -0.5713670886720773
285 0.06753359304903933 -0.9998367318746747 -0.01806957648008861
286 0.0426647832641113 0.6042205096140189 -0.7968171532803341
287 0.025216815486882795 -0.9919290640895566 -0.1267940527564929
288 0.04735007995190727 -0.7712142551660479 -0.6365756613543105
289 0.048219540590967246 0.8912711873459653 0.4534706943198349
290 0.043629437152784854 -0.8994756247030943 0.4369709378951628
291 0.04762525972316387 0.9974660625797839 0.07114389644644696
292 0.037538869367258206 -0.15640702992553623 0.9876926854998332
293 0.10337634653945343 0.5366430028587112 0.8438093904921805
294 0.02214431539954408 -0.4336877074548951 -0.9010632455063947
295 0.03634775518418644 0.9112162738893709 0.4119282731243039
296 0.05137086954012896 0.44514924162229386 0.8954563935128816
297 0.05417356101576077 -0.997754929455081 0.06697089478337735
298 0.06091949682490536 -0.26455384840649315 0.964370914790214
299 0.08248430407199023 -0.9508246566410493 0.3097296762072223
