0 0.02853169201897874 -0.846426048202422 -0.5325062862769144
1 0.038398762055670214 0.5886738854478458 0.8083706183377377
2 0.046849828090546414 0.7033453308510134 0.7108483281052848
3 2.1342875643770576e-05 -0.5703343381146261 -0.821412650722736
4 0.1305958820287798 -0.15213772179354618 0.988359303900899
5 0.12692234509348824 0.23991878088992818 0.9707929638065423
6 0.020532228844814666 0.2268093223926251 0.9739391825344118
7 0.10892169259178643 -0.4404774987612395 -0.8977636510157014
8 0.03663240469231586 -0.507473762332521 -0.861667209857771
9 0.0874716432920251 0.9849476482518738 -0.17285291493956098
10 0.04488373131596172 -0.6644710962721364 -0.7473139649564333
11 0.0961904245984073 0.9905807168083193 -0.13693006787231388
12 0.07327238803259324 0.7517885920558256 0.6594042105224377
13 0.037939052018298 0.9887794341503418 -0.14938283235141145
14 0.04868229780622803 -0.9445317174581804 0.32842021057708964
15 0.07008577516750628 -0.9049897807027939 -0.4254333047887871
16 0.07358282145708905 0.43399282960243274 -0.9009163245572109
17 0.07180796507396317 -0.7718634678654605 0.6357883193128867
18 0.09237292821710616 0.2544248308803734 -0.9670925526708876
19 0.15400732894152816 0.7301346861042807 0.683303256356505
20 0.032524197771359106 -0.9916530109666277 0.12893527772034002
21 0.13940915909650678 0.5359022751305191 0.8442800196083841
22 0.10133332574237292 -0.002139353730554856 0.9999977115801894
23 0.08548216581560177 0.9770314470343375 -0.21309517006724593
24 0.041443554564293994 -0.9919078118908082 -0.12696020128366625
25 0.06444432979847899 -0.7715482781987257 0.6361707745633886
26 0.0448880820230659 0.1327397218815427 0.9911509300983431
27 0.06168836134856274 0.696019174088359 0.7180231955176369
28 0.0302918461145397 0.9890114660627587 0.1478388311520103
29 0.05487350548302367 0.9961733478153582 0.08739943422208962
30 0.034694223525994265 0.1479611204058427 0.9889931783628478
31 0.05484002688572968 0.521624070423133 -0.8531754386731971
32 0.04564342128664915 0.9862882504672906 0.16503177569841188
33 0.034838964472044494 0.9753577315053963 0.22062931716489392
34 0.06312561188638702 -0.17366541822668352 -0.9848047128807574
35 0.032251311797839896 0.6947669437401734 0.7192349365026275
36 0.05089584870999458 -0.7248872237374989 0.6888675582883412
37 0.0977494985709251 -0.5485776669294724 -0.8360996013312151
38 0.046842384803840786 -0.38522604348440537 -0.9228222447586268
39 0.028165820459410795 0.9985622411937098 -0.05360457501179602
40 0.03972717129091647 0.822907733168863 -0.5681750282183152
41 0.11073085426287885 0.9533293297034591 -0.3019324247694398
42 0.03613201675048459 0.33447661494672326 -0.9424040503169442
43 0.08036718954160796 -0.8832670323990057 -0.46887029067435465
44 0.050128312822775925 -0.9327883744738171 -0.36042453918468687
45 0.1546332107677946 0.5726499429438254 0.8198000017360536
46 0.032804167890076605 0.41702169507497455 0.908896531975337
47 0.04314109611723542 0.9181893496211645 0.3961417905778978
48 0.057360514428757496 0.19414920187473161 0.9809720115331552
49 0.09288391657689953 0.9126530287836321 0.4087351820580936
50 0.0086423643249704 -0.9553834791170622 -0.295368257993607
51 0.04703642537553468 -0.07861069120714552 -0.996905391312503
52 0.03187727356223366 -0.5962341722581536 0.8028105703287884
53 0.024552224825809914 -0.00790124278218326 0.9999687846940508
54 0.03830639781549334 0.7298038611184635 -0.6836565835977756
55 0.04868306714038983 -0.9999606863296412 0.008867118762764341
56 0.02120979401816 -0.5619706875404921 -0.8271571473095465
57 0.05220982732315448 -0.9247269703933092 -0.38063109466675465
58 0.06082531216408592 0.44065949395294046 -0.8976743342600023
59 0.047962871714499096 0.9279416597805616 0.372725470076431
60 0.07203136418963242 -0.9502904905882522 -0.31136471138768923
61 0.06789638316446259 0.06767213603678146 -0.9977076134841406
62 0.02931162615883049 0.32581577971032966 0.9454332751134529
63 0.10192991882926934 -0.43736556049876046 0.8992838075321967
64 0.03921936070723945 0.9868786352550099 0.16146380175509695
65 0.03668012033564847 0.5209069450996168 0.8536134690519971
66 0.11031489203496263 -0.7816816751351063 0.6236776080299613
67 0.05799564513289134 0.40006858090742037 0.9164852047745904
68 0.035201686361652586 0.9986207075176111 -0.05250411904818405
69 0.051085780824423464 -0.004939830878715109 -0.9999877989610122
70 0.05071608324736132 -0.9588426721850902 -0.2839378981343556
71 0.050759215214441177 -0.7669131162141158 0.6417509424837287
72 0.03244046255089313 -0.42940173959748734 -0.9031135842354779
73 0.03773582985176777 -0.8834886207128553 0.46845261987835707
74 0.04351310527540676 -0.9999671823687909 0.008101492789688093
75 0.015420965542683122 -0.5775452185046894 0.8163586960291233
76 0.05707380473633005 0.8775188917216425 -0.4795420676766745
77 0.08054090840916231 0.034202841110623224 0.9994149116658013
78 0.042641548065937576 0.8637424511503117 -0.5039335056144327
79 0.0531393283808162 0.31245386279912774 -0.94993293638125
80 0.04156238206997003 0.9762758440471767 0.21653054364216795
81 0.03706618796486162 -0.9962875557298964 -0.0860877825115081
82 0.0531555162478814 0.6353131667338838 -0.7722546083867446
83 0.05515530939075695 0.9365433233353306 -0.35055185567332886
84 0.08940475876271556 -0.6921643974657659 -0.7217398748031408
85 0.0472100610590634 -0.6878738389341341 0.7258302705936264
86 0.07574980278688734 0.21713302133043627 0.9761420240149055
87 0.04664928650555026 -0.3165248380738944 -0.9485842223452248
88 0.065215644624529 0.9620456857940647 0.27288843589464873
89 0.05320556349225627 -0.9952509669846451 -0.09734224527988232
90 0.03712535846355691 0.6315949662434889 0.7752985222582887
91 0.0635804298092234 -0.1780279238635798 -0.984025435811912
92 0.052537897811163733 -0.8613226879055599 -0.5080582912414101
93 0.0348596758931455 0.998040798370458 -0.0625664829446147
94 0.033703736291444374 -0.7221056705343267 0.6917827697927799
95 0.06247152876538753 0.7033805308607278 -0.7108134979065048
96 0.020319595439237958 -0.7564918252441225 0.6540031485694974
97 0.05523274480232002 0.9071045060735423 0.42090547045753024
98 0.10054449206601283 0.7136647837888673 -0.7004873848825468
99 0.10736792836229474 -0.6967052272009078 0.717357530378633
100 0.05031017010895661 -0.005007568308735786 -0.9999874620512166
101 0.06468536546941663 -0.5120895387890151 0.8589320719724313
102 0.08721168104001069 -0.807031322920764 0.5905086314566126
103 0.09753086418026816 -0.19085555356661502 0.9816181323064387
104 0.037194730760742443 0.5134836106321148 -0.8580994007760445
105 0.0635011153831705 -0.9907553951370267 0.13566041061000084
106 0.12170614833172963 0.9788174999389735 -0.20473471081674827
107 0.06353728361475557 0.996080078639269 0.088456073494067
108 0.00018513388153439786 0.7453500203024152 -0.6666733437262881
109 0.028348941798278484 0.5053263935001754 0.8629282913615163
110 0.0768266489869984 -0.15095341342030377 0.9885408777469745
111 0.06150450574171406 0.34038161708213416 0.9402873788116862
112 0.09852206248130703 -0.4147962639953424 0.9099143143041032
113 0.01819423208763863 0.18260127951084856 0.9831870486947033
114 0.08214432513949181 0.8990219421433986 0.43790358247531125
115 0.09842206478069335 0.9019129919532166 0.4319177641009883
116 0.08355709139967986 -0.01158029605927617 -0.9999329461234786
117 0.061449826235891514 -0.9947105789931687 -0.1027173989111629
118 0.09348601116169705 0.5587166427978445 0.8293586154738527
119 0.09915275785452553 -0.9986937198931453 -0.05109651500828564
120 0.003916323441073286 -0.6728719088554322 0.7397590109442715
121 0.037735872635766624 -0.02853071746457626 0.9995929162218771
122 0.051002260310733114 -0.0114660094005302 0.9999342631535469
123 0.08677222805878623 0.7510587871554268 0.6602353354953211
124 0.06790972590233678 -0.6473819099178011 -0.7621657711490198
125 0.030435711077276335 -0.6861249378753993 -0.7274837246464552
126 0.058948379148245564 -0.8874282009224663 -0.46094597102861706
127 0.021955874025364402 0.9380730567425266 -0.3464374982788851
128 0.027214507345121902 -0.8483592983437661 0.5294209109146264
129 0.06761523063186962 -0.7593221331292499 0.6507149131071499
130 0.11347939708391755 0.7938875743830923 -0.6080645683150188
131 0.04906250001066157 0.8686147934392247 -0.4954879823149429
132 0.08505419193014328 0.8990708309371951 0.43780319888952557
133 0.0899013620644823 0.9905780614621356 -0.13694927582837915
134 0.07128566960035213 -0.9403659991179164 -0.3401643539569699
135 0.10041862433991888 -0.1590658349800208 -0.9872679778773891
136 0.1136024282292555 0.3211118973189253 -0.9470412606640959
137 0.07265022010342154 -0.84684536976666 -0.5318391859432406
138 0.06385739115702717 0.9885098694908102 0.15115633602089348
139 0.012604023636517182 0.9774788922746908 -0.21103320866025665
140 0.123207807210964 0.895016805568762 0.44603241782351316
141 0.06000302921314858 0.6119414176168019 -0.7909030922971151
142 0.04149614150620752 -0.6602300802052168 0.7510634069053111
143 0.05667266754738714 0.8715972557055021 0.4902226268203434
144 0.08231348570666629 -0.6940521017403567 0.7199247738964075
145 0.06386644519641098 -0.7041481116135135 -0.7100531225979665
146 0.11058793579834612 0.8732318885699332 0.4873049033044791
147 0.1229765419352857 0.35743371438387017 -0.9339385096577557
148 0.11612783662157887 -0.6793023601733933 0.7338585037068505
149 0.17256643177450293 -0.8613006046914384 -0.5080957275535414
150 0.02771346224208798 0.39308924506613857 0.9195003237701079
151 0.038616700554904605 -0.9601539189247542 -0.2794717373428599
152 0.06230778255533211 -0.3124730344305132 -0.9499266301950837
153 0.00018374407839454737 -0.8172351377313125 0.5763043724086108
154 0.04327524763216666 -0.16069520698659737 0.9870040782344998
155 0.07486838473589011 -0.19840147662232646 0.9801208364656271
156 0.11708400767442817 0.7268264294264751 -0.6868211859626646
157 0.05852745177049635 -0.6530481469224816 0.7573163921381293
158 0.05317916066172239 -0.5358145400639961 0.8443357025828105
159 0.058075305708007355 0.8711162096974852 -0.49107692798815866
160 0.0421467651198029 0.4649803514499224 -0.8853209998444105
161 0.04263994580443086 0.8929510651709038 -0.4501537461913964
162 0.06865526489794457 0.015071721179975253 -0.9998864151595785
163 0.04074511790041938 -0.9998636991052373 -0.016510094233270406
164 0.11438520647370114 0.048350149074050566 -0.9988304476158689
165 0.04209968625287146 -0.4573079397136123 0.8893084101001695
166 0.04084640410967872 -0.03818190854994954 -0.9992708050671165
167 0.07174697462878306 -0.19409108139263348 0.9809835126666697
168 0.05986364979663427 -0.9996833298640575 -0.02516426020986778
169 0.14779543360298378 0.7856668380783958 0.6186498359685355
170 0.05770907874695633 -0.6884920437663585 0.7252438939215019
171 0.02992123832724197 0.6680041448150812 -0.7441575522091219
172 0.0540338896948315 0.5811936958448789 -0.8137652535652836
173 0.05017533944341497 -0.5125449360102213 -0.8586604035183398
174 0.08704802805752354 0.830821809773275 0.5565385165512448
175 0.025977102220805036 0.4658127487039291 0.8848833161185096
176 0.020973719122996864 0.19384504821870163 0.9810321591472367
177 0.01568299183980459 0.5538868685925264 0.8325919389477449
178 0.04202527187657575 0.7848464442132168 -0.6196902928123612
179 0.08328770367512367 0.9935081074937645 0.11376133061879369
180 0.15671800855052187 0.7542890265327803 -0.656542507726827
181 0.054095074431330145 0.23901997920595278 0.9710146494983409
182 0.04735091168698397 0.9413099716970375 0.3375433856317177
183 0.0628292531482941 -0.9097291409533018 -0.4152022279568928
184 0.09511996767911843 0.9395232459437135 0.3424851388474957
185 0.10604564717561221 0.9671112440905557 -0.25435377243834534
186 0.08107829012146331 0.916398573578323 0.40026697883239737
187 0.029864430694068436 -0.47506000231157136 -0.8799534045639745
188 0.02681320372511622 0.7721352096735831 -0.6354582739899859
189 0.048049232561849974 -0.8727296579711451 0.48820379361242994
190 0.05746938100334319 0.13380853930921116 0.9910072021978121
191 0.03883735457742766 -0.999986880156091 0.005122452116669109
192 0.024150213456862676 0.24790787557020844 0.9687836111486744
193 0.10385574390453917 -0.6025258222958516 0.7980993882134655
194 0.03257270725272568 0.8493341260908056 -0.5278556073942642
195 0.03606721696460929 0.9900642347516158 -0.14061582793447322
196 0.07005511789845323 -0.9013771513894692 -0.4330349073146482
197 0.047410443628233316 0.18483596618324005 -0.9827693857691682
198 0.061572630089073134 -0.1126181318786434 0.9936383428452047
199 0.0907305725270583 0.9456300587322637 -0.32524420367166507
200 0.04851940176190453 -0.13773218996108166 0.9904695067736939
201 0.1217231010864344 -0.018690416916276823 -0.9998253189010047
202 0.03859858542647293 0.997357097807896 0.07265548466709765
203 0.09233848816981062 0.1860006712509563 -0.9825496172174684
204 0.007829606824427966 0.7179911064701335 0.6960522760754349
205 0.07470142055305812 -0.9102092266324493 -0.41414872178138934
206 0.06533177195243631 -0.6105693002614008 0.7919628334576714
207 0.06198493451772661 0.5793881652104502 -0.8150517492859384
208 0.05411949421430658 -0.266038768054958 -0.9639623301207367
209 0.027417169194035 -0.9940100869140018 -0.10928836677898791
210 0.049080561551446744 -0.9990665744816919 0.04319698778176603
211 0.05407277926096188 -0.6302972408667369 0.776353906511572
212 0.12512853383666717 0.5321519656240473 0.8466488560687144
213 0.0311987209673384 0.999836031027592 -0.018108314636983962
214 0.053704648287753565 -0.2627137302942538 -0.9648738238313226
215 0.06528234006575803 -0.9942011396648716 0.1075364770162687
216 0.08140823490966288 0.12673343734895576 -0.9919368104157231
217 0.0769772513922734 0.9808283751009049 0.19487354514381525
218 0.06316535089529536 -0.7795688102622496 -0.6263165893270757
219 0.0644487942165292 -0.22618709144494048 -0.9740838771192541
220 0.025974121056385562 0.5796438142393467 0.8148699581001018
221 0.03502695477590606 0.3941750786791909 -0.9190353678440529
222 0.032018292417541 0.901883792378123 -0.43197873216821064
223 0.07179696778920132 0.7616368948727334 -0.6480040434816906
224 0.08297825006202263 -0.9890079090153125 -0.14786262511249856
225 0.023548759352653725 -0.9997524845279278 -0.022247914064820167
226 0.07943096903871244 -0.63688681623727 0.770957316135695
227 0.05524813812486347 -0.9025459165679699 0.43059362336950957
228 0.03245090728194023 -0.6658265818967843 -0.7461065358510437
229 0.05048722023226596 0.19140962256946545 -0.9815102426301087
230 0.12939856824697996 0.01471959470968304 0.9998916608971107
231 0.04653221764563399 -0.770730785591995 -0.6371609342550328
232 0.07091595241413243 -0.9834447467738007 -0.18120825048273925
233 0.04835447994152495 -0.08653886324392081 -0.9962484756065878
234 0.05330350616382798 -0.9809715164430116 -0.19415170338551827
235 0.08173647113725371 0.6857502212143514 -0.7278369557149926
236 0.02984841636671833 -0.02686143887641478 -0.999639166450319
237 0.028317771609126775 -0.6744081446682146 -0.7383587572482475
238 0.11203482047326721 0.555458076905497 0.8315445416815909
239 0.058539193054393576 0.6823901288679499 -0.7309881750230867
240 0.034041481103177534 -0.31106964013847654 0.9503871205904038
241 0.03254050318261325 -0.9559796940553755 -0.29343282800973486
242 0.04015615576498957 -0.9919427987952466 -0.12668655776463816
243 0.0622021600164862 0.7145173622044263 -0.699617709258727
244 0.14768487279989767 0.5923297115521062 -0.8056956700967175
245 0.06769627211060247 -0.9490494125149892 0.31512729587414956
246 0.03870055492090784 -0.956711332098352 0.2910385318726658
247 0.029946216985924447 -0.13477789637193632 0.990875834123305
248 0.039594105713609565 -0.9402997117700337 0.34034754596616607
249 0.15769832217213267 -0.31293296910478924 -0.9497752138518151
250 0.034304828149733714 -0.10249270179585478 0.9947337563783517
251 0.038228502954905395 -0.2026013107491292 0.9792613077635278
252 0.03848120063242135 -0.20173689145918222 -0.9794397514009661
253 0.070957520836661 -0.7859950592589752 0.6182327772129849
254 0.028823278015614608 -0.6750678499519116 -0.7377556492235782
255 0.06846606610984265 -0.9860798742581781 -0.16627231153434885
256 0.05442724691498411 0.4124041892281144 -0.9110009795313623
257 0.0335086408385286 0.29074631819039476 0.9568001768701392
258 0.03310770258557283 -0.4889931010622295 -0.8722876515883646
259 0.08126561318227939 0.7015958089694715 -0.7125751334676736
260 0.07638164028285899 -0.7916906132081384 0.6109222315140626
261 0.05268722098589791 0.6978501264320234 0.7162438139619839
262 0.05490478118055117 -0.29154984726103284 -0.9565556369401983
263 0.10167548247635533 -0.9928277835204014 0.1195533030491717
264 0.049134712754515295 -0.017179605241462722 0.9998524196919001
265 0.04966916087425877 0.48140238451794926 0.8764997114548484
266 0.0823553355601286 0.8857669803238082 0.4641302150992137
267 0.04389086307180226 -0.7790471020357909 0.6269654000099496
268 0.12136386844974249 -0.2588357950042434 0.9659213380107726
269 0.035076403124335125 0.6635003985791407 -0.7481759292341083
270 0.12287172634404787 -0.9714900383851851 -0.23708037733720508
271 0.052488112340411654 -0.23487021552420115 0.9720267392719273
272 0.11324113553365443 -0.4915945291330543 -0.8708242181556796
273 0.034170724509072666 0.28079756577977766 -0.9597670170682838
274 0.048498306300764855 -0.9958580432683777 -0.09092171169571127
275 0.041600107635914506 -0.6754627337901697 0.7373941247804394
276 0.047347506769619366 -0.7658527841384404 0.643015950834347
277 0.04559065976768502 -0.6042858577282122 0.7967675960715765
278 0.08188157088254414 0.883636103182222 -0.4681743661852254
279 0.03807414136278979 -0.39638206196144316 -0.9180856501194181
280 0.14318513234133617 -0.7418679418426195 -0.6705460139812894
281 0.04037490304261555 0.9323222625023131 -0.36162853709651827
282 0.06090691224115294 -0.16324219168488366 0.9865860260787782
283 0.05742102726035864 0.6109557794723655 -0.7916647241915699
284 0.04800261918116938 -0.8245817738634315 -0.5657427844986065
285 0.06731291000618381 -0.9998040662848906 -0.019794672015422763
286 0.04375679007186774 0.6062378536630778 -0.7952833864642117
287 0.027013544689122603 -0.9925115275252455 -0.12215100380063901
288 0.04653961137479163 -0.7776494307133881 -0.6286981492824227
289 0.04690991728875889 0.8898090920105117 0.45633297029190056
290 0.04365260944593153 -0.8980781957882231 0.43983582647366287
291 0.04970593612866659 0.9973788897571603 0.0723557203459015
292 0.03843119199544306 -0.15234401298015743 0.9883275275479793
293 0.10312153508092457 0.5302073758712432 0.8478679959591175
294 0.023715601362046323 -0.43041679113329157 -0.902630259802163
295 0.037083386770260685 0.9088473660294122 0.417128835327168
296 0.05020313135386012 0.4424952887669835 0.8967708288180564
297 0.05413926112762182 -0.9984821581425122 0.05507612796004501
298 0.06044642140869687 -0.2639224490982794 0.9645439030246192
299 0.0829176160555866 -0.9494671577094772 0.3138663990157065
