0 0.006861665477025589 -0.8820347914834366 -0.47118428094830445
1 0.05647240815897859 0.7001221353690404 0.714023105764999
2 0.06520534919998823 0.7180989181039557 0.6959410490967812
3 0.021846371006963863 -0.668509746896369 -0.7437033805923923
4 0.1519666306737284 -0.24679736257287613 0.9690671090420272
5 0.12763417486211892 0.13234962280916934 0.991203095910354
6 0.006974991741904343 0.2957006204015464 0.9552806619492203
7 0.10994077987117401 -0.3539233934316133 -0.935274415122028
8 0.030243790221073975 -0.5449104345214557 -0.8384942565990767
9 0.12484225033268746 0.9646274911225658 -0.26361677368973363
10 0.0402530986489264 -0.6638877088147811 -0.747832274032527
11 0.12001593320294678 0.9904150240294314 -0.13812342370785913
12 0.0962039761001359 0.7842836095893528 0.6204024659279616
13 0.013917650641131485 0.9970115041064193 -0.07725322439520237
14 0.07991730867479804 -0.9756540346529903 0.21931530878017078
15 0.07326180553265028 -0.9539149291016797 -0.30007717013617907
16 0.08581215017029793 0.4177154789928763 -0.9085778880259809
17 0.07541893615463482 -0.8760572550313198 0.48220709856553234
18 0.11564725424407062 -0.011006080871688764 -0.9999394312576366
19 0.1761338493791723 0.6861891189395758 0.7274231870437791
20 0.02047155712586855 -0.9692531890119711 0.246065551408815
21 0.16742101817966176 0.5918918097761096 0.8060174225908282
22 0.13026428272356058 -0.08655451708961248 0.9962471157154654
23 0.12878284763777986 0.956876771742076 -0.2904941371189151
24 0.051956641549064084 -0.89187024036348 -0.45229136002580084
25 0.08324958177581826 -0.6192984391464615 0.7851556809135093
26 0.07677821624533625 -0.2730917218081016 0.9619879996548223
27 0.0850224197243764 0.6398180863525914 0.768526392764821
28 0.015404131201895419 0.9969069243110504 0.07859124799035543
29 0.0600021026667347 0.9848651237693149 0.1733224970477062
30 0.04283842900590845 0.1938453260845162 0.981032104242867
31 0.06987834512370185 0.19126881805990012 -0.9815376911957935
32 0.032410227907488466 0.9234425296109925 0.3837367515702026
33 0.054312845093864276 0.9754875065658253 -0.2200548216558524
34 0.04616317920121801 -0.19560763715342766 -0.9806822381828137
35 0.030627658139745807 0.7613522591887635 0.6483384435834156
36 0.06748804669450265 -0.8531213000855623 0.5217126099111654
37 0.10349962523220103 -0.6563877420482028 -0.754423708594091
38 0.05119016358023182 -0.4035649063805064 -0.9149510185458526
39 0.02344571183037711 0.9960430942972769 -0.08887156070817079
40 0.013907227229928976 0.7175130059358173 -0.696545107163167
41 0.12136236580414653 0.9359039073724851 -0.35225541325140036
42 0.022890500955940855 0.3946132050404254 -0.9188473313928289
43 0.12254056703908646 -0.8009632104376253 -0.5987135671800434
44 0.02941804030642513 -0.976558589649098 -0.2152517618570511
45 0.15875121147816562 0.5747745698120555 0.8183117950374212
46 0.019399157395967773 0.31708749573120004 0.9483962885054518
47 0.030274015617428228 0.9367197905203554 0.3500800394874029
48 0.03702459818587271 0.23333830329389332 0.9723956171311793
49 0.09112898794047995 0.8383356978522224 0.5451543430136343
50 0.0639719395449528 -0.999977507033552 -0.006707117634452462
51 0.045160050734924205 0.04053864546291221 -0.9991779712463803
52 0.02891515067645648 -0.39126309408107385 0.9202788660020965
53 0.033223064215152365 0.04358628748842852 0.9990496662043264
54 0.06174834367596861 0.2903431333922326 -0.9569226013069083
55 0.05891848305185446 -0.9759724203539591 0.21789409057713063
56 0.00477575954750937 -0.47885571192293747 -0.8778936194999806
57 0.047650062031384104 -0.9438233153389787 -0.33045052492398735
58 0.09247270558281563 0.1327751911997155 -0.9911461792298243
59 0.02741744593288834 0.7931642698066483 0.6090077512660133
60 0.08759302150340315 -0.9607477612018972 -0.2774233936522697
61 0.0661920265809953 -0.08221127652968584 -0.9966149236346803
62 0.019189313812518524 0.279638573849747 0.9601053421449542
63 0.10594361387082904 -0.6044986720547982 0.7966061482840724
64 0.017999731446189788 0.9988997714565948 0.04689612546855825
65 0.028099766267352774 0.5842583596008581 0.8115677231362237
66 0.09900171271044808 -0.7967273095905201 0.6043389728890994
67 0.060275450353339734 0.36245498981524205 0.9320012770152372
68 0.02924606078863157 0.9951353450274938 -0.09851723238607006
69 0.0278616797839501 -0.3843869642695881 -0.9231720650559192
70 0.053742932173943006 -0.9950929766038664 -0.09894426670432697
71 0.06655305619827558 -0.6084608203519841 0.7935839149684112
72 0.027080908725684968 -0.33702898153182087 -0.9414942727428689
73 0.01638004781229188 -0.8860766684747082 0.4635387120670311
74 0.01846180062173284 -0.945186006608622 0.32653240713786136
75 0.034126597931718405 -0.7467621856595262 0.6650911501959768
76 0.042121587343059354 0.9647864525852679 -0.2630344101214414
77 0.07568788052141633 -0.11859978712320955 0.9929421385429915
78 0.06358421098842564 0.9696388258717659 -0.24454150437507177
79 0.06244087757809023 0.5288079036721453 -0.8487415395830884
80 0.049344191079573184 0.924058974276672 0.3822499340205892
81 0.015825272423722496 -0.9766903835714479 -0.21465296326642708
82 0.04090739703468912 0.7286557034306778 -0.6848801835780798
83 0.06796592270711792 0.9140513100238946 -0.4055985732760928
84 0.09394692503313802 -0.8710579921919398 -0.49118018510374223
85 0.06084384431565835 -0.6813011506138763 0.7320032391814999
86 0.07028014729931945 0.5327576087151454 0.8462678833301663
87 0.036233717564522185 -0.46525417721128337 -0.8851771294986398
88 0.10688354486653855 0.9996357564459619 -0.026988042439373056
89 0.07890933130156136 -0.9919636503597624 0.12652318508848515
90 0.06577905676657751 0.6070080417681578 0.7946956884423032
91 0.07025869599189677 -0.10275862100412438 -0.994706321388042
92 0.04107686935689377 -0.8430898320469652 -0.5377727541434393
93 0.01408505089801743 0.9971403544223693 -0.07557191000915568
94 0.021193318240395 -0.7320582641223963 0.6812420259570778
95 0.04901684183681682 0.6869746253013093 -0.7266814048757032
96 0.02405245133441545 -0.6678993033972749 0.7442516513394075
97 0.035448746096502025 0.7715267264513571 0.63619691163291
98 0.10896243396246408 0.737533767560975 -0.6753102558878502
99 0.1201245417990396 -0.7455151971929984 0.6664886276256218
100 0.05416153810058212 0.19778824099684836 -0.9802447713318203
101 0.07586966691751185 -0.26586085424924827 0.9640114139250946
102 0.11266113958703868 -0.7898567552611774 0.6132913713466744
103 0.1260793576526427 0.07359539658575699 0.9972881818217767
104 0.026008454065641225 0.5748876425588494 -0.8182323621277324
105 0.06132328303109168 -0.9938813979158049 0.11045255486825768
106 0.15684412106227721 0.9913334110000518 -0.13136996702063417
107 0.06439552228659297 0.9989699278806313 -0.045377121880594735
108 0.047717353095135986 0.5900133436461372 -0.8073934941027857
109 0.029369861041598083 0.3455582776189846 0.9383972915396765
110 0.10192591358241393 -0.30653755981712766 0.9518585632442254
111 0.07201354086475469 0.18342135393573591 0.9830343874556889
112 0.13907656305674998 -0.2570976673405024 0.9663854248942667
113 0.011447371481195588 0.14207989050503317 0.98985519381073
114 0.1192186071685316 0.9457245591238583 0.32496931896716613
115 0.13867862346035364 0.8838866316816913 0.46770121053338537
116 0.09684992784480922 0.036027611196601035 -0.9993507948820907
117 0.10160487617692346 -0.9988096469246887 -0.048777958241186005
118 0.09464477285893562 0.4738336714973676 0.8806143604071676
119 0.15060866691676886 -0.9900603143194174 0.14064342860488133
120 0.05583009196565193 -0.7117402948359954 0.7024427042163441
121 0.047166622981839205 0.07365041625184064 0.9972841200911255
122 0.03372558818632769 -0.31392997309099535 0.9494461395967055
123 0.10948725408873407 0.7574642027835151 0.6528766970121801
124 0.06661845065651913 -0.6771560355668963 -0.7358394549732463
125 0.023522796185235513 -0.7682096445408544 -0.6401983614743278
126 0.0714450839433396 -0.9262463536924902 -0.3769186812448628
127 0.011743796979445312 0.9145000511281934 -0.40458578384136484
128 0.006802995153197315 -0.8679513823979851 0.4966491697299279
129 0.08619561917190101 -0.873969995929416 0.4859798825210119
130 0.13493276698514045 0.8398986712676352 -0.5427432376389971
131 0.06557536689015069 0.7655628508201581 -0.6433611127851234
132 0.10014503225559457 0.8274563183602418 0.5615300893146458
133 0.09106159301274037 0.9541938240543835 -0.29918914775852457
134 0.07603118074593326 -0.8327791755705969 -0.5536053149455458
135 0.12809947210541406 -0.12529273221851678 -0.9921198169844301
136 0.13702077134743018 0.24488062555600706 -0.9695532369227069
137 0.05443102760515743 -0.8872671965727872 -0.4612558095957892
138 0.0551461481252488 0.9942198564579866 0.10736329458739823
139 0.014498029951679014 0.9650219425190736 -0.26216912567408446
140 0.15475304122247902 0.9287959043365962 0.3705916460034742
141 0.061101007245238516 0.7351725926881476 -0.6778799738598176
142 0.01794453507614067 -0.8377869026485237 0.5459973495820223
143 0.06357723946944407 0.8922307480470353 0.4515797739485548
144 0.06755794402199225 -0.7381367516864809 0.6746511215507839
145 0.047268085876706195 -0.6510369489423333 -0.7590460401792882
146 0.10572308570262486 0.8639136120946111 0.5036400210841487
147 0.12184563000969106 0.34043255799438976 -0.9402689367714944
148 0.1652392495206828 -0.7979816219918227 0.6026817825049134
149 0.19071356066332532 -0.9252040697959256 -0.3794699319222223
150 0.014893877100031351 0.3613116109009037 0.9324451296608257
151 0.06762194630620853 -0.9717477898818486 -0.23602167879189098
152 0.05118963213539592 -0.40009988588925166 -0.9164715387350596
153 0.048214666005260844 -0.8868336243874144 0.46208886878595373
154 0.060427796653188204 0.030977868759409426 0.9995200706574755
155 0.10206725645732091 -0.18363081682286292 0.9829952813279259
156 0.16759518605606033 0.7785576829933795 -0.627573050928719
157 0.05765749727356977 -0.5394305855385523 0.8420300727322835
158 0.05767546370872054 -0.2861261683877446 0.9581919514187895
159 0.05982771137946491 0.8545920642215997 -0.5192999169742522
160 0.020496934874611027 0.2976945502625421 -0.9546611727434937
161 0.03413228938158663 0.660264695732117 -0.751032976353086
162 0.07369368388439707 0.07959241748496078 -0.9968274911331949
163 0.02825422180148364 -0.9940990061107505 -0.10847656912724521
164 0.1101987218510486 -0.1793350904437588 -0.983788048989989
165 0.06412654077530983 -0.5900617259674422 0.8073581358655668
166 0.051543040152936065 -0.013014223354713262 -0.9999153114091581
167 0.1101137032198597 -0.24832406657885364 0.9686770142610699
168 0.07110275870430646 -0.9997900199892125 -0.020491850330563655
169 0.17353168707566363 0.7620696190398775 0.6474950932141618
170 0.08664801206425922 -0.7715337645162397 0.6361883763567201
171 0.0502096172833853 0.8380903521195133 -0.5455314488498259
172 0.060272886672522195 0.637351915902872 -0.7705728617690467
173 0.042539990433294976 -0.7044642930811443 -0.7097394308995968
174 0.13278884653768513 0.7490088994649136 0.6625599357962711
175 0.06787028873521975 0.3519364731937855 0.936023887962225
176 0.004520826738758757 0.2105934529390177 0.9775737299964754
177 0.05695362707326302 0.6211995215081053 0.7836524449512686
178 0.052444009671344834 0.6472282881888526 -0.7622962304564596
179 0.07137847648417824 0.9663579321073255 0.25720098571594485
180 0.20401531595136504 0.748108980472813 -0.6635758836304467
181 0.06257089146983262 0.1840542125160123 0.9829160934968512
182 0.0685471452542906 0.7864100800149325 0.6177047725660758
183 0.07365352389755862 -0.9507318924342326 -0.31001430403841485
184 0.1257633306368682 0.8651650719547204 0.5014871865457616
185 0.10416248222283488 0.9761675969527572 -0.21701802381249186
186 0.08389109880292725 0.824648238975574 0.5656458980267465
187 0.010362654751718499 -0.6478439333417159 -0.7617730882830756
188 0.034299567277052405 0.5063799837784146 -0.862310449912659
189 0.0429472017639533 -0.9394338010332162 0.3427304093252939
190 0.0420414069777334 0.27060919111960513 0.9626892882345752
191 0.08449486324213706 -0.9958594397793864 -0.0909064145277254
192 0.011868216983305592 0.20580748898850604 0.9785924981708403
193 0.10837779152197094 -0.543175372845473 0.8396192674862705
194 0.022495179757148567 0.7996684984007507 -0.600441747936874
195 0.022888682565787438 0.9783831992118347 -0.20680018254347676
196 0.09319228731976498 -0.9248689533719112 -0.38028597014450255
197 0.03384619331832552 0.3874288241822568 -0.9218996182843087
198 0.05255069874484978 -0.04727400146886867 0.9988819593851525
199 0.09559390126340664 0.9956772646538581 -0.09288048584827147
200 0.03805074398179881 0.1978701717103948 0.9802282362528121
201 0.1308083373333779 0.06534421236109161 -0.9978627831074314
202 0.014245621817204776 0.989934759066219 0.14152446005022226
203 0.09555495684378508 0.26334525161773437 -0.9647016525591693
204 0.04646645160905069 0.5215370158626206 0.8532286569760258
205 0.10501718537586299 -0.8662164744743353 -0.49966890972848543
206 0.043888492272315054 -0.48053307542696166 0.8769766036906036
207 0.098271264355707 0.6882277540207071 -0.725494699219514
208 0.05455897112853632 -0.45985437560702247 -0.8879943430197489
209 0.004957097784498873 -0.9859068969587789 -0.16729492081085987
210 0.04109159962890535 -0.998299087743506 0.05830035514886582
211 0.03973849152430439 -0.658265085196593 0.7527862097641814
212 0.1671795289975747 0.49517435593533016 0.8687936217675812
213 0.021801183479602866 0.977719590312082 -0.20991522746093152
214 0.03391323557698385 -0.16305376057313542 -0.9866171857224861
215 0.0808094803496542 -0.9959943692956595 -0.08941597358045861
216 0.10052168206077458 0.008436178747376849 -0.9999644148109184
217 0.08546556789136564 0.9739913862290067 0.2265850382344294
218 0.045293435981487204 -0.8640892326549678 -0.5033386514164682
219 0.045657657110531345 -0.27343950798465405 -0.9618892012457102
220 0.018045949182143382 0.7309565826624197 0.682423969583775
221 0.05312112858518267 0.4389943442785164 -0.8984898250350281
222 0.003910474113704954 0.904603089383007 -0.4262549127913008
223 0.09042319067156109 0.4694787752122519 -0.8829437579060196
224 0.09934969599631077 -0.9846120081974382 -0.1747546660704882
225 0.012550193999913825 -0.9933614308827539 -0.11503507132421781
226 0.11561859782443906 -0.7640102043938635 0.6452041596131003
227 0.0427223754227638 -0.8672470401740433 0.4978780687169915
228 0.04027651449093454 -0.6864235520164319 -0.7272019714200071
229 0.04366940686994444 0.0631641966747196 -0.9980031484211046
230 0.12164300000594785 -0.08474329742388761 0.9964028169077638
231 0.052025410666567046 -0.7761851116531737 -0.6305050931181685
232 0.06301427274327187 -0.989526541033498 -0.14435104637750593
233 0.04166955549359034 -0.17312739454856121 -0.9848994391595656
234 0.06435719522657089 -0.8436860657647782 -0.5368368676184138
235 0.09708258294186063 0.8574171797952759 -0.5146219775640325
236 0.036077392535270814 -0.053042651351805935 -0.9985922476854959
237 0.010411103167515203 -0.6926353662083842 -0.7212879102531647
238 0.13202993976749242 0.47400064834070643 0.8805244944762127
239 0.04962152097130014 0.7343556352480528 -0.6787649084767338
240 0.05570286734460546 -0.44035610760474625 0.8978232000205816
241 0.017756183973228923 -0.954890678004476 -0.2969575610422338
242 0.08526160406367798 -0.9923643664405045 -0.12334084570464093
243 0.04310446447002284 0.8434167296431108 -0.5372599186223739
244 0.15684914649146411 0.5157172717309846 -0.8567588316663854
245 0.07624026550286486 -0.9894013212475831 0.14520683700686013
246 0.026672240092993897 -0.9367481581076247 0.35000412609278286
247 0.00848567579136597 -0.18622600404497744 0.9825069340302083
248 0.02439248785237499 -0.916989826804367 0.39891058839957727
249 0.1732971611819684 -0.2636080745255836 -0.9646298684184076
250 0.020009562367251515 -0.39892250517305194 0.9169846426557298
251 0.0389595493288674 -0.21024386639671486 0.9776489741428466
252 0.036963807687096735 0.0021294695373512995 -0.9999977326771744
253 0.07228949660345244 -0.9040175817355056 0.42749527706524254
254 0.027807393405832534 -0.6687750866362685 -0.7434647829552194
255 0.06938759259684038 -0.9899177755728112 -0.14164320529053726
256 0.08439744973000822 0.6107757688143578 -0.7918036121597515
257 0.013767617230987853 0.2909183990847289 0.9567478691243468
258 0.018106115020940797 -0.6994365498614665 -0.7146946989574557
259 0.09254744769914208 0.5868529747450313 -0.8096935136413702
260 0.11769935852638756 -0.9091569530571816 0.41645364052650774
261 0.04504898108741998 0.6257259512460385 0.780042969289026
262 0.03954438088627938 -0.29608967732152075 -0.9551601452026973
263 0.12655883213713706 -0.998631220942256 -0.05230377194217522
264 0.04882682749372536 -0.07385337521608991 0.997269110606155
265 0.03514887612120513 0.5963720299707306 0.8027081673115019
266 0.07681124485704385 0.9195999154096705 0.3928562021637523
267 0.031832994820982764 -0.6806903990746107 0.7325712119703089
268 0.15356579750037577 -0.2836989342258806 0.9589134031387294
269 0.04417466115373839 0.6713793613128844 -0.7411138598104231
270 0.13990711276369946 -0.9885401418509219 -0.15095823246633278
271 0.03132476659489659 -0.31314678139242086 0.9497047400658625
272 0.1403051755451843 -0.62084621542401 -0.7839323802431456
273 0.03001354961959944 0.2977830301583157 -0.9546335773215457
274 0.05002551045768416 -0.990666133291597 -0.13631071986118926
275 0.026660882788044377 -0.6147122261053545 0.788751468509948
276 0.037868466699903174 -0.6419534592299407 0.7667436052440951
277 0.056706456395852166 -0.6521724730957568 0.758070620282942
278 0.08066938930704609 0.8613709262656734 -0.5079765027874968
279 0.01847013583068955 -0.43873340913219966 -0.89861726875864
280 0.17162753834866937 -0.7967776403079676 -0.6042726138964657
281 0.017964252867768725 0.9554443526180578 -0.2951712876454285
282 0.0730252858492752 -0.3741126839320633 0.9273832539576872
283 0.04047525670414483 0.5534324562475603 -0.8328940607134813
284 0.032717250678795315 -0.7773665409146058 -0.6290479004546955
285 0.06484517657986075 -0.9999993886524315 0.001105755290770721
286 0.03367397423624293 0.44544892990861057 -0.8953073499325658
287 0.005815077808099969 -0.9856619182138743 -0.16873228198227477
288 0.056531556626681335 -0.6565115480570617 -0.7543159730959701
289 0.06720336503460507 0.9048577129313397 0.4257141286693048
290 0.03936093787353338 -0.8966572131015623 0.44272547045877025
291 0.0230877967162621 0.990347282187181 0.13860829940686786
292 0.029953331880897605 -0.26060891317926754 0.9654444543170368
293 0.10826792388963608 0.6401164497232467 0.7682778994567696
294 0.005694537173570359 -0.438233171854029 -0.8988613280627646
295 0.026761727431045722 0.9385172688494773 0.3452322929149561
296 0.06731589772320065 0.48743087463078316 0.8731615786649513
297 0.05618764404857434 -0.978759224426225 0.20501312299600385
298 0.06575790742557742 -0.23793473399038806 0.971281144860191
299 0.07850044476432881 -0.9738803896111115 0.22706163641379334
