0 0.029950154397422993 -0.8439947346532805 -0.5363514592853633
1 0.0378303903529786 0.5823017290250506 0.812972752541213
2 0.0459016085378876 0.7026564841370364 0.7115292441637088
3 2.1342875643770576e-05 -0.5703343381146261 -0.821412650722736
4 0.1292256968518958 -0.14479091178268275 0.9894622740989872
5 0.1270758655009394 0.2461432434406434 0.9692334619215951
6 0.02088040410396954 0.22308722602861658 0.9747984866539633
7 0.10860455320146684 -0.44583851851195594 -0.895113409245479
8 0.036686189869207214 -0.5002820912425235 -0.8658624770608825
9 0.08471932267402385 0.9862725179222495 -0.16512577143288754
10 0.045281926300587874 -0.6660121544819556 -0.7459408891341885
11 0.09434260243411507 0.9905422051418601 -0.13720838105852426
12 0.07223030700388855 0.749105462972316 0.662450756920869
13 0.03988598782362449 0.988712492031935 -0.1498252585514231
14 0.04617240500675873 -0.9417645840931719 0.33627290724620534
15 0.06938408373207011 -0.9030072387169618 -0.4296253330807764
16 0.07261526026993798 0.4350902764841328 -0.90038683426012
17 0.07185422493474082 -0.7676144484658634 0.6409118960562742
18 0.09113748148364056 0.2714809520440852 -0.9624438127377811
19 0.15264259639072492 0.7320856364107277 0.6812126106885424
20 0.03343142685291986 -0.9927070937212524 0.12055134207259763
21 0.13769477529766233 0.5315440537175348 0.8470306481807671
22 0.09939771561058816 0.004219447137123465 0.9999910980933066
23 0.08255349078040852 0.9784978149537039 -0.2062571844344506
24 0.04087579010162549 -0.9936981343974807 -0.11208932908607466
25 0.06340071969461303 -0.7789614762296512 0.6270717810188261
26 0.043241543663059843 0.15861640450341155 0.9873402839054072
27 0.06034982347364214 0.7004846068030159 0.7136675105621835
28 0.031142800710307294 0.9894230352734054 0.14505880624891968
29 0.054389689456307705 0.9966348559862244 0.08196928591440744
30 0.03378773979837035 0.1462661776276838 0.9892452705381951
31 0.0534905151477419 0.5378654065626338 -0.8430307256697188
32 0.04663416386720568 0.9867962919052128 0.16196628748638395
33 0.03404627157361392 0.9701522047155349 0.24249680345436916
34 0.06419605444031616 -0.1737751648829353 -0.9847853532978182
35 0.0322402031775066 0.6921988772886282 0.7217068063142834
36 0.049966572422336895 -0.7192801475386014 0.6947201374343828
37 0.09805070388967226 -0.5440590521135955 -0.8390469282544665
38 0.04664624107313326 -0.3883778585383321 -0.9215002110673547
39 0.028207114792647116 0.9983994523190333 -0.05655557982245826
40 0.04173363253330937 0.8246716934682621 -0.5656117024887205
41 0.11017861704303832 0.9541009841316149 -0.29948507822441495
42 0.03702868073545763 0.33162471168067276 -0.9434113899051202
43 0.07838208461555217 -0.889145156452557 -0.45762527329350805
44 0.05222313079568534 -0.9324443085730632 -0.36131372989370647
45 0.15467632464725145 0.5730191493389143 0.8195419784799965
46 0.03399439521287638 0.4185265581974094 0.9082045585017895
47 0.04398916825912926 0.9191158427775303 0.3939873951731835
48 0.05907295194246365 0.19384000636102752 0.981033155369357
49 0.09307902083542122 0.9151989542448017 0.4030023252404647
50 0.004407056668829814 -0.901306385349452 -0.4331821784518672
51 0.04659137402760116 -0.07689906784469248 -0.9970388825741037
52 0.032061251734696025 -0.602986254721849 0.7977515757530771
53 0.023844326148650972 -0.011198810000214995 0.9999372913611029
54 0.037221769484772266 0.7472505264869543 -0.6645424370685213
55 0.04804841484717884 -0.9999964060368239 -0.002681028428704693
56 0.022052842085189966 -0.5667555457029767 -0.8238860063230357
57 0.05251854270865488 -0.9242007141390235 -0.3819071091049748
58 0.059104313190617284 0.46025160490892475 -0.8877885222161633
59 0.04937750240263648 0.9306990477969329 0.3657858423037754
60 0.0708925983187505 -0.9495236372617711 -0.31369549292455007
61 0.06834341435671927 0.07144163303706454 -0.9974447819648953
62 0.03023520012423607 0.32798371644693325 0.9446833764524798
63 0.10211699419671735 -0.428839774169445 0.903380566588799
64 0.04070191352087553 0.9861242163169714 0.16600912623479122
65 0.03713784045174106 0.5189667112638101 0.8547944504967409
66 0.11134205833761174 -0.7816375445127786 0.6237329148025091
67 0.05734179035334643 0.40268797876007306 0.9153373103736824
68 0.03553849520962698 0.9986277469168608 -0.052370059077243875
69 0.05310797109312781 0.00405938616313192 -0.999991760658046
70 0.05048313554690244 -0.9564722501362 -0.29182329365455834
71 0.04949577912589366 -0.7732504259685251 0.6341007638691932
72 0.03235276918377785 -0.4261798122445931 -0.9046384734440401
73 0.03947042577610664 -0.882952061038932 0.4694631592650292
74 0.04534539115908408 -0.9999934962185153 0.0036065940539803634
75 0.014104433018733185 -0.5704804585284563 0.8213111751566285
76 0.05803153930643538 0.8742916937387781 -0.48540090055476687
77 0.0806893250297585 0.04070037127898141 0.9991713965970769
78 0.041063731499530985 0.8567884577718735 -0.5156680508126273
79 0.052520488423249787 0.3031607749395971 -0.9529394233307923
80 0.04100789892350285 0.9777566111890873 0.20974272162826502
81 0.03848324151194962 -0.9967397020130291 -0.08068436298923139
82 0.05407245771774337 0.6326236879348643 -0.774459340097136
83 0.05394455507481129 0.9358063875855633 -0.3525144038958668
84 0.08981460205313113 -0.6823890724091987 -0.7309891612442099
85 0.04583709680710299 -0.6883343455914102 0.7253935681264655
86 0.07663100665047815 0.20310753489759834 0.9791564375868755
87 0.04734434907470383 -0.31355884296803344 -0.9495687715992708
88 0.06275435944800495 0.954683901228319 0.2976216536737158
89 0.05273333249236982 -0.9936330270042978 -0.11266502405927192
90 0.03436648904162528 0.6332490040761298 0.7739481241249893
91 0.06319114095352754 -0.19243911679274234 -0.981308914831629
92 0.053609040459288174 -0.8624200144342804 -0.5061933609829109
93 0.036136971677829734 0.9979752614473887 -0.06360328245473112
94 0.03461040202902871 -0.7229872290945907 0.690861394612643
95 0.0634420041514449 0.7026904357906303 -0.711495714286723
96 0.019966751897024484 -0.7581267244579033 0.6521072531897881
97 0.05669962583554273 0.9097020552291993 0.41526156902821004
98 0.0993777884852508 0.7120372213310849 -0.7021417203379298
99 0.10672979952711394 -0.6917384772517059 0.7221481005233561
100 0.05022970833866227 -0.010684711025842635 -0.9999429168459039
101 0.06439706561892486 -0.5237627953032165 0.8518641524657327
102 0.0855470454870056 -0.8079697653413248 0.5892239457916527
103 0.09590237888967436 -0.21054682351255946 0.9775837739594347
104 0.03795116951853299 0.5143966478993235 -0.8575523824408275
105 0.06409632949035449 -0.9906032842800855 0.13676671076511326
106 0.11914495248458067 0.9778321093621766 -0.20939046277306053
107 0.06360687147345291 0.995879912455199 0.09068186129665183
108 0.00018513388153439786 0.7453500203024152 -0.6666733437262881
109 0.028606784887589703 0.5088634851300842 0.8608472300595876
110 0.07533230191936131 -0.1430609864347061 0.9897138748953299
111 0.0608757456854528 0.3436162418334312 0.9391101524040025
112 0.09589566895468243 -0.429936031372546 0.9028593516864214
113 0.017984736098602506 0.18302643894039722 0.9831079913462188
114 0.07991233953873705 0.8940417362079053 0.4479836759507586
115 0.09573162195801369 0.9033673039049801 0.42886771181268385
116 0.08298527847193435 -0.014904935419787352 -0.9998889152801584
117 0.058803285843515865 -0.9943004491484767 -0.10661433685549752
118 0.09375737308730411 0.563002437164913 0.8264552351739132
119 0.09590097503116544 -0.9975006361066415 -0.0706574905218515
120 0.0009614015744824373 -0.6153399767618132 0.788261830230775
121 0.03681929360530702 -0.03232227347749054 0.9994774988148789
122 0.05306001198956295 -0.002160242115902797 0.9999976666742781
123 0.08567819535423649 0.7512379385620765 0.6600314838437645
124 0.06830162735307692 -0.6494273360796592 -0.7604236550453157
125 0.030669206479102554 -0.6798716253966677 -0.7333311482410202
126 0.05853832420112608 -0.8848770869430898 -0.465824581793524
127 0.022426267104293577 0.9382561939110383 -0.3459412010552836
128 0.028814642324792958 -0.8454586191912058 0.5340409377896976
129 0.06653644201237509 -0.750658825332112 0.6606900392400462
130 0.11219240673683185 0.7907995995139128 -0.6120751533991845
131 0.047681700543080935 0.8727520997852489 -0.48816367370016267
132 0.0835275398535278 0.901998077927184 0.43174004611069583
133 0.08988029546796615 0.9915089875266002 -0.1300381776786189
134 0.07167335870408212 -0.9436206421979624 -0.33102882596218874
135 0.09838121487394874 -0.16193110905132146 -0.9868020652194689
136 0.11199621605090698 0.3269477054196489 -0.9450424318097185
137 0.07448032279307583 -0.8444217135418728 -0.5356789800794943
138 0.06421828063970836 0.9886640422713787 0.1501446353341256
139 0.011936265865792722 0.9772804837319106 -0.21195012648432843
140 0.12103334037121546 0.8920617151238573 0.4519135939649105
141 0.059637162239982576 0.6023682799787831 -0.7982183005139649
142 0.04326056778178583 -0.6575361267099105 0.7534230166854
143 0.05592409755357533 0.8701944996358584 0.49270836486049036
144 0.08350265245737681 -0.6940882312241969 0.7198899410854868
145 0.06495919165814809 -0.7070252240433872 -0.7071883289240555
146 0.1110926470052477 0.8740715724350655 0.4857971657604561
147 0.12309387975636883 0.35853780861677376 -0.9335152059780717
148 0.1131464206223032 -0.6666727502050168 0.7453505511731237
149 0.171831630806855 -0.8560309662641978 -0.5169245445872964
150 0.028158465933926326 0.3902869871007697 0.9206932538580934
151 0.0364680073481836 -0.9596090335159232 -0.2813369915148659
152 0.06335485522984897 -0.31324917279704 -0.9496709723593588
153 0.00018374407839454737 -0.8172351377313125 0.5763043724086108
154 0.04183496573491299 -0.17091035621183276 0.985286582746129
155 0.07349255417449081 -0.19772067515116895 0.9802584019623427
156 0.11362915135164514 0.7217022921342459 -0.6922035838741198
157 0.05824163184879798 -0.6582477066933636 0.7528014058388357
158 0.05315032000545745 -0.5458091034385838 0.8379095551451656
159 0.057828785791242114 0.8712161019560052 -0.4908996880143473
160 0.04385203622757066 0.46625477895034095 -0.8846504852799034
161 0.0433433565499626 0.8959061365210096 -0.4442433956110075
162 0.0683945090642768 0.010848322749968576 -0.9999411552154019
163 0.041248062008465224 -0.9999062298941512 -0.013694211144303222
164 0.1152427298946006 0.0626667184873316 -0.9980345096207994
165 0.04058046459212515 -0.450688919027462 0.892681073097138
166 0.03986959386144087 -0.03982599053569584 -0.9992066305213605
167 0.06972539092976758 -0.19148656725179175 0.981495234100566
168 0.05832964820786224 -0.9995945013332619 -0.028475127818984442
169 0.14637485922684523 0.7869715365896378 0.6169893034710929
170 0.05559817993188453 -0.6818232138101848 0.7315169889411667
171 0.028601517333230995 0.6604233631776926 -0.7508934554043373
172 0.05336050569811522 0.579530754774281 -0.8149503692070776
173 0.05054985419616301 -0.5063025316528005 -0.862355927933452
174 0.08432130358129791 0.836694914071458 0.547669262207544
175 0.022709513582005725 0.4773165023103917 0.8787314473843382
176 0.021780946364751093 0.19550807600671655 0.9807020914712846
177 0.013075917736154595 0.5522250502313911 0.8336950844864911
178 0.04063575739253293 0.7890813317559779 -0.6142887365679207
179 0.08436141526635614 0.9944089930088916 0.10559713359292548
180 0.1532798806609305 0.7548522126188154 -0.6558949131564283
181 0.05368108109530183 0.24306124078130098 0.9700109449020946
182 0.04576758623431558 0.9472584261547617 0.32047070705261615
183 0.06136817022111385 -0.9065650547547052 -0.4220661103400728
184 0.09371269539875009 0.9434696810791569 0.3314588373906995
185 0.10630951714208339 0.9668041631560754 -0.2555185122531844
186 0.07994015307763214 0.9175291733201948 0.39766847512263265
187 0.031120947833123604 -0.4681856922936969 -0.8836301022098962
188 0.02598674027517052 0.7769210013078623 -0.6295980922197816
189 0.0481919254570712 -0.8712212013525106 0.49089063783483206
190 0.05861457167026551 0.12475571817554085 0.9921874877171678
191 0.03548728472099339 -0.9998832269147807 0.01528177131373268
192 0.02437880106170252 0.25450399227347426 0.967071723253691
193 0.1036365528332574 -0.605459740423164 0.79587593425528
194 0.033038805669831216 0.8554621130139078 -0.5178654006571398
195 0.03709842849447751 0.9912807470105357 -0.13176676593980105
196 0.06907235876536882 -0.899218695347978 -0.437499414784386
197 0.04818379997991919 0.18318907468734233 -0.9830776993275736
198 0.06216459091511556 -0.1205709547368529 0.9927047118221227
199 0.09038330174439227 0.9418459300076696 -0.33604500312902746
200 0.0490370399543959 -0.15293533580109633 0.9882361980131096
201 0.12131296339324707 -0.022899987872764163 -0.999737760893039
202 0.04036279201437727 0.9974472939207042 0.07140655327254207
203 0.09244615411628998 0.18366596682946573 -0.9829887143953371
204 0.004305837747889259 0.785101457984465 0.6193671775858545
205 0.07310841734387699 -0.9133668846175892 -0.40713748793737903
206 0.06719359086377037 -0.6165865516144116 0.7872871295583643
207 0.05941099357229992 0.5699237947477851 -0.8216975527408394
208 0.05405313277472641 -0.25587952501534306 -0.9667086782883054
209 0.028942357094302606 -0.9941995073514619 -0.10755156708347102
210 0.04946499238242831 -0.9988966393262301 0.04696279317463359
211 0.055106812907335934 -0.6290680448093532 0.7773502395958578
212 0.12248751503058207 0.5351673753791476 0.8447460448737208
213 0.03161181158257525 0.9998394895551869 -0.01791633684722614
214 0.055101911959785206 -0.26216190675882445 -0.9650239036648665
215 0.0640627764371389 -0.9932599220159407 0.11590827113233675
216 0.07987424017828355 0.13289610626600393 -0.9911299737871593
217 0.07666802611444525 0.9807468395051734 0.19528347805335108
218 0.0642610208341948 -0.77798811989349 -0.6282789868399169
219 0.06604295718890123 -0.22164964681481023 -0.9751263682553507
220 0.026286557611743765 0.575612688311557 0.817722467011114
221 0.0340704283265227 0.39294433811823737 -0.9195622584364913
222 0.034042373882326164 0.9016706648662296 -0.43242341763564496
223 0.07144688194045376 0.7774461306216456 -0.6289495321418334
224 0.08209590234380747 -0.9889092865962669 -0.1485207826658023
225 0.024329687690748048 -0.9997821612009465 -0.020871754702578578
226 0.07689441055471985 -0.6255924597147959 0.7801500332295009
227 0.05643511377586844 -0.9013653779812958 0.4330594132179045
228 0.031693748640398076 -0.6700703798891242 -0.7422975724029042
229 0.05101021365596244 0.19875408658227506 -0.9800493931771223
230 0.12979476156046102 0.020091137357086175 0.9997981527286889
231 0.04620221416951896 -0.7681108610904208 -0.6403168786428577
232 0.07134665796851826 -0.983214566349219 -0.18245305291695532
233 0.04751074885534872 -0.09418502836014045 -0.9955547099144273
234 0.05263440378294603 -0.9843658205994283 -0.17613611564813766
235 0.08105715638012678 0.6747191888091945 -0.7380745329928832
236 0.029151810317340123 -0.02747177561963507 -0.9996225795490539
237 0.029151882002476506 -0.6729210378136532 -0.739714321118495
238 0.11039610630330335 0.5608860752588302 0.827892994644082
239 0.05921774883201755 0.6798435053138843 -0.7333572173794505
240 0.0326392678734508 -0.3047655541725755 0.9524274024774187
241 0.03352919108537369 -0.9561351469419498 -0.2929258964009432
242 0.036859103425265265 -0.9916416145456869 -0.12902289836003306
243 0.06363329509043715 0.7105312030495421 -0.7036656944124605
244 0.14728133408739078 0.5960458017909127 -0.8029504356854338
245 0.0669188904779897 -0.9456307520927072 0.3252421877564179
246 0.03935483488108906 -0.9567423721723186 0.29093647638287734
247 0.03173997864400174 -0.13441216132082684 0.9909255122808495
248 0.04075047963402324 -0.9399279516566784 0.3413728836543417
249 0.1571200757978715 -0.314645938593249 -0.9492091093783147
250 0.035628250785008336 -0.10122830292864837 0.9948632220994933
251 0.037815681438606884 -0.20438405738093562 0.9788907789373166
252 0.03834461420485377 -0.20432807453521407 -0.9789024660080963
253 0.07096495140852464 -0.7801166409550905 0.6256340995381777
254 0.028338081223080146 -0.6720363271024523 -0.7405181800973192
255 0.06819023626204825 -0.9855335021208308 -0.1694807251502378
256 0.05247404152982786 0.3982253459640719 -0.9172876178341204
257 0.03458186549124651 0.29296678160765083 0.9561226202085458
258 0.03407303152677371 -0.4847814422391025 -0.8746353258704885
259 0.08037673327630321 0.7069961532118105 -0.7072173918560701
260 0.07360887549387309 -0.7784602771677026 0.6276938719407603
261 0.053325215078815054 0.7025692321569812 0.7116153975472634
262 0.05579817454794098 -0.28746026509200917 -0.9577925641772501
263 0.09995620108115363 -0.9913888537538086 0.13095090932372191
264 0.049040645185651335 -0.013794834217483821 0.9999048467473853
265 0.05074317567241902 0.4796264509947249 0.877472773085413
266 0.08266988053189646 0.8856766366115247 0.4643025903013003
267 0.04289192290745241 -0.784751994055259 0.6198098965217439
268 0.11924473530771539 -0.25621197920882216 0.9666206193279233
269 0.034494280057323225 0.6594192416293452 -0.7517754077974214
270 0.12171445147903433 -0.9699109788926756 -0.24345983862528892
271 0.054229507849140844 -0.23298894976952142 0.9724793824474097
272 0.11147948632917383 -0.48141225147250893 -0.876494292127547
273 0.03469960910193471 0.28125705800773276 -0.959632464707627
274 0.04824116821845981 -0.9961680395794109 -0.0874599160788141
275 0.04273710815861646 -0.6756670120814122 0.7372069511236155
276 0.047772154041078145 -0.7693648651769424 0.6388095993574809
277 0.04507483806394954 -0.6003723203782593 0.7997206242955254
278 0.08208511043785048 0.8850393500634122 -0.46551621759003525
279 0.039420505651363166 -0.40045253211726073 -0.9163175047552428
280 0.1415488242645104 -0.7372675063069789 -0.675600935570614
281 0.041910233471120314 0.9327663769422024 -0.3604814642198918
282 0.06036276894644691 -0.15271539912375867 0.9882702094419679
283 0.05853116200395253 0.6133584543157848 -0.7898046635208932
284 0.04901459202056403 -0.827594410998565 -0.5613265456790175
285 0.06708058665060511 -0.9997769986674008 -0.021117597770676406
286 0.044619043092849496 0.6074148283342193 -0.7943848099754368
287 0.02839534833788777 -0.9929270608422088 -0.11872595271149618
288 0.04591669837353575 -0.78223455166062 -0.6229840336544018
289 0.04592341771669576 0.8886581679790512 0.4585702350612352
290 0.043631956490147825 -0.8969117833485275 0.44220951243789874
291 0.05126640066918888 0.9973126984624551 0.07326241523138753
292 0.03915468296479853 -0.14912847820706956 0.9888178280085992
293 0.10293975477069245 0.5256303699106808 0.8507130622175498
294 0.024927418373603915 -0.4279460449803461 -0.903804283341078
295 0.03763124955224339 0.9070963689010945 0.42092300664901844
296 0.04934187012066967 0.4406437528655575 0.8976820612335736
297 0.05412290096929805 -0.9989394407583133 0.04604338929171419
298 0.06008555959610992 -0.2631671712430461 0.964750247463007
299 0.08326208908336047 -0.9484959506555346 0.3167892542212468
