0 0.031115111084429894 -0.8420604185501009 -0.5393832139687226
1 0.03741327742047805 0.5774041188624924 0.8164585007951284
2 0.04515098904878374 0.7022110305486214 0.7119688677012802
3 2.1342875643770576e-05 -0.5703343381146261 -0.821412650722736
4 0.12810334277247037 -0.138732305313029 0.9903299184930912
5 0.12721408187678104 0.2511280115127672 0.967953884146163
6 0.0211143206912329 0.22007008783720747 0.975484062627024
7 0.10832070366894037 -0.45018226697177266 -0.8929366867276513
8 0.03670235594697425 -0.49430118966996145 -0.8692907073533346
9 0.0824395832654387 0.9873351079336617 -0.15864862004324057
10 0.04562190322740725 -0.6673500719745766 -0.7447441718036653
11 0.09280238249775452 0.9905134591046696 -0.1374157463047885
12 0.0714224263860196 0.7468250852183967 0.6650205200507233
13 0.04149731662725948 0.9886693244558898 -0.1501098493768294
14 0.04407738648502323 -0.9394132682245213 0.34278668510273796
15 0.0687641625887345 -0.9014560813758232 -0.4328705734403128
16 0.07180742753481677 0.4359692081486994 -0.899961582261263
17 0.07190450679521469 -0.7644278970962085 0.6447092291421525
18 0.09016677075343493 0.28524889252593216 -0.9584534779073678
19 0.15154010355248296 0.7335647464269991 0.6796195721133202
20 0.0341739944372441 -0.9935196859831692 0.11366016700632131
21 0.1362967133498915 0.5280080070309032 0.8492393917566787
22 0.09781847361276697 0.009484391644308915 0.999955022146065
23 0.08013890733593475 0.9796854783124709 -0.2005401794745013
24 0.0404157642852396 -0.9949391376419338 -0.10047941275866068
25 0.06255791774998602 -0.7847232059195847 0.6198463439363736
26 0.041995095606300395 0.17826828887149646 0.9839819191341012
27 0.05927536602683746 0.7041150888486881 0.7100858692127341
28 0.03183705062704861 0.989799031166413 0.14247062118917786
29 0.05397718734213305 0.9969878196254641 0.07755828465394946
30 0.03302753747035446 0.14495500263276603 0.9894382483064493
31 0.05235227616331285 0.5507816421956881 -0.8346493770561509
32 0.04745099492727888 0.9871709604413562 0.15966682454815173
33 0.033439298901035634 0.9658259493661664 0.25919150358556
34 0.06506604714703365 -0.17390216329301497 -0.9847629347218596
35 0.03221907277836353 0.6902321561122974 0.723587984054855
36 0.0492090154411701 -0.714988028047447 0.6991366960393532
37 0.09835351538546579 -0.5406951756235452 -0.8412185964762213
38 0.04648224886359276 -0.391085892959669 -0.920354184174733
39 0.028218436580044453 0.9982531000086077 -0.05908255515128633
40 0.04339022269636547 0.8261873740985559 -0.563395440947238
41 0.10972059018070672 0.9546963595909088 -0.29758168791756334
42 0.03776173543336774 0.32937345357958503 -0.9441997289117684
43 0.07682474767106591 -0.8937290879628493 -0.44860708568756874
44 0.05401071023714202 -0.9323183060741217 -0.3616387370831289
45 0.15473078634842088 0.573321154995581 0.8193307349505039
46 0.035006141141270854 0.41958142264327764 0.9077177037893682
47 0.04467516423302794 0.9199164566834205 0.3921144127968528
48 0.060511819719247364 0.19365395663359863 0.981069898162283
49 0.09324740722971278 0.9171444826405681 0.39855488701302433
50 0.0028158968509959196 -0.844717065123169 -0.5352131163281593
51 0.04615283425685346 -0.07529357713586611 -0.9971614098239489
52 0.03220260913741467 -0.6082256127387594 0.7937641992484674
53 0.023265250645569936 -0.01366725386261359 0.9999065987240282
54 0.036372884210968605 0.7602080541272505 -0.6496797014222159
55 0.04753559682791148 -0.9999302127362759 -0.011813960266819502
56 0.022719239414054793 -0.5706756256239675 -0.8211755782527226
57 0.05276849299794731 -0.9238096048277497 -0.3828522091199122
58 0.057746393692455295 0.47583331742826696 -0.8795354762743854
59 0.05051303882623217 0.9328477601889144 0.3602708096842233
60 0.06995544505890054 -0.9489211848597128 -0.3155132087955095
61 0.06873479446716729 0.07413589722842402 -0.997248148026426
62 0.031023142997830377 0.32975609055258964 0.9440661633293889
63 0.10230970592840906 -0.422181330440753 0.9065114032527531
64 0.041919951464046507 0.9855132834998234 0.16959825484183752
65 0.03750144739249458 0.5174887924009048 0.855689984596906
66 0.11220600890892564 -0.7816814256146349 0.6236779207644535
67 0.05675464249550912 0.40480127166194046 0.9144046863729843
68 0.03581604189491477 0.9986307823974729 -0.05231214436639951
69 0.054787233735741306 0.010899530084465824 -0.9999405983576913
70 0.05029563812346251 -0.9545950821056974 -0.29790641016872516
71 0.0484445986292373 -0.7780257887271457 0.6282323392467971
72 0.032232390689001675 -0.42340300240398965 -0.9059414426745733
73 0.040895998711436544 -0.8825290920121542 0.47025780349953006
74 0.04685239190994079 -0.9999999897017104 0.00014351508312545355
75 0.013029807780172521 -0.5654281517231 0.8247975540937298
76 0.058810495549299825 0.8717714493118333 -0.4899127883253771
77 0.08080161014985866 0.0457585864586684 0.998952527283106
78 0.03975263593594525 0.8512188121493289 -0.5248109505746669
79 0.05200538233443006 0.29595926388505117 -0.955200562248902
80 0.040555279639823846 0.9788389829530534 0.2046319756329205
81 0.03962865781752486 -0.9970711113099336 -0.07648005616612677
82 0.05483598317381201 0.6305250065423501 -0.7761689353000217
83 0.052921031337639285 0.9351057932010562 -0.3543686717555933
84 0.09022764617580648 -0.6747730149020551 -0.738025323657658
85 0.044675173584825686 -0.6888298313792294 0.7249230741272225
86 0.07739089803564698 0.1921907664627465 0.9813575848213851
87 0.047911959516753366 -0.3113278965683802 -0.9503025522528643
88 0.06077296354836795 0.9480901883451708 0.3180015640898935
89 0.052459652906582985 -0.992218314230592 -0.1245103084302745
90 0.03204463629407768 0.6345220526352948 0.7729047578579732
91 0.06259489205621699 -0.21357283183616466 -0.9769271444183959
92 0.054503903156763595 -0.8632706371807888 -0.5047413268016351
93 0.03716111500840375 0.9979228149350471 -0.06442092386881557
94 0.03535720045582638 -0.72377644526536 0.6900345333960028
95 0.06424043565256037 0.7020772961243293 -0.7121007444643986
96 0.019680373177335477 -0.7593560307063301 0.6506753557880667
97 0.057903261691829695 0.9116284580207578 0.41101527286305994
98 0.09834770317656791 0.7107907245143079 -0.7034035441653854
99 0.10622050679608606 -0.6875210762488294 0.7261644233323823
100 0.05018030428735663 -0.01480329701548869 -0.9998904251954167
101 0.06420085393240356 -0.5328312001507511 0.8462215502726873
102 0.08417742707688021 -0.8087093916348597 0.5882083983432871
103 0.09460745671839567 -0.2266600572270911 0.973973931097651
104 0.03856760547264009 0.515137890373684 -0.8571073176104322
105 0.0646349559598221 -0.9904920680226592 0.13756984838326977
106 0.11701963602515598 0.9770099065016827 -0.2131939084438697
107 0.06367340654626416 0.995748814773389 0.09211024849272295
108 0.00018513388153439786 0.7453500203024152 -0.6666733437262881
109 0.028871025365753103 0.5114583713595007 0.8593080555692977
110 0.0741161449186244 -0.13694015833456316 0.9905793219300031
111 0.06035732900444901 0.34567855568573647 0.9383529912239973
112 0.09376583436200878 -0.4426500590291299 0.8966944436325608
113 0.017752585559126188 0.18334900154259645 0.9830478847102683
114 0.07812376787032177 0.8897691840241663 0.45641077897105947
115 0.09352056888285479 0.9045867813396375 0.4262895201920812
116 0.08253796481589586 -0.017603436689164392 -0.9998450475032271
117 0.05663135451639429 -0.9939552346615641 -0.10978611701337743
118 0.094013054869573 0.5663446542554209 0.824168509830549
119 0.09327785878368011 -0.9961812469025256 -0.08730935413647989
120 3.8822452998038964e-05 -0.5821533742203022 0.8130789930160025
121 0.03604307538911453 -0.03534114177068854 0.9993753067283302
122 0.054833851246856434 0.0048271891401667245 0.9999883490546303
123 0.0848266075637489 0.7514343609637316 0.6598078516985292
124 0.0686445614127826 -0.6513363955341611 -0.7587891010370186
125 0.030833106438578558 -0.6746023138461561 -0.7381813585789146
126 0.05822859506980647 -0.882903562006735 -0.46955436340834844
127 0.02279826442611752 0.9384570761380907 -0.3453958833662409
128 0.030138619653835824 -0.8430113751752558 0.5378957346225419
129 0.06566509950936644 -0.7436162545051878 0.6686066601789693
130 0.11115831688205903 0.7882967249264186 -0.6152952734015453
131 0.0465247465202382 0.8759356024035484 -0.48242804690640945
132 0.08222689899863139 0.904290301095694 0.42691808505175693
133 0.08987779976991317 0.9921958042968044 -0.12468955824694099
134 0.07205505477493863 -0.9460174489623856 -0.32411569887726854
135 0.0966941481915101 -0.16433857975489774 -0.9864039898561558
136 0.11067101418431916 0.3317329763413363 -0.9433733261056931
137 0.07723898058093233 -0.8412125684624463 -0.540704553948655
138 0.06449261190078369 0.9888209522545804 0.1491077609728772
139 0.011337072585070024 0.9771035758274882 -0.2127641936631635
140 0.11925299075936059 0.8895896297813248 0.4567606491210966
141 0.05924796428148069 0.5947292858380872 -0.8039260392390079
142 0.044721976760737595 -0.6554990092906398 0.7551960333707995
143 0.055282105968362756 0.8690781513960022 0.494674809108072
144 0.08448852786006233 -0.6942555028594636 0.7197286271570371
145 0.06584611895887749 -0.7093698209950086 -0.7048364754051181
146 0.11152829523253031 0.8747547655670354 0.4845658883142323
147 0.1231921355688312 0.3593947399563874 -0.9331856304571351
148 0.11075225158802726 -0.6558357698541004 0.754903598467963
149 0.17126940668502105 -0.8516657728018252 -0.5240853093131592
150 0.02847432745421164 0.38796391493840066 0.9216745633387468
151 0.034680936216288885 -0.9592261114474117 -0.2826398187047922
152 0.06424176303717534 -0.3141430533693907 -0.9493756590621839
153 0.00018374407839454737 -0.8172351377313125 0.5763043724086108
154 0.040629362287780975 -0.1790321590945235 0.9838432222716957
155 0.07239849640797365 -0.19696764554405294 0.9804099890397039
156 0.11079931051776212 0.7173186802372155 -0.6967452267383965
157 0.057964974854271545 -0.6622586775594766 0.7492752791846086
158 0.05315683201557515 -0.5534728022695132 0.8328672506155662
159 0.05761654807721465 0.8712593702859381 -0.49082289034737425
160 0.045272555251772546 0.46722284903737316 -0.8841395870208505
161 0.04392316365607023 0.8980141279102869 -0.4399666192718794
162 0.06819566828968363 0.007383764103386084 -0.9999727396422692
163 0.04163312504703997 -0.9999337538763899 -0.011510337035519985
164 0.11599850469053433 0.07414764071101537 -0.9972472749408695
165 0.03932577298019918 -0.44536812036700657 0.89534755115584
166 0.03904594301720208 -0.04125313707127127 -0.999148727008036
167 0.0681010542074278 -0.18953247412102686 0.981874452897906
168 0.05699924869497937 -0.9995067596584454 -0.03140441684022759
169 0.14520920331722703 0.7880042841699113 0.615669755737494
170 0.05385402738715211 -0.6762463310365932 0.7366755729352958
171 0.02751014319568843 0.6547237191504262 -0.75586827660766
172 0.05279331610757502 0.5782427981318229 -0.8158647353628418
173 0.050837526326203426 -0.5014401627200865 -0.8651923272956442
174 0.08212803514870126 0.8413815798078284 0.5404415205737647
175 0.019986096637873072 0.48734860698547733 0.8732074984041964
176 0.022421954756368403 0.19700206695541855 0.9804030730343989
177 0.010930934432504232 0.5516566182828719 0.8340713251903016
178 0.03951124638524705 0.7921535977812955 -0.610321781949612
179 0.08526201065556688 0.9950866466535144 0.09900790701688247
180 0.1504317183689628 0.7553378905516821 -0.655335540846775
181 0.05335661988639726 0.2463849393297999 0.9691720495719276
182 0.04445333893126311 0.9517815472225212 0.3067766066157972
183 0.06010868191360356 -0.9039186165153057 -0.4277044946187213
184 0.09261953772392895 0.946501831547736 0.32269843953260935
185 0.10654290432229645 0.9665812171788831 -0.2563605870585195
186 0.07904081175304274 0.9184459255154396 0.39554656098124225
187 0.03213823634279542 -0.46276789819880315 -0.8864794822197872
188 0.0252740705809955 0.7803754554996377 -0.6253112412660857
189 0.04830026609777875 -0.8701282674454964 0.4928253221906303
190 0.059558169698166685 0.11758277042728436 0.9930630856590353
191 0.032719125715429384 -0.9997098146263824 0.024089137379408126
192 0.024516240718717944 0.2598377566239071 0.9656522874371785
193 0.10346672889020517 -0.6077899731630794 0.7940978204997311
194 0.03339842368658502 0.8603610826973306 -0.5096850079999187
195 0.03742740522907339 0.9934204700947259 -0.11452410050628524
196 0.06830005094360354 -0.8974587889023863 -0.44109831355590345
197 0.04880532326400844 0.18211763910103598 -0.9832767492055656
198 0.06262860568231862 -0.1270998186901742 0.9918899314384257
199 0.09010188701643018 0.938784827127529 -0.34450406144940526
200 0.049440216414541216 -0.16500136787449837 0.9862933380082948
201 0.12099795119428022 -0.02617158467742945 -0.9996574654127643
202 0.04181832217943487 0.997526223894107 0.07029532447868739
203 0.09255938249739513 0.18195792805270328 -0.9833063166779553
204 0.002813967066941011 0.8372647744650805 0.5467976750498651
205 0.07183911693098641 -0.9158669648123748 -0.40148188348338715
206 0.06875306721632787 -0.6213675405867048 0.7835192272722028
207 0.0572972946698592 0.5619720139612341 -0.8271562461375448
208 0.05399553111235605 -0.24781500334353593 -0.9688073720393767
209 0.03020344428840925 -0.9943413542475974 -0.1062321572456006
210 0.049762641363742255 -0.9987403936371331 0.05017595158583936
211 0.05596908616594561 -0.6280920320962583 0.7781390616189324
212 0.12032496661878336 0.5376526992783899 0.8431663981437242
213 0.031919604169996736 0.999838411535786 -0.01797639612369883
214 0.05623129913425613 -0.2615419352960067 -0.9651921135616575
215 0.06304707040241067 -0.9924883438643456 0.12233923039405044
216 0.07859518296735951 0.13781480378182934 -0.9904580151922523
217 0.07645253807691789 0.980624400847419 0.19589738248031954
218 0.06514372333453514 -0.7768508879967351 -0.6296846018592833
219 0.06736521771795595 -0.21796587257353206 -0.9759563916452716
220 0.026523240328392348 0.5726303411435959 0.8198136937144738
221 0.0333117757120837 0.39198779337789197 -0.919970417917191
222 0.035705389964077655 0.9015398743591246 -0.43269603065030976
223 0.07125205406421045 0.7896590793930331 -0.6135458730463007
224 0.08138371740007633 -0.9887902650416023 -0.14931112402951757
225 0.02497984708199813 -0.9998022233904624 -0.019887536385580058
226 0.07481682549531231 -0.6160385565136696 0.787716000147613
227 0.05743636103797856 -0.9002977368103544 0.43527460883234836
228 0.03106548923359359 -0.673953593049776 -0.7387736828117911
229 0.05144431606061006 0.20457177451344719 -0.9788515664146528
230 0.13010312410201347 0.024378114185932685 0.9997028096133058
231 0.045947367174117015 -0.7659162894715802 -0.6429403063442878
232 0.07168564637411215 -0.9830347603919682 -0.18341935519760602
233 0.04679154489178106 -0.10003261118566546 -0.994984159019317
234 0.05209303390397699 -0.9868256859518032 -0.16178709944168296
235 0.08053531685229343 0.6658797531520255 -0.7460590823401305
236 0.028540078247704926 -0.02807968993692276 -0.999605687765454
237 0.0297944555472047 -0.6716410899301433 -0.7408766741620694
238 0.10902093418974317 0.5652899995516857 0.8248922453307796
239 0.059780694153094026 0.6778526886887668 -0.7351977505660703
240 0.03149229089504253 -0.2997983828113999 0.9540025836776698
241 0.03434646925114898 -0.9562682022426056 -0.2924912398341105
242 0.03412403652639118 -0.9913539892113179 -0.13121458788871873
243 0.06481617496085634 0.7074853633610731 -0.7067279962120153
244 0.14696453571658583 0.5989334769921294 -0.8007987825528448
245 0.06626798622029327 -0.9428060028602419 0.3333419280119042
246 0.039871732599133236 -0.9567179529624296 0.2910167666636727
247 0.033244499809436515 -0.13415830916517701 0.9909599124495101
248 0.0417057077260369 -0.9395897568680119 0.3423026274931441
249 0.15667430413013111 -0.31585198962337696 -0.9488084741669175
250 0.036744939052759926 -0.10052528090872302 0.994934504325899
251 0.037457125859558064 -0.20567964551619658 0.9786193761725401
252 0.03821541603095063 -0.20613571586571017 -0.9785234113931721
253 0.07098539386423275 -0.7755742361745618 0.6312563696171667
254 0.027890305148545635 -0.6694165196960754 -0.7428872883271014
255 0.0679500803779452 -0.9850723134086651 -0.1721410391385525
256 0.05088181323810956 0.38669648784671906 -0.9222070409008013
257 0.035426408128520076 0.294875386074213 0.955535717117672
258 0.03485638788268916 -0.48150612121027075 -0.8764427278704753
259 0.07963393630571654 0.7112672115739431 -0.7029217266096045
260 0.07135388343052042 -0.7670538167234415 0.6415827633672845
261 0.05386506799286605 0.7064052283696244 0.7078076386505439
262 0.056511073168059346 -0.284051778970806 -0.958808941793682
263 0.09854878337965808 -0.9901201481398954 0.14022158267339513
264 0.048957675198427184 -0.011091626539527662 0.9999384860183689
265 0.051639213646323505 0.47834341171851263 0.8781728647968425
266 0.08292896773305801 0.8856949879069379 0.46426758275430907
267 0.04207275559647879 -0.7891235293541533 0.6142345280262619
268 0.11749496267389327 -0.2539892030004587 0.9672070537166237
269 0.034012987634995086 0.6558849487187419 -0.7548608706538003
270 0.12076371292569839 -0.9685800068690167 -0.2487021718715293
271 0.055597729358183856 -0.23072302872653128 0.9730194674389903
272 0.11004402583857664 -0.47300211121257096 -0.8810612934344867
273 0.0351637136869774 0.2815549875352726 -0.9595450948204636
274 0.04801461433900088 -0.9964152731201794 -0.08459671088664276
275 0.043680750754682716 -0.6757894085204303 0.7370947532926868
276 0.04808720834189592 -0.7721103100625979 0.6354885279019905
277 0.04466908928577486 -0.5970926119099659 0.8021723086734762
278 0.08226284432183159 0.8861838423986982 -0.463333786239984
279 0.04053080366921617 -0.4038613228251763 -0.9148202183630939
280 0.14022183610361588 -0.7334730384773683 -0.679718546037091
281 0.04317099617199494 0.9331614120483008 -0.3594576178967714
282 0.05995429181437215 -0.1444643664963201 0.9895100033919905
283 0.059428968539643676 0.6152256354939913 -0.7883510749856402
284 0.049842349088502935 -0.8300665075456701 -0.5576644089871021
285 0.06685071063222627 -0.9997537079019877 -0.0221928712929855
286 0.04533876415409857 0.6081809410675312 -0.7937984271351337
287 0.02952319720667543 -0.9932460942466523 -0.11602670495954888
288 0.04540840468256916 -0.785755371609647 -0.6185373844696741
289 0.04512937391147877 0.8877052965741459 0.4604121050039929
290 0.04359127933113062 -0.8959078674749715 0.4442399047771922
291 0.0525123462523 0.997261568776003 0.07395514480024555
292 0.03977037973599697 -0.14644150085828123 0.9892193320120538
293 0.10279936981958848 0.5221303514286441 0.8528656964123956
294 0.02591796588115327 -0.42596850922791013 -0.9047379892245886
295 0.038066615358790426 0.9057104848309371 0.4238968243184995
296 0.04866291289368443 0.4392616041048972 0.8983591949544417
297 0.054114872201631144 -0.9992485097519859 0.03876100822263802
298 0.05979331879086602 -0.26239576747153526 0.9649603417825129
299 0.08355085157829388 -0.9477493365252897 0.3190159794052221
