0 0.03235748338249572 -0.8400597826539656 -0.5424938355109411
1 0.03701529888515301 0.5725219841053615 0.8198893691932224
2 0.044378484481469575 0.7018628820646292 0.7123120768174104
3 2.1342875643770576e-05 -0.5703343381146261 -0.821412650722736
4 0.12691000521183698 -0.13226140470169026 0.9912148711688782
5 0.12737255938165284 0.2563134342631792 0.9665937220033114
6 0.02131338687885181 0.21689686639240982 0.9761945243388498
7 0.10799516192623441 -0.45475190667638493 -0.8906181580083535
8 0.03669374628448461 -0.4878815779922269 -0.8729098268754996
9 0.07999055590538018 0.9884390048380604 -0.15161904139897744
10 0.04599765090573644 -0.6688437593683446 -0.7434030034604514
11 0.09113842483831815 0.9904862361742816 -0.13761183070254288
12 0.07060728387164074 0.7443254581606682 0.6678170500473251
13 0.043223259834325095 0.9886337476960828 -0.1503439819759939
14 0.041811752282027354 -0.9368261206633391 0.34979539682917327
15 0.06806257546674949 -0.8998755571276028 -0.43614674329207864
16 0.07093892343421254 0.43689387375830535 -0.8995130588671083
17 0.0719680488861509 -0.7613231232208804 0.6483726567717089
18 0.08917622020982127 0.29965014877679175 -0.9540491540471311
19 0.15038284366148466 0.7350150664915206 0.6780507739325025
20 0.034960717555374735 -0.9943316358291497 0.10632308305032921
21 0.1348157215556974 0.5242924083136283 0.8515382966048536
22 0.0961467141998003 0.015132503699767236 0.9998854971104324
23 0.07755622100910393 0.9809320195674329 -0.19435115895552926
24 0.039930699486908416 -0.9960607840760644 -0.08867307610416995
25 0.061672612350545934 -0.7905445992667347 0.6124044713832499
26 0.04068528046590382 0.19882087796879466 0.9800358455096005
27 0.058154670423409945 0.7079334412309722 0.7062791535836759
28 0.03257035245214866 0.9902269741449166 0.1394651916278853
29 0.05352294194856158 0.9973388196145517 0.0729059592204405
30 0.03220297882866119 0.1436345540479383 0.9896307972589828
31 0.05111166929558823 0.5641345019002618 -0.8256829075170101
32 0.04832397092212736 0.987536588656074 0.157389599610407
33 0.032833996088093315 0.9612335122770294 0.2757356249663182
34 0.06598415673918274 -0.17406636919293259 -0.9847339230045798
35 0.0321839240388091 0.6882724003042925 0.7254523436996863
36 0.04840371769261442 -0.7107082298652532 0.7034868954016119
37 0.09872937341580014 -0.537450167011667 -0.843295510470162
38 0.0463035599367513 -0.39405219803920327 -0.9190880617331902
39 0.028208407048631073 0.998084837064071 -0.061859987251751625
40 0.045161767066210924 0.8278732752660344 -0.5609151808431369
41 0.1092265884242251 0.9552942252000414 -0.2956567998532296
42 0.038539124309838906 0.32706508022793696 -0.945001816556716
43 0.07523372888601583 -0.8983524773199323 -0.43927534245976124
44 0.055983153684759424 -0.932331602915823 -0.36160445545431563
45 0.1548067831267537 0.5736391735818251 0.8191081116265182
46 0.03611878442534241 0.4205511598808469 0.9072688256095182
47 0.045394977658170674 0.9207993507100887 0.39003660819451175
48 0.062077429991476946 0.19351232422487405 0.9810978444442161
49 0.09343478887905088 0.9190825836118677 0.3940649749740951
50 0.0028158968509959196 -0.844717065123169 -0.5352131163281593
51 0.04561375616006184 -0.07344670901221353 -0.9972991431537858
52 0.03234221548399467 -0.6135305567549976 0.7896709795401518
53 0.022653186353678918 -0.016043130755058442 0.9998713006960326
54 0.03550680879554271 0.7727052418473366 -0.6347650031481329
55 0.04699808385615215 -0.9997754293331336 -0.02119176495123831
56 0.023403421547975582 -0.5748568228683136 -0.8182540150844041
57 0.05303094361124956 -0.9234278329924669 -0.38377211630710834
58 0.0563536970664723 0.4918638378755962 -0.8706721340380024
59 0.05169367088689604 0.9350394812021229 0.3545436060532821
60 0.06895521477326316 -0.948309134514397 -0.3173480508787715
61 0.06917508435127075 0.07664650736070795 -0.9970583297427513
62 0.031893538587500325 0.3316340030272639 0.9434081237916667
63 0.10255304525387883 -0.41542651388536617 0.9096267429891514
64 0.043217771202801666 0.9848704396870337 0.1732922878568715
65 0.037876418595224046 0.5160253148868695 0.8565733327601947
66 0.11314629221230842 -0.7818049411109996 0.6235230822146254
67 0.056079792163430085 0.40701102189314226 0.9134232469438798
68 0.0361128246092557 0.9986317193198831 -0.05229425559479947
69 0.056591992717982285 0.01771403360720151 -0.9998430941969659
70 0.05010121533930426 -0.9526710384654129 -0.30400311259793356
71 0.04731123690413877 -0.7826944055853409 0.6224061916991267
72 0.03205565864150593 -0.42035456415248557 -0.9073599288023325
73 0.042411745677793745 -0.8820963831591523 0.4710689660947132
74 0.04845995486941456 -0.9999943620176222 -0.003357965599715998
75 0.01189248169570904 -0.5607811299587895 0.8279640839324754
76 0.05963318269347648 0.8692013450090023 -0.49445831152336944
77 0.08091140117396296 0.05088943173371604 0.9987042934411664
78 0.03834006808527273 0.8454331297167114 -0.5340812889227691
79 0.0514487665378443 0.2886880856028829 -0.9574232027849244
80 0.04007630173597708 0.9798693243644798 0.1996399438226173
81 0.04082883534624667 -0.9973886669287926 -0.07222082166526479
82 0.05566017522121963 0.6283851682446002 -0.777902359123692
83 0.05180512225132243 0.9342767755055845 -0.35654860363053964
84 0.09074458238991066 -0.6670797942726897 -0.7449862737481181
85 0.04340358899009046 -0.6894735292851166 0.724310881055314
86 0.07823606923813331 0.18112632426571146 0.9834598388637903
87 0.04851340137873045 -0.3091216093248578 -0.9510225184759875
88 0.05870165367102149 0.940530570767013 0.33970906000970413
89 0.05227802702438729 -0.9906583130024249 -0.13636754334954287
90 0.0295170911175915 0.6357906343056212 0.771861560986979
91 0.06014139896967091 -0.22120911124051965 -0.9752263988962663
92 0.05547078718124064 -0.8641263518668235 -0.5032749228894031
93 0.03822702193936489 0.9978692180320416 -0.06524587116532099
94 0.036154914185723995 -0.7246683848299675 0.6890977666687987
95 0.0650927706660417 0.7013879045870925 -0.712779774754396
96 0.01937923562217503 -0.7605763441976641 0.6492485076200918
97 0.05918404474454504 0.9135011471792893 0.40683615141985907
98 0.09717643349912335 0.7095562092778831 -0.7046488386957016
99 0.1056920147907546 -0.6828947782282594 0.7305167498891292
100 0.050144149758911696 -0.01869370331419148 -0.9998252574607229
101 0.06403049422453637 -0.5419961411974856 0.8403809748721321
102 0.08271462716787956 -0.8094659869903792 0.5871667700966151
103 0.09327044271409825 -0.2437262441488937 0.9698440688652346
104 0.03921915132022531 0.5159026047835267 -0.8566472450067019
105 0.0652587698207102 -0.9903881023621435 0.13831632839080288
106 0.11473289303788207 0.9761206806411393 -0.21722895024530903
107 0.06375375599216043 0.9956403758499894 0.09327508765630692
108 0.00018513388153439786 0.7453500203024152 -0.6666733437262881
109 0.0292075983128871 0.5139747758659003 0.8578052982895347
110 0.0728291974748476 -0.13077882074326033 0.9914115694528697
111 0.05980014358275774 0.347321325024703 0.9377461795086582
112 0.09152581353265146 -0.4564463800847998 0.8897509213861385
113 0.017446778230340014 0.1836711836982811 0.982987739638126
114 0.07626483754868102 0.8850436466956552 0.4655080487420774
115 0.09116250185555888 0.9059107940495804 0.42346857406950367
116 0.08208321644843757 -0.020447487924323975 -0.9997909282632967
117 0.054317382486399786 -0.9935804090977799 -0.1131281161210084
118 0.09431840930369867 0.5697298914324646 0.8218320088730738
119 0.09053391074975098 -0.9944076779992599 -0.10560951631420439
120 3.8822452998038964e-05 -0.5821533742203022 0.8130789930160025
121 0.03519297625093964 -0.0384788032456439 0.999259416618519
122 0.056805612070883686 0.011674809269708162 0.9999318470918486
123 0.0839664377554796 0.7516921924132575 0.659514099822703
124 0.06902982595842228 -0.6535695544803654 -0.7568664594605423
125 0.030978745605926124 -0.668855581193946 -0.7433923671290342
126 0.05792379997657803 -0.8809304395031998 -0.473245772043131
127 0.023180431455593578 0.9387161592018863 -0.3446911261597241
128 0.0315609423408447 -0.8403667568565604 0.5420181860144425
129 0.06475036165893704 -0.7362058857399572 0.6767576329838069
130 0.11007994141843348 0.7856681536073322 -0.6186481652823723
131 0.04526984444901865 0.8791241239490944 -0.4765928814939824
132 0.08079509399228714 0.9066275612450145 0.421931825288064
133 0.08989064173898198 0.9928577511222989 -0.11930417442977885
134 0.07252323649066598 -0.9483204680531885 -0.31731418164239283
135 0.09488283975844478 -0.16695902237636448 -0.9859638354661537
136 0.10925239523222822 0.3368178690328677 -0.9415698184947083
137 0.07758108697906499 -0.8373890439319553 -0.5466073445378554
138 0.06476374540071578 0.9890147865081775 0.14781661634668788
139 0.010648744343094286 0.9769062779477574 -0.21366825713301224
140 0.11736135804126452 0.8869148890798909 0.4619328734008923
141 0.058844181166998306 0.5865477098112412 -0.8099146770587554
142 0.04629175803302852 -0.6534797039210573 0.756944037933616
143 0.05456993285766896 0.8679255794415786 0.49669426063827243
144 0.08554732310142212 -0.6945497390388581 0.7194446886321798
145 0.06678073394173999 -0.7118535836741677 -0.7023278973600897
146 0.11201384204698346 0.8754738096808911 0.48326556732590303
147 0.12329861197617371 0.36025582923776217 -0.9328535455794829
148 0.10825841242255974 -0.6438337282019899 0.7651654268388806
149 0.17071212260020266 -0.8469855628746744 -0.5316158916754379
150 0.028761155729748848 0.3854775463971925 0.9227172162822153
151 0.0327538392330684 -0.958888756031918 -0.2837822291045736
152 0.06521376996002853 -0.31531250502541935 -0.9489878946407034
153 0.00018374407839454737 -0.8172351377313125 0.5763043724086108
154 0.039321939689118506 -0.18742952375822644 0.982278053111116
155 0.07126674506879059 -0.1959802508162946 0.9806078427638555
156 0.10779346385187635 0.7124754904147965 -0.7016969969710539
157 0.05762874492422564 -0.6662804899160624 0.7457012194955913
158 0.053193323588992834 -0.5611246047542767 0.8277313440599895
159 0.05738119204109697 0.8712761182206319 -0.49079315991401856
160 0.04680583602533579 0.46819851440573595 -0.883623308377649
161 0.04454215676218186 0.8999870533201979 -0.4359166248906173
162 0.0679997229606753 0.003700259521115181 -0.9999931540163044
163 0.04201663694297391 -0.9999567685590095 -0.009298441429806719
164 0.11685528243635927 0.08609599502969724 -0.9962868460638464
165 0.03798110058147651 -0.4398010481574752 0.8980952277122878
166 0.03814698414262683 -0.04284011958009687 -0.9990819406607062
167 0.06640146759417305 -0.18762985962929807 0.9822398056358181
168 0.05551284412709389 -0.9993969448964922 -0.034723861126863105
169 0.14396632455427294 0.7890676850561411 0.6143062659619732
170 0.05198541149198403 -0.6702120646176679 0.7421696493665872
171 0.026337693329761224 0.6491661573082843 -0.7606466329417333
172 0.05217538195766368 0.5769441366447136 -0.816783608547139
173 0.051124368074060116 -0.4964891234733827 -0.8680429426431806
174 0.07983619591388415 0.8462148110093157 0.5328419030335996
175 0.017045211783977325 0.49873442574496035 0.8667548514873422
176 0.02308410976570452 0.1987094675049365 0.9800584408717189
177 0.008637531152129724 0.5519271594073697 0.8338923256083557
178 0.03818470718463297 0.795792477284019 -0.6055694288008304
179 0.08623910086782333 0.9957503092559646 0.09209409110605744
180 0.14737195564092231 0.7558793917415689 -0.6547108866823552
181 0.05302577346188387 0.24992645156681453 0.9682648236960902
182 0.043038662382979036 0.9562575040910811 0.29252621398687667
183 0.05870903758206323 -0.9010501952459662 -0.4337148206450942
184 0.09151487831080792 0.9495227120865972 0.3136982933197325
185 0.10680875542576491 0.9663719503099885 -0.2571483106187347
186 0.0781154811450852 0.9194083485234257 0.39330432067983573
187 0.033206729686094165 -0.4572064566681191 -0.8893605882773215
188 0.024481215785334114 0.7836367407355025 -0.6212193320957091
189 0.048407057813056556 -0.869084682644516 0.4946633343928786
190 0.06056766154608204 0.11021155029226733 0.9939081517837426
191 0.029752675492936056 -0.9994228736073447 0.033969393730788854
192 0.024614692200711625 0.2654354795816778 0.9641286253292373
193 0.10329667189742955 -0.610192921107325 0.7922528630623621
194 0.03375918081913686 0.865430510135755 -0.5010289733400324
195 0.035866011446465514 0.9926346287534338 -0.12114657980947184
196 0.0675097540273924 -0.8956044601180057 -0.44485126842208234
197 0.04945467037745163 0.18120898834805807 -0.98344461081541
198 0.0630994826858549 -0.13402775753304044 0.9909775780564687
199 0.08980619701460506 0.9355786559532341 -0.35311836333549707
200 0.04984874193304748 -0.1774551012308738 0.9841288975775176
201 0.12068431795858905 -0.029467634217086074 -0.9995657349737676
202 0.043375550330344015 0.9976148259766483 0.06902650933939614
203 0.09270357098286743 0.1803284839078034 -0.983606444616704
204 0.002813967066941011 0.8372647744650805 0.5467976750498651
205 0.07052367478857062 -0.9184270101820927 -0.3955904788641685
206 0.07044409509534667 -0.6263151831206268 0.7795699400262787
207 0.0550458783004197 0.5533327827851923 -0.8329602820634338
208 0.05393090201776962 -0.23949261921345916 -0.9708981848485849
209 0.03155669601216062 -0.9944803683041815 -0.10492281476199342
210 0.05006154839890505 -0.99855744266016 0.053693888926033405
211 0.056901602269938144 -0.6270836247779928 0.7789519417366475
212 0.11802565623397918 0.5403093044104977 0.8414664910544234
213 0.032214684780977255 0.9998339438302586 -0.01822319304708497
214 0.057414923904003295 -0.26073765065231586 -0.9654096941362826
215 0.061950260333866074 -0.9916764030045365 0.12875523959817775
216 0.07721354364524657 0.14291788398307873 -0.9897345494817281
217 0.07626318461785961 0.9804372719473375 0.19683179564405362
218 0.06606733152019309 -0.7757781530853883 -0.6310057505248456
219 0.06878493033615998 -0.21408466701728257 -0.976815108067079
220 0.026755574372804708 0.5697437288963186 0.8218224159654677
221 0.0325297377493519 0.3910044048893831 -0.9203888066231029
222 0.03747183334441318 0.9014730689185922 -0.4328351949812943
223 0.071134987207686 0.8018987562434614 -0.5974599440424351
224 0.08063608910605391 -0.9886263130560503 -0.1503928626404869
225 0.025681880643199307 -0.9998201878493584 -0.01896291034819503
226 0.07260955744248658 -0.6055915365820889 0.7957756535733829
227 0.05852964986078177 -0.8990761443467877 0.43779228712542895
228 0.030392051237120788 -0.6784275133880106 -0.7346673458635281
229 0.05191129348157875 0.2105510068389457 -0.9775828729673542
230 0.1304151809105905 0.028830446842945518 0.9995843162709367
231 0.045692763352725964 -0.7635604701893951 -0.6457363303734349
232 0.07203155260440398 -0.9828514046589181 -0.1843993393697267
233 0.045998603720610654 -0.10587502250234403 -0.9943794444829037
234 0.05152467728970361 -0.9891480702290266 -0.14692207173257732
235 0.08001438235702318 0.6566972109123376 -0.7541543430757107
236 0.027845956159364475 -0.028829914078207702 -0.9995843316370276
237 0.030436658533966814 -0.6702224755734477 -0.7421602476798385
238 0.10752606552950651 0.5699271320897688 0.8216952379732593
239 0.060385971269049425 0.6758250828770085 -0.7370620444401438
240 0.03027363758296618 -0.29470528145884795 0.9555881942972408
241 0.03522322544814542 -0.9564146413072434 -0.29201204408917275
242 0.031182276609941127 -0.9910029783712481 -0.13383981791423483
243 0.06608391423076897 0.7044434428901148 -0.7097601255136283
244 0.1466405545601152 0.6018479842234309 -0.7986106710320072
245 0.06556276034052143 -0.9397872745163444 0.3417599722863128
246 0.04040188669400073 -0.9566472803393496 0.2912490017482049
247 0.03487889633175212 -0.1339277158395016 0.9909911033556325
248 0.04272875898870735 -0.9392016086968549 0.34336618677621683
249 0.15622578634271367 -0.31694393620725986 -0.9484442742203932
250 0.037963946930870816 -0.1000577188527578 0.9949816344526076
251 0.03705695931440266 -0.20688075030932265 0.9783661661931343
252 0.038061747126149924 -0.2077915672699787 -0.9781731260730311
253 0.07102200258839456 -0.7710190070412162 0.6368121314651417
254 0.027364013050236103 -0.6665109490032308 -0.7454952413388113
255 0.06768152955856285 -0.9845703120903361 -0.1749894298245988
256 0.0491962518315828 0.37456335407249153 -0.9272013232227213
257 0.036289473920456325 0.29698996092023094 0.9548806014956004
258 0.03568177955895513 -0.47818025023385186 -0.8782617196976599
259 0.07883005923609421 0.715663628539606 -0.6984451093575822
260 0.0689756822453895 -0.7543728867239231 0.6564461499436302
261 0.05445686080694464 0.7104545159465189 0.7037431212958302
262 0.057249427405998136 -0.28038906027276245 -0.9598864385328908
263 0.09705338495546668 -0.9886864509883917 0.14999700541003624
264 0.04886416520778714 -0.008288807808250215 0.9999656472425029
265 0.05260846428497288 0.4771310374381319 0.8788321643597325
266 0.083206702276866 0.8857959190145344 0.464074983011578
267 0.04120011831693542 -0.793484272520858 0.6085907567997108
268 0.11562016045603346 -0.2515565140792417 0.967842611287755
269 0.03349612655660677 0.6519606555275622 -0.7582527966608968
270 0.11975050070557519 -0.9671292060819414 -0.2542854670312752
271 0.05713799734277143 -0.22857875055339383 0.9735254258597714
272 0.1085257657297721 -0.464008502147955 -0.8858307456475031
273 0.035688955762460554 0.28177691322506077 -0.9594799482914463
274 0.04775797936431769 -0.9966706770433569 -0.08153257951234325
275 0.04469546741001857 -0.6758885700337234 0.7370038269220646
276 0.048387888310510274 -0.7749203284184654 0.6320589249459403
277 0.04425350966861041 -0.5935398861731965 0.8048045747394263
278 0.08246249911749581 0.8873943521177065 -0.4610111320018163
279 0.04171979642999982 -0.40754200405634344 -0.9131864623009582
280 0.13882339508101604 -0.7294203475997019 -0.684065754520375
281 0.04451420623411074 0.9336076894202013 -0.35829691912640405
282 0.059558894742471044 -0.13607804849964045 0.9906981198713004
283 0.060370701833022074 0.6171169011740059 -0.7868714826992984
284 0.05072116020579427 -0.832696230947514 -0.5537300668789843
285 0.06656787941375784 -0.9997279232282372 -0.02332551216492083
286 0.046118022461980844 0.6088341767850195 -0.7932975136596028
287 0.030718004437814497 -0.9935650802398098 -0.11326266519935119
288 0.0448699677352824 -0.7892785422427104 -0.6140353269602833
289 0.04429748623749145 0.8866861072248162 0.4623718711756822
290 0.04352573962827359 -0.8947993727404961 0.4464684563809796
291 0.05380323310379136 0.9972119511573619 0.07462120656306252
292 0.040448182318224266 -0.14353511471884745 0.9896452247359391
293 0.1026575237064905 0.518649307237443 0.8549870736462163
294 0.026968065414771238 -0.4239193245365627 -0.9056999537840689
295 0.038515973438392984 0.9042823765923154 0.42693487019047066
296 0.04796738574001315 0.4379288893090464 0.8990096150256376
297 0.05411063069044071 -0.9995147572762019 0.031148836047200347
298 0.059486260619130274 -0.2614431610828956 0.9652188733769057
299 0.08386441436345035 -0.9470028610799963 0.32122512527244995
