0 0.034575141262686744 -0.8366470471191513 -0.5477423833763502
1 0.03641677332652842 0.5646786070591733 0.8253108933787993
2 0.04307071511296944 0.7015807197891031 0.712589989840023
3 2.1342875643770576e-05 -0.5703343381146261 -0.821412650722736
4 0.12479132283448435 -0.12073132273243863 0.9926852208586948
5 0.12768085926519743 0.265224971691253 0.9641865558030634
6 0.021544501850296403 0.2113603556135229 0.9774082054468978
7 0.10735703581903908 -0.4627370211136751 -0.8864956002659248
8 0.036618439119404725 -0.47640809082451324 -0.8792242779842594
9 0.07557750200581 0.990322766660549 -0.1387833485465595
10 0.046702983002823655 -0.6716669159978585 -0.7408532607432633
11 0.08811697105651319 0.9904479157278733 -0.13788736791422052
12 0.0692662210723625 0.7397267936277953 0.6729073270437328
13 0.046308609419083366 0.9885936816377714 -0.15060721306058575
14 0.03769358136514523 -0.9319997029185554 0.3624590373541878
15 0.06671063010996522 -0.8972284895773975 -0.4415665719805585
16 0.06936737712662458 0.4385103211990725 -0.8987261530643726
17 0.07210009192830086 -0.7565014370592639 0.65399203032397
18 0.0875239413246888 0.3245115459595175 -0.9458817349642417
19 0.14836421397746977 0.7372681137068572 0.6756002727287288
20 0.03634354770682777 -0.9956367088466054 0.09331422183729547
21 0.1321976305435311 0.517836083414405 0.8554798599114004
22 0.09320015828522538 0.02527005195409219 0.9996806612484996
23 0.07293184546143627 0.9830951743790406 -0.18309527059059674
24 0.03907724893385068 -0.9976176508809504 -0.06898566989436396
25 0.06012487352474875 -0.8001201658550993 0.5998397454253998
26 0.03839368075555322 0.23261065320396854 0.9725699378533263
27 0.0562194066185196 0.7145662590452626 0.6995677675779943
28 0.03385425429644558 0.9910325896955704 0.13362038078560917
29 0.052677790511811796 0.9979018960093322 0.06474415758182323
30 0.030700502751153057 0.14146791607600903 0.9899428411383716
31 0.048838442304071944 0.5868767955548146 -0.8096762481630002
32 0.049883220547752946 0.988121592630131 0.15367406475425044
33 0.031855352253142226 0.9532745890921975 0.302105209804634
34 0.06759658518428671 -0.17441269396213538 -0.984672642142997
35 0.03208655667803103 0.68511628220633 0.7284337168581478
36 0.04696221643714973 -0.7037767703777331 0.7104211831559413
37 0.09952893944086516 -0.5325145060480271 -0.8464208768977911
38 0.045972416774012606 -0.3994345607088031 -0.9167617093396547
39 0.028135185484456933 0.9977547189101003 -0.0669740314795723
40 0.048324989581436564 0.8310617740713282 -0.5561801216129687
41 0.10832802531490103 0.9562701010924022 -0.29248503167978845
42 0.039912660690840665 0.3231854454257046 -0.9463356528552588
43 0.07256277258380982 -0.9058801444940329 -0.42353413535566425
44 0.059672106623238616 -0.9327191543187194 -0.3606036316608207
45 0.15498535574363878 0.5741898775907784 0.8187221656168147
46 0.03818936389199311 0.42194923668480544 0.9066194580203483
47 0.04664623773572298 0.9224244056266124 0.38617769990561435
48 0.06494802146573794 0.19337587805871218 0.9811247473104642
49 0.09378812788879312 0.9222148010091039 0.38667798075367427
50 0.0028158968509959196 -0.844717065123169 -0.5352131163281593
51 0.0444746756872546 -0.06997358644952745 -0.997548844518097
52 0.03255820052875238 -0.6223336814890236 0.7827520609262671
53 0.021585240789727855 -0.019578942262862994 0.9998083141381989
54 0.03405320987441376 0.7918139100965931 -0.6107624184390722
55 0.04606565892651429 -0.9993162589388508 -0.03697316081240312
56 0.02455436861099699 -0.5823552612911501 -0.8129344067306514
57 0.0534875216650263 -0.9228208068718213 -0.38522948797365014
58 0.054008367689363325 0.5187604914640829 -0.8549196175640977
59 0.05371126297260826 0.9387326966952031 0.34464608536200114
60 0.06717078043562637 -0.9473026023588947 -0.32034009983775946
61 0.07001620752718404 0.08030707389516628 -0.9967701710436545
62 0.033527144255850745 0.33494086666968453 0.9422391500222014
63 0.10308097254516599 -0.40426008071484465 0.9146440767535902
64 0.04552678869411445 0.9837454205124415 0.17956878242278
65 0.038511411415697035 0.5136953275005628 0.8579726746838092
66 0.11486910946308856 -0.782212173534476 0.6230121311615615
67 0.054754702613053506 0.41082603362604014 0.9117137544729134
68 0.03664390447529481 0.9986286302835273 -0.05235321172617752
69 0.059835912362041735 0.028826501379290867 -0.9995844300599274
70 0.04977346043664851 -0.9494595893382862 -0.31388929292598206
71 0.04525995634625161 -0.789954809054318 0.6131650672143318
72 0.03161665133480134 -0.41480374148218263 -0.9099109055574521
73 0.045088529299019915 -0.8813719340581755 0.47242302426379595
74 0.051325718469097205 -0.999957667621484 -0.009201248013273057
75 0.009891746966143289 -0.5543090633314655 0.8323109168505441
76 0.06107998124415532 0.8648838288991002 -0.5019720734351982
77 0.08108079236045228 0.05940973374537794 0.9982336818282097
78 0.03578443971073366 0.8355349949913278 -0.5494372322156935
79 0.05043546627553106 0.2766958181158378 -0.9609575558978696
80 0.03923359231709022 0.9814181411224984 0.191881297357663
81 0.042907754822481166 -0.9978743177598458 -0.06516782914385162
82 0.057155331327962015 0.6247884702686121 -0.7807940621056282
83 0.049766910181588804 0.9326239983323453 -0.36084966084865533
84 0.09186391438961983 -0.6544868896068119 -0.7560733504976886
85 0.04105582118057515 -0.6909086335463459 0.7229420862635686
86 0.07983030816389118 0.16278766242537507 0.9866611256972082
87 0.049575032655149516 -0.30554762890878273 -0.9521767937038903
88 0.05511657173071106 0.9257689690032733 0.3780896931028619
89 0.05222730311895935 -0.9878372243642188 -0.15549153726295178
90 0.024886306928702275 0.6378159274956264 0.7701888356973852
91 0.05581523161125211 -0.23473189245997608 -0.9720601517715651
92 0.057221473748993716 -0.8655214174219419 -0.500871915746843
93 0.04005458332545826 0.9977773651563908 -0.06663579804857352
94 0.03757963822361384 -0.7263498382053607 0.6873251868941268
95 0.06661500967167712 0.7000948770592925 -0.7140498323753981
96 0.018854839057333473 -0.7625757632856461 0.6468989142434188
97 0.06145828570309816 0.916440229328 0.40017159578016376
98 0.09489627209032389 0.7076038451475465 -0.7066093675662721
99 0.10478598406611955 -0.6743361304997315 0.7384245276957213
100 0.050121605873572686 -0.024471993017330173 -0.9997005159335268
101 0.0638211725053156 -0.5571025135160482 0.8304437304442134
102 0.08009901999709981 -0.8107314441038359 0.5854182483842717
103 0.09099998901143465 -0.27370807694975285 0.9618128137077756
104 0.0403642497147958 0.517163499786853 -0.8558866247863753
105 0.06649764372349723 -0.9902424068697133 0.13935557267966373
106 0.11060409230605278 0.9745031705491289 -0.22437372972274475
107 0.06392153312950816 0.9955200520390253 0.0945506530290322
108 0.00018513388153439786 0.7453500203024152 -0.6666733437262881
109 0.029955842803955537 0.5179805674718703 0.8553923846525168
110 0.07055420168905115 -0.1207272642111625 0.9926857144515016
111 0.05878739606335899 0.3489424758871633 0.9371441450074457
112 0.08761990344098977 -0.48154367155513933 0.8764220971570696
113 0.016757186340787815 0.18419647585025672 0.982889443571527
114 0.07308306935099901 0.8762263322992141 0.48189979724572124
115 0.08695726674397351 0.908329350692143 0.4182556522883938
116 0.08132912001714654 -0.025434383961577944 -0.9996764937280935
117 0.050194620860259234 -0.9928999039648979 -0.11895285077078468
118 0.09494732096204449 0.5753097996463594 0.8179355930822829
119 0.08579102785086878 -0.9902219627953684 -0.139500768448378
120 3.8822452998038964e-05 -0.5821533742203022 0.8130789930160025
121 0.033621339668007635 -0.04389696040128391 0.9990360638473108
122 0.06051758053877367 0.022513591871426528 0.9997465369687694
123 0.0825577530354678 0.752272064194539 0.6588525946161914
124 0.06976317976285722 -0.6579691240190317 -0.7530449069196525
125 0.031159701719965675 -0.6582919423667983 -0.7527627239807693
126 0.05744110838587148 -0.8777694058473374 -0.47908336451854827
127 0.023824270997732124 0.9392783523631196 -0.34315619881042986
128 0.03412747775587454 -0.8356259881499521 0.5492988329938596
129 0.0631542200053492 -0.7233149271299609 0.6905182953340043
130 0.10822228488067233 0.7811031345053816 -0.6244020285568167
131 0.042981255331962315 0.8843072752446838 -0.4669053897197194
132 0.07813037515798375 0.9105351104310317 0.4134317509243199
133 0.08995537035810046 0.9938780065634798 -0.11048306688992461
134 0.07350961530204221 -0.9518483247742963 -0.30656935043211003
135 0.09162330528768824 -0.1717695250931366 -0.985137163165251
136 0.10670859114181806 0.34581671478911435 -0.9383020834318041
137 0.07821071680865545 -0.8315697118829174 -0.5554203941871074
138 0.06519488372063956 0.989417940357368 0.14509355360933143
139 0.0092969010364007 0.9765503414587454 -0.2152891790053735
140 0.11401160058008913 0.8820607073551973 0.47113576444592803
141 0.058102305123163396 0.5713670987069792 -0.8206946073389109
142 0.049119816960272844 -0.6502157025992966 0.7597496561982131
143 0.053226626972826284 0.8659718410652897 0.5000927618772268
144 0.08745112755082347 -0.6953121313965989 0.7187078961112914
145 0.06841840674124425 -0.7162466573872234 -0.697847208048889
146 0.11293387210995152 0.8767240680039898 0.48099366792353454
147 0.12349257220915408 0.36165033582210176 -0.9323138069339963
148 0.10397473948588906 -0.621342578931059 0.7835390223896322
149 0.1698294387764573 -0.8386060187143257 -0.5447384192216553
150 0.029144419114216055 0.3810529928627258 0.9245531983776593
151 0.029262742240454335 -0.9584881622804293 -0.2851323250146943
152 0.06701384463351062 -0.3178482364293579 -0.9481416026094135
153 0.00018374407839454737 -0.8172351377313125 0.5763043724086108
154 0.0369353011929882 -0.2017525539694132 0.9794365252362294
155 0.06933395302942631 -0.19377697802098512 0.981045606885355
156 0.10247194188436365 0.7034259069219566 -0.7107685934754171
157 0.05692557588423153 -0.672815844089598 0.7398100025966139
158 0.05333202708956803 -0.5735187747641209 0.8191924163424985
159 0.05694018726875552 0.871257527981979 -0.49082616060549494
160 0.04958504807259691 0.4698447592483017 -0.8827490595899298
161 0.045644582923299065 0.9029097911531214 -0.4298300932226904
162 0.06769353863754479 -0.0028222578221220864 -0.9999960174224622
163 0.042634087240878915 -0.9999841976906194 -0.005621776324994391
164 0.11851325338413143 0.10661506226705986 -0.9943003713656104
165 0.03556490772846016 -0.4301200309904885 0.9027717092049026
166 0.03649180036316331 -0.045799355452833784 -0.9989506589617452
167 0.06344195537955326 -0.18467773883509228 0.9827991314499405
168 0.05269499817723614 -0.9991547150723512 -0.041107850207578615
169 0.14174696503590295 0.790871153997549 0.6119826940155947
170 0.04863341213107539 -0.6592628975744147 0.751912516109279
171 0.02422008598975361 0.640550855904856 -0.7679157512380875
172 0.05104178429203767 0.5748127613590325 -0.8182849683202081
173 0.05158545640838051 -0.4881773788604424 -0.8727444338229537
174 0.07586822818142126 0.8543391774008271 0.5197158550189498
175 0.011711616845514448 0.5213449311072172 0.8533460393116095
176 0.024212300052163006 0.20201232490531298 0.9793829795265743
177 0.004522941155565013 0.554945356363981 0.8318868020650731
178 0.03564081949959573 0.8018115112460396 -0.5975770246866443
179 0.0880196353799392 0.9967919007574589 0.08003690763848985
180 0.1418592961919201 0.7569079320815085 -0.6535215240159229
181 0.052472733348020856 0.25621920714242347 0.9666187034665261
182 0.04048202244064832 0.9633986957310655 0.2680726637754807
183 0.05607459510903244 -0.8958167971513357 -0.44442352091391685
184 0.08969465950785063 0.9543660171149365 0.2986394236804188
185 0.10732774752148551 0.9660691754674995 -0.25828346484346537
186 0.07654614202294702 0.9210779313409037 0.38937827930787505
187 0.03506695802461704 -0.4478050190139983 -0.894131234744583
188 0.022984939184705684 0.7885076803474621 -0.6150249084655552
189 0.04857920868121728 -0.8675049483587143 0.4974285522295081
190 0.06237926940772109 0.09780706136745979 0.9952053952560054
191 0.0244274930761659 -0.998596423113782 0.05296398535193949
192 0.024673356823855273 0.275179536743442 0.9613928554746309
193 0.1030244333091146 -0.6142608228647506 0.7891030613890174
194 0.0343462087715032 0.8740317597028282 -0.48586879199098354
195 0.03304005195195784 0.9911623376798246 -0.13265451505721632
196 0.06618076307036956 -0.8923792888382625 -0.45128616736225924
197 0.05057953882877012 0.1800723991040582 -0.9836533592078608
198 0.06387413200257826 -0.14622135185271334 0.9892518972750899
199 0.08929144551384703 0.9300381417688202 -0.3674629979402006
200 0.05052504743302089 -0.19862649317370368 0.980075260482335
201 0.12018312726973052 -0.03483499897710451 -0.9993930772455176
202 0.04616328002687211 0.9977827404396211 0.06655526185659251
203 0.09301726011759127 0.1778617607431762 -0.9840554832250756
204 0.002813967066941011 0.8372647744650805 0.5467976750498651
205 0.06827080510663325 -0.9226905948308842 -0.3855412639531973
206 0.07352717849112352 -0.6347843331813023 0.7726893621291607
207 0.05104069255486659 0.5375725197628194 -0.8432175199768167
208 0.05380691092320925 -0.22534632144862787 -0.974278725729743
209 0.033993231393444866 -0.9947008082108696 -0.10281197471424645
210 0.05054632553280198 -0.9981904655126316 0.06013147727834255
211 0.058599087695701574 -0.625363978823293 0.780333194212767
212 0.11394077861789775 0.5450596065406322 0.8383972956288511
213 0.03265092221341521 0.999818532533137 -0.019049986962840142
214 0.05946734298681022 -0.25899147150315294 -0.9658796082787086
215 0.059958637905694376 -0.990281238008788 0.1390793645649214
216 0.07470691690946997 0.15165981779250892 -0.9884327491878965
217 0.07603515504949387 0.979954300588639 0.19922241028014762
218 0.0676688669962924 -0.7741681043215 -0.6329800520168508
219 0.07133409149007049 -0.20728646876519324 -0.978280286966295
220 0.02711793540323022 0.5652524540681405 0.8249179736009785
221 0.031203220592791223 0.38929505594395547 -0.9211131089163765
222 0.040602172659614084 0.9014834589390291 -0.4328135548470309
223 0.07115205731911005 0.8217275142561141 -0.5698805947867218
224 0.0793305390893076 -0.9882417354645465 -0.15289954965931496
225 0.026957008367718662 -0.9998454129102415 -0.01758266994368595
226 0.06869872372669146 -0.5863495819910696 0.8100581261236122
227 0.06054439055666737 -0.8967203564933436 0.4425975624090701
228 0.029190026619932384 -0.6870622279351007 -0.7265985789587368
229 0.0527535027605277 0.22061663608935744 -0.9753605999222114
230 0.13093025309517412 0.03648575397718473 0.9993341732157048
231 0.04528532389615957 -0.759393455760127 -0.650631677178949
232 0.07260639069029921 -0.9825434108098942 -0.18603345364224008
233 0.044517668765722614 -0.11539609364866046 -0.9933195566234613
234 0.05053572848792337 -0.9925929426911775 -0.12148765418621332
235 0.07917425660620953 0.6409984792892883 -0.767542148385885
236 0.026492103421326157 -0.03042152203285356 -0.9995371583874232
237 0.03147086283179425 -0.6675684635030074 -0.7445484178589287
238 0.10478778692721738 0.5780366910601389 0.8160107743089214
239 0.061476932335589644 0.6724352978226631 -0.7401559094151356
240 0.028109536201676413 -0.2861157652191015 0.958195057852569
241 0.03680090429834255 -0.9566845928830102 -0.2911264153941874
242 0.02587411829769438 -0.9902464388461756 -0.13932691898002872
243 0.06835941110281357 0.6994866642605015 -0.7146456510199417
244 0.146095740744098 0.6066253821061116 -0.7949878274443037
245 0.06427942676041398 -0.9344151348332866 0.35618584446113355
246 0.04129245099655852 -0.956420578188751 0.2919925985656061
247 0.037869012716460565 -0.13360201860779025 0.9910350652847374
248 0.044562972511285805 -0.9384511107533638 0.34541209116905214
249 0.15548770327753741 -0.31841944717665926 -0.9479499225485019
250 0.04020715624475098 -0.09981981129826488 0.9950055302722587
251 0.03630158877742927 -0.20853813575257238 0.9780142360604174
252 0.037749783246987724 -0.21017339667919008 -0.9776641260311907
253 0.07112673332038284 -0.7636344450557901 0.6456488475358222
254 0.02630081939155382 -0.661090698537161 -0.7503059964492145
255 0.06717358574168507 -0.9836548285750925 -0.18006437243637494
256 0.04622059775122396 0.35345929582101515 -0.9354499057660501
257 0.037731978243971336 0.3009550222125628 0.9536383353268868
258 0.0371279477913358 -0.47263867147335364 -0.8812563113123805
259 0.07736824429248505 0.7231188935396583 -0.6907235813304627
260 0.06481125981162622 -0.7305079265112424 0.6829042167861062
261 0.0555549594038128 0.717570761153713 0.6964856084207921
262 0.05850785565039429 -0.27383843640127437 -0.9617757070904345
263 0.09440068438021153 -0.9859404983675802 0.167096779378561
264 0.048686225796047276 -0.003499522682750975 0.9999938766517488
265 0.054372748033108285 0.475318881623614 0.8798135943323886
266 0.08370793134992963 0.8861549103014444 0.46338911828898066
267 0.03964438892803363 -0.8005301718126392 0.5992924528288558
268 0.11225333305531106 -0.24707058624637157 0.9689974847293847
269 0.032563388186449646 0.6446329982946527 -0.7644921827655573
270 0.11794671337469391 -0.9644673682464528 -0.26420199769827857
271 0.05991831515271847 -0.22508624213314424 0.974338844346452
272 0.10585131311865625 -0.4479619194778307 -0.8940526375430797
273 0.03670648455330613 0.2818808109990589 -0.9594494298244763
274 0.04726243525980741 -0.9971029165538801 -0.07606427413540565
275 0.04652381257896261 -0.6760183629322416 0.7368847759171118
276 0.04882927243226193 -0.7796856719842609 0.6261711051321768
277 0.04355337401089888 -0.5870924091813571 0.8095199213618093
278 0.08284344956294461 0.8895223685778814 -0.4568916236916538
279 0.04385600288153918 -0.41417911921444134 -0.9101953950700639
280 0.1363697589475406 -0.7221996364179394 -0.6916846717672701
281 0.04690489893236392 0.9344551946900462 -0.3560807339870942
282 0.058962016192023174 -0.12222802741975429 0.9925020449918861
283 0.06200595364560912 0.6202522256253777 -0.7844024328154302
284 0.05227810311597461 -0.8373586004130787 -0.5466539804247746
285 0.06597050640856872 -0.9996798569168535 -0.025301851210916434
286 0.04753928223105797 0.6096687577581201 -0.7926562974036544
287 0.03282733967323536 -0.9940830563982906 -0.1086226356789089
288 0.043919141708273005 -0.7950102733744477 -0.6065959653913682
289 0.04284787744296218 0.8848739152139463 0.465830606738052
290 0.04335666126379222 -0.8927468908062315 0.4505585300000508
291 0.05600360429326219 0.9971400846348301 0.07557546966075689
292 0.04171122846264182 -0.1382673744459203 0.9903949379736509
293 0.10242156790975854 0.513057609258518 0.8583541749079653
294 0.028821617332467717 -0.42043551092549314 -0.9073224240328349
295 0.03927853817229873 0.9018537471312016 0.43204145493854035
296 0.04679948544069111 0.4359172219530757 0.8999867641275137
297 0.05411100623261199 -0.9998378039266388 0.018010159331784792
298 0.05895120834732538 -0.2594721358035657 0.9657505944815856
299 0.08443753347382886 -0.9457942059139072 0.3247665624101129
