0 0.0381539824792491 -0.8315527612667367 -0.5554457716372189
1 0.03571744665622345 0.5542521619330215 0.8323488096901273
2 0.04114585986980443 0.7020469143650289 0.7121306972954767
3 2.1342875643770576e-05 -0.5703343381146261 -0.821412650722736
4 0.12141401774371091 -0.10234676160339473 0.9947487825523075
5 0.12823525264525099 0.27865457267562427 0.9603913937176682
6 0.02160667057512183 0.20281709807490544 0.9792166383025128
7 0.10618041237262428 -0.4751250700490059 -0.8799182733702757
8 0.03636106654643389 -0.45817250817504546 -0.8888632924992391
9 0.06835878209563012 0.9930860888888656 -0.11738833015004596
10 0.04793742275504578 -0.6765911670203459 -0.7363588749448507
11 0.08311750508455583 0.9904185399432536 -0.1380982104760008
12 0.06738404693787811 0.7321279520182477 0.6811671321148478
13 0.051241037182414004 0.9885809827471619 -0.15069054565783385
14 0.030873944137015722 -0.9236290742043729 0.3832875334319825
15 0.0642834713507757 -0.8933771358314947 -0.4493075707947899
16 0.06675318317060458 0.4409886294913861 -0.897512689971183
17 0.07233746076295142 -0.7504979249727941 0.6608728051686877
18 0.08516668774734068 0.3619351971867241 -0.9322032573625814
19 0.1452269817991013 0.7399833762051884 0.6726251578256426
20 0.038485940576074865 -0.9973465242158378 0.07280048512604327
21 0.12803865393899394 0.5080044785246912 0.8613544275145142
22 0.08856513592237718 0.04165179645758153 0.9991321873765534
23 0.0654525857248619 0.9863780946495868 -0.16449393422084188
24 0.03772821371471002 -0.9991774106485964 -0.04055246046254308
25 0.057707022371851005 -0.8134648408451167 0.5816140925982012
26 0.03479609367312733 0.27931928004078255 0.9601982815010132
27 0.053270631014187136 0.7246253657300209 0.6891430035490699
28 0.03583509365914413 0.9923611398644068 0.12336680301854012
29 0.05123138364037419 0.9986474343301939 0.05199328712171606
30 0.028209464663909858 0.13843894776230292 0.9903709697595474
31 0.045052041314214634 0.6205636971748496 -0.784156041708971
32 0.05231984440407735 0.9890087568236474 0.1478569542704824
33 0.03052581706467414 0.9415949699341064 0.3367475502431893
34 0.07012325976224593 -0.17504898950112738 -0.9845597245848695
35 0.03182594346307388 0.6809062343407586 0.7323706029298882
36 0.04205724362552718 -0.7033033817462784 0.7108898319882263
37 0.10113671170999255 -0.5267152777955452 -0.8500417731716258
38 0.04539716070689639 -0.40796599366805386 -0.912997123768984
39 0.02787488899613547 0.9971494164703725 -0.07545224471674535
40 0.0533887156915239 0.8366607119344288 -0.5477215105374031
41 0.10682587835090408 0.9576156845266555 -0.28804895547206033
42 0.042081504314043866 0.3175765279522624 -0.9482326449209529
43 0.0686625700268481 -0.9160138869015907 -0.40114655551735684
44 0.06601184092969858 -0.934425409579546 -0.3561588886046474
45 0.15537769469300924 0.5750161697638754 0.8181420442136451
46 0.04174837151277824 0.42352035800064536 0.9058865858146952
47 0.048564671326958624 0.9251033551011084 0.379715396554673
48 0.06976919987664607 0.1933730152294981 0.9811253115586471
49 0.09440350423015503 0.9264774410416531 0.37635030389373986
50 0.0028158968509959196 -0.844717065123169 -0.5352131163281593
51 0.04219564178353216 -0.06443847750443189 -0.9979216816047795
52 0.0327971615852581 -0.6349516341290314 0.7725518897244849
53 0.019975463699157203 -0.02323120191168687 0.9997301192110492
54 0.03192142445971546 0.8150254650128944 -0.5794251387198481
55 0.04464463770373779 -0.9982109842955625 -0.0597898890422465
56 0.026209703199348684 -0.5947040023081532 -0.8039447429013166
57 0.0541884528754175 -0.9219826459450883 -0.3872311978341801
58 0.05058484597922408 0.5569075504299201 -0.8305744880949245
59 0.056683305357549764 0.9442078338677703 0.32935021855576946
60 0.06430415240476796 -0.9459308390982332 -0.3243683826190718
61 0.07145136592962628 0.0846627923799095 -0.9964096605244434
62 0.03639217426400494 0.34009433878243855 0.9403913231884564
63 0.10417026957463843 -0.38860544887102416 0.9214042571573836
64 0.04921620084848386 0.9819909366391036 0.18892802957384605
65 0.039438799277533264 0.5106687804164891 0.859777527449942
66 0.11775260481776403 -0.7833285813044835 0.6216078616873384
67 0.05231206639213971 0.4165812228554745 0.9090985011340836
68 0.037500580685598986 0.9986146217968189 -0.0526197409115268
69 0.06508191544047238 0.044531373882379786 -0.9990079863245077
70 0.04931477858442347 -0.94494952225488 -0.32721613711776815
71 0.04188709882199294 -0.7988571598093797 0.6015207712301308
72 0.03058421701718903 -0.4059316045746746 -0.9139034590192938
73 0.049262117905816576 -0.8803275212608309 0.47436637244935614
74 0.055924201141445445 -0.999841881914457 -0.017782327456130474
75 0.004210539187901975 -0.5592761483128736 0.8289814171188137
76 0.06335363373438803 0.8585407485300418 -0.5127453394361333
77 0.0812792343320708 0.07158004844919329 0.9974348583561792
78 0.03157826212293045 0.8208225512993351 -0.571183279936003
79 0.04874466513443772 0.25974501847149234 -0.9656772366475478
80 0.037916225825047736 0.9832420501064645 0.1823048844722403
81 0.046062176084677636 -0.9984778274734196 -0.05515458316368793
82 0.05962689867511035 0.6194887786183692 -0.7850055115513019
83 0.04390616732954409 0.9254108712990498 -0.37896532728144605
84 0.09419861095048655 -0.6372958517201553 -0.7706192298277288
85 0.03707763463129878 -0.6939340912983212 0.7200385246179354
86 0.0826199223315258 0.13669452604407215 0.9906132477155686
87 0.051248858668109 -0.3005127608216929 -0.9537777941341076
88 0.04964907512245084 0.8990756933596186 0.43779321329815185
89 0.05282411992849589 -0.9834879236927362 -0.18097376591802117
90 0.017261436180679234 0.6402852450623834 0.7681372305489454
91 0.048980299072944204 -0.25606501269435766 -0.9666595622419707
92 0.060085991169079575 -0.8674269238514738 -0.49756460060736785
93 0.042774203082170906 0.9976336070807382 -0.06875453456372999
94 0.039871985768664894 -0.7291705562376086 0.6843320100040158
95 0.06907013515097382 0.6979341529968598 -0.7161619356546087
96 0.018050203131231225 -0.7654737311055266 0.6434671452276207
97 0.0650811238696184 0.9202979616335771 0.3912181767416783
98 0.09069874604916062 0.7051186242032945 -0.7090893637628851
99 0.10342305814729427 -0.6598386606690703 0.7514073075812129
100 0.05019540320488469 -0.03113444186429727 -0.999515205752168
101 0.06371677608371999 -0.5783472828707016 0.8157906719226916
102 0.07587015713176931 -0.8125410563159796 0.5829039644752059
103 0.08765285885348892 -0.32011879102352714 0.9473774114014094
104 0.04215458833874533 0.5188255226450942 -0.8548801536192339
105 0.06882490906301013 -0.9901196061041677 0.14022540999450783
106 0.10383353673058242 0.971818004397249 -0.23573240407154183
107 0.06425907549216157 0.9954887299664734 0.0948798635630223
108 0.00018513388153439786 0.7453500203024152 -0.6666733437262881
109 0.031583250369602106 0.5236556423683462 0.8519300254221557
110 0.06692700457358672 -0.10701045876211315 0.9942578949726887
111 0.05707634733260813 0.3485309702928081 0.9372972648774527
112 0.0816069060889612 -0.5227018584071773 0.8525155524784772
113 0.015283574681232428 0.18489883640025626 0.9827575592677124
114 0.06835774565018493 0.861250607651324 0.5081804707190402
115 0.08019724429069042 0.9123580863420365 0.409393114605384
116 0.08026973228778833 -0.03324280290832913 -0.9994473052916787
117 0.043567493142722784 -0.991796253340758 -0.12782875990650497
118 0.09618788412419765 0.5830722664515033 0.8124202927642238
119 0.07861775411084405 -0.9804770748972724 -0.19663342951006157
120 3.8822452998038964e-05 -0.5821533742203022 0.8130789930160025
121 0.030949886867142326 -0.052203088671924185 0.9986364891856853
122 0.06688195312746396 0.037109687741879144 0.9993111983139688
123 0.0806366725651278 0.7535024399559042 0.6574451102415312
124 0.0710513533496099 -0.6658298149735475 -0.7461036506359499
125 0.031223154535439904 -0.6405208598118834 -0.7679407712485681
126 0.05681200101817319 -0.873691253911458 -0.4864808247388836
127 0.024755964385812665 0.9403992872101195 -0.34007231674262933
128 0.03834502836375467 -0.8281183420775456 0.5605533083612451
129 0.060673228125749414 -0.7036943319084404 0.7105028411202404
130 0.10542091046450258 0.7741648153455386 -0.6329840745871953
131 0.039178473892701696 0.8913913165325655 -0.4532345097301611
132 0.07355962533899994 0.9161648667518142 0.4008016179229203
133 0.09017914096330339 0.9951609754109646 -0.09825799213854101
134 0.07548132936007665 -0.9562254055959807 -0.29263112222182064
135 0.08631042719488782 -0.17988100292657191 -0.9836883778850549
136 0.10258115430076009 0.36002125676690117 -0.9329441005097685
137 0.0792657189104239 -0.8247154334017981 -0.5655479236182238
138 0.06575922356236477 0.9901816987872529 0.13978627753391953
139 0.004203172596956235 0.9720151112935353 -0.2349183335055316
140 0.10870941874546311 0.8740986898410892 0.485748371503283
141 0.056875956062419235 0.5459813439555679 -0.8377973335195523
142 0.053743270893321524 -0.6457032172541072 0.763588472429813
143 0.05085858801154255 0.86311607293767 0.5050055887182385
144 0.09054220190178958 -0.6969671946817835 0.7171030118033286
145 0.0709749362637012 -0.7232246674381755 -0.6906128296005951
146 0.11456006244529013 0.8786222198730181 0.4775175334429195
147 0.12381501002490954 0.3635012166383653 -0.931593723412963
148 0.09756938322312218 -0.5825955511475747 0.8127622184766303
149 0.1687187747758695 -0.8251733068348992 -0.5648796453114214
150 0.029423212091407355 0.37408747423160477 0.9273934233231431
151 0.023505005132987096 -0.9584549965123739 -0.2852437898718661
152 0.07008593375703309 -0.3227868355507231 -0.9464716893785838
153 0.00018374407839454737 -0.8172351377313125 0.5763043724086108
154 0.032952274262590835 -0.22313884629095393 0.9747866716753681
155 0.06643919206332295 -0.18918410127253088 0.9819416356513786
156 0.09404801225970601 0.6878910607190982 -0.7258139490136255
157 0.055528181452264624 -0.6817032549961427 0.7316287802756696
158 0.05374212294529352 -0.5904431003728174 0.8070792682395794
159 0.05618111322343508 0.8711961735338211 -0.4909350539735662
160 0.05416503042679982 0.47238658994675153 -0.8813914621996741
161 0.04740191356324658 0.90634986573203 -0.42252801195604894
162 0.06732363138796915 -0.013109162424939917 -0.9999140712383823
163 0.04346113719266285 -0.9999999472606302 -0.0003247749015481113
164 0.12152785368341558 0.13740097319777014 -0.9905155084925756
165 0.031625880838495504 -0.41512811967526025 0.9097629604764544
166 0.03369311106494754 -0.05073675338471488 -0.9987120615352448
167 0.05882840630377924 -0.18097176977533258 0.9834882910052279
168 0.04774240789323606 -0.9986225404001329 -0.05246924627612879
169 0.13816130776191188 0.7935408757761664 0.6085169500288344
170 0.04319849181895042 -0.6413222692076761 0.7672716253181249
171 0.020727087512393022 0.6299386542107384 -0.776644894357237
172 0.0491403343583018 0.5718625470196502 -0.8203494543889197
173 0.05219656256568527 -0.4759324602858061 -0.8794818322434521
174 0.06979414979364094 0.8658274522215651 0.5003427055324314
175 0.003043121800422302 0.5687229278979068 0.8225291674361659
176 0.02589383992899031 0.20789356506249468 0.978151453306494
177 0.004779335623792213 -0.8268320322679262 0.5624489224949151
178 0.031107110492217985 0.8105015584776085 -0.5857364797461122
179 0.09096649426772994 0.9981183432467006 0.06131698683449517
180 0.13285042501417446 0.7587413198949177 -0.6513920551281834
181 0.051672994061511796 0.26623233787472267 0.9639088869129486
182 0.03627960858091885 0.9728333970433077 0.2315063316567778
183 0.05149222207085028 -0.887088755638349 -0.4615988947343846
184 0.08713672587899166 0.9607457501800944 0.27743035794751736
185 0.10828810430154871 0.9657598112801851 -0.25943782861421993
186 0.07421885802999593 0.9236138542168479 0.38332420781721976
187 0.03792570453771911 -0.4339433376565303 -0.9009401643303014
188 0.020366068580017056 0.7942485108449845 -0.6075930406287786
189 0.048819148871115575 -0.865585127916986 0.500761805980583
190 0.06533902366083631 0.07989847903042029 0.9968030061394405
191 0.01577597286772351 -0.9961224377991109 0.08797777510915102
192 0.024479959844343337 0.2902014996106625 0.9569655634471508
193 0.10268223924621919 -0.6201829473433637 0.7844572084087815
194 0.03514762917689074 0.8865865444777558 -0.4625627515818718
195 0.028360774557929937 0.9885231641784004 -0.1510693677842179
196 0.06424144642202395 -0.8874940808444656 -0.46081911469256254
197 0.05230480867436196 0.17918956633143976 -0.9838145655142286
198 0.06493748916796378 -0.16517418411710658 0.98626441125149
199 0.08850123099837603 0.9217001252959663 -0.38790318254610895
200 0.05148633280524823 -0.22993769020163837 0.9732053527517897
201 0.11953529050459792 -0.04204818962971019 -0.9991155837784055
202 0.05066686719754602 0.9980724886910446 0.06205890200498729
203 0.09366045105038068 0.17486973990968457 -0.9845915772867038
204 0.002813967066941011 0.8372647744650805 0.5467976750498651
205 0.06487501396475591 -0.9286557633785035 -0.37094268175000944
206 0.07864947693078374 -0.6475639998602357 0.7620110669045513
207 0.04463386764760874 0.5115544726912115 -0.859250848978118
208 0.05358162004056126 -0.20438573347064276 -0.9788904289825636
209 0.037978996317413256 -0.9949946062646707 -0.09992864206128697
210 0.051194260739901944 -0.9974979739578194 0.07069506312356937
211 0.06142602993934529 -0.6227885810127748 0.7823901733534838
212 0.10740663284242004 0.5527194134106882 0.833367415993057
213 0.03309139982941626 0.9997758058341668 -0.021173995103483157
214 0.06259662747097065 -0.2555147222143305 -0.9668051648247094
215 0.05665690358895447 -0.9882638371381722 0.1527566306414758
216 0.07057150853353063 0.16477552901153664 -0.9863310930103381
217 0.07598401681704774 0.9787646376139127 0.20498727803575068
218 0.07012297078354396 -0.7722044630026519 -0.6353741160283334
219 0.07545434464418746 -0.19667386367513046 -0.980468965009651
220 0.027558004549203943 0.5594531544598033 0.8288619716002028
221 0.029246354131147713 0.38649772782327 -0.9222903590450512
222 0.045583659514574895 0.9016809700777754 -0.4324019289961621
223 0.07175307225760252 0.8484902029429676 -0.5292110878560666
224 0.07729607014572633 -0.9873885044701332 -0.15831595383988858
225 0.029073393545467594 -0.99987318933784 -0.015924988018082883
226 0.062491678700715605 -0.554034023483152 0.832494024496915
227 0.0639581252165653 -0.89256752001692 0.45091376360768276
228 0.02728399157697907 -0.701902291820822 -0.7122732430301433
229 0.05412908003471573 0.23514130148462262 -0.9719611969292384
230 0.13165668585785484 0.04811400218860921 0.9988418507418452
231 0.044764077129015235 -0.7530441846120708 -0.6579699506983138
232 0.0734109256929746 -0.9820902500744755 -0.1884110949722817
233 0.04195724069671579 -0.12868655531360185 -0.9916853182746628
234 0.049016732700640726 -0.9965228870001391 -0.08331947962456285
235 0.07805149334795158 0.6177225266655622 -0.7863961343050422
236 0.023960990095097338 -0.0336512550709762 -0.9994336361320586
237 0.032835951812830756 -0.6630248604551352 -0.7485973780467365
238 0.10019090352684593 0.5906226416976299 0.8069478887227558
239 0.06325819550710432 0.6675177377989753 -0.7445938958410406
240 0.024644304633315697 -0.27348746931542256 0.9618755658230672
241 0.039377478667336915 -0.9571287524626557 -0.2896628233123477
242 0.017181417873818727 -0.9885780147079449 -0.15071001571261988
243 0.07205331156596273 0.6925667358190285 -0.7213538080837835
244 0.14529843134695128 0.6132001376388125 -0.7899275860480766
245 0.062156780376324584 -0.9259138388908977 0.37773477858190496
246 0.04257633893931632 -0.955833478251232 0.2939087645072047
247 0.04287465604872351 -0.13324812274765174 0.9910827098603965
248 0.04753474298636437 -0.9371238904317838 0.3489968681549996
249 0.1544404018377383 -0.3196546748255279 -0.9475341096035467
250 0.04398858345295242 -0.10065160266214342 0.9949217330431284
251 0.0349879651244134 -0.20987846764251658 0.9777274818782732
252 0.03715642272465211 -0.2128802810216386 -0.9770782905950517
253 0.07140607291309345 -0.7536973325169242 0.6572216756596461
254 0.024259282570287404 -0.6519173263979889 -0.7582900497448835
255 0.06628947247461303 -0.9821505153429899 -0.18809669112320765
256 0.04150759850871096 0.32140724787417513 -0.9469410652273712
257 0.03979440147157081 0.3078467533464978 0.9514359549933041
258 0.03938503381113087 -0.46467494158269157 -0.885481337276581
259 0.07494952046256012 0.7341465160273181 -0.6789910846284735
260 0.0583474589307542 -0.689243666885781 0.7245296182060762
261 0.05743997465086038 0.7287401469008136 0.6847903316307704
262 0.06036682747869268 -0.26343229235676696 -0.9646778878691368
263 0.09017077208538195 -0.9810968971416463 0.19351712693979806
264 0.04837597689722829 0.003634716900296562 0.9999933943947104
265 0.05730720306515796 0.4731948748779953 0.880957780140001
266 0.08453753370759522 0.8871100215793079 0.461558024102669
267 0.037138069655937245 -0.8100586301948874 0.5863488856020642
268 0.10677591308836218 -0.2395049808753342 0.9708951354991464
269 0.031028397083811526 0.6321980428087146 -0.7748068370044437
270 0.11505998864110001 -0.960012763896488 -0.2799562343578474
271 0.06446461798922985 -0.2201336230595014 0.9754697268489153
272 0.1016410390144515 -0.4223615327357946 -0.9064274574752633
273 0.03857479151311226 0.2810842301854373 -0.9596831016231661
274 0.0463674876110441 -0.9977292304180329 -0.06735267455298238
275 0.04950321599466277 -0.6761958193149133 0.736721938007165
276 0.04926996794622519 -0.7868601859746359 0.6171313050947598
277 0.042525476766094944 -0.5765594883323616 0.8170551734209418
278 0.08351848473396029 0.8928388610145028 -0.4503762518853822
279 0.04734571981258498 -0.4249213291987551 -0.9052302822994618
280 0.1325226107023735 -0.7106875181695801 -0.7035078190880062
281 0.05073066022130786 0.9359170243737326 -0.3522205608527392
282 0.05831211056602162 -0.10310662377025433 0.9946703092656879
283 0.06450237618473147 0.6247211936587411 -0.780847891841681
284 0.05475436875395285 -0.844737579750615 -0.5351807370945569
285 0.06477560014771193 -0.999598600280919 -0.0283308721437879
286 0.049913850654186576 0.6103912746842142 -0.7921000516281893
287 0.036158528502923074 -0.9947943587860386 -0.10190281511064463
288 0.04241527975759086 -0.8029075116846609 -0.5961036215964017
289 0.04059402541072733 0.8820289924504087 0.4711951363043946
290 0.04296412352166449 -0.8893262309884111 0.4572732824864658
291 0.059251330043308396 0.9970799891701173 0.07636422720435715
292 0.043885626129501414 -0.1296755072200368 0.9915564849403317
293 0.10207614734401406 0.5055956579725954 0.8627705550372349
294 0.03173839064905877 -0.4153416271419026 -0.9096655059762994
295 0.04039838044251332 0.8982264115123986 0.43953306321772806
296 0.04511156348245707 0.4336460103715458 0.9010833134005097
297 0.05412131986493658 -0.9999983825254593 -0.0017985956925261515
298 0.058126320526731945 -0.2558076415297741 0.9667277023727905
299 0.08539321672446863 -0.9441577323285862 0.3294938185825977
