0 0.008234275132795912 -0.8841121116771371 -0.4672748377409098
1 0.054823846910933276 0.694769264537352 0.7192326946505053
2 0.06386337635933954 0.7179183675021927 0.6961272998546936
3 0.0205714867803843 -0.6498219461572338 -0.7600864676419552
4 0.15052577616477408 -0.2423124398288283 0.9701982691719258
5 0.12735992106289518 0.1392556447043311 0.9902564644666457
6 0.008206333190065898 0.286479876634049 0.9580862593126676
7 0.11005993082188098 -0.35938183444609484 -0.933190600611772
8 0.03093397145804195 -0.5519537055636883 -0.8338747549329655
9 0.12280085948616279 0.9657618141661946 -0.2594303727369267
10 0.04053981225958557 -0.6611082925912497 -0.7502904940535249
11 0.11874600541162895 0.9905797061161237 -0.13693737923187355
12 0.09446471406496186 0.7822824922557821 0.6229238334741113
13 0.015002916827285526 0.9954256014495185 -0.09553989731449505
14 0.07837213968740593 -0.9741801192382973 0.2257722199050557
15 0.0733766412866751 -0.9495445390960269 -0.31363221816789477
16 0.08512333916532867 0.4183103199150592 -0.9083041760624911
17 0.07488073225073928 -0.868537284112491 0.4956238352889195
18 0.11407106409636496 0.005651677064017028 -0.999984029145648
19 0.17470204653734633 0.6897153604394787 0.7240806043347936
20 0.021069423100360796 -0.9710134315746235 0.23902492694627886
21 0.16540564675958708 0.5899961105768923 0.8074060871111509
22 0.12856024490401685 -0.08204510940469735 0.9966286168993801
23 0.1259732295432852 0.9576462064984032 -0.28794746600589805
24 0.05117927696495548 -0.9042390160749563 -0.42702669917441344
25 0.08189598331383267 -0.6297948461741705 0.7767615153523332
26 0.07461189795936922 -0.2512858274416859 0.9679129263146284
27 0.08345823072868228 0.642074651572475 0.7666421210761152
28 0.016420867174900957 0.9947551769920507 0.10228459242483136
29 0.05971480891770714 0.9857871227787944 0.16799925167543467
30 0.04286172779090557 0.18858807372884526 0.9820562806923255
31 0.06914430024914048 0.21790473510339226 -0.9759700438125755
32 0.03304574034358325 0.9378993668720876 0.3469074482061997
33 0.05276863060245171 0.9813405210957598 -0.19227787614674444
34 0.047227603606172 -0.19139574257231443 -0.9815129493415725
35 0.030855383292680172 0.7555673761201982 0.6550709428320256
36 0.06629499554315446 -0.8437797783258751 0.5366895617471399
37 0.10256187567805916 -0.6490216345543954 -0.7607699506949133
38 0.050675142548824985 -0.39676210446161825 -0.9179214740178966
39 0.02401228319590525 0.9972693972320009 -0.0738495047005841
40 0.01513567811109574 0.7508151375466362 -0.6605123989985546
41 0.12029204156875335 0.9371263479766785 -0.34899026910201
42 0.023727093442582756 0.3868168711819029 -0.9221565529610702
43 0.11929671373306958 -0.8033467130378964 -0.5955115940527167
44 0.03013253690846316 -0.9716340190570082 -0.23648960444621125
45 0.15807987956887348 0.5735477937169354 0.8191720993310476
46 0.020075296944039117 0.33109509281007793 0.9435973927036286
47 0.031009487470660162 0.9319947838267202 0.3624716856801165
48 0.038004844717769846 0.2268128948367587 0.9739383505827098
49 0.09118664335469437 0.845919904665701 0.5333099613642813
50 0.061227266912402614 -0.9999489441388484 -0.010104905521685277
51 0.04540560528351098 0.017582366627698916 -0.999845418244125
52 0.02903986359326856 -0.41454973815656004 0.9100266559801024
53 0.03287728064831952 0.04331832692959589 0.9990613207166118
54 0.05999092411617645 0.32332604538337895 -0.9462876245501392
55 0.058248394423597916 -0.9788753629166616 0.20445787799635945
56 0.005969307663559039 -0.48424832707398147 -0.874930601662812
57 0.047904489076245726 -0.9420548369791554 -0.3354589157023211
58 0.09047773350359024 0.1517641285197075 -0.9884167386758753
59 0.02835453449867754 0.8172774004751412 0.5762444365654176
60 0.08679253252751927 -0.9605239870190686 -0.278197178923497
61 0.06598863609522995 -0.06734277564010344 -0.9977298986043701
62 0.019654470341304863 0.28619133064867286 0.9581724908707941
63 0.1053145009867631 -0.5932990823340467 0.8049821109202229
64 0.019250924505860037 0.9982840771641507 0.05855682095640166
65 0.02875939905213357 0.5754906258154233 0.8178083758427597
66 0.09944632751972042 -0.7949986844188923 0.6066111536826788
67 0.06044686445688428 0.3642279256217265 0.9313098400625294
68 0.029803472884383127 0.9962416779795006 -0.0866170829374271
69 0.02867584361141231 -0.33427279329112636 -0.9424763655738789
70 0.053578952311327144 -0.9934567157067272 -0.11420925539203432
71 0.06580110947110127 -0.6208852247418644 0.7839014846887615
72 0.02771806943112277 -0.36530313327673447 -0.9308886189110921
73 0.01724608545586829 -0.8878990937403756 0.4600382585557637
74 0.01967448334266015 -0.9663150023547117 0.2573622276563008
75 0.033150228754355984 -0.7365063818563403 0.6764305947285965
76 0.04301385665765898 0.9567302861150885 -0.29097621832400816
77 0.0761094690605516 -0.10467138779958951 0.9945068630110644
78 0.06246991713870978 0.9643838910758723 -0.2645065417591027
79 0.06179561152916779 0.5119159264646119 -0.8590355546960079
80 0.048945921151154766 0.9293281627766006 0.36925487927753675
81 0.01700833825237287 -0.9791490479231928 -0.20314315629896335
82 0.0416172117503267 0.7158863991219947 -0.6982167740409451
83 0.06730698000797905 0.9186281814991033 -0.3951231000025821
84 0.0932026333548393 -0.860036351118343 -0.5102327652699757
85 0.06048017111225841 -0.6846356224202231 0.7288854947886353
86 0.07014156598700177 0.5088906406455763 0.8608311773299889
87 0.03684669524790331 -0.4444312417343719 -0.8958129667349342
88 0.10411811866680054 0.9999001876465357 -0.014128508216465756
89 0.07642028598704963 -0.9929348558636548 0.11866074334430524
90 0.06487990881002512 0.6069208397430569 0.7947622879110349
91 0.06977268400414019 -0.10224302595126403 -0.994759450140751
92 0.041451915797652374 -0.8438584973271815 -0.5365657802065942
93 0.015321367949308103 0.9978616246179475 -0.06536190109559567
94 0.021879916843214747 -0.7318121830251805 0.6815063673773853
95 0.04967881811414954 0.691260125548069 -0.7226060052527019
96 0.02411138541294491 -0.6788486563114905 0.7342782182688546
97 0.03637577520505742 0.7912453227723144 0.6114988464346731
98 0.10880563479711078 0.7372269676297701 -0.6756451718168449
99 0.11902498688334824 -0.7439055818168091 0.6682847337339038
100 0.05377360500411471 0.1782045808970797 -0.9839934589961948
101 0.07485009670029254 -0.28347168337583784 0.9589806070635989
102 0.11096770563821404 -0.7910416849510343 0.6117622517529409
103 0.12424067220938843 0.059976398454718645 0.9981997954459823
104 0.026658696663381602 0.5577103727055934 -0.8300356258478235
105 0.06118978419653356 -0.9936940515002907 0.11212551900855446
106 0.15475852454721115 0.9907134223292879 -0.13596659448772722
107 0.06419638675520341 0.9995312245343874 -0.030615864854483806
108 0.04486571812230096 0.5878858715780144 -0.8089438806239642
109 0.029243005117836375 0.36187116613443443 0.9322281153883445
110 0.1002150646077419 -0.2962263096277494 0.9551177799016857
111 0.07129004862274615 0.19886825015679274 0.9800262338731425
112 0.13655694866831966 -0.26206188429991556 0.9650510705642358
113 0.012373094944558908 0.15115720177499872 0.988509737105079
114 0.11686998388077967 0.9439563695014057 0.33007025385169986
115 0.13613005127394587 0.884821677453902 0.46592982208446704
116 0.09559930438556115 0.03412335166899272 -0.9994176288573632
117 0.09906890305665317 -0.9986711550548644 -0.051535658154166816
118 0.0942706163024838 0.47947288837390045 0.8775566929346441
119 0.14741043462780193 -0.9909022858326176 0.13458328251195734
120 0.052903168745646434 -0.7124582988719358 0.7017144521587876
121 0.046815512126470005 0.06303036760493806 0.9980116095314655
122 0.03411547338831633 -0.282668353582073 0.9592177030701634
123 0.10775676839327412 0.7566352449748874 0.6538372167916049
124 0.0663824508020767 -0.6715100305483126 -0.7409954648127101
125 0.02412469084782831 -0.7618928302438316 -0.6477031073130991
126 0.07018096694517827 -0.9248844496560608 -0.38024828044897935
127 0.012688737388823267 0.9291242326751004 -0.3697677112132777
128 0.00788831053335609 -0.8693972649835264 0.49411374767270333
129 0.08491404074109532 -0.868775280466121 0.49520653474183157
130 0.13355084292910302 0.8372535323549644 -0.5468148887504203
131 0.06475427976369472 0.7743616507678174 -0.6327432605884797
132 0.0995108596797799 0.8342597396993109 0.5513716411975121
133 0.09106173374035026 0.958383641263112 -0.2854834428811216
134 0.07524310051890577 -0.8428733586561026 -0.5381119783723283
135 0.12654851154431915 -0.12668543231664225 -0.9919429425318502
136 0.13557112862274429 0.24824197744112964 -0.9686980544194964
137 0.0552409130265887 -0.882997178017252 -0.46937829478318394
138 0.05581898577278164 0.9933632216308719 0.11501960663789162
139 0.014768736214767502 0.9683697007195687 -0.24951978424223759
140 0.15295185361520225 0.9274061294818509 0.3740559730835646
141 0.061217068251601045 0.7287690487252859 -0.6847595735877241
142 0.019129903681751614 -0.803125126832744 0.5958103982391453
143 0.06344012975629292 0.8919457273169933 0.4521424770146684
144 0.06822462202918157 -0.7321414043441428 0.6811526730807026
145 0.04817753974148688 -0.6552821710637412 -0.7553841911808784
146 0.10595528788107823 0.8639404413330242 0.5035939970147575
147 0.12186876778900474 0.3408734283007414 -0.9401091989117537
148 0.16211793405468383 -0.7939806724520352 0.607943000430644
149 0.18891668451651186 -0.9226589003577425 -0.3856171074921878
150 0.01593145752480752 0.3828202753913404 0.9238228383999274
151 0.06594801969833898 -0.9711289640980859 -0.2385550986455302
152 0.051611139157771414 -0.38585224151356795 -0.9225605929796455
153 0.044791806216533565 -0.88729901145646 0.46119460563669745
154 0.059737741978322274 0.018144799878404446 0.9998353695670966
155 0.09998005003947374 -0.18466955141897815 0.9828006699116121
156 0.16451143124064377 0.7764628935203428 -0.6301629749406235
157 0.05782497878543517 -0.5471529622731586 0.8370326372822672
158 0.05727548707692726 -0.30763628892552125 0.9515040271780951
159 0.059828180353763666 0.8567425138107272 -0.5157443795421098
160 0.021575627039721733 0.33894475026226056 -0.9408062798842565
161 0.034397154607694165 0.7006853790120449 -0.7134703915641819
162 0.07340689086498733 0.0749312592617773 -0.9971887014930746
163 0.02931096246849772 -0.9952624997440278 -0.09722425933515269
164 0.1098872476354666 -0.16714826134380814 -0.9859317718431342
165 0.06276500709399008 -0.5791282234474046 0.8152364692570206
166 0.051145909425028536 -0.01778039329465429 -0.9998419163119174
167 0.10727178838600016 -0.24540941730509885 0.9694195262619646
168 0.0710009334491866 -0.9998417366840704 -0.01779049140923749
169 0.17128119349151294 0.7633543176823826 0.6459800195638129
170 0.08501274321844682 -0.7668541816381695 0.6418213646366512
171 0.048854957465849155 0.8268430588447776 -0.5624327124556427
172 0.060253032946570355 0.6291731589108442 -0.777265164603528
173 0.04300146860096196 -0.683411875635388 -0.7300330185960913
174 0.12985918037816238 0.7526193139269033 0.6584558970076867
175 0.06562064583466384 0.35616074891477034 0.9344247005149585
176 0.0058294712786694115 0.20640924283184384 0.9784657502813192
177 0.054168421861453375 0.6181693241806109 0.7860449647711554
178 0.0522037960013541 0.6637498303331664 -0.747954652858509
179 0.07186399157156796 0.9689584928801835 0.2472234597997596
180 0.20132451887496797 0.748542509843115 -0.6630868049944668
181 0.061942669778927845 0.18721001958601588 0.9823199115189529
182 0.0673972796337071 0.7997834205134815 0.6002886641206509
183 0.07363463597770661 -0.9482877493929553 -0.31741194739839823
184 0.12339633896813834 0.8691731321179837 0.4945079032778081
185 0.10419874741413984 0.9754451465188447 -0.22024251663298244
186 0.08347665740292913 0.8343958265269925 0.5511656780627192
187 0.011530295502416781 -0.6271790566496604 -0.7788751060985593
188 0.03398433775817571 0.5439247854378052 -0.839133974873165
189 0.04356239793038914 -0.9321414243065005 0.36209441461012426
190 0.04278623646632044 0.2655324935257154 0.9641019110457234
191 0.08204045884473986 -0.9961782687036653 -0.08734332809418278
192 0.01308183706866515 0.18799054940206403 0.9821708371436764
193 0.10800498151378028 -0.5483377687170209 0.8362569529746458
194 0.02322355198317371 0.7938383950624721 -0.60812877133436
195 0.023327039575031294 0.9791916335014207 -0.2029377857394218
196 0.09104538699765057 -0.9243493882519545 -0.3815471247935667
197 0.03470408751959433 0.35205443091964533 -0.9359795284459189
198 0.05290356084998947 -0.044592155396742834 0.9990052750997227
199 0.09537176207377282 0.9937619185031427 -0.11152241628010566
200 0.038740545779820015 0.16761237626379724 0.9858529765250006
201 0.1300893187632605 0.05934112074078375 -0.9982377629549123
202 0.015597606210429982 0.9930017575855926 0.11809957422414323
203 0.09507534430131169 0.25634368693044274 -0.9665856993411951
204 0.04447722944367659 0.5290985878944386 0.8485603598378321
205 0.1027792050639063 -0.8677048717840427 -0.4970797274907096
206 0.04479469770980228 -0.49144094258714205 0.8709109024171539
207 0.09630375580665847 0.6829267799577706 -0.7304868330206307
208 0.05458430771416593 -0.44569552976230337 -0.895184614897899
209 0.006393199688047008 -0.9870556258431868 -0.160378276244991
210 0.04168275005600604 -0.9987849997700727 0.04928005919533649
211 0.04065354563957892 -0.6553611627489386 0.7553156600788569
212 0.164245947566994 0.4961852811532387 0.8682166588858344
213 0.022445487640663956 0.9860194273217677 -0.16663039621885678
214 0.034810948688245746 -0.18409695443303897 -0.9829080889729617
215 0.08005418745209164 -0.9973308480927973 -0.07301492616240644
216 0.09957481212356917 0.01746204166691007 -0.9998475269263924
217 0.08484791321593037 0.9748508022469533 0.22285850524149092
218 0.04634802562698429 -0.8533306517013225 -0.5213701169677797
219 0.04640212108047528 -0.2748080575415655 -0.9614991063491591
220 0.018729736688091754 0.7159986432363131 0.6981016708787903
221 0.05183109039841537 0.43407265649363314 -0.9008778656868868
222 0.0054866324505790315 0.9046471930176911 -0.42616130298891797
223 0.08871310752216799 0.48633435227959115 -0.8737727952922262
224 0.09807270135155861 -0.985139178872268 -0.1717579641555918
225 0.013302516770336828 -0.9944144685745588 -0.10554555741279549
226 0.11364805765282066 -0.7574819210074463 0.652856139855381
227 0.04307210626683465 -0.8759872737947187 0.48233421623361583
228 0.04008187154042577 -0.6824858962488649 -0.7308987627718243
229 0.04401608715737454 0.07100204626278867 -0.9974761698539454
230 0.12207277340214671 -0.0784924830243722 0.9969147055333614
231 0.0516935662236192 -0.7790121625704843 -0.6270088121926655
232 0.0635515309833406 -0.9889349883339554 -0.14834954954066906
233 0.04196610566247446 -0.16518078930290225 -0.9862633050282619
234 0.06362224717006211 -0.8587929144328094 -0.512322876826715
235 0.09593366231941412 0.8477307164908741 -0.5304268397412308
236 0.0358337696625793 -0.04732298785326843 -0.9988796398068385
237 0.011726556908897977 -0.6893263533338128 -0.7244509497540241
238 0.13099864986993665 0.478312712093799 0.8781895862793379
239 0.050107633218650534 0.7313215091105949 -0.6820328806679353
240 0.05437698245353933 -0.4302906593838223 0.9026903945689437
241 0.018727756504692425 -0.9545980415696632 -0.2978969268578706
242 0.08261975339227672 -0.9924805042818193 -0.12240281295993771
243 0.044074218603813324 0.8298535444899624 -0.5579812673356033
244 0.15607656434404796 0.5211271051172338 -0.8534790801842371
245 0.07593073951546972 -0.9877708606960444 0.1559125612636641
246 0.027478676479127512 -0.9403241093561152 0.340280133659943
247 0.009515898499592418 -0.16867061899738758 0.985672472115884
248 0.02513819740919433 -0.9233776650847696 0.38389280746400956
249 0.17176455100244117 -0.2668924557182928 -0.9637263185576386
250 0.0205510207615479 -0.33503062903155156 0.9422072370825448
251 0.03935574513206126 -0.20061687033785497 0.979669776677756
252 0.037239470916223406 -0.03034982182796403 -0.9995393380527906
253 0.07218208761688644 -0.8962183655242744 0.4436131662800351
254 0.028443830950551887 -0.6755579803857333 -0.737306866329854
255 0.06954855104404419 -0.9900695315298175 -0.14057852871732504
256 0.08262337298369525 0.5999641419176398 -0.8000268923061463
257 0.01501340486880739 0.28541233905064073 0.9584048188096939
258 0.018954811877520173 -0.6604058674863429 -0.7509088427962551
259 0.09190050003251854 0.5961163239923003 -0.8028980808732245
260 0.11524807809498148 -0.9057260520280729 0.42386356139404185
261 0.045437919047585776 0.629590602522359 0.7769270707186955
262 0.04049928581972179 -0.3036254493868106 -0.9527914706191787
263 0.1252376242808812 -0.9991414890174155 -0.0414280692775059
264 0.04898666026719478 -0.07039855109280455 0.9975189441830334
265 0.036005423628930174 0.5775290318486004 0.8163701472812552
266 0.07721674261135185 0.9145458436766895 0.40448226143267685
267 0.032384278559533214 -0.6913636282742951 0.7225069781665795
268 0.15131076685062467 -0.2829473304204674 0.9591354483116192
269 0.04354134185318815 0.6745567864568093 -0.73822296214969
270 0.13882695965054095 -0.9878707650236244 -0.15527830373764118
271 0.0322399996329312 -0.2995455369604696 0.9540820044875933
272 0.13865128038224364 -0.6146602376133542 -0.7887919829062
273 0.03011316916340562 0.2921509237123909 -0.9563722276258323
274 0.0500509539564792 -0.9910518413162757 -0.13347751804562283
275 0.027506566942150472 -0.6282974194354567 0.7779732339423676
276 0.038492642970364796 -0.6577815931224678 0.753208719910536
277 0.05582050367202389 -0.6494587263443391 0.7603968455847175
278 0.08063144361526532 0.8629442776189304 -0.5052990933345737
279 0.019593895502747115 -0.4160600731460546 -0.9093371297454534
280 0.16947615084592998 -0.7949437502813327 -0.6066831412596283
281 0.019290232109306797 0.9485587688137443 -0.3166011088207897
282 0.0722020010054892 -0.3572073758740112 0.9340251017083014
283 0.04142358438065994 0.5578982577642175 -0.8299093528715354
284 0.03365316904214167 -0.7810049104234884 -0.6245248833268365
285 0.0651802540448872 -0.9999999171272442 -0.0004071185389745745
286 0.03413696278872891 0.4749461071067004 -0.8800148835924257
287 0.0071225680043055664 -0.9846137270225731 -0.17474498149794723
288 0.05582893382492263 -0.6674677861227297 -0.744638673779721
289 0.06540929269352086 0.9038473989214433 0.4278549748021419
290 0.03988681321386445 -0.898765736465757 0.4384291857930599
291 0.02474560499632243 0.9930708601945244 0.11751709081026179
292 0.030428379069878077 -0.23985179507899995 0.9708095160212334
293 0.10778460734264458 0.6313874046105536 0.775467565601005
294 0.006810779131486927 -0.4488264707618516 -0.8936189339665206
295 0.027509923533583037 0.9375556300502119 0.34783536416119354
296 0.06601827894023134 0.4837283842865962 0.8752181729348855
297 0.05593273344060275 -0.9809770932270151 0.1941235239837671
298 0.06548958465182436 -0.24150207719850203 0.9704003023025131
299 0.07869713101387853 -0.9716684673852355 0.23634802620125156
