0 0.039498801000961405 -0.8297544752470385 -0.558128579099397
1 0.03552789640870701 0.5509795295178863 0.8345187583585216
2 0.04047798974136682 0.7025018202520338 0.7116819461968803
3 2.1342875643770576e-05 -0.5703343381146261 -0.821412650722736
4 0.12016104154379696 -0.095552620797132 0.9954243801810359
5 0.12845828835356046 0.28339957121922305 0.9590019202445637
6 0.021539766889088336 0.199740790729967 0.9798487722697659
7 0.10569364187990349 -0.47961667040455225 -0.8774781190833485
8 0.036228982330833874 -0.45148955783178507 -0.8922764028981486
9 0.06561753377253603 0.9940249030889703 -0.10915352508720562
10 0.04843299190530818 -0.6785438492758888 -0.7345598985854453
11 0.08120396493694862 0.9904194642224872 -0.13809158152922116
12 0.0667569746763813 0.7292829634785492 0.6842122179411481
13 0.05306333763766203 0.9885898519081492 -0.15063234946127493
14 0.02826195612437275 -0.9202885432827703 0.3912403316408938
15 0.06330059750431197 -0.8920489437528171 -0.4519388033235069
16 0.06573938065168751 0.4418643507195652 -0.8970818778479348
17 0.07242678441670312 -0.7487460709455249 0.6628569387459401
18 0.08437515631653474 0.37504768121627174 -0.9270055214583665
19 0.14408222141040553 0.7407145041357307 0.6718199337344483
20 0.039254242761177234 -0.997864435071756 0.06531898054107324
21 0.12649416904762195 0.5045221478187105 0.8633987504973558
22 0.08686488117306201 0.047776771868638934 0.998858037996297
23 0.06264142407952647 0.9875341413857649 -0.15740495417069975
24 0.03722895527387742 -0.999526050153261 -0.03078433148568721
25 0.056820906204941644 -0.8178505991902556 0.5754306191055008
26 0.03346605962120294 0.2944880354892098 0.9556551663407182
27 0.05221537756199176 0.7281673717774289 0.6853993570749478
28 0.0365449361931605 0.9928501531088608 0.11936738864410047
29 0.05066428268311119 0.9988787194049171 0.04734241142984567
30 0.02725576167736483 0.13743178585289584 0.990511233776419
31 0.04360301575962897 0.6322487687004809 -0.774765444813284
32 0.053223097620422766 0.9894044236607263 0.1451856964049347
33 0.03009740808234892 0.9376695907308541 0.3475280400466018
34 0.07104870420421941 -0.17529658597811906 -0.9845156712538485
35 0.03169155722795765 0.6795930683966647 0.7335893002131412
36 0.03822011321180895 -0.7123860227673843 0.7017878273136887
37 0.10183286518680185 -0.5251633021717417 -0.8510014724147497
38 0.04516586100020164 -0.41102402205884736 -0.9116245133225457
39 0.02773450179006515 0.9969017747018647 -0.07865654198013387
40 0.055267286594609444 0.8388923571513223 -0.544297357253458
41 0.10624326186019277 0.9580545215483633 -0.2865859971121
42 0.042879450844239754 0.31567223856977455 -0.9488682931768494
43 0.0673111259648023 -0.9191982858699096 -0.393795011717797
44 0.06845253365563601 -0.936043721384122 -0.3518837189432955
45 0.15555491100729538 0.5753043072483567 0.8179394562322375
46 0.0431519004292123 0.42394706102569885 0.9056869710047022
47 0.04925199442894872 0.9261112845972282 0.3772504321292047
48 0.07163702360671662 0.19341685342088052 0.9811166703367983
49 0.0946472160650902 0.9278560555915252 0.3729385205394269
50 0.0028158968509959196 -0.844717065123169 -0.5352131163281593
51 0.04121220063399859 -0.06251210388405684 -0.9980442058686524
52 0.032845091294524516 -0.6392531429745119 0.7689963713810413
53 0.01942363034572673 -0.023910349745413964 0.9997141067200422
54 0.031176742635041572 0.8216888847533784 -0.5699362917666756
55 0.044139878075918494 -0.9977178037800356 -0.06752172998629756
56 0.02676243831862229 -0.5994858281746692 -0.8003853708169153
57 0.05443995229115384 -0.9216959000528955 -0.387913222029983
58 0.049403694392898156 0.5694660835251988 -0.8220148293762536
59 0.05769983578721769 0.946135331297003 0.3237714238031367
60 0.06323304685767543 -0.9454982968721178 -0.32562704220000616
61 0.07201262895852582 0.08640279088552211 -0.9962602861336954
62 0.0375474509976714 0.3419515178645239 0.9397175955733447
63 0.10465040553548433 -0.3834452229352192 0.9235636204442875
64 0.05058759844052025 0.9813507853666309 0.19222548233857206
65 0.039755520064348154 0.5097542599302582 0.8603200535166867
66 0.1188646897009414 -0.7838794402015362 0.6209130560950754
67 0.051303926105136344 0.41860598121929354 0.908167953898084
68 0.03782116241342221 0.9986074846693942 -0.05275501456985574
69 0.0670442077928849 0.04988840601803099 -0.9987547982087396
70 0.04916941030436711 -0.943481520906214 -0.3314251343946283
71 0.04061939438364062 -0.8014742674336122 0.5980292623624323
72 0.030098065160715552 -0.40272085331062774 -0.9153228470374591
73 0.05076419406862458 -0.8799705754768532 0.4750281952631188
74 0.05764107201415108 -0.9997837410435385 -0.02079594058913038
75 0.00010091027515366787 -0.6953129829808327 0.7187070722473073
76 0.06418890214729107 0.8563276480603629 -0.5164329183615306
77 0.0813293310753854 0.07569662064542929 0.9971308949294782
78 0.029973504147658394 0.8157135427601365 -0.5784560624262718
79 0.04809107660453942 0.25405151049744695 -0.9671906895819281
80 0.03743686193333795 0.9837451565244523 0.17957022864239164
81 0.047177161301288746 -0.998658157272123 -0.05178691836600756
82 0.060573222297280085 0.6176310003379607 -0.7864680205968517
83 0.03971172986798881 0.9177523354856549 -0.39715318292898755
84 0.09524277885105313 -0.6318153074606402 -0.7751189697449138
85 0.03552781660379369 -0.6952719368987432 0.7187467800004881
86 0.08373374881764384 0.1278964540855357 0.991787526152828
87 0.05186377619097713 -0.2987920206435195 -0.9543182532047486
88 0.04771654146312488 0.8882768367999314 0.45930845975739215
89 0.053245046922403755 -0.981978536761585 -0.1889924690022766
90 0.014390695765118379 0.6405568252082767 0.767910771951464
91 0.04645822713323682 -0.2638765051437924 -0.9645564732212926
92 0.06116783470787707 -0.8680402881721657 -0.4964937644220555
93 0.04371702711925963 0.9975802705445179 -0.06952412401696613
94 0.04072936146420922 -0.730230854393517 0.6832004825025477
95 0.06999234162270739 0.6971213935094124 -0.7169531105389634
96 0.0177621005931257 -0.7664912893699647 0.6422547028399006
97 0.06642486845888473 0.921519010210474 0.3883332509851664
98 0.0889578861506317 0.7042090488608636 -0.7099926869359134
99 0.10294138225260295 -0.6542098981051745 0.7563130365273477
100 0.05025678902075832 -0.03293986975915866 -0.999457335247608
101 0.06374431224268107 -0.585431832708913 0.8107216348729589
102 0.07427866008784152 -0.8131487150331531 0.5820559829088023
103 0.08649305899244895 -0.3367541898719002 0.9415925953424443
104 0.04280740229669578 0.5193178315931596 -0.8545811779985437
105 0.0697998787552924 -0.9901091039842764 0.1402995445732213
106 0.10125891237030567 0.9707867369137313 -0.23994397561178699
107 0.06440754529990723 0.9955171799000022 0.09458088878809837
108 0.00018513388153439786 0.7453500203024152 -0.6666733437262881
109 0.03233373576962171 0.5256649829902059 0.8506916748492996
110 0.06557163880204457 -0.1026111444749067 0.9947215454736817
111 0.05640053038619551 0.34757855246992364 0.9376508677876391
112 0.0794478583647521 -0.5381806264951287 0.8428295279979877
113 0.014624178813571588 0.1851043234244775 0.9827188761032152
114 0.06672127926154571 0.8554956445733339 0.5178100058091344
115 0.07766800306917804 0.91390512854654 0.40592784582525515
116 0.07992217354221869 -0.036108420724427714 -0.9993478783450674
117 0.04108469454896566 -0.9913881786226255 -0.13095602043171997
118 0.09672583066356509 0.5856033257230167 0.8105977701068159
119 0.07608897534350241 -0.9758245588479468 -0.21855532560248875
120 3.8822452998038964e-05 -0.5821533742203022 0.8130789930160025
121 0.02990542727136486 -0.05519030654916864 0.9984758535202586
122 0.06928271317340345 0.040334658315715255 0.9991862265556679
123 0.08002809735514016 0.7540473888908822 0.6568200174376865
124 0.07156320087753523 -0.668924395586157 -0.7433304466989729
125 0.031170084673129133 -0.6336448394259447 -0.773624080202309
126 0.05661841470993914 -0.872485460201405 -0.48864007381419544
127 0.025071104074123718 0.9408732746919766 -0.33875873563702597
128 0.03995455509600039 -0.8253845053343146 0.5645710038197399
129 0.059768613381548305 -0.6967626211662111 0.7173017842899814
130 0.10443359821100398 0.7717165914416628 -0.635966589133157
131 0.0377200345330442 0.893677800925179 -0.44870924676625085
132 0.0717619151674877 0.9180769795043997 0.39640214391962864
133 0.0903028564982661 0.9955481281618739 -0.09425457290439053
134 0.07633492516048793 -0.9575285428359154 -0.28833849839126346
135 0.08430114625141334 -0.18303947461771408 -0.9831055643885204
136 0.10102467629101711 0.3652324845878973 -0.9309163400659327
137 0.07967065859690196 -0.8228808636816856 -0.5682139422668923
138 0.0659337607864108 0.9904929595395744 0.13756342937908683
139 0.00010198985718348127 0.917040295275935 -0.39879455467724967
140 0.1067562841174325 0.8710943934406091 0.49111562560800004
141 0.05641528683112455 0.5363483818747895 -0.8439966903135906
142 0.05549792294537278 -0.6442057169903791 0.7648522695245871
143 0.04990275443615962 0.8621397954390942 0.5066704778455486
144 0.09170544611378999 -0.6976657527084307 0.7164234065814564
145 0.07190866469112452 -0.7258097135063869 -0.6878955296989337
146 0.11521567586689752 0.8792903215587377 0.4762861854107588
147 0.12393911546912681 0.36406930473391147 -0.9313718598661688
148 0.09533649154908315 -0.5674257491593657 0.8234245680030033
149 0.16840345644265176 -0.8202004414256212 -0.5720762500621889
150 0.029425106710912547 0.3715640663055986 0.9284073161228582
151 0.02130505317670214 -0.958656697014435 -0.28456517227056044
152 0.07129187310270874 -0.3248178896631385 -0.9457765796184557
153 0.00018374407839454737 -0.8172351377313125 0.5763043724086108
154 0.03141605874120763 -0.23065949193765684 0.973034531133948
155 0.06541797605004739 -0.1871791741801024 0.9823257895185562
156 0.09094371059149503 0.6818206119364951 -0.7315194140544345
157 0.05492487709627453 -0.6845491922629782 0.7289666682174873
158 0.05395098599942596 -0.595942480343517 0.803027122905582
159 0.05588332266991138 0.8711909514488001 -0.49094432078773914
160 0.055911716286111635 0.47333678869849793 -0.8808815382698139
161 0.04805168985722971 0.9073218263232184 -0.4204368008125591
162 0.06722538126822182 -0.01687140170397384 -0.9998576677730402
163 0.04372235835192582 -0.9999988897204143 0.0014901536627996942
164 0.12276645631637449 0.14820989938087153 -0.9889559270895301
165 0.030132601773961033 -0.40967707498362316 0.9122306146106163
166 0.032602640668213154 -0.05258555662660295 -0.9986164224737496
167 0.05713406002592324 -0.17985941139644396 0.9836923259495952
168 0.045763990130907185 -0.998373020082193 -0.057020283864261924
169 0.13681186828401712 0.7944738688634564 0.6072983382927467
170 0.04115145814681493 -0.634563614266801 0.772870635649107
171 0.01938755978548199 0.6268968153734397 -0.7791022929465934
172 0.04840525950904544 0.5709054198699984 -0.8210158351475694
173 0.052386400165358976 -0.4716350580859179 -0.8817938375744598
174 0.06761115096851564 0.8695674619759912 0.4938141645119477
175 3.95025209906432e-05 0.5914707145326494 0.8063264809307934
176 0.026484092345677213 0.21024108531922311 0.9776495722107156
177 0.010384936225412962 -0.825920589751929 0.5637864661587983
178 0.029282028766408112 0.8135058154192604 -0.5815567799269855
179 0.09209060159658285 0.9985136000129838 0.05450312458117444
180 0.1294342366209933 0.7594882304799104 -0.6505210432895269
181 0.05139825392724864 0.2699403989054949 0.9628770331868667
182 0.03467747646454157 0.9757850054522341 0.21873185212625879
183 0.049675116935801795 -0.8837248182432857 -0.46800688629642145
184 0.08628414747154352 0.9627171530969576 0.270510042573079
185 0.10868897290434774 0.9656962268904179 -0.25967440645856976
186 0.07340368491493116 0.9245111770810771 0.3811549336584288
187 0.038951235330269264 -0.4291160405324401 -0.9032493696414967
188 0.01932112164233839 0.7958479509078528 -0.6054965227280599
189 0.048900697560862634 -0.8650250784456126 0.5017286255139942
190 0.06646752000285942 0.07383708879686472 0.9972703165731966
191 0.012510127842269424 -0.9946897553985355 0.10291885398313365
192 0.02432474346033968 0.29562327778473296 0.9553045993984383
193 0.10258868078863953 -0.622190541700944 0.782865844074121
194 0.03540519441634055 0.8908711442435594 -0.4542560999636341
195 0.026559107744877748 0.9874195096590587 -0.15812245869788405
196 0.06357284899390381 -0.8857813094504321 -0.46410286772253173
197 0.05292593700323417 0.1790733154607305 -0.9838357320660303
198 0.0652776674567938 -0.1720121850234959 0.9850948219351489
199 0.08821813011849834 0.9187843632772164 -0.394759792528672
200 0.05181146291388092 -0.24080579283313408 0.9705733203308268
201 0.11934272849796666 -0.044292441248068165 -0.9990186082592688
202 0.052357315773659326 0.9981848694672971 0.0602243004654685
203 0.09394143963245594 0.17399807974733753 -0.9847459917380924
204 0.002813967066941011 0.8372647744650805 0.5467976750498651
205 0.0636673718050431 -0.930594877317057 -0.36605078105537703
206 0.08061422230886454 -0.6521125495091662 0.7581221687648075
207 0.04224690012906052 0.5017044831409408 -0.8650390809647166
208 0.053488255122983226 -0.19707564063446747 -0.9803882862766743
209 0.039493826898002425 -0.995088783946103 -0.098986423638123
210 0.051394966099301234 -0.9972091089446209 0.07465917919368821
211 0.06251649046201417 -0.6218775829603694 0.7831144691623114
212 0.10496927987681409 0.5555889510557662 0.8314571050058767
213 0.03316796862012121 0.9997543868324066 -0.02216226543832288
214 0.06371136875772801 -0.2540437426722065 -0.9671927299194808
215 0.055388271726117815 -0.9876016637976085 0.15698074297249132
216 0.06899339262631533 0.169393517227255 -0.9855484951646873
217 0.07607049971016235 0.9781860202915376 0.20773085882026213
218 0.07100417093432443 -0.7716176903103962 -0.6360865821569022
219 0.07699695066291297 -0.19279419531493802 -0.9812392156109873
220 0.02767635891429269 0.5576386611662757 0.8300838051502291
221 0.028566671111929745 0.38539179000833257 -0.9227530374884567
222 0.0474323689612841 0.9017832097158983 -0.4321886656016006
223 0.07214773181715226 0.8570137294570626 -0.5152935741129485
224 0.07655234755399057 -0.9869994334159358 -0.16072373327116868
225 0.029887788743251754 -0.9998807593714213 -0.015442378017325916
226 0.06019691455975033 -0.5416062076998027 0.8406323309158636
227 0.06529123871687394 -0.8909247913628874 0.45415087375782465
228 0.026587641232552094 -0.7075102831962076 -0.7067030487917978
229 0.054649439417355804 0.240043726307167 -0.9707620766493559
230 0.13190034237430098 0.052276475087092815 0.9986326502535697
231 0.04461347167857172 -0.7508469186129962 -0.6604762711932721
232 0.07367244319145064 -0.9819314870294477 -0.18923676910193107
233 0.040942646233257905 -0.1331307654029752 -0.9910984811325351
234 0.04847156158044988 -0.9975570044264064 -0.06985716083419526
235 0.07769983039603975 0.6096614566484158 -0.7926619129725685
236 0.022884811666713294 -0.035073898020048566 -0.9993847215550572
237 0.03325380329516893 -0.6612552928235635 -0.7501609412071674
238 0.09840890228039238 0.5951846972099529 0.8035889348461044
239 0.06393243287488348 0.66582306886784 -0.7461096708684398
240 0.023348565703725854 -0.2690856136187425 0.9631162611769282
241 0.04035469112571474 -0.9572935232035524 -0.2891178141044401
242 0.01388068064481167 -0.9877600169451697 -0.15598124542546132
243 0.07344606938296018 0.6902540972405751 -0.7235670537293685
244 0.1450220125743023 0.6153202574212773 -0.7882772233212204
245 0.06134626546188367 -0.9228066982079743 0.38526328366780094
246 0.04301068732131087 -0.9555564974969987 0.2948080393938884
247 0.044809508233279054 -0.1331531785615541 0.991095470193944
248 0.04865362091332476 -0.9365974596708168 0.3504071896211217
249 0.15408505478364085 -0.31980296104331857 -0.9474840716908784
250 0.045455515319049615 -0.1012543220872719 0.9948605742809628
251 0.03446834660345717 -0.2099697896239172 0.9777078742882702
252 0.036908114903407466 -0.21364357858505026 -0.976911675295865
253 0.07154703438993947 -0.7505641194043461 0.6607976261025599
254 0.023391288381881037 -0.6483941091152201 -0.761304853041592
255 0.06594024925733673 -0.9815836992161416 -0.1910325664203758
256 0.039762273909940284 0.3101332088877908 -0.9506931117584485
257 0.040490273395159676 0.3110259408925036 0.9504014226062232
258 0.04020900158393773 -0.461973585779344 -0.8868936836183777
259 0.074024904162818 0.7379908742957761 -0.67481069156924
260 0.056006881718760185 -0.6730901274828818 0.7395604642523004
261 0.058184176834776676 0.7328376217602205 0.680403571516805
262 0.06100852345128285 -0.2596245246366144 -0.9657096386633055
263 0.08859731503679404 -0.9791756795017466 0.2030147498885064
264 0.04825374385688961 0.006127220411061401 0.9999812284088309
265 0.05843558599225817 0.4726255772386341 0.8812633339359173
266 0.08485757689556057 0.8875591903842169 0.460693698203604
267 0.03619698471801819 -0.8131048210160076 0.5821172992108432
268 0.1047071481695442 -0.236572701875994 0.9716137899016728
269 0.030441334550405957 0.6273941422918528 -0.778701862215489
270 0.11398532894092521 -0.958298734046266 -0.28576832631578336
271 0.06618622961515154 -0.21843908353756072 0.9758505863006235
272 0.10009311274694982 -0.41291174190566154 -0.9107710433453802
273 0.0393537498183184 0.28041923416874664 -0.9598776240272577
274 0.04600281698485618 -0.9979406081410966 -0.06414470066169307
275 0.050627655323645215 -0.6762725714058236 0.7366514841932751
276 0.04934637767220545 -0.7894313308380985 0.6138388826811061
277 0.0421677207574143 -0.5726097173017073 0.81982809884247
278 0.08378949827828361 0.8940395044949959 -0.44798812975607094
279 0.0486729058718861 -0.42893526860043124 -0.9033352286668974
280 0.1311105632539213 -0.7064319677340243 -0.7077809512578269
281 0.05215504641702747 0.936485451630197 -0.3507064283485348
282 0.058172141673955347 -0.09699472595277267 0.9952848954632771
283 0.06539063951065496 0.6262300036251643 -0.7796383665261906
284 0.055673167114342996 -0.8474480581074668 -0.5308783182706593
285 0.06425912652105006 -0.9995675157015654 -0.029407168415215304
286 0.05083189834443693 0.6105273906664694 -0.7919951421858547
287 0.037385789670462216 -0.9950269526513431 -0.09960604147029369
288 0.04185997249012425 -0.8054941991688522 -0.5926036576881123
289 0.0397711230988865 0.8810033158596589 0.47311009019496314
290 0.042785424953295056 -0.8880331648313393 0.4597794016260791
291 0.060370428726182035 0.9970768323934869 0.07640543373458827
292 0.04474369757955999 -0.12645656212907103 0.9919721457251188
293 0.10195425418998702 0.503244402191364 0.8641441266727771
294 0.03280628769214876 -0.41360581281650444 -0.9104560569321282
295 0.04078324027444914 0.8969443258974747 0.4421435018637328
296 0.04453787489667028 0.4330864163060616 0.901352403897151
297 0.05412495682729942 -0.9999616371805279 -0.008759233256303237
298 0.05782893246287202 -0.25434932308200175 0.9671124142765036
299 0.08576038663801272 -0.9436345763350689 0.33098910306071283
