0 0.04597081200264424 -0.8215308042562725 -0.5701641322093509
1 0.03503993259037665 0.5391443187371304 0.8422133955082141
2 0.03761219172026382 0.706448295990401 0.7077646537460448
3 2.1342875643770576e-05 -0.5703343381146261 -0.821412650722736
4 0.11424963579733646 -0.06397873197321052 0.9979512622643953
5 0.12961560527605595 0.30414436240516085 0.9526259532561341
6 0.02063066645923011 0.18593183817393077 0.9825626451037426
7 0.103018922251059 -0.5000941061326858 -0.8659710647656479
8 0.03539841185434975 -0.42110014433682785 -0.9070141500767795
9 0.0521388830207376 0.997688093003815 -0.06795931929037445
10 0.051088277886692415 -0.688631438191807 -0.7251115378573723
11 0.07176247779874617 0.9905538344458649 -0.13712439996074446
12 0.06422151112491369 0.7163786527800706 0.6977117068252553
13 0.061491542871055425 0.9887152483729104 -0.14980706804051036
14 0.015429851050398643 -0.9028575778558491 0.42993975637090065
15 0.05808367045916811 -0.8863937716063961 -0.46293204863930953
16 0.06051962433424943 0.4455143413934191 -0.8952748022885421
17 0.07278060968134696 -0.7433603599587008 0.6688911535086041
18 0.08118710515038056 0.4307497226506235 -0.902471426936283
19 0.13874126595386715 0.74219186481583 0.6701874631781772
20 0.042624108286548244 -0.9994931288905015 0.0318352838950016
21 0.11911528688900677 0.4894548055627488 0.872028665418478
22 0.07896150764659357 0.07674284411888896 0.9970509194000795
23 0.04906319447937559 0.9924178862746651 -0.12290947482649932
24 0.034853060675194204 -0.9999355264788242 0.011355302088305205
25 0.05267121936050432 -0.8348393539550302 0.5504936449114992
26 0.027063943465659268 0.3521214538445247 0.9359543160552326
27 0.04746940120291912 0.7433067566106273 0.6689507198418951
28 0.03967800525790769 0.9950059236644504 0.09981588988058882
29 0.04776242559115439 0.9996628062219987 0.02596678371224942
30 0.02252731596206938 0.1333291791923276 0.9910718086878973
31 0.03649445701473423 0.6812341833486638 -0.7320655622533265
32 0.05686549732545679 0.992435281200229 0.12276894000121709
33 0.028477747187119536 0.9223308963672513 0.3864009803382787
34 0.07535579357254948 -0.17643874785111496 -0.9843116215186788
35 0.03091999654841069 0.6765865821192866 0.736363087678994
36 0.018510272835304778 -0.7855191088574442 0.6188374016006196
37 0.10581018951155247 -0.5215952764329401 -0.8531930424018029
38 0.04391367343289289 -0.4239407487794324 -0.9056899257054448
39 0.02676530384053515 0.9955934703878965 -0.0937744193316316
40 0.06408013566267697 0.8503672002679766 -0.5261897231117337
41 0.10327870806376196 0.9597402980663451 -0.2808888753003989
42 0.046600894715816826 0.30792321661104505 -0.9514112111342327
43 0.06145875474243413 -0.9304225967097652 -0.3664884602983531
44 0.07076066427656973 -0.9343434551414541 -0.3563738315790451
45 0.15660719997917927 0.576531389096803 0.8170750010776923
46 0.05041272900749582 0.42520613320800704 0.9050965386533608
47 0.05232590454118664 0.9308845948436453 0.3653133874946036
48 0.08107062438053969 0.19378789836567106 0.9810434498262635
49 0.0958977625475187 0.9331324324443083 0.35953284067045715
50 0.0028158968509959196 -0.844717065123169 -0.5352131163281593
51 0.03564451052742519 -0.055283201959016044 -0.9984707144334072
52 0.03481773202219243 -0.582155166373893 0.813077709855697
53 0.016456000648728465 0.0040864242118959495 0.9999916505337234
54 0.02787636373801847 0.8425191542461115 -0.5386663853707756
55 0.04174912470723481 -0.9953187259877552 -0.0966469538998102
56 0.025415031495888894 -0.6248031508045888 -0.7807823145695977
57 0.05556967258345584 -0.9203715525377697 -0.39104501694717386
58 0.0443468067794556 0.6169089447624589 -0.7870345315626687
59 0.06178212106864155 0.9546208109355495 0.2978239535845862
60 0.05810691047057629 -0.944010785604272 -0.3299145899514073
61 0.07443662806509908 0.10125273092446216 -0.99486073622409
62 0.0467748995459665 0.31174177375620343 0.9501668624485575
63 0.10746394773058879 -0.36347006114850355 0.931605879462288
64 0.057094570133298245 0.9784013755132852 0.20671417076173437
65 0.04104350304896519 0.5068942783759735 0.8620082311380217
66 0.12442374232912957 -0.7873742166000518 0.6164753385444179
67 0.04580821081397842 0.42731542856919896 0.9041026072889746
68 0.039347728973940566 0.9985671126808265 -0.05351375031034066
69 0.0763692368257541 0.0730883767609918 -0.997325468030594
70 0.048706297213384875 -0.9381012826153003 -0.3463610595253577
71 0.03418889735304777 -0.808368201599933 0.5886772041128229
72 0.02707881240689196 -0.3889047192003603 -0.9212779816014757
73 0.0573248326985615 -0.8784290808908737 0.47787273394201396
74 0.06585563026585456 -0.9994150537572097 -0.034198688914541156
75 0.00010091027515366787 -0.6953129829808327 0.7187070722473073
76 0.06809971586858919 0.8466876552814542 -0.5320902314401134
77 0.08138143148725453 0.09261866813411256 0.995701653264201
78 0.022032309239309825 0.7942598552339928 -0.6075782109026596
79 0.04478915484179456 0.23067908883539304 -0.9730298854475503
80 0.03525131381094718 0.9851162390589645 0.17188948642171517
81 0.0519941152965887 -0.9992756053320262 -0.03805607163531923
82 0.06528069323052545 0.6094154790466114 -0.7928510414311059
83 0.018630551623747025 0.8440861727658822 -0.536207546520417
84 0.10154620435954613 -0.612147011410422 -0.7907439765317776
85 0.027656159833089673 -0.7029268613702813 0.7112621370241251
86 0.08959812334753184 0.09180252674238484 0.9957772321577321
87 0.05472164733452312 -0.29130292494402604 -0.9566308618892948
88 0.03910083477197446 0.8357210319954004 0.5491542193961029
89 0.05657206752837058 -0.9758078144337847 -0.21863007407481777
90 0.0018846577562541334 0.629089281793813 0.7773330531581328
91 0.03460590604947794 -0.29964641582200713 -0.9540503264948997
92 0.06638326461385556 -0.8703436884558372 -0.4924447826559731
93 0.04763416867136223 0.9973290953993728 -0.07303886273668864
94 0.04483502495116592 -0.7350961778007914 0.6779628377593179
95 0.07446612916255511 0.6933346625643461 -0.7206157406598779
96 0.01647808065659894 -0.7710542286973251 0.636769484513802
97 0.07278491887317115 0.9261305359926145 0.37720316846764756
98 0.07918555009917164 0.701219304858789 -0.712945640630025
99 0.10082477039738115 -0.6260072451466203 0.7798172407839795
100 0.05078960664051156 -0.03787707812238443 -0.9992824060058852
101 0.06430147005363494 -0.6140871516019233 0.7892382214752631
102 0.06655055795894373 -0.8155870896623152 0.57863433978304
103 0.08154713388351974 -0.4096581157396994 0.9122391288519689
104 0.04581086351015581 0.5207100473616267 -0.8537335922737563
105 0.0752304163681252 -0.9903046882732502 0.13891229025547291
106 0.08859032846935642 0.9656442423798359 -0.25986765315958954
107 0.06529563023784091 0.995838508083446 0.0911354257033809
108 0.00018513388153439786 0.7453500203024152 -0.6666733437262881
109 0.03705791076979882 0.5352585070996384 0.8446883038005595
110 0.05898626633537268 -0.08630218508789844 0.9962690062674108
111 0.052799439480120995 0.3386775325341564 0.9409025076789707
112 0.0697979931402389 -0.6108404978998824 0.7917536776835482
113 0.010734310525563019 0.18541136854806498 0.9826609916004265
114 0.05991081370874929 0.8282862156853685 0.5603052247709378
115 0.0655240214811257 0.9215629964914888 0.3882288545402419
116 0.07863045502929869 -0.04964099977340262 -0.9987671255810822
117 0.02909764557799623 -0.9895709956375526 -0.14404598082870218
118 0.0998812865481864 0.5950699039172775 0.8036739447387119
119 0.06519827129352432 -0.9462687879127621 -0.3233811698632312
120 3.8822452998038964e-05 -0.5821533742203022 0.8130789930160025
121 0.024558271035267847 -0.06852489901556759 0.9976494064624638
122 0.0716813614148758 0.07252588484290379 0.9973665304328965
123 0.07793665087418235 0.7571635316157842 0.6532253718213289
124 0.07419248140254865 -0.6840043479869976 -0.7294779310814566
125 0.030287460078620095 -0.5992826300392623 -0.8005375252498941
126 0.05595900739304803 -0.8689808783494474 -0.49484566590303986
127 0.026323376211939274 0.9434265344916054 -0.33158162496911636
128 0.04793418803374734 -0.8130819948229506 0.5821491816491124
129 0.05556488967149571 -0.6670367484967642 0.7450248157980138
130 0.10016884492739224 0.7612849486278448 -0.6484174789382993
131 0.030482665216626192 0.9022480533368786 -0.43121740485492116
132 0.06250001271522154 0.9258852614987335 0.3778048206937305
133 0.09121999283663071 0.9968933473936081 -0.07876327775281422
134 0.08123890433003253 -0.9619863044498733 -0.27309769323609373
135 0.07450899725963336 -0.19919309473817495 -0.9799602599129357
136 0.09345979579998007 0.3892771918957445 -0.9211206586923147
137 0.08164802985024164 -0.8188345381803225 -0.5740296151619861
138 0.06654695179068124 0.9920711814926371 0.12567724874376884
139 0.00010198985718348127 0.917040295275935 -0.39879455467724967
140 0.09763689464991697 0.8568226339506315 0.515611262435085
141 0.05430168004580602 0.49082517919408375 -0.8712580808630102
142 0.0641161660080051 -0.6381087079149954 0.7699462818165012
143 0.044754250908174045 0.8581279788883954 0.5134358497893554
144 0.09731779679821569 -0.7011079606952316 0.7130551363322288
145 0.07624394346185434 -0.7379890219697638 -0.6748127173165244
146 0.11872642313101125 0.8821249323310288 0.47101550267478226
147 0.12456513704356507 0.3658948964532636 -0.9306561796654312
148 0.08594021278532295 -0.49213044211719353 0.8705214689722107
149 0.1676644542729954 -0.7972033860791226 -0.6037108258297026
150 0.028744113346206333 0.3604360167907025 0.9327839395058496
151 0.010479900474372599 -0.9615782084850483 -0.2745311438920639
152 0.077513472577194 -0.33519600965888685 -0.9421484145869797
153 0.00018374407839454737 -0.8172351377313125 0.5763043724086108
154 0.023698255793260643 -0.26356520540420897 0.9646415824026233
155 0.06092313442305908 -0.17593099921207692 0.9844025007669577
156 0.07641608382545152 0.6516815441389611 -0.7584926927984602
157 0.051469643487791164 -0.695026741821708 0.7189838858783282
158 0.05532441902341136 -0.6173813853988068 0.7866639847883274
159 0.054370572147227736 0.8715490676865286 -0.49030829343867177
160 0.06452207998135946 0.47809931547247814 -0.8783057807761189
161 0.05108558295238704 0.9102722353363306 -0.4140102143375208
162 0.06706487635533646 -0.0340140968623915 -0.9994213531912532
163 0.0446610474166781 -0.9999578739912397 0.00917879310803248
164 0.129549801540818 0.19478700087525233 -0.9808455659735759
165 0.022787023308402835 -0.38454819214814817 0.9231049170682556
166 0.027037598492001665 -0.06081523738144456 -0.9981490404254459
167 0.04911305088679267 -0.1759403304139689 0.9844008330623372
168 0.035416382501113605 -0.9967516344670291 -0.08053681883030944
169 0.13026024682991952 0.7985370135075881 0.601945710225085
170 0.03121884091385753 -0.6026286801685721 0.7980217251668559
171 0.01267348261977392 0.6179806097014667 -0.7861933388378481
172 0.044708006794448474 0.5673873306174548 -0.8234510410794311
173 0.05304254103664645 -0.4525729766922214 -0.8917273690808991
174 0.05770408875296438 0.8828988861206913 0.46956315537618837
175 3.95025209906432e-05 0.5914707145326494 0.8063264809307934
176 0.029058839055482604 0.2222806006022325 0.9749827355373585
177 0.0268457845788708 -0.8163735163844059 0.5775242694001353
178 0.019686541135794714 0.8265170839423881 -0.562911636006373
179 0.09759681660655056 0.9997337531556327 0.02307428875073536
180 0.11269979532656842 0.763593061520198 -0.6456977902999289
181 0.050206115333192906 0.2875444133946318 0.9577673048948461
182 0.026753031544914336 0.9863726119499852 0.16452680752680995
183 0.04025767741082499 -0.8668706863637587 -0.49853306121382335
184 0.08282763481134989 0.9695267913956699 0.24498530724518391
185 0.11094491982585937 0.9657350542812587 -0.25952996923741645
186 0.06984402604052768 0.9284167238450483 0.3715405588691864
187 0.043528548764134256 -0.40830167236277926 -0.9128470541913128
188 0.013842265083762668 0.8003123126785588 -0.5995833571531958
189 0.04926339376323558 -0.8631763580653102 0.5049025399788629
190 0.07211319792729443 0.049266655123108606 0.9987856610369317
191 0.01625476521830065 -0.02304154760536391 -0.9997345082990532
192 0.023046154552811293 0.3202474636880103 0.9473339231767205
193 0.1024244627538124 -0.6296024115715184 0.7769175009892159
194 0.036346076811986476 0.9084579291846676 -0.4179763042344692
195 0.017444869419983838 0.9808616364289177 -0.19470606097907123
196 0.06073823362270196 -0.8785765138529985 -0.47760162196742156
197 0.055745744814886776 0.17947875009116362 -0.9837618503813378
198 0.06650830060074821 -0.202680396969084 0.9792449421286048
199 0.08695736490614726 0.9065078675335945 -0.42218892228443794
200 0.0531812970913433 -0.286787919659912 0.9579940966087107
201 0.11877745385971875 -0.05172137872236473 -0.9986615537723768
202 0.06050318515874186 0.9987273374120089 0.05043516140471072
203 0.0955615869739104 0.1710954553396568 -0.9852544570628013
204 0.002813967066941011 0.8372647744650805 0.5467976750498651
205 0.05823322441144668 -0.9377856750946821 -0.34721467075457974
206 0.09036562614715239 -0.6724744257403156 0.740120359620807
207 0.03084171615747994 0.4550209349154058 -0.890480740268261
208 0.05296329919001304 -0.16556253966165635 -0.9861992929731711
209 0.04695903671663512 -0.995451402610383 -0.09527069350551148
210 0.05204855763354151 -0.9956347907158878 0.09333468549328461
211 0.06801688722450475 -0.6178250497410496 0.7863155905312254
212 0.09328975194145535 0.5693254645416346 0.8221122279983749
213 0.03281392975522618 0.9996111479918721 -0.027884633947239473
214 0.06864414365465592 -0.2460776858198646 -0.9692501083526068
215 0.049026728752277794 -0.9852786070670863 0.1709563290900404
216 0.061213983127493626 0.18946316057120766 -0.981887830042907
217 0.07733375888655714 0.9743941641394991 0.22484664305007276
218 0.07497578081809837 -0.7694798278226929 -0.638671116126257
219 0.08437148328972614 -0.17472561994752941 -0.9846171630303585
220 0.027875739753638794 0.5507196944297135 0.8346902528287024
221 0.025654141232963203 0.37945837606049987 -0.9252088093168634
222 0.056206543320960645 0.9023535320800584 -0.4309966393635141
223 0.0751729961579368 0.8886777827332433 -0.45853222185177617
224 0.07308650162699988 -0.9846695843715286 -0.1744299561818469
225 0.03398065140307082 -0.9999061427632824 -0.013700571676184018
226 0.04939538109237422 -0.4809427833081036 0.8767519827088243
227 0.07212496361893407 -0.8825815688920877 0.47015930731187383
228 0.023452882764627637 -0.7323260043791742 -0.6809542005965112
229 0.057177609390547474 0.2596251601902561 -0.9657094677987701
230 0.1329092069195626 0.07107736875510419 0.9974708054127955
231 0.04423632171204455 -0.7421534731106435 -0.6702299772091735
232 0.07461939103267526 -0.9812274751110508 -0.1928539397761739
233 0.0356524251241267 -0.15150389927979785 -0.98845665990119
234 0.04602009966665051 -0.9999379856851475 -0.011136641501359524
235 0.07648409376624446 0.5758615105116375 -0.8175472590078541
236 0.016458530279640032 -0.0049448279238970124 -0.9999877742636673
237 0.03459099316436014 -0.6524358814002265 -0.7578439289599869
238 0.08937809393949019 0.6159575329549787 0.7877793584475391
239 0.06722019086491675 0.6585399869821844 -0.7525457365140702
240 0.017093095464318427 -0.24978983222681964 0.9683000773087325
241 0.045145551917588185 -0.9580180436225644 -0.2867079142500155
242 1.4351815273060208e-05 -0.9851297805976944 -0.17181186041580018
243 0.0802107794695527 0.6807500094158815 -0.7325158187235803
244 0.14382964867891462 0.6230873351720932 -0.7821522695410016
245 0.05735497430894598 -0.908757444047608 0.4173247031845329
246 0.04477218834463882 -0.9539241382869829 0.3000478934994164
247 0.05455791796724672 -0.13283169655472613 0.9911386080616541
248 0.05408303559438079 -0.9339098410705282 0.3575086135348641
249 0.1525850759171788 -0.3187005733123624 -0.9478554449758526
250 0.052851790205678574 -0.1055986447465096 0.9944088325370508
251 0.03178986754412992 -0.2076201756394353 0.9782095187982225
252 0.03554420181446928 -0.21633460138772156 -0.9763192819167383
253 0.07250958986384273 -0.7394551624901602 0.6732058100363149
254 0.018456579161139994 -0.6313915099678478 -0.7754642229919579
255 0.06415319895332161 -0.9788958525024122 -0.2043597561986597
256 0.03145963818594614 0.26253477619573773 -0.9649225312364997
257 0.04336165329492368 0.3236648988414082 0.9461717778807298
258 0.044024768505517314 -0.45094922968673967 -0.892549602120205
259 0.06945896424712446 0.7545224810246405 -0.6562742000325938
260 0.04535457761642063 -0.5936283385912788 0.8047393339593623
261 0.06197994820695929 0.7507243851956807 0.6606155443770356
262 0.06367171144143317 -0.24241468894711912 -0.970172726158941
263 0.0810840059836607 -0.9694667787598891 0.2452226842706935
264 0.04763188869288177 0.016818182103850287 0.9998585643733426
265 0.0640318130652679 0.4717440100284368 0.8817355550289951
266 0.08648468375493949 0.8901530286858479 0.45566170074015655
267 0.0316421383751827 -0.8243696462844178 0.5660518406337921
268 0.09469870670181885 -0.22176190503128615 0.9751008447729367
269 0.0275245519340195 0.6038427686531517 -0.7971034504663095
270 0.10887881512293701 -0.9498163713441149 -0.31280802535532626
271 0.07457210530345829 -0.2111497615655346 0.9774537217642674
272 0.09284368094046977 -0.36923945083096427 -0.9293342928946763
273 0.04038254166339648 0.2678968030979905 -0.9634476129452376
274 0.04404516561873169 -0.9987792165473871 -0.04939713142468581
275 0.05606733786307663 -0.6768282769652924 0.736140939970189
276 0.04903044552474534 -0.8011860392980141 0.5984153494304445
277 0.04060378111322142 -0.5540971990216258 0.8324519770151242
278 0.08521162030778696 0.899426204100509 -0.4370726522871794
279 0.05524242542874828 -0.4479553728062329 -0.8940559176997985
280 0.12449978467411366 -0.6865897946127406 -0.727045015066904
281 0.05892088220527098 0.939277950657723 -0.3431572983461493
282 0.05831567712249701 -0.07579078603682919 0.9971237419457625
283 0.06927092740778688 0.6323761323520298 -0.7746614920282846
284 0.060041608793823635 -0.8599281943766545 -0.5104150277138269
285 0.06131139002045209 -0.9994209929311247 -0.03402468057990631
286 0.05547013883077443 0.6105977789465332 -0.7919408767992473
287 0.04314257756228853 -0.9959441936084443 -0.08997312497421454
288 0.039239526166622636 -0.8156446498121817 -0.5785532000021808
289 0.03594054923657846 0.8765647175508814 0.48128400757239337
290 0.041764807320630586 -0.8820098661463941 0.4712309370366297
291 0.06498502443663533 0.9972015555956267 0.07475999944931862
292 0.04918050321492742 -0.11133425292153722 0.9937830166220407
293 0.1013912962257673 0.49476718176182416 0.8690255668571909
294 0.037718212250775096 -0.40658894140538876 -0.913611204357108
295 0.042367137859852584 0.891224304277613 0.4535628285749226
296 0.0421869239723799 0.4322776744549049 0.9017405459265205
297 0.05410990427810416 -0.9992568152046231 -0.03854630030384082
298 0.05647998930613058 -0.24739165020022102 0.9689155646449341
299 0.0875775463353608 -0.9416928875508267 0.3364736327503034
