0 0.04666123998234004 -0.8206562860450636 -0.5714221383309565
1 0.03502081575021842 0.5381944177269776 0.8428207215817131
2 0.03733421108424812 0.7070067102974826 0.707206837915423
3 2.1342875643770576e-05 -0.5703343381146261 -0.821412650722736
4 0.11362838140327024 -0.06072710604663698 0.9981544061873396
5 0.12974601254269183 0.30617418030755067 0.9519755098283776
6 0.020482330073779906 0.1845486954675616 0.9828233712123563
7 0.10270038722993828 -0.5021813604688763 -0.8647623264213286
8 0.035294584415275686 -0.4180431599458663 -0.908427166272825
9 0.05066312659929698 0.9979890305294685 -0.063386867274315
10 0.05140120434990945 -0.6897739292721384 -0.7240248106912325
11 0.0707336153369913 0.9905852289035183 -0.13689742246720413
12 0.06398935121115652 0.7151189698366985 0.6990027603519882
13 0.062355070419407986 0.9887360275761453 -0.14966986260748677
14 0.014069238108717224 -0.9009440122234524 0.43393534868538614
15 0.05748072415957663 -0.8858516753930692 -0.4639685433338044
16 0.05992068595900346 0.4458406106106141 -0.8951123672089191
17 0.07280593181969768 -0.74302984065335 0.6692582878819339
18 0.08089954232835152 0.43599805202931496 -0.8999476088232263
19 0.13817997232136625 0.742164182481539 0.670218118407365
20 0.042951610442040516 -0.9995917232586007 0.0285724831420215
21 0.11832475106337266 0.48800897954509986 0.8728386081535064
22 0.0781393341637719 0.07977209191441106 0.9968131286011429
23 0.04760126388645648 0.9928681334239566 -0.11921774042158395
24 0.03460394140271363 -0.9998803550634365 0.015468534455986206
25 0.05223482609960633 -0.836298470492506 0.5482744461051371
26 0.026366883625471613 0.35700736560664437 0.9341015688363893
27 0.046989127398812246 0.7447417230041179 0.6673528047568675
28 0.03998527807638451 0.9952125155704026 0.09773458370521275
29 0.04743486961865599 0.99971734153567 0.023774714148703198
30 0.02200662538844951 0.1329457519079798 0.9911233157632918
31 0.035723291784548625 0.6857762838390209 -0.7278123992650459
32 0.05713374447908596 0.9928863742166726 0.11906572930473992
33 0.02834165013200944 0.9210039713031477 0.3895531861554089
34 0.07580514823850079 -0.17655121648103533 -0.9842914547831179
35 0.030935915978639105 0.6768040887886438 0.7361631785134146
36 0.016322035351697916 -0.7997486986459947 0.6003349223675379
37 0.10629319077132689 -0.5215349679086532 -0.8532299087869109
38 0.04376475622967336 -0.4251188453665764 -0.9051375405507104
39 0.026634968580029336 0.9954453176269303 -0.09533425205360246
40 0.06499991503661169 0.8516453756193533 -0.5241184543461247
41 0.10294477990262792 0.9598841724608727 -0.28039681784768117
42 0.046988580357591174 0.3072231261948792 -0.9516375101534436
43 0.06088299579044886 -0.9312757104058539 -0.36431518113862926
44 0.07104324405383894 -0.9343021845242068 -0.35648201636729887
45 0.15673791380728294 0.5766489642675132 0.8169920268945128
46 0.05123962592162561 0.42528594380202256 0.9050590400655766
47 0.05263434039553272 0.9313844804140814 0.3640370168592634
48 0.0821254236046603 0.19383548823299177 0.9810340480847124
49 0.09603789155836503 0.9335849492752869 0.35835616708333623
50 0.0028158968509959196 -0.844717065123169 -0.5352131163281593
51 0.03497518514809672 -0.05474171184086281 -0.9985005483146877
52 0.03297167487429062 -0.5858650552311515 0.8104086235097697
53 0.016456000648728465 0.0040864242118959495 0.9999916505337234
54 0.027541887078718172 0.8439238718525777 -0.5364629516726706
55 0.04140425477457299 -0.9952324427923243 -0.09753145550858483
56 0.023834008504797166 -0.6260393187701108 -0.7797914922297214
57 0.05568370309909101 -0.920226791918198 -0.39138555343285425
58 0.04385470623416111 0.6208108058090094 -0.7839604220818602
59 0.06213837635745935 0.9554586974149301 0.29512485075670103
60 0.057559628121338365 -0.9439045875298099 -0.33021830603432567
61 0.0746403215186676 0.10390977892339907 -0.9945867271606285
62 0.04568380695746791 0.31293797706876086 0.9497735638077698
63 0.10781236294541535 -0.36176182284277614 0.932270552754656
64 0.057784249596211916 0.978098480238177 0.2081426504966448
65 0.04115869623469119 0.5067289872883626 0.8621054073845671
66 0.12503865948693196 -0.7878204453153401 0.6159049812618332
67 0.04515934887680731 0.4281503747698893 0.9037075061016165
68 0.039509013132993924 0.9985626217609229 -0.05359748522040916
69 0.07735426178425925 0.07539996112073638 -0.9971533712839723
70 0.04868106244855975 -0.9376801737518229 -0.3474994845359506
71 0.03347017583293503 -0.8087108676230507 0.5882063690477796
72 0.02669457686258124 -0.38762029247846475 -0.9218191302304967
73 0.05795151884170618 -0.8782733440799608 0.47815889940332884
74 0.06673331498949057 -0.9993679428902422 -0.03554876542618076
75 0.00010091027515366787 -0.6953129829808327 0.7187070722473073
76 0.06851033417388001 0.8457409197109748 -0.5335937562663515
77 0.08136837600426008 0.09418224666290963 0.9955549730745795
78 0.021158224298972475 0.7922632624175803 -0.6101794187150631
79 0.04441955209240173 0.22850316936631063 -0.9735431688371867
80 0.03502912586820269 0.9851796415762524 0.17152572350433917
81 0.05245623360672518 -0.9993227258269695 -0.0367979570867138
82 0.06580102564535716 0.6085902581127868 -0.7934846550061392
83 0.016366215149942305 0.8274647224992902 -0.561517704991724
84 0.10234660545561236 -0.6106323065489497 -0.7919142543222147
85 0.026772856139021223 -0.7038404494053209 0.7103580940489916
86 0.09027634890081325 0.0884641492074478 0.9960793614491781
87 0.05501812693284344 -0.29055536144497346 -0.9568581827708748
88 0.03824597439455137 0.8302947852457175 0.5573244742461683
89 0.057043900107156285 -0.9752449224883865 -0.22112743194959097
90 0.0007808074518419285 0.6261968228952581 0.7796650171681969
91 0.03336172723759734 -0.303276738508401 -0.9529025238080268
92 0.06694091741845339 -0.8705363719153499 -0.49210407961371294
93 0.04799223777630836 0.9973030289673588 -0.07339392626458559
94 0.04527329454103364 -0.7355826296656292 0.6774350115946163
95 0.07495154482265162 0.6929449747548679 -0.7209904728649161
96 0.016349955934240764 -0.7715162558047706 0.6362096093497707
97 0.07345762403371667 0.92652466697072 0.37623402490311325
98 0.07800489039234156 0.7009235679137457 -0.7132363927500228
99 0.10061574050891381 -0.6228984415305878 0.7823027109366072
100 0.05086848465364749 -0.03812998620597636 -0.9992727876570702
101 0.06439742871031294 -0.6167117872879933 0.7871890315674177
102 0.0657130669720325 -0.8158059901084789 0.5783256751201042
103 0.08107078217644502 -0.41671774804848477 0.9090359280366204
104 0.04612024698537174 0.5207718187135607 -0.8536959135627687
105 0.0758821058459229 -0.990346899995664 0.13861103011296855
106 0.08720327780711705 0.9650759372341677 -0.26197029482670886
107 0.06540838759124319 0.9958838825009482 0.09063825116824348
108 0.00018513388153439786 0.7453500203024152 -0.6666733437262881
109 0.03767481901470618 0.536300561986585 0.8440270772983963
110 0.058266742615716634 -0.08496251778195625 0.9963841480935708
111 0.052374329602183425 0.33740925188413945 0.9413580597960509
112 0.06883348012541365 -0.6183015101548517 0.7859409917673399
113 0.010253349733014524 0.18535790461074578 0.9826710778273235
114 0.05928415750192566 0.8255367461702678 0.5643483682288863
115 0.0642229095405245 0.9224000413029861 0.3862358913983131
116 0.07852660282152536 -0.05110613388123811 -0.9986932277129514
117 0.027803982619066185 -0.9893984646680721 -0.14522629965836623
118 0.1002765026924291 0.5958318231162685 0.8031092320238535
119 0.06415452851610928 -0.9425031151456222 -0.33419736375500936
120 3.8822452998038964e-05 -0.5821533742203022 0.8130789930160025
121 0.023953439222590175 -0.06984341622582409 0.9975579668419807
122 0.0720437979438936 0.07460222931922399 0.9972133710398201
123 0.07779217328931273 0.7575354572187754 0.6527940188576646
124 0.07448725298364896 -0.6855870219280158 -0.7279906835694221
125 0.030128926821717222 -0.5955017287916183 -0.8033540259475854
126 0.05591200492495067 -0.8688119848358825 -0.49514213616448993
127 0.026431597813560477 0.9437190100279618 -0.3307482881465056
128 0.04881389064484747 -0.8118539744304194 0.5838605348895676
129 0.055125451522982906 -0.6642180204312678 0.7475389095788713
130 0.09975897962253512 0.7603081592320213 -0.6495625474157322
131 0.02968630214332306 0.9029541029927778 -0.42973699851014474
132 0.06144782769455622 0.9265920626240994 0.37606801177714777
133 0.09135115948692524 0.9969979843495336 -0.0774275093423989
134 0.08183837406434077 -0.9623306316172077 -0.27188187775434036
135 0.07344692392923446 -0.20102479543138077 -0.9795861532411386
136 0.09264047793133241 0.39174603198806945 -0.9200733918669762
137 0.0818596913646688 -0.818812741866899 -0.5740607056369658
138 0.06659436797802526 0.9922420104878301 0.12432132811013855
139 0.00010198985718348127 0.917040295275935 -0.39879455467724967
140 0.09668561087454249 0.8553352842385419 0.5180748512875073
141 0.05409281518285198 0.4861208146601927 -0.8738916143058649
142 0.06505890157869122 -0.6375434109955402 0.7704144333384283
143 0.044146195220267845 0.8577614836917431 0.5140478937754142
144 0.09792428390779859 -0.7014369607588693 0.7127314992908342
145 0.07669607272144685 -0.7392663352878142 -0.6734131610758177
146 0.11913845009591335 0.8823896534847147 0.47051939324870046
147 0.12463556781139778 0.36600726225877184 -0.9306119943208547
148 0.08506546671710102 -0.48406102869511375 0.8750342396150155
149 0.1676612561042674 -0.7948582033236363 -0.6067952180176776
150 0.028611062466028632 0.35936100558799067 0.9331986217642995
151 0.00929242716465631 -0.9620535586785152 -0.272860679164303
152 0.07822277304654351 -0.3363291620910229 -0.9417444954589065
153 0.00018374407839454737 -0.8172351377313125 0.5763043724086108
154 0.02283855140765955 -0.26680388587590564 0.9637508425321956
155 0.06047316647293971 -0.1746082302865567 0.9846379872400804
156 0.07489346536632133 0.6484409959659082 -0.7612649175883129
157 0.05104811806721837 -0.6958699493993359 0.7181678171033326
158 0.0555044294835201 -0.6192801091902361 0.7851701384803992
159 0.054201664294096674 0.8716375312949172 -0.4901510114628984
160 0.06546481496658095 0.4786364659733622 -0.878013173842244
161 0.05140071383787935 0.9104546402567558 -0.4136089312804323
162 0.06707816286381484 -0.035743465222079614 -0.9993609981852994
163 0.04473414400815975 -0.9999508422205813 0.00991529839945458
164 0.1303581678725518 0.19927014959376876 -0.9799445940872764
165 0.02198057669341155 -0.3819535486239226 0.9241815225882807
166 0.026408616374547562 -0.06158885895896936 -0.9981016042728977
167 0.04825834971683796 -0.17562121986537452 0.9844578137904121
168 0.0342316209096948 -0.9965352433567422 -0.08317156213465482
169 0.12955080388488446 0.7989373259832759 0.6014142907769092
170 0.030143565007452692 -0.599326775302908 0.8005044761929927
171 0.011924893026369477 0.6174820088456385 -0.786585004148919
172 0.044295982570148995 0.5671135503736474 -0.8236396183905899
173 0.05309103063643498 -0.4506545638432488 -0.8926984172088865
174 0.056690814353767514 0.8838631596803763 0.4677455664779963
175 3.95025209906432e-05 0.5914707145326494 0.8063264809307934
176 0.02931204500769495 0.2236215944155765 0.9746760397747732
177 0.028667050332398986 -0.8153634856341662 0.57894938146137
178 0.01858638251154284 0.8277901190237057 -0.561037894305473
179 0.09819235831351557 0.9998029825546735 0.019849334366153645
180 0.11087537736088253 0.7640886383320028 -0.6451112716205987
181 0.05008567940822904 0.289428420276199 0.9571996602258193
182 0.025879738449630502 0.9872062623983793 0.15944841009374242
183 0.0391870705852389 -0.8650011412063108 -0.5017698931898765
184 0.08250881001073666 0.9700347103436429 0.24296637777380845
185 0.11122011028468469 0.9657691776102765 -0.2594029598481296
186 0.06949308406518633 0.9287968671042194 0.370589233056476
187 0.04398489061914555 -0.4062821476254825 -0.913747676615829
188 0.013212289228397445 0.8005243640535382 -0.5993002107096895
189 0.04930145963912152 -0.8630401631423607 0.5051353054412329
190 0.07274424248290313 0.047045641704243024 0.9988927407868354
191 0.018816815645816387 -0.0235889806772015 -0.999721741281348
192 0.02286333253266954 0.32275474253816194 0.9464826338444488
193 0.10244227660082762 -0.6301871760896476 0.7764432516882065
194 0.036418910399541704 0.91007001060856 -0.4144545521416499
195 0.01641851510442261 0.9800087190804964 -0.19895454386920858
196 0.06046777842309029 -0.8779100053690315 -0.47882567023181516
197 0.05603345481511691 0.17958408108839183 -0.9837426278349627
198 0.06660480146549524 -0.2057518678180515 0.978604194191596
199 0.0868319319103792 0.9053684348868406 -0.4246268916478943
200 0.053314384277685374 -0.2911284983282615 0.9566839590278137
201 0.11874977606002529 -0.052207706871251126 -0.9986362477615388
202 0.06137831604977509 0.9987838917271541 0.049302511359570894
203 0.09575979519734658 0.17087577814419527 -0.9852925801220751
204 0.002813967066941011 0.8372647744650805 0.5467976750498651
205 0.05767864449638604 -0.9383667924918258 -0.34564108949689826
206 0.09143828432675115 -0.6745274188973177 0.7382497959063196
207 0.029622683661826625 0.4502031711919901 -0.8929261473653214
208 0.05289921037531392 -0.16250211939176176 -0.9867081945505396
209 0.04777817015409147 -0.9954831098710789 -0.0949388116704934
210 0.052088967618541024 -0.9954506292243239 0.09527877401025686
211 0.06863307884687814 -0.6174176943524575 0.7866354878217072
212 0.09203840792025592 0.5707861341043713 0.8210987694024311
213 0.03270256803786548 0.9995919514749424 -0.0285644980091792
214 0.06913340230066695 -0.24515969756373895 -0.9694827088145802
215 0.04831753624389119 -0.9851191548111763 0.17187277511029386
216 0.060362973229949386 0.19141350228633847 -0.9815094860175718
217 0.07755439072566483 0.9738905988009768 0.2270178441600459
218 0.0753776767903281 -0.7692931705324318 -0.6388959365750879
219 0.08515756809002233 -0.17283561495075567 -0.984950684148498
220 0.02785937459183796 0.5501015056905553 0.8350977987259839
221 0.025373602858217336 0.3787974738344917 -0.9254795912480229
222 0.05713749463738662 0.9024183075734191 -0.4308609963274999
223 0.07559642716527969 0.8913156947380834 -0.45338320691614475
224 0.07272392337011611 -0.9843803406263176 -0.17605494877570124
225 0.03443799159426042 -0.9999082030635512 -0.013549370694609068
226 0.04826155255321257 -0.47449098861917544 0.8802603601885055
227 0.07290045504139722 -0.8816546462371315 0.4718952052823577
228 0.023141989698679255 -0.7346356963768692 -0.6784617849288731
229 0.05745055256181086 0.26134887720550554 -0.9652444065538125
230 0.1330053762952442 0.07298866314674708 0.9973327704693408
231 0.04422948481931522 -0.7414213841154658 -0.6710397388950277
232 0.07469050910374463 -0.9811564162080142 -0.1932151312238407
233 0.03504559705981051 -0.15324156660088278 -0.9881887584190113
234 0.04577185641446884 -0.9999853183943821 -0.005418763298602504
235 0.07639701301376589 0.5727045908366448 -0.819761826163326
236 0.016458530279640032 -0.0049448279238970124 -0.9999877742636673
237 0.03467218182305891 -0.6514722212068331 -0.7586724886245942
238 0.0883637469273523 0.6180722777352504 0.7861212753100882
239 0.06757688323318628 0.6578278491153939 -0.7531683217768883
240 0.016416932501823873 -0.24786368012954385 0.9687949195121943
241 0.04566821392704632 -0.9580853199842081 -0.2864830180495131
242 1.4351815273060208e-05 -0.9851297805976944 -0.17181186041580018
243 0.08094302207068033 0.6798616641046149 -0.7333403832333958
244 0.1437131280359214 0.6236964820348861 -0.7816666158262786
245 0.05691897977178181 -0.9073558473220474 0.4203633741544205
246 0.044931734800536714 -0.9537280137500053 0.30067070989451194
247 0.055646446242029496 -0.13280199283568558 0.9911425884800181
248 0.0546710380740207 -0.9336097363000753 0.35829158556363566
249 0.15244078653240012 -0.31844280063389874 -0.9479420777265027
250 0.05367575633885143 -0.10616553050921544 0.9943484701711452
251 0.03148654320357477 -0.20712635758963893 0.9783141990136139
252 0.035382952495441995 -0.21657764005553773 -0.9762653972296539
253 0.07264111781980478 -0.7386085296908245 0.6741345858713661
254 0.017854700300077905 -0.6296018310436233 -0.7769179714400464
255 0.0639526725833663 -0.9786149777470963 -0.20570057201925868
256 0.030573296455953625 0.2581271081942816 -0.9661109646491223
257 0.043634234702119024 0.32494942896143264 0.9457313934821233
258 0.04442089442137343 -0.4499477809734789 -0.8930548663979399
259 0.06895875027422144 0.7561169564447552 -0.6544365119526264
260 0.0442668167706081 -0.5852373759326241 0.8108620189720914
261 0.0623884094782086 0.7521668083125883 0.6589727554860322
262 0.06391623694187046 -0.24070072235536674 -0.970599382988473
263 0.08028087893340241 -0.9684039820957807 0.2493867026548025
264 0.04756228952307501 0.01784395260539476 0.9998407840028414
265 0.06464290883321937 0.4718524658435979 0.8816775206827699
266 0.08666871489760111 0.8904589681728781 0.4550635406187725
267 0.03115021558103308 -0.8252858340429382 0.5647152310041335
268 0.09362694337114429 -0.22009987252234073 0.9754773426972301
269 0.02720235746506651 0.6011668608482512 -0.7991235232539832
270 0.108337628110228 -0.9488908979844717 -0.31560428343452956
271 0.07548012997355596 -0.2104363616520197 0.9776075581206706
272 0.09208241910132688 -0.3647739664493016 -0.9310961032035543
273 0.03918564625091344 0.2646872774062899 -0.9643343015672758
274 0.04381667346058171 -0.9988522750901381 -0.047897103746000966
275 0.05665204072306546 -0.6769083408690738 0.7360673189742075
276 0.04893054371014173 -0.8023962482395091 0.596791639360975
277 0.04044758419381699 -0.552193649327629 0.8337158830454385
278 0.08537451079691023 0.8999633778057315 -0.43596550162656
279 0.055967019207410644 -0.4499576966367328 -0.893049870520883
280 0.12380554598866308 -0.6845330546488173 -0.7289818221966575
281 0.05963671477111968 0.9395749901747636 -0.3423431580126772
282 0.05841124738060238 -0.07430701206926055 0.9972354125066653
283 0.06964674274948686 0.6329316637419131 -0.7742076653152524
284 0.060506853893930033 -0.8612029392713775 -0.5082612491527759
285 0.06095368772464836 -0.9994061689689152 -0.03445735664377144
286 0.05598969530580284 0.6105665391116544 -0.7919649621777574
287 0.04374751854601664 -0.9960264005376234 -0.08905846075509019
288 0.03896227707395554 -0.8165427051852904 -0.5772850341111295
289 0.03553977963205438 0.8761490268595505 0.4820403330978254
290 0.04164516799672537 -0.8814022113275225 0.4723665333900713
291 0.06540435146924628 0.9972267774976958 0.07442280726740291
292 0.04968511469096807 -0.10976787464795587 0.9939572494304122
293 0.10133122184250792 0.49409753620770375 0.8694064784170158
294 0.038220802841387236 -0.405964426909899 -0.9138888795054447
295 0.04251063105316613 0.8906459704123605 0.45469743279264796
296 0.04197173775011506 0.43234559761702324 0.9017079816776488
297 0.054103408724985765 -0.9991435740234422 -0.04137775353571271
298 0.056342350713854315 -0.24669242386297568 0.9690938282790836
299 0.08777616794769207 -0.9415328722957538 0.3369211337783781
