0 0.04690357096780471 -0.8203474236786767 -0.5718654601073208
1 0.035015315367731635 0.5378727743490658 0.8430260248735142
2 0.03723762893279573 0.7072076013863418 0.7070059466096287
3 2.1342875643770576e-05 -0.5703343381146261 -0.821412650722736
4 0.11341057539380935 -0.05959096954223837 0.9982228790951528
5 0.12979208264088615 0.30687930868647123 0.9517484383491855
6 0.020428091632697383 0.1840668536816889 0.982913726313619
7 0.10258697423015677 -0.5029103086810021 -0.8643386034549071
8 0.03525754317418807 -0.41697839301708994 -0.908916398662102
9 0.0501427838578031 0.9980902885256422 -0.0617719673541349
10 0.05151258737845438 -0.6901781564153383 -0.723639490635444
11 0.07037149012561704 0.9905972869919134 -0.13681014218346846
12 0.06390928227087249 0.7146833065704272 0.6994481905828056
13 0.06265665155926523 0.9887436572765014 -0.1496194512604841
14 0.013588950813212033 -0.9002654332025156 0.43534141748825933
15 0.05726688990687357 -0.8856637881402734 -0.4643270984737172
16 0.05970809221018419 0.4459520032254199 -0.8950568757454663
17 0.07281406014217871 -0.7429230537820637 0.6693768267270185
18 0.08080066571795823 0.43781073266414633 -0.8990671623210823
19 0.13798297251712244 0.7421465222563608 0.670237673890978
20 0.04306518783516851 -0.9996233713642212 0.027442948500997894
21 0.11804666659308663 0.48750848634582944 0.8731182484296146
22 0.07785132152690107 0.08083255720377837 0.996727694857476
23 0.04708693417971629 0.9930228343256211 -0.11792222228193458
24 0.034515879741321795 -0.9998573761995317 0.016888672517047697
25 0.05208169522779974 -0.8367963699151959 0.5475142329627154
26 0.026120923853498085 0.3586744153124678 0.9334627275902662
27 0.046821435997306315 0.7452377233644242 0.666798871980607
28 0.04009199324460812 0.9952838948336412 0.09700499309199209
29 0.04731896207089285 0.9997352649230342 0.02300869551431649
30 0.02182291720358875 0.13281292718139798 0.9911411233389061
31 0.03545187755405862 0.6873407552183943 -0.726335106005353
32 0.057218591573735385 0.9930529253435818 0.11766854918182082
33 0.028295321265929554 0.920550291641716 0.39062406551357237
34 0.07596263903598155 -0.1765901673506298 -0.9842844674153284
35 0.0309386151177103 0.6768829946802204 0.7360906272414672
36 0.015550693277442901 -0.8053300718626121 0.5928266823901907
37 0.10646542803342252 -0.5215262764729693 -0.853235221347689
38 0.04371170029581917 -0.42552284957907116 -0.9049476805241876
39 0.026588027429325315 0.9953930273456926 -0.09587867912929018
40 0.06532209136947609 0.8520958861877221 -0.5233857093405976
41 0.10282664772745176 0.9599332410951399 -0.28022878624541786
42 0.04712437915978458 0.30698267260146495 -0.951715103758715
43 0.060682531452537485 -0.9315616568914492 -0.3635833871475123
44 0.07114373755563994 -0.9342929853081924 -0.35650612561905004
45 0.15678463617135047 0.5766897448905725 0.8169632416076298
46 0.05153251029640959 0.42531218843741986 0.9050467072845316
47 0.05274190171977919 0.9315595571732772 0.36358876693199377
48 0.08249824803501576 0.19385238206417893 0.9810307100025175
49 0.0960873701653897 0.9337395590650301 0.3579531196079218
50 0.0028158968509959196 -0.844717065123169 -0.5352131163281593
51 0.03473688144237233 -0.05456263873081847 -0.9985103496983545
52 0.03232015673777394 -0.587186577457126 0.8094516188470974
53 0.016456000648728465 0.0040864242118959495 0.9999916505337234
54 0.0274248871748565 0.8443891358848261 -0.5357303306698964
55 0.04128492223974687 -0.9952008058555035 -0.09785374813749573
56 0.023275069946062352 -0.6264962094290452 -0.7794244668799138
57 0.055723507140114294 -0.9201755202546374 -0.3915060815927478
58 0.04368355876536133 0.6221330747413665 -0.782911513079769
59 0.06225987701813106 0.9557500707965353 0.2941798806383905
60 0.05736730372022054 -0.9438694339567748 -0.33031877276672833
61 0.07470661322253529 0.10492331864674563 -0.9944803151416087
62 0.04530163326895389 0.3133998026238279 0.9496212738325451
63 0.10793691372224183 -0.3611794410396123 0.9324963331672212
64 0.05802642491388919 0.977992647136615 0.20863935905460493
65 0.04119815880103007 0.5066769829431661 0.8621359724287176
66 0.12525566794215598 -0.7879801782568021 0.6157006079860393
67 0.04492861461535987 0.4284395720429762 0.90357043616291
68 0.03956557449226759 0.9985610485697758 -0.053626786956051865
69 0.07769983231689724 0.07620691870103824 -0.9970920246106141
70 0.04867332933032011 -0.9375387097370832 -0.3478809677814027
71 0.03321614113500631 -0.8088144518855676 0.5880639271550747
72 0.026556964420180074 -0.3871788007418095 -0.9220046508863902
73 0.05816796021784379 -0.8782187059655321 0.4782592440217191
74 0.06704182315119943 -0.9993510687358184 -0.03602001411129293
75 0.00010091027515366787 -0.6953129829808327 0.7187070722473073
76 0.06865437870374413 0.8454117103849025 -0.5341151935154755
77 0.08136293005084697 0.0947216052959289 0.9955038008416454
78 0.020849823615682234 0.79157500239493 -0.6110720216009458
79 0.0442888934668794 0.22775103524119156 -0.9737193979512606
80 0.034951567421251314 0.9851987545503437 0.17141590950799077
81 0.05261622927030217 -0.9993385920909981 -0.03636452058781796
82 0.06598469613680222 0.6083021099268934 -0.7937055770614755
83 0.015572949101789572 0.8207203307652262 -0.57133014857315
84 0.10263367134117539 -0.6101242113365138 -0.792305778560902
85 0.02646053633218846 -0.7041647822340947 0.7100365902270178
86 0.09051708382076804 0.0873119899032168 0.9961810158897532
87 0.055121911512216536 -0.2902944633109302 -0.956937367109791
88 0.03794808014038114 0.8284073316287114 0.560126140171835
89 0.05721462467225609 -0.9750509509184079 -0.22198117738472464
90 0.00041202284389907254 0.6251959253922762 0.780467843586714
91 0.032925498696903845 -0.30454257721391825 -0.9524987237072313
92 0.06713683015526578 -0.8706019835339454 -0.4919879940270493
93 0.04811526757599638 0.9972939174683922 -0.0735176317664514
94 0.0454272952014603 -0.7357517120671148 0.6772513700172997
95 0.0751225651757314 0.6928087318961448 -0.7211213913124861
96 0.01630532207422606 -0.7716775201580149 0.6360139973953218
97 0.07369376721935936 0.9266593745804063 0.3759021195766928
98 0.07758402043499943 0.7008208762715683 -0.7133372970635639
99 0.1005429947855254 -0.6218025376321761 0.7831740574062616
100 0.050897151064929966 -0.03820931267786913 -0.9992697575853503
101 0.06443263149268084 -0.6176170633081474 0.786478965459738
102 0.06541813515874761 -0.8158812238969194 0.5782195331294723
103 0.0809054210530448 -0.4191637913330626 0.9079106321854
104 0.046228486482907685 0.520789973315663 -0.853684838622469
105 0.0761142906463786 -0.9903625796464137 0.13849895608307214
106 0.08671423459590737 0.964875401528066 -0.262707935788117
107 0.06544885595300513 0.9959001020976891 0.09045986204838308
108 0.00018513388153439786 0.7453500203024152 -0.6666733437262881
109 0.03789676416373943 0.5366674746547171 0.8437938265048688
110 0.058012874914554716 -0.08450746849660801 0.9964228458683064
111 0.05222293967065196 0.3369527734479152 0.9415215496555339
112 0.06849742872643932 -0.6209039381481746 0.783886662466002
113 0.010081555861411283 0.1853344029461287 0.9826755105753893
114 0.059068473969148085 0.8245824539894463 0.5657417931996386
115 0.06376543959811082 0.9226948440701125 0.3855310943703903
116 0.07849156544130023 -0.05162315043480933 -0.9986666362401344
117 0.027348593530281764 -0.9893391633261842 -0.14562973566221213
118 0.10041812388458064 0.5960885666283625 0.8029186887443487
119 0.06379306713031194 -0.9411582315405124 -0.3379662456570706
120 3.8822452998038964e-05 -0.5821533742203022 0.8130789930160025
121 0.02373934892459717 -0.07030154815096284 0.9975257852945847
122 0.07217566894997275 0.07528009085712448 0.9971624280529944
123 0.07774490994081552 0.7576675335830456 0.6526407193503824
124 0.07459135315902815 -0.6861401795820851 -0.7274693491571064
125 0.03007018391103942 -0.594169262423776 -0.8043400323189106
126 0.05589646460427322 -0.8687612562204781 -0.4952311376420275
127 0.026468448192179722 0.9438224191942537 -0.3304530844557311
128 0.04912431625269396 -0.8114265180679209 0.5844544514127428
129 0.05497134485740588 -0.663244062520385 0.7484031757892637
130 0.0996170316234386 0.7599715112536891 -0.6499563847542263
131 0.02940540962169846 0.903193527084966 -0.42923356419532094
132 0.061075196823964915 0.9268347507170382 0.37546949924499273
133 0.09139883069306623 0.9970333216676764 -0.07697113409791735
134 0.08205236155590216 -0.9624470239370749 -0.2714695675663619
135 0.07307295573220535 -0.20167362110870526 -0.9794527811737034
136 0.09235201010801657 0.3926087402823562 -0.9197055925968383
137 0.081933959570511 -0.8188218343131268 -0.5740477363879125
138 0.06661034417950475 0.9923019362890647 0.12384210607452076
139 0.00010198985718348127 0.917040295275935 -0.39879455467724967
140 0.09635230656911394 0.8548153263899549 0.5189323248448056
141 0.05402048622619105 0.48447796181254754 -0.8748034662242484
142 0.06539127195249828 -0.6373480540340658 0.7705760559600782
143 0.04392978240427094 0.857635359107588 0.5142582919199247
144 0.09813814970839131 -0.7015477920366734 0.7126224073718623
145 0.07685456497734457 -0.739713942631849 -0.6729214538681656
146 0.11928497526936906 0.8824808852950243 0.4703482614923862
147 0.12466050371336294 0.3660432045577718 -0.9305978575072464
148 0.08476391758395302 -0.48123412448013797 0.8765921043654427
149 0.16766358116512514 -0.7940402742430004 -0.6078651518882299
150 0.02856184344723691 0.35898903500428503 0.9333417770284861
151 0.0088743439129308 -0.9622314696922892 -0.27223261879102045
152 0.07847414589670734 -0.3367272887267665 -0.9416022159206725
153 0.00018374407839454737 -0.8172351377313125 0.5763043724086108
154 0.02253480994825923 -0.2679302861892755 0.9634383019906012
155 0.06031572282645484 -0.1741394662264116 0.9847209992187536
156 0.07435946969154583 0.6473047008983782 -0.7622313455866672
157 0.050897676235607495 -0.6961548976742011 0.7178916063335903
158 0.05556910043151626 -0.6199326019738545 0.784655063712665
159 0.054142006893687235 0.871671274380909 -0.49009100116117416
160 0.06579714785299212 0.47882668713260984 -0.8779094507348749
161 0.05151101138440614 0.9105137226922588 -0.4134788516829905
162 0.06708421912801478 -0.03634599428292692 -0.9993392660651264
163 0.04475871470087093 -0.9999482771834627 0.010170691118353377
164 0.1306461116104956 0.20082395600261468 -0.9796273468495353
165 0.021696045250229726 -0.3810457393048608 0.924556187885632
166 0.026185931244095916 -0.061854274826979826 -0.9980851910962453
167 0.047957865705998935 -0.17551251266637624 0.984477200293402
168 0.033811830677642304 -0.9964572220822197 -0.08410115671134359
169 0.12930101318449544 0.7990766908553381 0.6012291095178963
170 0.029764935190151297 -0.5981741710550628 0.8013661217462269
171 0.011660309110384098 0.6173237037247981 -0.786709250498237
172 0.04415040181054392 0.5670219085427997 -0.8237027104680917
173 0.05310721411942285 -0.44998479684402576 -0.8930362157321734
174 0.05633643600260437 0.8841809095702143 0.4671446447853047
175 3.95025209906432e-05 0.5914707145326494 0.8063264809307934
176 0.029400148719458237 0.2240945047307685 0.9745674183705669
177 0.02930981608758646 -0.8150001606595789 0.5794607304424179
178 0.018196597055207864 0.8282324658172072 -0.5603846737432678
179 0.09840180521829331 0.9998247112717004 0.018722893218225786
180 0.11023251469422692 0.7642656680866712 -0.6449015340220817
181 0.05004353731155486 0.2900917234967443 0.9569988463727052
182 0.02557155629972201 0.9874875928529114 0.15769671512610087
183 0.03880802922879102 -0.8643412573767848 -0.5029057474282022
184 0.08239866329867074 0.9702046343040217 0.24228695296073943
185 0.11131843996625598 0.9657824012712001 -0.25935372253899636
186 0.06937093434433106 0.9289288604816355 0.37025825063635004
187 0.04414379312420707 -0.4055810147528739 -0.9140591011920559
188 0.012988907432416126 0.8005882388368463 -0.5992148795182883
189 0.0493148785415891 -0.8629944406179118 0.5052134157587045
190 0.07296743442260482 0.04628213355357891 0.9989284079020522
191 0.019719779320566327 -0.02376812965045907 -0.9997174981027985
192 0.02279719296947879 0.32363052692865407 0.9461835350712259
193 0.10245001937263495 -0.6303779747434582 0.7762883542591219
194 0.03644325364243592 0.9106253062984728 -0.4132330474790376
195 0.016055228050924478 0.979700913450738 -0.2004647604537754
196 0.0603740834182935 -0.8776805937390418 -0.4792460488870857
197 0.056134009513886675 0.17962296345395146 -0.9837355289914157
198 0.06663730575048618 -0.2068222048027533 0.9783785441231466
199 0.08678826674100812 0.9049760077267132 -0.42546260169258115
200 0.053360741914401565 -0.29262883884868257 0.9562261043676186
201 0.11874143464007808 -0.052365535946247245 -0.9986279841087282
202 0.061686109441142466 0.9988036357590372 0.04890089155146933
203 0.09583055278773674 0.17080160206803827 -0.9853054413383656
204 0.002813967066941011 0.8372647744650805 0.5467976750498651
205 0.05748461791424335 -0.9385633850307984 -0.3451068997854569
206 0.09181658351803632 -0.6752438929852824 0.7375945261361967
207 0.029194087543415254 0.4485230646851779 -0.8937712573390441
208 0.052876312647128644 -0.1614390932586761 -0.986882677509245
209 0.048067062055954034 -0.995493995220101 -0.0948246037730802
210 0.05210185467447607 -0.9953852802819874 0.09595907355716524
211 0.06885099453079027 -0.6172755372317945 0.7867470439316562
212 0.09159834851566499 0.5712988533567126 0.8207421154987146
213 0.03265998403121346 0.999585035908703 -0.02880548536992512
214 0.06930373043179032 -0.24483485640318395 -0.9695647957150838
215 0.04806688077849766 -0.9850672707508262 0.1721698931158363
216 0.06006304723785559 0.19209031108113128 -0.9813772528384557
217 0.07763592641110274 0.9737092378559854 0.22779446901519834
218 0.075517975483518 -0.7692287050615612 -0.6389735513378577
219 0.08543378905347992 -0.1721728755503505 -0.985066749476767
220 0.027851820181362084 0.5498880163534463 0.8352383908028127
221 0.02527626032878946 0.37856468985310665 -0.9255748352221019
222 0.05746443456487349 0.9024411545470774 -0.43081314114095687
223 0.07574941217430065 0.8922144013073983 -0.4516120703653534
224 0.07259679244661464 -0.9842770684655779 -0.17663140290675386
225 0.034599682837370783 -0.9999089110395427 -0.013497022772295314
226 0.047864070300069235 -0.472231365274649 0.8814746381211663
227 0.07317514454989935 -0.8813276140625056 0.47250570016761834
228 0.023033962855556724 -0.7354275239202093 -0.6776033921554628
229 0.057546586910427425 0.26193849248882867 -0.96508456943041
230 0.13303878730817975 0.0736563273992939 0.9972836835294399
231 0.0442285773020478 -0.7411732914914753 -0.6713137507750699
232 0.07471413503967407 -0.9811315879203384 -0.19334116784822458
233 0.03483044544902818 -0.1538439239623258 -0.9880951609333355
234 0.04568512923105931 -0.9999941013335074 -0.003434719521436049
235 0.07636825798106786 0.5716149289861672 -0.8205220124775076
236 0.016458530279640032 -0.0049448279238970124 -0.9999877742636673
237 0.034698040915555464 -0.6511329775157271 -0.7589636655278721
238 0.0880049502950069 0.6188107591612722 0.7855400972237191
239 0.06770248139076687 0.657580045371452 -0.7533846852234781
240 0.016178827415531238 -0.24719162530007058 0.9689666146888186
241 0.045852394853036584 -0.9581083585659114 -0.28640595881743613
242 1.4351815273060208e-05 -0.9851297805976944 -0.17181186041580018
243 0.08120081481932019 0.6795544328304314 -0.733625090097463
244 0.14367259811960623 0.6239010102711537 -0.7815033777167145
245 0.05676534850242596 -0.9068684090061924 0.4214139161757445
246 0.04498661201141648 -0.9536583931603579 0.3008914574307554
247 0.05603115823841159 -0.13279149072222535 0.9911439955888192
248 0.05487810300472598 -0.9335037814785822 0.35856755286164343
249 0.15239069175031156 -0.31834714985497514 -0.9479742043849158
250 0.05396678730990234 -0.1063681580016292 0.9943268149674636
251 0.031379198550437956 -0.20694299331949398 0.9783530025077696
252 0.0353256252221026 -0.21666265096178222 -0.9762465342720623
253 0.07268867441885353 -0.7383248619204793 0.674445252240762
254 0.017639811836587204 -0.6289755527772445 -0.7774250793539913
255 0.06388181079771214 -0.9785166748729441 -0.20616769144460262
256 0.03026163819163081 0.25661040398839474 -0.9665149251640726
257 0.04372864230455485 0.32539897844774945 0.9455768106426685
258 0.044559626600710535 -0.44960342601101416 -0.8932282795115472
259 0.06878241721051775 0.7566698754313868 -0.6537971394971454
260 0.043886575135795115 -0.582305969288384 0.8129697153837379
261 0.062533315755764 0.752681434003428 0.658384886602467
262 0.06400037068386194 -0.2401049034173229 -0.9707469471262622
263 0.07999849598897388 -0.9680302385910893 0.25083352481930865
264 0.04753768968176202 0.018199335835638056 0.999834378372309
265 0.06485795698348748 0.47190131598185253 0.8816513755303713
266 0.08673388820057083 0.8905673266202927 0.45485144471177064
267 0.030977071376648162 -0.8255960893503688 0.5642615503907544
268 0.09325058187362782 -0.2195116408218246 0.9756098808149241
269 0.027089417257998072 0.600229353566837 -0.7998279334436482
270 0.10814764082370439 -0.9485650683916114 -0.31658223422551324
271 0.07579975646001459 -0.21018821030845192 0.977660941353049
272 0.09181535473279871 -0.3632153858309778 -0.9317052020331613
273 0.038762941635728056 0.2635840539600199 -0.9646364322883525
274 0.04373553669599031 -0.9988772265797192 -0.04737389809175739
275 0.05685763323828082 -0.6769374082911215 0.7360405866907744
276 0.04889247136174861 -0.8028196109211616 0.5962219991919072
277 0.04039303756282201 -0.5515293373957543 0.8341554950917726
278 0.0854322139521336 0.90015036724957 -0.4355792882363259
279 0.05622278555466706 -0.4506594982625613 -0.8926959261841271
280 0.1235620040266691 -0.6838134510897111 -0.7296568810809497
281 0.05988791973932798 0.9396791887496286 -0.34205704528753655
282 0.058448468468327505 -0.07382013407728881 0.9972715717420261
283 0.0697769724907877 0.6331223210449652 -0.7740517596353851
284 0.06067037009919902 -0.8616479118734487 -0.5075065280014885
285 0.060826147917492926 -0.9994010213462097 -0.03460633658960411
286 0.056173401095403405 0.6105542488200842 -0.7919744372438688
287 0.04395975613112995 -0.9960546901253344 -0.08874150257531105
288 0.038864911872082866 -0.8168509391026488 -0.5768488045295064
289 0.03539923027941486 0.8760060380896909 0.482300136046428
290 0.041602849238448765 -0.8811910164583546 0.4727603965150759
291 0.06554836173171588 0.9972360882679994 0.07429794247446603
292 0.04986379987263188 -0.10922028691821466 0.9940175697267644
293 0.10131005600914145 0.49387165402850314 0.8695348120386845
294 0.03839633181006204 -0.40575053424404606 -0.9139838641686576
295 0.042559869095510884 0.8904439286932794 0.4550929683628149
296 0.04189764284372381 0.4323752971323334 0.9016937409285518
297 0.05410084788825507 -0.9991025423821841 -0.042356933381158916
298 0.056294229645522255 -0.24645008925650183 0.9691554846903887
299 0.08784613072817785 -0.9414785037022235 0.3370730292779626
