1002
0 208 320 0.0042712313331392145
1 64 155 0.039023378751816884
2 204 205 0.00013373738811071865
3 63 292 0.04550657285001288
4 374 381 0.07773182448577026
5 136 155 0.007827299067760958
6 21 24 0.03435614031890392
7 221 307 0.00036000830255399915
8 86 394 0.043989905415299436
9 321 322 0.04413861365272873
10 13 57 0.07882851625745134
11 2 191 0.0569515231859572
12 88 90 0.026288980517646714
13 40 43 0.01636592703824658
14 74 75 0.023126024848670095
15 176 263 0.08283489113182345
16 182 183 0.04007945972984523
17 211 212 0.014029603733165953
18 235 342 0.03850262810253346
19 99 192 0.07207087022847236
20 298 299 0.0349309965418109
21 343 345 0.036658469227142616
22 224 332 0.00010932777360824519
23 25 26 0.07958167115241417
24 8 399 0.03729186638836593
25 19 22 0.048320096918227244
26 23 91 0.07875861976020354
27 201 270 0.03649131300689019
28 213 216 0.045815372786348604
29 50 130 0.007850707179108607
30 328 329 0.0318742650097996
31 171 294 0.0654984442372571
32 279 332 0.059804798643854594
33 243 244 0.02532406126768547
34 6 108 0.02489784351100515
35 14 240 0.016337256101041496
36 338 386 0.051667486332160575
37 297 361 0.05772626259132643
38 356 364 0.021453846184056966
39 359 360 0.06132016094540409
40 179 246 0.0017402014004655232
41 177 310 0.028821273529322646
42 71 301 0.00590039818753717
43 339 343 0.04115907921737748
44 274 275 0.0623471165928029
45 17 197 0.07063110189442703
46 305 306 0.00012231652968362303
47 159 321 0.00014022005756533922
48 360 361 0.06520402781958458
49 32 33 0.02916201301596744
50 392 393 0.03804916421492879
51 166 334 0.05054730519666347
52 256 262 9.028108148219902e-05
53 110 203 0.014033695641970245
54 11 124 0.038724412948283285
55 306 307 0.00010601847764588895
56 33 103 0.058156114870654196
57 110 212 0.00013692224271830806
58 164 165 0.029541198668452825
59 284 314 0.00026487265026207426
60 219 236 0.037733319906428246
61 87 89 0.026278385499829558
62 187 339 0.016757559295381887
63 68 129 0.02433138226147413
64 296 364 0.06487059503305215
65 195 196 0.030129612314166422
66 0 9 0.0407485488156063
67 45 261 0.0218242851547537
68 111 276 0.06853813548885308
69 356 359 0.0001109687659289272
70 28 31 0.011191791146579297
71 224 225 0.0002333075661705088
72 45 138 0.0425100316303298
73 128 155 0.06005093388260161
74 170 293 0.043801461955048006
75 117 202 0.0001499481115434335
76 256 257 8.81709348630714e-06
77 30 102 0.03956772632694556
78 14 350 0.013481897566617643
79 41 43 0.10161711513590083
80 40 137 0.04783564953213856
81 353 383 0.003483548652602562
82 52 267 0.06494541197571357
83 80 81 0.06379053310005173
84 287 288 0.06148034517316819
85 2 144 0.05829049664132184
86 318 328 0.05167207865259924
87 42 125 0.06573375772170488
88 31 32 0.019562083438191966
89 106 341 0.03764335776782365
90 70 72 0.042826278950718236
91 170 192 0.035577822743178104
92 126 128 0.00018094427274156004
93 157 261 0.02835576870381116
94 233 276 0.011628430699256639
95 6 342 0.014505601788611119
96 58 59 0.056450277733604066
97 113 209 0.053289766130926015
98 359 377 0.021455242955381752
99 177 324 0.03738187623521927
100 206 321 0.0540562385184922
101 91 183 0.02201332578605978
102 203 211 0.00026957344677515507
103 22 93 0.06343465498085588
104 37 388 0.0946318322751149
105 268 305 0.05076658889031456
106 87 88 0.00017078767684770732
107 133 135 0.04665386967368413
108 68 128 0.04444733648478237
109 325 327 0.00013875786679070463
110 146 255 0.06438853404564299
111 0 1 0.030179643898463105
112 226 370 0.04137512388707058
113 52 288 0.047670024519840315
114 355 366 0.003656731029060617
115 228 323 0.021952385779590876
116 77 79 0.021416060185674355
117 65 66 0.09961355468626773
118 125 375 0.06270238586885366
119 221 305 0.0002421018840216932
120 70 92 0.06629558660900861
121 53 125 0.08514017917843422
122 56 283 0.013571600543920372
123 85 275 0.07974856897495544
124 69 219 0.0548398218795271
125 54 204 0.06956237997230907
126 94 95 0.0646545682030705
127 373 392 0.050905873552471094
128 111 390 0.03545316292817107
129 177 178 0.03267341540188475
130 313 399 0.019657804410894857
131 210 230 0.028357561380840893
132 362 382 0.079244170814531
133 16 97 0.0452428928560999
134 13 15 0.08657630718244652
135 349 350 0.030847225659711253
136 33 173 0.03798368045514215
137 13 20 0.10960306700211299
138 222 250 0.0399046669240924
139 293 294 0.037156045500041986
140 153 154 0.06320263887233855
141 142 154 0.05281856438433414
142 156 280 0.02140566457293693
143 350 351 0.01392640807687057
144 225 263 0.01676388206207915
145 226 229 0.053561803027109514
146 73 81 0.010713951752189628
147 252 254 0.08009353637305089
148 237 238 0.008030594741778464
149 369 390 0.024219823285574097
150 277 385 0.10069886197421339
151 10 238 0.024249677512981398
152 215 228 0.06044347914193819
153 48 49 0.00011142795149913304
154 212 389 0.05381645104452071
155 304 308 0.04041755208920749
156 268 269 0.03186226536513743
157 202 205 0.00010339553682325083
158 237 344 0.03604453891340195
159 66 178 0.06178936737474426
160 220 303 0.013700493330271266
161 357 393 0.09865534803960793
162 27 120 0.08081336182510938
163 10 12 3.6539623064346845e-05
164 117 160 0.07732772278361738
165 87 189 0.11929668433843897
166 138 140 0.014225010329037367
167 36 372 0.0061743113835564375
168 340 388 0.04990470165891997
169 285 316 0.00015518457152145635
170 129 194 0.0362845903209799
171 181 241 0.0422175029133988
172 166 168 0.07817643907207167
173 59 115 0.10743597613218557
174 150 365 0.029575828991606174
175 278 319 0.0656618900738552
176 100 101 0.03435441557005461
177 308 309 0.04612750638073327
178 232 273 0.05267280856974885
179 114 223 0.036440691509397244
180 142 144 0.010324501085300196
181 21 59 0.048605155294233995
182 4 5 0.02642763875391395
183 44 258 0.0382440735828325
184 41 136 0.04179775760403097
185 242 328 0.05856578667551259
186 217 391 0.0568531259229132
187 254 263 0.00023517025896718148
188 369 389 0.03452210559697688
189 246 310 0.03853184503077645
190 26 27 0.04337619994509862
191 358 379 0.043154290716588786
192 76 77 0.10257376556169194
193 12 40 0.03980323382460849
194 112 210 0.00716052290094663
195 361 381 0.038955054480391375
196 112 217 0.054839421673507215
197 364 377 3.115163050726508e-05
198 236 284 0.00017636455189913645
199 250 286 0.04220451145300441
200 84 165 0.07074611868786257
201 30 171 0.047027973817806046
202 19 72 0.027327881682215026
203 79 86 0.04281987826743236
204 82 83 0.05357894326833063
205 116 158 0.05655694908655318
206 214 249 0.06099812505046813
207 55 288 0.1510337267285872
208 246 279 0.04357837224425168
209 180 239 0.06612844045477778
210 330 339 0.04941040042557336
211 119 168 0.03666067130934684
212 264 266 0.06186025641152354
213 199 235 0.06942364850355306
214 206 299 0.055626535850461435
215 135 259 0.028479481292151037
216 285 315 0.00017368831546190697
217 131 132 0.06866036886997319
218 34 35 0.0759477553064806
219 60 61 0.02916027234711145
220 120 169 0.04375446076031636
221 104 107 0.0038450773381003243
222 82 184 0.033942381709252546
223 187 289 0.05680310487402248
224 234 324 0.0747589424938905
225 272 358 0.028452851092430894
226 235 385 0.00032369056147376674
227 37 195 0.02891421822280635
228 196 197 0.046400147203260154
229 71 382 6.791869313150449e-05
230 78 81 0.02307485922813659
231 158 159 0.04609128777547979
232 39 121 0.04471089568992956
233 62 245 0.07657841679890318
234 282 283 0.001962902802788974
235 107 108 0.002930426842299948
236 57 163 0.015585930755605042
237 347 376 0.036403710917129475
238 123 269 0.048894017417929946
239 89 90 0.00017850953516191788
240 41 126 0.0496116529347754
241 172 173 0.0001815213119793758
242 124 270 0.030994711410000538
243 20 85 0.025297106067586575
244 267 289 0.05715790334814119
245 148 149 0.037632234463959004
246 345 346 0.02083510595396508
247 134 145 0.06756988679017731
248 140 157 0.028602625252855243
249 162 286 0.021333575429511156
250 24 74 0.06283274530308751
251 34 104 0.027391040692791725
252 64 179 0.042811508225293504
253 218 329 0.058908425261943544
254 272 380 0.012456590692745812
255 46 175 0.05277909652930648
256 127 129 7.039061556626267e-05
257 149 363 6.053913965940195e-05
258 365 368 7.162046356109605e-05
259 159 228 0.03319212008967008
260 21 23 0.059150908091352906
261 109 266 0.06422622368008597
262 57 167 0.04489168857660348
263 223 286 0.02636961027574256
264 337 338 0.016810722913581683
265 60 172 0.0472905922106981
266 319 320 0.028794094150063707
267 48 232 0.019139861928691614
268 301 371 1.154007013472832e-05
269 20 88 0.07613989421496348
270 169 267 0.028811419160686712
271 314 330 8.737235967107048e-05
272 398 399 0.04088539914527088
273 249 287 0.02313002349772269
274 265 320 0.03730745957988887
275 113 118 0.01728506820623675
276 344 345 0.039742427711621515
277 271 273 2.78143517377019e-05
278 326 327 0.00017838673475394925
279 130 255 0.010076688351435846
280 394 396 0.07678574181993969
281 29 31 0.03525224018899772
282 375 376 0.08332757539336236
283 300 356 0.07060525522522369
284 36 105 0.06963582544366116
285 131 256 0.04367193406806494
286 113 216 0.0262446088059391
287 241 315 0.04557167027439973
288 213 348 0.0478121095975858
289 160 223 0.0669594368417509
290 75 78 0.0003419860405272022
291 220 222 0.00024563087563134385
292 42 43 0.021365583585873066
293 147 153 0.0026241267667938733
294 70 384 0.04192686414015086
295 96 97 0.045398133448718916
296 208 336 0.009301164187946803
297 51 255 0.007796013895057812
298 174 303 0.0002426681748767093
299 37 198 0.028013676549481028
300 143 146 0.05708393480718196
301 47 231 0.008175585932538738
302 171 297 0.05693351985921051
303 198 200 0.0003852658352239599
304 45 53 0.04482964350241429
305 308 355 0.045136447195738574
306 229 333 0.024503738823126193
307 5 385 0.047874864063969125
308 65 114 0.05285208927519705
309 9 233 0.05700018412851113
310 239 240 0.06413552513831006
311 67 68 0.07178904955040638
312 242 386 0.06405699915554691
313 185 186 0.028195001871090263
314 234 298 0.02798955080055747
315 371 382 0.005914056871633002
316 147 148 0.05928977146750253
317 28 311 0.022150110941459737
318 23 73 0.048939657999489045
319 243 378 0.0439946245564058
320 134 135 0.05515761161855735
321 231 232 0.002814306521447218
322 141 193 0.05129504574706655
323 268 309 0.06411593984332888
324 260 262 4.477110220571133e-05
325 178 179 0.04941551316462986
326 269 292 0.05984635610013359
327 2 152 0.06519636171121752
328 26 94 0.05710558625801191
329 78 79 0.039947905291931714
330 151 154 0.04122258221246547
331 161 162 0.06619181623634267
332 67 175 0.05811242929836468
333 126 127 0.05336151369683849
334 69 343 0.03783012551984288
335 47 244 0.08690738405518803
336 133 392 0.06521518048287848
337 76 387 0.00017440203272243686
338 18 63 0.05622985109461178
339 207 208 0.043914434726653066
340 110 111 0.04455418723175081
341 227 384 0.04591600934383376
342 367 371 0.08073823599442399
343 71 72 0.056138669041262315
344 90 274 0.017502122938821457
345 168 244 0.0530802513063173
346 378 380 0.05124715264136941
347 50 396 0.055475769494807654
348 191 192 0.03497772635798732
349 24 27 0.05557284843674852
350 102 103 4.776114490059074e-05
351 295 296 0.046094743123335155
352 184 185 0.026221034999956396
353 276 299 0.04454336629659812
354 137 252 0.00018152502503521103
355 292 383 0.0602717832484674
356 287 291 0.0903173233679313
357 325 326 0.00013386541766308805
358 143 145 0.017878638156385778
359 0 7 0.057200257678462825
360 198 199 0.00038624210795518024
361 211 327 0.03883108764719273
362 355 383 0.008119899091981991
363 160 161 0.021745203777877777
364 91 93 0.027796386259272533
365 190 191 0.06936599515877298
366 119 389 0.07198113048005081
367 122 301 0.051898547988209906
368 243 352 0.06943251640720964
369 162 245 0.06951530509761922
370 15 96 0.07317009629198346
371 3 99 0.07721534472443264
372 247 331 0.04771054164552689
373 274 365 0.021824759349413095
374 277 278 0.0673531319959833
375 98 100 0.02862445067455088
376 174 306 0.00028614983920292425
377 296 357 0.015421502615245207
378 236 330 0.0002121106420299116
379 11 12 0.01904351513062635
380 92 186 0.039504328187700104
381 136 156 0.03114419235450986
382 123 250 0.03703301856190208
383 95 188 0.03331921132235753
384 3 4 0.0299233805780575
385 378 379 0.017244411059351143
386 5 6 0.00012599061858413019
387 331 336 0.03532580879360228
388 56 312 0.0001908474814775301
389 284 285 0.05933045877962724
390 119 230 0.05970555084431334
391 137 251 0.00014228982112628665
392 80 83 0.0020310336711805883
393 363 368 0.037073265657216
394 17 317 0.05652464108192862
395 121 264 0.0376618079319632
396 203 322 0.04939015967381792
397 11 237 0.009580029343100763
398 174 175 0.05326872461864421
399 337 391 0.03883015505587715
400 17 181 0.030205989875298662
401 138 139 0.07918258633412835
402 29 98 0.02783178040222397
403 69 201 0.05632988815226123
404 10 42 0.046193898214489076
405 116 214 0.06716414357966559
406 163 165 0.07634230925169484
407 84 85 0.05620783910939586
408 48 60 0.05131294975426419
409 166 167 0.06006722750123238
410 38 207 0.014534484053358804
411 139 194 0.00023126026190802064
412 150 151 0.07539613299413356
413 251 252 0.0001283282342542536
414 207 324 0.05141674437146104
415 46 373 0.05318532293907698
416 300 304 0.04303381469978281
417 190 295 0.00028988274163656264
418 164 227 0.05805248065648578
419 146 257 0.05525808424380029
420 132 395 0.06727053990700874
421 62 63 0.07076988185611495
422 363 372 0.0423694713751848
423 230 335 0.014277175108879813
424 249 348 0.04854820948090487
425 180 181 0.06713412392527177
426 142 143 0.02562680562523003
427 39 176 0.0420833271575734
428 290 314 0.054089210049126916
429 157 258 0.014733906227329554
430 103 273 0.0001842750898720677
431 226 227 0.031386645182852564
432 315 316 0.00012359345304252756
433 18 122 0.03537769442656732
434 89 368 0.032282428762569926
435 258 259 0.01665813702787041
436 352 374 0.02993529760031183
437 316 317 0.014848415773264319
438 105 106 0.005713282607324849
439 109 196 0.040266555935823345
440 353 366 0.007890737829400762
441 259 260 0.05687584863341909
442 289 290 0.02010599901488333
443 362 384 0.02648384545194926
444 115 120 0.032543756614194626
445 149 150 0.01842032485811971
446 346 347 0.04906420878648635
447 18 19 0.053236220549594176
448 25 75 0.03981369253513822
449 121 247 0.042894892898991545
450 233 234 0.060775795671931115
451 290 291 0.07464653932707793
452 7 38 0.09212521738689332
453 225 248 0.00018952740190506244
454 189 388 0.021857591022495976
455 98 170 0.08199362989195086
456 49 369 0.06672375739024727
457 264 265 0.05871473946841502
458 35 152 0.00262450577845635
459 36 148 0.01596420039698645
460 53 131 0.03433930001690067
461 209 210 0.05755741030862766
462 9 61 0.03802185505423593
463 281 357 0.01689847866809629
464 167 333 0.023350181828490444
465 183 186 0.00020107233753022467
466 294 377 0.07961324174724611
467 370 374 0.05882781906317342
468 4 107 0.0021329767663256388
469 109 200 0.027877367967729074
470 362 370 0.03801226791171827
471 54 66 0.06099931529739176
472 241 242 0.05672469577306943
473 55 58 0.052054457038145034
474 238 347 0.046888702558455994
475 116 161 0.06169645916397924
476 65 67 0.04920201091022827
477 187 188 0.03744805571604961
478 95 169 0.06069827045544196
479 38 319 0.032106141910541466
480 112 335 0.027102821696968243
481 340 372 0.07656669559784325
482 16 195 0.07199025576574046
483 35 147 2.3385900486398556e-05
484 83 86 0.07001237638580586
485 118 218 0.047085318233010036
486 22 58 0.09812333704548994
487 215 216 0.04012288488082029
488 302 367 0.052151556137360465
489 275 394 0.0887006947162229
490 163 229 0.03544323536871273
491 32 313 0.018569848198295515
492 190 281 0.04862041463870402
493 310 336 0.06298075653851613
494 338 351 0.032828433953875094
495 282 312 0.012848111573110844
496 311 313 0.014945413965948914
497 55 62 0.052048118760473355
498 158 202 0.04456493301168655
499 1 398 0.00015122619712313752
500 395 397 0.00019317843199799221
501 293 295 0.05230658818951343
502 240 351 0.011058805589046426
503 73 74 0.009440557988547232
504 96 239 0.0030743744681132417
505 102 271 0.00012531221181340585
506 80 182 0.06367064157173218
507 50 51 0.011782668311143977
508 323 325 0.03487333002489413
509 173 398 0.00010374175594094478
510 28 100 0.0384050833140012
511 104 105 0.00025448886348579733
512 164 185 0.057619043858958614
513 396 397 0.048624015120260156
514 334 349 0.08580199587035567
515 122 353 0.0664334507262634
516 271 272 0.05078008156489009
517 7 8 0.015590199658918285
518 29 30 0.04706759409445932
519 300 302 0.02351148012486172
520 127 139 0.03628669273616839
521 214 215 0.06498703018903673
522 8 56 0.046032470954006914
523 25 77 0.02369333672092803
524 54 298 0.042297873326208046
525 176 201 0.06351902241567625
526 1 172 0.0001601344965821836
527 114 220 0.055157625943045706
528 124 251 0.04291281093965676
529 219 317 0.042309633881022185
530 329 354 0.06098208424503308
531 51 151 0.089812376509608
532 247 248 0.06299665690435298
533 270 344 0.036461995606288426
534 379 381 0.03691573308354097
535 118 217 0.05456202385084453
536 333 352 0.07484208374601843
537 140 141 0.03034195452308654
538 302 366 0.055824467727515266
539 334 335 0.05320877755440128
540 44 141 0.02613247731364997
541 193 194 0.04531419186245348
542 221 222 0.013603151702329347
543 213 218 0.014365739101886432
544 279 280 0.005807906457786205
545 304 393 0.043914725446071064
546 253 254 0.014203378989841038
547 209 326 0.04673390201092872
548 311 312 0.05430428727064462
549 354 391 0.03937693296757924
550 47 49 0.01580862746687114
551 340 341 0.03134177461435961
552 76 397 0.00015455528775985985
553 199 200 0.00045336954998797624
554 144 145 0.02744117967559841
555 257 260 0.00011963861732535255
556 309 373 0.037523766461449864
557 341 342 0.022432518458808344
558 3 34 0.007076856619020604
559 134 281 0.059793013627234576
560 387 395 0.00014950967971369213
561 97 189 0.08331832949953714
562 92 93 0.0004231377557573951
563 278 283 0.07341334039670787
564 188 346 0.049846025651723296
565 248 332 0.00028467504175558843
566 291 318 0.009867108622483502
567 46 193 0.05530980210737188
568 99 101 0.07518767809618354
569 261 262 0.0390581203389272
570 297 358 0.02091457497813383
571 354 386 0.015612973338344644
572 52 115 0.04108558704915537
573 337 349 0.02961742885986064
574 82 84 0.054863166643636496
575 205 206 0.03694951769325855
576 101 282 0.07127082009256293
577 130 132 0.03227313175426594
578 266 277 0.02787026042731588
579 224 253 0.005746177445104283
580 152 153 2.6569069400608516e-05
581 61 390 0.035309416668353126
582 231 380 0.03967069931234802
583 360 367 0.04915272150046618
584 182 184 0.0012136045350575298
585 117 204 0.00015033042410635312
586 322 323 0.00016349870653256033
587 44 133 0.01823373988895186
588 106 108 4.47598063615215e-05
589 265 331 0.0001845385357393298
590 94 376 0.06333634490310537
591 14 15 0.028134733653336276
592 123 245 0.027339925541308232
593 318 348 0.06127249662407317
594 156 253 0.05013720711848222
595 303 307 5.868340602157958e-05
596 39 197 0.08980899229125619
597 375 387 0.07545150887852102
598 64 280 0.009293586172560004
599 16 180 0.01832238053246955
