1005
0 208 320 0.004189896245908529
1 64 155 0.03906389658406773
2 204 205 0.0001893487056081424
3 63 292 0.04542091849978098
4 374 381 0.07779465776182443
5 136 155 0.007612890048735298
6 21 24 0.03424874786713927
7 221 307 4.617360643722062e-05
8 86 394 0.04405358795536371
9 321 322 0.04414690562508399
10 13 57 0.07892148159602667
11 2 191 0.05703797519150453
12 88 90 0.026144610689595765
13 40 43 0.016333599989944037
14 74 75 0.023127877903711434
15 176 263 0.08284252395908664
16 182 183 0.04010371400496519
17 211 212 0.013950979610101392
18 235 342 0.03857369068929794
19 99 192 0.07201727491322808
20 298 299 0.03482659761899153
21 343 345 0.036689340028148464
22 224 332 0.00010776004175702481
23 25 26 0.07962477538163434
24 8 399 0.03724302614392207
25 19 22 0.048340524014253025
26 23 91 0.07891687862338438
27 201 270 0.036533997188785076
28 213 216 0.04571999342814951
29 50 130 0.007631267573393761
30 328 329 0.03178853485797311
31 171 294 0.06557574499788385
32 279 332 0.05998758875722537
33 243 244 0.02531569795509097
34 6 108 0.024795929341993463
35 14 240 0.016017232266594957
36 338 386 0.05172673799877316
37 297 361 0.057612055438885305
38 356 364 0.021313775270234182
39 359 360 0.06124247218352817
40 179 246 0.0015318788495842155
41 177 310 0.028712687268912757
42 71 301 0.005720791180985888
43 339 343 0.041159008058903844
44 274 275 0.06233311124981557
45 17 197 0.07071505052077946
46 305 306 0.00030939970850881257
47 159 321 2.374045537152463e-05
48 360 361 0.06538081883460956
49 32 33 0.029178964182077622
50 392 393 0.038046804811404926
51 166 334 0.05055593250005945
52 256 262 0.00028440801013952273
53 110 203 0.013952610823399556
54 11 124 0.03862932041491652
55 306 307 0.0003766466981856096
56 33 103 0.05814435476600588
57 110 212 0.0002957756157112008
58 164 165 0.029477387830793532
59 284 314 0.00021194165566366986
60 219 236 0.03764837666211649
61 87 89 0.02613466860375685
62 187 339 0.01674890100378266
63 68 129 0.024231211828982774
64 296 364 0.06487545776467725
65 195 196 0.030068267923039585
66 0 9 0.04076856129821907
67 45 261 0.021646231454706528
68 111 276 0.06857470056310065
69 356 359 0.00031114884058491046
70 28 31 0.01107770997849124
71 224 225 8.500511020341556e-05
72 45 138 0.042492697378710614
73 128 155 0.06017178399477721
74 170 293 0.04384829423371387
75 117 202 0.0001529210394540878
76 256 257 0.00020737142732912107
77 30 102 0.03952291218448875
78 14 350 0.01337398248011871
79 41 43 0.10181156981592174
80 40 137 0.047818476350736716
81 353 383 0.0032822289059315506
82 52 267 0.06484750287428896
83 80 81 0.06388985270359143
84 287 288 0.06163005987639954
85 2 144 0.058339283781439946
86 318 328 0.05175012338279939
87 42 125 0.06586393757913729
88 31 32 0.019556335777085754
89 106 341 0.03744517717475585
90 70 72 0.04282187648676203
91 170 192 0.03550869434612948
92 126 128 3.795221202917573e-05
93 157 261 0.02835423822670178
94 233 276 0.01153940146546295
95 6 342 0.014397587556153042
96 58 59 0.056481308201086586
97 113 209 0.053293606044557455
98 359 377 0.021309973466159995
99 177 324 0.03739787288729143
100 206 321 0.05412755893778192
101 91 183 0.021985756512250373
102 203 211 0.00010551821452934371
103 22 93 0.0634818257386506
104 37 388 0.09459231342658758
105 268 305 0.0507650309563054
106 87 88 5.8903963841154555e-05
107 133 135 0.04649724619523204
108 68 128 0.04443553783896926
109 325 327 0.00013099524724218808
110 146 255 0.06450688554568437
111 0 1 0.03022508165560359
112 226 370 0.04125900622460735
113 52 288 0.047676352378716286
114 355 366 0.0034491025691332747
115 228 323 0.02193890123784224
116 77 79 0.021343129797592012
117 65 66 0.09968703939594041
118 125 375 0.06259322380741257
119 221 305 0.00010353932016646602
120 70 92 0.06635814827500418
121 53 125 0.08527999590795145
122 56 283 0.013324646564634463
123 85 275 0.07962378353421018
124 69 219 0.05489516176436323
125 54 204 0.06968287085300118
126 94 95 0.0645938752315071
127 373 392 0.050895164760915816
128 111 390 0.035428835505533524
129 177 178 0.03253100269346946
130 313 399 0.0196811232347936
131 210 230 0.02818253907210697
132 362 382 0.07930411590615852
133 16 97 0.04510887167508345
134 13 15 0.08674707870378502
135 349 350 0.030891369582773873
136 33 173 0.037909830115649336
137 13 20 0.10963662223495667
138 222 250 0.04000467187093759
139 293 294 0.037155080074912486
140 153 154 0.06316482749172146
141 142 154 0.05291948324507639
142 156 280 0.0213021931838448
143 350 351 0.013626169041586462
144 225 263 0.016818782075533015
145 226 229 0.05363313827763701
146 73 81 0.010680808848052878
147 252 254 0.0802373797577044
148 237 238 0.007922921239366587
149 369 390 0.02416605858050742
150 277 385 0.10076686183279676
151 10 238 0.02418195643062212
152 215 228 0.06051941634158309
153 48 49 2.1660646932653077e-05
154 212 389 0.05375972158454272
155 304 308 0.040353733269011836
156 268 269 0.0318143968068986
157 202 205 0.00022367093525550052
158 237 344 0.036036928672949074
159 66 178 0.06193458978322631
160 220 303 0.013659325850578632
161 357 393 0.09872255455285692
162 27 120 0.08082886815773223
163 10 12 0.00014878490854799346
164 117 160 0.07756134544091026
165 87 189 0.11943377393356232
166 138 140 0.014134246437212984
167 36 372 0.006056911317926515
168 340 388 0.050005003654035735
169 285 316 0.00012192555312417629
170 129 194 0.036203105533555
171 181 241 0.04216796852731571
172 166 168 0.07808473602952279
173 59 115 0.10741777504315479
174 150 365 0.02954939048605551
175 278 319 0.06565043749903444
176 100 101 0.03432612109052589
177 308 309 0.0461770093707601
178 232 273 0.052707522314959676
179 114 223 0.03649998965583659
180 142 144 0.010143814083922217
181 21 59 0.04868279506058586
182 4 5 0.026427797533542297
183 44 258 0.03811174028699521
184 41 136 0.04172203392494943
185 242 328 0.058452557945939385
186 217 391 0.056953522189863916
187 254 263 9.629936169205002e-05
188 369 389 0.03455467302475845
189 246 310 0.03859035813948815
190 26 27 0.043291138000113305
191 358 379 0.04302248074701401
192 76 77 0.10276701287727144
193 12 40 0.039674398062266136
194 112 210 0.006987654565917753
195 361 381 0.038899000545938624
196 112 217 0.054937548190043976
197 364 377 0.00014483053530968678
198 236 284 0.00023139595425332004
199 250 286 0.042207827127087094
200 84 165 0.07071160839707516
201 30 171 0.047018229208257975
202 19 72 0.027283452483016873
203 79 86 0.04280524144616882
204 82 83 0.05350880041305486
205 116 158 0.05644089690735941
206 214 249 0.061108540890847426
207 55 288 0.15099612701852302
208 246 279 0.0435942435597203
209 180 239 0.0661278853191335
210 330 339 0.049374288171868924
211 119 168 0.036648842229068605
212 264 266 0.06198889123858034
213 199 235 0.06975336578990385
214 206 299 0.055668709055475676
215 135 259 0.028425168292397426
216 285 315 0.00015942551167217697
217 131 132 0.06875025196597757
218 34 35 0.07604132044031686
219 60 61 0.02910789345232416
220 120 169 0.04374021037962635
221 104 107 0.0037910885211865785
222 82 184 0.03387586103856565
223 187 289 0.056711612112028166
224 234 324 0.07493560803373432
225 272 358 0.02847192829620682
226 235 385 0.00010086097577531755
227 37 195 0.02887409545457312
228 196 197 0.0464859892634779
229 71 382 0.0001964980410149627
230 78 81 0.023030316971194655
231 158 159 0.04616729804444074
232 39 121 0.044788694574016255
233 62 245 0.07663978655353801
234 282 283 0.001863219950006172
235 107 108 0.002842093447024156
236 57 163 0.015549177391545339
237 347 376 0.036451405153217896
238 123 269 0.04890106499902609
239 89 90 0.00018183930706369656
240 41 126 0.04959321679035659
241 172 173 0.000198845001250348
242 124 270 0.03092414884192367
243 20 85 0.0252664376579527
244 267 289 0.05723354072997581
245 148 149 0.03756146971384383
246 345 346 0.02078471447557233
247 134 145 0.0677110334079015
248 140 157 0.028535973543663554
249 162 286 0.02117794186793278
250 24 74 0.06281342549639123
251 34 104 0.027384254491510752
252 64 179 0.042824938788026366
253 218 329 0.05895988467630046
254 272 380 0.012380492124034735
255 46 175 0.05282740536464305
256 127 129 0.00015017088234328728
257 149 363 0.00026244871313536297
258 365 368 0.00017909177162561254
259 159 228 0.03313498419695492
260 21 23 0.05903917821296353
261 109 266 0.0642803525251351
262 57 167 0.04480443045352348
263 223 286 0.026276139423687186
264 337 338 0.016617729162858703
265 60 172 0.04744848057984658
266 319 320 0.02879790319187693
267 48 232 0.01909800304811059
268 301 371 0.0002256977647251664
269 20 88 0.07624723930842067
270 169 267 0.028701632141468165
271 314 330 0.0003044522826811279
272 398 399 0.04089385940075892
273 249 287 0.02315995941751721
274 265 320 0.0373066763118405
275 113 118 0.017228503374187982
276 344 345 0.03980687440244725
277 271 273 0.0002481021275507561
278 326 327 0.00014139567831423125
279 130 255 0.009957481801909644
280 394 396 0.07686573795065872
281 29 31 0.03523438210239889
282 375 376 0.0833592431559366
283 300 356 0.07061067372022257
284 36 105 0.06973681645503041
285 131 256 0.04354476301951486
286 113 216 0.026215182800132613
287 241 315 0.04551078692561441
288 213 348 0.04788507764261948
289 160 223 0.06695359786711796
290 75 78 0.00019177739748636236
291 220 222 3.0915669603656334e-05
292 42 43 0.021317161216486122
293 147 153 0.002503946293602804
294 70 384 0.04196555175222645
295 96 97 0.04544156259158561
296 208 336 0.009275257762742545
297 51 255 0.00758338028121154
298 174 303 6.287020982416348e-05
299 37 198 0.028162504434822423
300 143 146 0.05721535647057207
301 47 231 0.008118032126905638
302 171 297 0.05694715016279126
303 198 200 2.5153501841901573e-05
304 45 53 0.044895538974584065
305 308 355 0.045254079090258525
306 229 333 0.024454843118745077
307 5 385 0.04786028730665357
308 65 114 0.05286062295215986
309 9 233 0.05710793340231405
310 239 240 0.06425347806470073
311 67 68 0.07189986676693005
312 242 386 0.06403068921529576
313 185 186 0.02815781438409732
314 234 298 0.027911771070163183
315 371 382 0.005808958631564638
316 147 148 0.059331265854793536
317 28 311 0.022114940046701604
318 23 73 0.04892186312972695
319 243 378 0.04404374007086802
320 134 135 0.05528028458980573
321 231 232 0.0027630688420224353
322 141 193 0.051374808792980814
323 268 309 0.06415533569180029
324 260 262 0.0003537235226227329
325 178 179 0.049420244188881385
326 269 292 0.059900672322445996
327 2 152 0.0651908983151854
328 26 94 0.05720337795123618
329 78 79 0.03991477015586465
330 151 154 0.041165884486770304
331 161 162 0.06627833492549876
332 67 175 0.058030433158664865
333 126 127 0.053380362954792177
334 69 343 0.03769808937361442
335 47 244 0.08690539214323745
336 133 392 0.06533227077388533
337 76 387 3.807638151703249e-05
338 18 63 0.05627365350558448
339 207 208 0.04383720714904754
340 110 111 0.04457985660817468
341 227 384 0.045868045495763586
342 367 371 0.08076974974227015
343 71 72 0.05611544198468519
344 90 274 0.017430108925092096
345 168 244 0.053180432708574615
346 378 380 0.0511695562299169
347 50 396 0.05559352760234499
348 191 192 0.03501208487847405
349 24 27 0.05562519629736566
350 102 103 0.00013819681263080503
351 295 296 0.0460168350750399
352 184 185 0.026165425805166335
353 276 299 0.04455597339448812
354 137 252 0.00014503752246071015
355 292 383 0.060389614758069976
356 287 291 0.09009596897352685
357 325 326 0.0001766747975872492
358 143 145 0.01763823118961302
359 0 7 0.057177610878890256
360 198 199 2.714969418284867e-05
361 211 327 0.03893678667040652
362 355 383 0.007964985800163058
363 160 161 0.021508718765900783
364 91 93 0.027750149247786998
365 190 191 0.06940029801812908
366 119 389 0.07203681233535844
367 122 301 0.05185202522422335
368 243 352 0.06947921034058437
369 162 245 0.06943480148035974
370 15 96 0.07305261034915268
371 3 99 0.0774486716970058
372 247 331 0.047766068541701456
373 274 365 0.02185612651428314
374 277 278 0.0674731176967818
375 98 100 0.028535906342064706
376 174 306 0.00011164586053459148
377 296 357 0.015396349771471453
378 236 330 5.278764112731927e-05
379 11 12 0.018953210302460503
380 92 186 0.03951509680652426
381 136 156 0.03118158860880796
382 123 250 0.03698099134690978
383 95 188 0.03335265941573986
384 3 4 0.02987058676431434
385 378 379 0.017180443138848037
386 5 6 0.0001857909737918335
387 331 336 0.035288864613938084
388 56 312 7.605336593455426e-05
389 284 285 0.05937148650059454
390 119 230 0.05982872883995149
391 137 251 0.00012514397830623534
392 80 83 0.0019231112643512875
393 363 368 0.036998778451977465
394 17 317 0.05652885116415103
395 121 264 0.03753046368596954
396 203 322 0.0495087363419025
397 11 237 0.009548894618668832
398 174 175 0.053347808492853595
399 337 391 0.03881778294911433
400 17 181 0.030101133635212086
401 138 139 0.07936027749126018
402 29 98 0.0277626341020873
403 69 201 0.05638357225069133
404 10 42 0.04607208758290607
405 116 214 0.06724608260156947
406 163 165 0.0763836559207351
407 84 85 0.056336315096111735
408 48 60 0.051417340432191365
409 166 167 0.06023267080803029
410 38 207 0.014490920975510253
411 139 194 4.207423442706811e-05
412 150 151 0.07549455068174572
413 251 252 0.00017818218613887418
414 207 324 0.05147673781361911
415 46 373 0.05317528506291966
416 300 304 0.043023616710444954
417 190 295 0.00019901170970452027
418 164 227 0.05812582839993825
419 146 257 0.055146592927224285
420 132 395 0.0673489852364466
421 62 63 0.07075183073861314
422 363 372 0.042345217310329766
423 230 335 0.014060234606145298
424 249 348 0.048453928340923956
425 180 181 0.06730017002925341
426 142 143 0.025499412477446564
427 39 176 0.042105153586389686
428 290 314 0.05402990805038582
429 157 258 0.014728541581911635
430 103 273 0.00016662071196617243
431 226 227 0.03131165060917624
432 315 316 0.00016864059368122979
433 18 122 0.03527764759535648
434 89 368 0.032256606227891414
435 258 259 0.016626556891421434
436 352 374 0.02979169851607827
437 316 317 0.014688652721837519
438 105 106 0.005604973715926484
439 109 196 0.04017740622282146
440 353 366 0.0077474360624001926
441 259 260 0.0568527241000457
442 289 290 0.020102303013947376
443 362 384 0.026375613382801377
444 115 120 0.03245906278910695
445 149 150 0.01830971984394602
446 346 347 0.04901534072595384
447 18 19 0.053261209237494306
448 25 75 0.039760500314206026
449 121 247 0.042771749260932836
450 233 234 0.060701188744647194
451 290 291 0.07481170029239462
452 7 38 0.09229418356411756
453 225 248 1.1168832794005556e-05
454 189 388 0.021862364637049315
455 98 170 0.08208164654826666
456 49 369 0.06679920003182159
457 264 265 0.05872625721174883
458 35 152 0.0025251221826601816
459 36 148 0.01594038035693664
460 53 131 0.03421869856723471
461 209 210 0.05765058027595587
462 9 61 0.0379428871273957
463 281 357 0.01685546767178117
464 167 333 0.02327339699059113
465 183 186 3.136032234247824e-05
466 294 377 0.07956740945196497
467 370 374 0.05894895886805005
468 4 107 0.002031857607583266
469 109 200 0.028040033200579604
470 362 370 0.038035364018519854
471 54 66 0.06105398647673673
472 241 242 0.05690912476507337
473 55 58 0.05202594381791884
474 238 347 0.04696100858698238
475 116 161 0.061783580010299176
476 65 67 0.04920632769773324
477 187 188 0.03745981408119465
478 95 169 0.06072939501200421
479 38 319 0.03197341201926522
480 112 335 0.026956934449679167
481 340 372 0.07652594978219181
482 16 195 0.07208403255506265
483 35 147 0.00018352004160629296
484 83 86 0.0700426446514339
485 118 218 0.04701418413954742
486 22 58 0.09815637280193473
487 215 216 0.04019530877927432
488 302 367 0.05207797092860839
489 275 394 0.08879996983195555
490 163 229 0.035360419291433014
491 32 313 0.0184682217983258
492 190 281 0.048532767969402216
493 310 336 0.06306818670431757
494 338 351 0.032934385174325925
495 282 312 0.012678748417660616
496 311 313 0.014881395637278005
497 55 62 0.05218909902027012
498 158 202 0.044658759921320935
499 1 398 0.00019569923830385177
500 395 397 5.2002626759069226e-05
501 293 295 0.05232175274740145
502 240 351 0.0110150023069555
503 73 74 0.00933918647955881
504 96 239 0.0028853900311258105
505 102 271 0.0002772248484039873
506 80 182 0.06366585258146783
507 50 51 0.01161819781734783
508 323 325 0.034819997676264494
509 173 398 0.0003318788535143501
510 28 100 0.038362258354799776
511 104 105 0.00020720914244804227
512 164 185 0.05772128606832393
513 396 397 0.04869018943166317
514 334 349 0.0859364477001223
515 122 353 0.06657844473815254
516 271 272 0.05062721249496947
517 7 8 0.01556001584600811
518 29 30 0.04715904863747336
519 300 302 0.02348919038391198
520 127 139 0.03620226353022955
521 214 215 0.06482875669629484
522 8 56 0.046145563362434264
523 25 77 0.023649283638179194
524 54 298 0.042275353565205266
525 176 201 0.06362672702856755
526 1 172 6.481654450656469e-05
527 114 220 0.055215403316225195
528 124 251 0.042871038915742773
529 219 317 0.04233309566060553
530 329 354 0.06096368392666436
531 51 151 0.08999373512187953
532 247 248 0.06322557913561651
533 270 344 0.036314200423651265
534 379 381 0.03687403669170748
535 118 217 0.05454872597750413
536 333 352 0.07491478636595288
537 140 141 0.030242519243886008
538 302 366 0.05593705595140188
539 334 335 0.05325662274436847
540 44 141 0.026094805814637512
541 193 194 0.04540074555388486
542 221 222 0.013503767616206539
543 213 218 0.014298030497225252
544 279 280 0.0057411113972785
545 304 393 0.04393382387322674
546 253 254 0.014176697895212784
547 209 326 0.046809099515461056
548 311 312 0.05444405681646615
549 354 391 0.03929972479337058
550 47 49 0.015776870222629275
551 340 341 0.03140336267202745
552 76 397 6.078903122006227e-05
553 199 200 3.9006569014265894e-05
554 144 145 0.027275988563003777
555 257 260 0.000179546383380377
556 309 373 0.03752342803330363
557 341 342 0.02227147343638097
558 3 34 0.0068905063400096014
559 134 281 0.059877795555402215
560 387 395 2.6391653510628366e-05
561 97 189 0.0833955655434524
562 92 93 0.0003227239184656901
563 278 283 0.07357920491998017
564 188 346 0.04984624337594054
565 248 332 2.7225825440586642e-05
566 291 318 0.009897128614933194
567 46 193 0.05534113301599602
568 99 101 0.07526150695109561
569 261 262 0.03883001411329527
570 297 358 0.020902426367763474
571 354 386 0.015481715185906814
572 52 115 0.04102065184008902
573 337 349 0.029526444017903417
574 82 84 0.054881597415387805
575 205 206 0.03684763996532667
576 101 282 0.07127270152464116
577 130 132 0.03231829983049911
578 266 277 0.02781662354351416
579 224 253 0.005627265885745641
580 152 153 0.00010302856493577288
581 61 390 0.03533485433087311
582 231 380 0.03972725269080145
583 360 367 0.04916668440445562
584 182 184 0.001111382432175601
585 117 204 0.00010007636120251017
586 322 323 6.050395889918348e-05
587 44 133 0.01823114100721858
588 106 108 0.0001854912851454636
589 265 331 7.366562594729339e-06
590 94 376 0.06332451357305247
591 14 15 0.028175322302858543
592 123 245 0.027240324178589286
593 318 348 0.061134506189535115
594 156 253 0.050219462160082426
595 303 307 0.0003653716197204621
596 39 197 0.08985173421383377
597 375 387 0.07564183109454047
598 64 280 0.009158172591019396
599 16 180 0.018250363290666708
