1054
0 208 320 0.002887891668562584
1 64 155 0.039673015778512594
2 204 205 0.0001030798473103843
3 63 292 0.04403145499970092
4 374 381 0.07885795416439684
5 136 155 0.004168873720324566
6 21 24 0.03250794920130824
7 221 307 8.139580996882628e-05
8 86 394 0.04508091834708428
9 321 322 0.043576643247457164
10 13 57 0.08044016855777603
11 2 191 0.05842457674438005
12 88 90 0.0238009802033679
13 40 43 0.01579636251355032
14 74 75 0.022774469121138355
15 176 263 0.08224875646173306
16 182 183 0.039786423977777235
17 211 212 0.012658196717916438
18 235 342 0.039621268292140195
19 99 192 0.07114156899202666
20 298 299 0.033113393169759864
21 343 345 0.03720426288142391
22 224 332 0.0002403716697599263
23 25 26 0.0803324762769859
24 8 399 0.03645307163339372
25 19 22 0.04869988148999059
26 23 91 0.08137861580061409
27 201 270 0.037198406005462294
28 213 216 0.04417413398957657
29 50 130 0.004064268991802033
30 328 329 0.030394301938712023
31 171 294 0.06680912382732497
32 279 332 0.06011135925758031
33 243 244 0.025184812810627
34 6 108 0.02439753190266509
35 14 240 0.01080250183267809
36 338 386 0.0526520434721498
37 297 361 0.05573860652389568
38 356 364 0.0190405398515714
39 359 360 0.06110831444633998
40 179 246 3.217720016588182e-05
41 177 310 0.02697120426108203
42 71 301 0.003483144716980459
43 339 343 0.041113641656902476
44 274 275 0.06209887174133219
45 17 197 0.0720975105501038
46 305 306 0.00026923745020525396
47 159 321 1.5010473577246722e-05
48 360 361 0.06822056686131675
49 32 33 0.029511585453149115
50 392 393 0.03802075931136991
51 166 334 0.05069865436256712
52 256 262 0.00017376800291261409
53 110 203 0.012666243968423068
54 11 124 0.03704213538067413
55 306 307 0.0001281713459323109
56 33 103 0.05947284189367208
57 110 212 0.00022555915371017993
58 164 165 0.028418710802826534
59 284 314 0.0004998494277962472
60 219 236 0.03535484491864853
61 87 89 0.02378903141501791
62 187 339 0.016652914337899394
63 68 129 0.023032310622928757
64 296 364 0.06589453253420681
65 195 196 0.02906295634112853
66 0 9 0.04113663755764555
67 45 261 0.01877288040062396
68 111 276 0.06913509936692508
69 356 359 0.00013966996312114364
70 28 31 0.009223822882011859
71 224 225 0.00025213760666086476
72 45 138 0.042190516166711246
73 128 155 0.06144366870680431
74 170 293 0.044617449925112386
75 117 202 9.646904364731871e-05
76 256 257 0.00047177721295195944
77 30 102 0.0391115951426184
78 14 350 0.011649923592518369
79 41 43 0.10492034261748028
80 40 137 0.046581900823823366
81 353 383 1.3915550576181626e-05
82 52 267 0.06325669271635478
83 80 81 0.065494329245739
84 287 288 0.06408249116812303
85 2 144 0.059174595863381425
86 318 328 0.05301184597861288
87 42 125 0.06798723685170317
88 31 32 0.019459949484503542
89 106 341 0.03492311141057685
90 70 72 0.04279424733770734
91 170 192 0.03439935228177394
92 126 128 0.00012490692664129274
93 157 261 0.028325806963637613
94 233 276 0.010069147604821046
95 6 342 0.012559951891863172
96 58 59 0.05698735094240613
97 113 209 0.05336503971956416
98 359 377 0.019039106804232278
99 177 324 0.03765568289199041
100 206 321 0.05461959196828903
101 91 183 0.021032469630169158
102 203 211 0.0001822749525890249
103 22 93 0.0638367642486945
104 37 388 0.093966968508247
105 268 305 0.050805424420654055
106 87 88 0.00020226461772812016
107 133 135 0.0439612384870738
108 68 128 0.04399742077948458
109 325 327 0.0001394188917360715
110 146 255 0.0664191061448793
111 0 1 0.028788969862352097
112 226 370 0.039366541829481114
113 52 288 0.047793303840671444
114 355 366 7.064215736052652e-05
115 228 323 0.021463101625930125
116 77 79 0.020166582551731323
117 65 66 0.10090382785419942
118 125 375 0.060821401017951957
119 221 305 0.00022542580952869009
120 70 92 0.06694533478256075
121 53 125 0.08756246874027586
122 56 283 0.00955742359076416
123 85 275 0.07760753378286682
124 69 219 0.055765321499628415
125 54 204 0.06923284147794782
126 94 95 0.06360775111426208
127 373 392 0.050717982681895306
128 111 390 0.03507849741504223
129 177 178 0.03024612097650926
130 313 399 0.020101734527473415
131 210 230 0.025345026407855974
132 362 382 0.08089933572379372
133 16 97 0.042916143167222136
134 13 15 0.08954205347726778
135 349 350 0.031587640683432935
136 33 173 0.03711771700915299
137 13 20 0.11020364030535425
138 222 250 0.04053143731561045
139 293 294 0.03714905101636543
140 153 154 0.06316261022492696
141 142 154 0.05458843203374679
142 156 280 0.019627000267018285
143 350 351 0.008721308406792076
144 225 263 0.014973597295172648
145 226 229 0.05478148050678512
146 73 81 0.01019271136410422
147 252 254 0.08210830161884981
148 237 238 0.006266227269698518
149 369 390 0.02332033919019433
150 277 385 0.10104980651878419
151 10 238 0.023370862072113384
152 215 228 0.061629730318183196
153 48 49 1.847884300804989e-05
154 212 389 0.053620490586203405
155 304 308 0.03933150321388564
156 268 269 0.03102818550529516
157 202 205 0.00011850022575227293
158 237 344 0.03586516906619886
159 66 178 0.06428032178968483
160 220 303 0.011769529111046445
161 357 393 0.09980407863598552
162 27 120 0.08109770714648322
163 10 12 9.410771457310799e-05
164 117 160 0.07901920330476471
165 87 189 0.12086366977285302
166 138 140 0.012686091929103385
167 36 372 0.0041725499169209986
168 340 388 0.05162632002760572
169 285 316 0.0001547430632259467
170 129 194 0.034895773982582354
171 181 241 0.04134076322733216
172 166 168 0.07659422978511002
173 59 115 0.10713239844861858
174 150 365 0.02935697341373472
175 278 319 0.0654715186773431
176 100 101 0.033831799069531786
177 308 309 0.046964624644716624
178 232 273 0.05300545568824708
179 114 223 0.03746708538816513
180 142 144 0.007185979024312438
181 21 59 0.04993735880184646
182 4 5 0.026039419594896765
183 44 258 0.035950275504587244
184 41 136 0.04060422183222445
185 242 328 0.05660779549123112
186 217 391 0.05856678201863093
187 254 263 0.00020830211407001775
188 369 389 0.03510263274518793
189 246 310 0.03901764120490175
190 26 27 0.04190401758444056
191 358 379 0.04088597460732674
192 76 77 0.10452218760397271
193 12 40 0.0382946879825014
194 112 210 0.004161938075438338
195 361 381 0.03795845615282538
196 112 217 0.05654449661280307
197 364 377 5.318111670739685e-05
198 236 284 0.0003281223539071625
199 250 286 0.04228643776015559
200 84 165 0.07016167292034446
201 30 171 0.04686457795298811
202 19 72 0.02651518005234145
203 79 86 0.042551567801405
204 82 83 0.0523835113327799
205 116 158 0.05453234387304151
206 214 249 0.06289673817767656
207 55 288 0.15039312774120753
208 246 279 0.04363064109500849
209 180 239 0.06603173234938037
210 330 339 0.04893062229850501
211 119 168 0.036449618723390934
212 264 266 0.06406601417827826
213 199 235 0.07027357837340141
214 206 299 0.05635027242383599
215 135 259 0.02753241202933499
216 285 315 0.00017323926969310902
217 131 132 0.07020935580899
218 34 35 0.07837401798783976
219 60 61 0.0283015213919796
220 120 169 0.043507025348331334
221 104 107 0.0028640485313429953
222 82 184 0.03262030630711946
223 187 289 0.05524777406640972
224 234 324 0.07780045072021671
225 272 358 0.028748805689988416
226 235 385 3.496013065091445e-05
227 37 195 0.02820384807397461
228 196 197 0.04787367968835127
229 71 382 0.00017388699369337137
230 78 81 0.021894296351434427
231 158 159 0.04674865009140389
232 39 121 0.04601991100373427
233 62 245 0.07765205054924598
234 282 283 0.0004354693533926418
235 107 108 0.002189939653851717
236 57 163 0.014929858021427708
237 347 376 0.03720497966180192
238 123 269 0.04900530206545217
239 89 90 6.889567912910092e-05
240 41 126 0.048508447146308725
241 172 173 0.00016240880451791594
242 124 270 0.02981825576265299
243 20 85 0.02471792301909555
244 267 289 0.0584859863455681
245 148 149 0.036739371951703195
246 345 346 0.01996222085447113
247 134 145 0.06999130787704759
248 140 157 0.02742060821517121
249 162 286 0.01863093720571071
250 24 74 0.06247458887980613
251 34 104 0.02705626751434573
252 64 179 0.04304782138671716
253 218 329 0.05979939875725896
254 272 380 0.011135815461251728
255 46 175 0.05359404164072308
256 127 129 4.230441752511599e-05
257 149 363 8.047460758375344e-05
258 365 368 1.6817036805651587e-05
259 159 228 0.031978573411818756
260 21 23 0.057230755406045906
261 109 266 0.06514976361617762
262 57 167 0.043376259051076
263 223 286 0.024786714515652793
264 337 338 0.01347545716398696
265 60 172 0.04750242530825137
266 319 320 0.028836526276925144
267 48 232 0.018131033306075163
268 301 371 3.312784309152325e-06
269 20 88 0.07718894043883004
270 169 267 0.026919077144432525
271 314 330 0.00023712008641004221
272 398 399 0.040665382954482514
273 249 287 0.023633375932414803
274 265 320 0.03704080998329289
275 113 118 0.01629503142963224
276 344 345 0.04087390638508559
277 271 273 0.00010617395749767379
278 326 327 0.0001775774817584757
279 130 255 0.008016223791714135
280 394 396 0.07815484029446244
281 29 31 0.03493641968632425
282 375 376 0.08388429232105261
283 300 356 0.07183220518889288
284 36 105 0.0711212992430672
285 131 256 0.04265999267232435
286 113 216 0.025711775693517198
287 241 315 0.04500228563857406
288 213 348 0.04907024578377466
289 160 223 0.06688780687756858
290 75 78 3.0684512312353625e-05
291 220 222 4.9772879254295515e-05
292 42 43 0.02052523573693374
293 147 153 0.0007548774210362197
294 70 384 0.0425829105246734
295 96 97 0.04607266485469966
296 208 336 0.008914409482043875
297 51 255 0.004100250736693573
298 174 303 0.00019530666753268577
299 37 198 0.027214670189159757
300 143 146 0.0593791404623375
301 47 231 0.007262642478359386
302 171 297 0.057169067755824345
303 198 200 0.00033217091144580106
304 45 53 0.04593781524737043
305 308 355 0.04718793687387308
306 229 333 0.023657038928005917
307 5 385 0.04782639020908168
308 65 114 0.05296676415672482
309 9 233 0.05887167398566926
310 239 240 0.0661523005807915
311 67 68 0.07359600388810848
312 242 386 0.06358926607621386
313 185 186 0.027085595086159674
314 234 298 0.026668219182729422
315 371 382 0.0035067025045820393
316 147 148 0.06074682567520121
317 28 311 0.021525045780385957
318 23 73 0.04859841093269973
319 243 378 0.044806186475772204
320 134 135 0.05726205787472716
321 231 232 0.002011919807153765
322 141 193 0.052695890156458966
323 268 309 0.06481071846944422
324 260 262 0.0001929700679888027
325 178 179 0.049026863818938615
326 269 292 0.06080418124646289
327 2 152 0.06570679938781723
328 26 94 0.05878947632404009
329 78 79 0.03890844353352634
330 151 154 0.04022740174264259
331 161 162 0.06763703503972321
332 67 175 0.05668640196478794
333 126 127 0.053521847703319345
334 69 343 0.03555502728737645
335 47 244 0.08682420422120922
336 133 392 0.0672563401971136
337 76 387 0.00014213550556478626
338 18 63 0.05698859830821668
339 207 208 0.042564213376341385
340 110 111 0.04577156573568099
341 227 384 0.0451028742919143
342 367 371 0.08268530084602417
343 71 72 0.056279035901798044
344 90 274 0.01636494785795038
345 168 244 0.05480848011363655
346 378 380 0.049922822344698546
347 50 396 0.0575287773078791
348 191 192 0.03555864117561894
349 24 27 0.05645385204183704
350 102 103 1.7027054008600026e-05
351 295 296 0.04452541489355166
352 184 185 0.02523681385758063
353 276 299 0.04474352483309847
354 137 252 0.00018216189836362917
355 292 383 0.06231205361816814
356 287 291 0.08650229646891625
357 325 326 0.00013478280300113565
358 143 145 0.013736911918094102
359 0 7 0.05680125204965895
360 198 199 0.00033313884583865305
361 211 327 0.03866218865437714
362 355 383 0.005419852324294632
363 160 161 0.017662047720189516
364 91 93 0.02690210145102297
365 190 191 0.06952448006057906
366 119 389 0.07289888828411395
367 122 301 0.05230010198275914
368 243 352 0.0702187945353528
369 162 245 0.06817297191595456
370 15 96 0.07107818373055096
371 3 99 0.08121602753009596
372 247 331 0.04775185421381606
373 274 365 0.02252402752160137
374 277 278 0.06940370093515502
375 98 100 0.027092509369137374
376 174 306 0.00012564918447418298
377 296 357 0.014944174733903874
378 236 330 4.81698987273868e-05
379 11 12 0.018148301417337573
380 92 186 0.03895089642621991
381 136 156 0.03178210246225689
382 123 250 0.03608637703750912
383 95 188 0.033892144945017647
384 3 4 0.029071139297858855
385 378 379 0.01615565196097528
386 5 6 6.328121711949361e-05
387 331 336 0.034438854250400414
388 56 312 6.23982824751657e-05
389 284 285 0.058873834180204365
390 119 230 0.06182234354416413
391 137 251 0.00014120982638666127
392 80 83 0.0001380636343512533
393 363 368 0.03690788175557276
394 17 317 0.05661342210350627
395 121 264 0.03547074145914765
396 203 322 0.04981335488120167
397 11 237 0.009067333639008829
398 174 175 0.05358591081297433
399 337 391 0.0386511037342667
400 17 181 0.028370305978813907
401 138 139 0.08099265857501253
402 29 98 0.026613623791164314
403 69 201 0.057252710501579526
404 10 42 0.04445101378354056
405 116 214 0.06859294885748023
406 163 165 0.07708518830442743
407 84 85 0.058440812046742396
408 48 60 0.05252306471145013
409 166 167 0.06293661291282185
410 38 207 0.013796579173661911
411 139 194 0.00020158622712146692
412 150 151 0.07698558097076205
413 251 252 0.0001283893072403098
414 207 324 0.05243947764226559
415 46 373 0.05303709084848578
416 300 304 0.04281603658518474
417 190 295 0.0003012306651058617
418 164 227 0.059301065540142334
419 146 257 0.055550879215103655
420 132 395 0.06685519653038088
421 62 63 0.07044236657567093
422 363 372 0.04240464573212069
423 230 335 0.010517729908519081
424 249 348 0.046898537811589036
425 180 181 0.07002054884592593
426 142 143 0.0233860288024799
427 39 176 0.04242669745972429
428 290 314 0.05409665625841576
429 157 258 0.014644707978089406
430 103 273 8.077301158291337e-05
431 226 227 0.03011113573264848
432 315 316 0.00012389467149096918
433 18 122 0.033607427540901416
434 89 368 0.03218487431263292
435 258 259 0.01612070441875755
436 352 374 0.027472431224337773
437 316 317 0.012369286432216709
438 105 106 0.004331044079220714
439 109 196 0.03875132049842639
440 353 366 0.005417477538686965
441 259 260 0.05677683767808894
442 289 290 0.02005665055921351
443 362 384 0.02462111231482288
444 115 120 0.03108274615041762
445 149 150 0.017297990495240542
446 346 347 0.048224684147642354
447 18 19 0.05366732890328211
448 25 75 0.03844639295420633
449 121 247 0.04081964643932672
450 233 234 0.05950756196009693
451 290 291 0.07747091200777789
452 7 38 0.09502532794239603
453 225 248 0.00032836489466494064
454 189 388 0.02191389976827338
455 98 170 0.083531963583407
456 49 369 0.06748800398415314
457 264 265 0.05801217212120903
458 35 152 0.0007647777814173471
459 36 148 0.01564535688316305
460 53 131 0.03224486721066974
461 209 210 0.05916638485313736
462 9 61 0.03664761378617208
463 281 357 0.016158862049292302
464 167 333 0.022030028620967645
465 183 186 0.0002478044728415637
466 294 377 0.07974247833659777
467 370 374 0.06091540449231687
468 4 107 0.00033538009116941954
469 109 200 0.0267605952418714
470 362 370 0.03836300804665017
471 54 66 0.06193517363507138
472 241 242 0.0599500981505912
473 55 58 0.05154896298719538
474 238 347 0.048101470798394795
475 116 161 0.06321814169137219
476 65 67 0.04925619562580821
477 187 188 0.03763043271412828
478 95 169 0.06122736289350576
479 38 319 0.029804957549260633
480 112 335 0.024554803473104205
481 340 372 0.07584643842903345
482 16 195 0.07362811379985121
483 35 147 0.00012693856818957842
484 83 86 0.07052937136918414
485 118 218 0.045859026042287115
486 22 58 0.09869177023779778
487 215 216 0.041396128829059166
488 302 367 0.05092657202986534
489 275 394 0.09040161462909506
490 163 229 0.034019718351333064
491 32 313 0.01679861525123344
492 190 281 0.046949138473615405
493 310 336 0.06444729201215581
494 338 351 0.034707624685281456
495 282 312 0.00941956169180228
496 311 313 0.013856315170734554
497 55 62 0.05449983744513632
498 158 202 0.043569536032181826
499 1 398 0.00016401518174532888
500 395 397 8.017112071293534e-05
501 293 295 0.05208942618698918
502 240 351 0.010255147877713169
503 73 74 0.007727135737458726
504 96 239 0.00020102346372012986
505 102 271 0.00018984013678780386
506 80 182 0.06338745986068613
507 50 51 0.008920318562078922
508 323 325 0.0343444884021136
509 173 398 8.535726196656039e-05
510 28 100 0.03767582361873322
511 104 105 6.01285157790745e-05
512 164 185 0.05930694451751302
513 396 397 0.0470468159199622
514 334 349 0.0881448656830728
515 122 353 0.06897555939492553
516 271 272 0.050900844308757236
517 7 8 0.015051594045320821
518 29 30 0.04866457003526318
519 300 302 0.02315090612682295
520 127 139 0.03489661708694185
521 214 215 0.062264643674328164
522 8 56 0.04694311097319957
523 25 77 0.022924103985831244
524 54 298 0.04193247557765059
525 176 201 0.06539801991112555
526 1 172 0.00010556756810342098
527 114 220 0.055003577865264344
528 124 251 0.04290658003923848
529 219 317 0.042748064709244415
530 329 354 0.0606752686022079
531 51 151 0.09298420789380092
532 247 248 0.06458510576532137
533 270 344 0.03392620605804506
534 379 381 0.03620303995255783
535 118 217 0.054333459334675566
536 333 352 0.0761112553013599
537 140 141 0.028643229920119938
538 302 366 0.05775708443793326
539 334 335 0.054057305115309505
540 44 141 0.025484888424187807
541 193 194 0.04551375310097691
542 221 222 0.011823193304849667
543 213 218 0.013211189810683335
544 279 280 0.004679400118219092
545 304 393 0.04425011361807582
546 253 254 0.013638985706488967
547 209 326 0.04812354913828906
548 311 312 0.05561585179329283
549 354 391 0.03805439835977308
550 47 49 0.014976264338631636
551 340 341 0.03235401168711425
552 76 397 9.246971466754397e-05
553 199 200 0.00042124316365527024
554 144 145 0.024596464671603844
555 257 260 0.0004814731808517237
556 309 373 0.037508438434246866
557 341 342 0.019655932965018955
558 3 34 0.0038749257624887427
559 134 281 0.06125726109522196
560 387 395 0.00010290193920268701
561 97 189 0.08466615377115376
562 92 93 0.00020700386364858316
563 278 283 0.07619944442142884
564 188 346 0.049867104422384755
565 248 332 0.00024108954141179514
566 291 318 0.010389901823785224
567 46 193 0.05582227839793478
568 99 101 0.07645988066915929
569 261 262 0.039097815119269574
570 297 358 0.020705383932006535
571 354 386 0.0133241242932648
572 52 115 0.03994601954821919
573 337 349 0.02800936763591211
574 82 84 0.05519507380538947
575 205 206 0.035858656427063186
576 101 282 0.07122969240919699
577 130 132 0.03307326524849088
578 266 277 0.026938298868646432
579 224 253 0.0033776135447565105
580 152 153 1.5905269988824677e-05
581 61 390 0.035758693107535273
582 231 380 0.040652240350645866
583 360 367 0.049418236128735825
584 182 184 0.00023132545954425294
585 117 204 0.00014868037386804472
586 322 323 0.00011490382061676498
587 44 133 0.018175012941880286
588 106 108 0.00023672217470190648
589 265 331 0.0002804699247939381
590 94 376 0.06314646413548342
591 14 15 0.028809557333470875
592 123 245 0.02560039344049515
593 318 348 0.05890474552808756
594 156 253 0.05149901218100105
595 303 307 0.0003849231942601521
596 39 197 0.09056469828899567
597 375 387 0.07659872812114575
598 64 280 0.006973253083872181
599 16 180 0.017071022532370046
