1063
0 208 320 0.002654341647987694
1 64 155 0.03977109799810945
2 204 205 0.00027941509641096166
3 63 292 0.04378017253059385
4 374 381 0.07906029807824129
5 136 155 0.0035471078019864905
6 21 24 0.03219097533460733
7 221 307 0.0003557054728761508
8 86 394 0.045266404818998164
9 321 322 0.04342903221552949
10 13 57 0.08071916629182968
11 2 191 0.058673715746485444
12 88 90 0.023372353579071893
13 40 43 0.0156966805635962
14 74 75 0.0226574681939814
15 176 263 0.08219304993512984
16 182 183 0.03971847396353879
17 211 212 0.012432503135943242
18 235 342 0.0398181832941468
19 99 192 0.07098059110921383
20 298 299 0.03279746767244978
21 343 345 0.03730096096642111
22 224 332 8.900375444562322e-05
23 25 26 0.080461832894074
24 8 399 0.03631049632515581
25 19 22 0.048772043503892595
26 23 91 0.0818049839413478
27 201 270 0.03731394337309217
28 213 216 0.043892519662298325
29 50 130 0.0034125192407517603
30 328 329 0.030139352033036075
31 171 294 0.06702982197524013
32 279 332 0.06030850624760939
33 243 244 0.02516208064016204
34 6 108 0.024353652735980162
35 14 240 0.009849943197441572
36 338 386 0.052813644149689525
37 297 361 0.05539285820814422
38 356 364 0.018636444575805197
39 359 360 0.061018248372210614
40 179 246 0.00013335323310441943
41 177 310 0.026666771048099374
42 71 301 0.0030660294195391964
43 339 343 0.041097568932166866
44 274 275 0.06205745901065592
45 17 197 0.07235366236252717
46 305 306 0.00011891141420066179
47 159 321 0.0002537176050699994
48 360 361 0.06873307906435472
49 32 33 0.029581426601516834
50 392 393 0.03801847620948096
51 166 334 0.050725248192687145
52 256 262 0.00013052269457436048
53 110 203 0.012433030172692282
54 11 124 0.036744715231725344
55 306 307 0.0003616662636969209
56 33 103 0.05962275373425723
57 110 212 0.0002645636725631222
58 164 165 0.028221306872145642
59 284 314 8.859647610671862e-05
60 219 236 0.03480445926185406
61 87 89 0.023359068531173883
62 187 339 0.01664331643121626
63 68 129 0.0227848267080743
64 296 364 0.06604310626489031
65 195 196 0.028877652818300972
66 0 9 0.04121145999774644
67 45 261 0.018251948278268804
68 111 276 0.06923180867903705
69 356 359 0.00030692395340733904
70 28 31 0.008885211367893898
71 224 225 5.211984639226318e-05
72 45 138 0.042131181026133245
73 128 155 0.06167369943659688
74 170 293 0.04475997271690292
75 117 202 0.00019677345489712273
76 256 257 0.0001262768279736408
77 30 102 0.03898190903438675
78 14 350 0.011341401858567319
79 41 43 0.10547774021086205
80 40 137 0.04641750183137953
81 353 383 0.00014881494204152374
82 52 267 0.06296623368919355
83 80 81 0.06566348691609866
84 287 288 0.06453439569947185
85 2 144 0.05933575013872628
86 318 328 0.05324108099279762
87 42 125 0.06837647068728114
88 31 32 0.019441637830033977
89 106 341 0.03450886715359043
90 70 72 0.04279881170557794
91 170 192 0.034199557219609864
92 126 128 0.00017038082115556193
93 157 261 0.02832027574237778
94 233 276 0.009796041233623019
95 6 342 0.012203198324169398
96 58 59 0.05708009245936381
97 113 209 0.053380397934645205
98 359 377 0.018631875303092446
99 177 324 0.03770222396135743
100 206 321 0.05464183792940211
101 91 183 0.020913565266702187
102 203 211 0.0002491249764470763
103 22 93 0.06387936964656726
104 37 388 0.09385614483096107
105 268 305 0.05091169219837574
106 87 88 0.0002566855987064692
107 133 135 0.04349985137708348
108 68 128 0.04394054794598623
109 325 327 0.00013207530417717566
110 146 255 0.06676635914304226
111 0 1 0.028681743114633083
112 226 370 0.039019938121106164
113 52 288 0.04781749795858259
114 355 366 0.00027671496162293905
115 228 323 0.021383605610400643
116 77 79 0.019954437903268243
117 65 66 0.10113041494011299
118 125 375 0.06049819757394859
119 221 305 4.107924908874876e-05
120 70 92 0.06702802480738768
121 53 125 0.08798145561446626
122 56 283 0.008899759334283098
123 85 275 0.07724156580377521
124 69 219 0.055920077269714145
125 54 204 0.0690852780684123
126 94 95 0.06342764661595429
127 373 392 0.05068493167057951
128 111 390 0.03502220967235694
129 177 178 0.02984302467032907
130 313 399 0.020185659760298857
131 210 230 0.024828227772341258
132 362 382 0.08120240507684225
133 16 97 0.042517186220678745
134 13 15 0.09005440894206232
135 349 350 0.03171037535216212
136 33 173 0.03697557311913765
137 13 20 0.11031123908993412
138 222 250 0.040589701703078795
139 293 294 0.03714941721719134
140 153 154 0.06316406966280876
141 142 154 0.054899219135949806
142 156 280 0.01932108019615964
143 350 351 0.007820375390888503
144 225 263 0.014882516844415748
145 226 229 0.05498910765579203
146 73 81 0.01011490663689538
147 252 254 0.08248859505282849
148 237 238 0.00598219941959776
149 369 390 0.023170898966667346
150 277 385 0.10107451748206628
151 10 238 0.023214640693299576
152 215 228 0.06181046852955316
153 48 49 0.0003057289404273962
154 212 389 0.05357910295882512
155 304 308 0.03914974247265616
156 268 269 0.030883091829806066
157 202 205 0.00013861963624410139
158 237 344 0.035823938912889236
159 66 178 0.0647006960691742
160 220 303 0.011412657585331545
161 357 393 0.09999921685519896
162 27 120 0.081150200278504
163 10 12 0.00019273331818512628
164 117 160 0.07923411620723916
165 87 189 0.12111308688108943
166 138 140 0.01242648843013323
167 36 372 0.0038319859050049807
168 340 388 0.05192064454729803
169 285 316 0.00012245204892561795
170 129 194 0.034662098027551554
171 181 241 0.04118594117192235
172 166 168 0.07632189575072931
173 59 115 0.10708233098923162
174 150 365 0.029314856867158956
175 278 319 0.065440008595206
176 100 101 0.033734226226596005
177 308 309 0.04710365970721841
178 232 273 0.052995607694498896
179 114 223 0.03764449509421709
180 142 144 0.006641395067328639
181 21 59 0.0501650833066967
182 4 5 0.025976986234458856
183 44 258 0.035553308164877825
184 41 136 0.040423075407171355
185 242 328 0.05626977065576982
186 217 391 0.05885779041435309
187 254 263 6.725076909390181e-05
188 369 389 0.03520643702950584
189 246 310 0.03899283455958607
190 26 27 0.0416495838188676
191 358 379 0.040496842215374695
192 76 77 0.10475795891578046
193 12 40 0.03802357919070542
194 112 210 0.003642420789527517
195 361 381 0.037780935889266114
196 112 217 0.056840686509783835
197 364 377 0.00016135426802306013
198 236 284 0.00011875302862010521
199 250 286 0.04230536088512885
200 84 165 0.070063210711993
201 30 171 0.04683842774402087
202 19 72 0.026365868251750278
203 79 86 0.04250199469100732
204 82 83 0.05215699081354097
205 116 158 0.05418032481634533
206 214 249 0.06322215226843905
207 55 288 0.15028458132244976
208 246 279 0.04359993934853293
209 180 239 0.06594687933176113
210 330 339 0.04884743638668001
211 119 168 0.03641185842340075
212 264 266 0.06444236409277358
213 199 235 0.0703499366383407
214 206 299 0.05647462359619543
215 135 259 0.0273676117818087
216 285 315 0.00015884937782091574
217 131 132 0.07047592254477913
218 34 35 0.07880649079211599
219 60 61 0.02816167921320955
220 120 169 0.0434640449986631
221 104 107 0.002690364922431272
222 82 184 0.03234471765781793
223 187 289 0.05498510844130291
224 234 324 0.07832262459576453
225 272 358 0.028793345529082474
226 235 385 5.460206824980996e-05
227 37 195 0.028077892528283112
228 196 197 0.048125704019333436
229 71 382 0.0001412950277131296
230 78 81 0.021631968018030807
231 158 159 0.04678972566813452
232 39 121 0.04623797219517516
233 62 245 0.07783988849081908
234 282 283 0.00021877625130434531
235 107 108 0.002127597248690064
236 57 163 0.014812462269235577
237 347 376 0.03733820681979828
238 123 269 0.04902229936505878
239 89 90 9.910299819454819e-05
240 41 126 0.04831176054735803
241 172 173 0.00019002995032518536
242 124 270 0.02962421617527007
243 20 85 0.02460809231899525
244 267 289 0.05871925316720399
245 148 149 0.03657047071762607
246 345 346 0.019811327610730928
247 134 145 0.07040496107301857
248 140 157 0.02721046968091249
249 162 286 0.018162036347387528
250 24 74 0.062406166712329986
251 34 104 0.026969440128143386
252 64 179 0.04309539130996182
253 218 329 0.05995338953356441
254 272 380 0.010906099084362684
255 46 175 0.05373086629768684
256 127 129 0.00025243530403508434
257 149 363 0.0002340500861958285
258 365 368 0.0002709542432245054
259 159 228 0.03175531855123713
260 21 23 0.056901926603353366
261 109 266 0.0653068074970513
262 57 167 0.04311337612533125
263 223 286 0.024520647247369312
264 337 338 0.012900231188300677
265 60 172 0.047583575543605386
266 319 320 0.02883860270142167
267 48 232 0.01791829708638004
268 301 371 0.0001465422958123916
269 20 88 0.077349676647083
270 169 267 0.02659384280928836
271 314 330 5.312248356304819e-05
272 398 399 0.040607667254546134
273 249 287 0.023717177076177015
274 265 320 0.03701860878440817
275 113 118 0.016121708810406487
276 344 345 0.04107272660824462
277 271 273 5.3980261535830754e-05
278 326 327 0.00014229414852031093
279 130 255 0.007660502442430626
280 394 396 0.07838822495965402
281 29 31 0.034880350477154015
282 375 376 0.0839821596543161
283 300 356 0.07199068420851563
284 36 105 0.07134427231975092
285 131 256 0.0425374204662776
286 113 216 0.02561484636748393
287 241 315 0.044878896161920735
288 213 348 0.04928663638158483
289 160 223 0.06688174719768476
290 75 78 0.00033248929784623535
291 220 222 0.00018758877711662358
292 42 43 0.0203796992690098
293 147 153 0.00044065652499409224
294 70 384 0.04269279262043457
295 96 97 0.04612414314936958
296 208 336 0.00886131683480361
297 51 255 0.0034585309399056477
298 174 303 0.000105122059224168
299 37 198 0.027023563771952898
300 143 146 0.05977987740738839
301 47 231 0.0071183610745593155
302 171 297 0.057209567674413354
303 198 200 0.00039910743010922384
304 45 53 0.0461225587677612
305 308 355 0.04727087860865115
306 229 333 0.02351063067581309
307 5 385 0.04778694642147963
308 65 114 0.052979602172079136
309 9 233 0.059196381160307295
310 239 240 0.06646647729983832
311 67 68 0.07388649833940333
312 242 386 0.06350588311093167
313 185 186 0.02693824538518128
314 234 298 0.026445033370628215
315 371 382 0.0031067518118770357
316 147 148 0.06099641797449436
317 28 311 0.02141379169803977
318 23 73 0.04853236246720869
319 243 378 0.044938490784571024
320 134 135 0.05762175861327582
321 231 232 0.0018871871812149504
322 141 193 0.05294204578735567
323 268 309 0.06493321839867244
324 260 262 7.104005187241437e-05
325 178 179 0.048862951945138955
326 269 292 0.06097136372043494
327 2 152 0.0657704038509325
328 26 94 0.05907865300725299
329 78 79 0.03865868081071922
330 151 154 0.040052458736207004
331 161 162 0.06787551118541982
332 67 175 0.05643809643953868
333 126 127 0.053488703733012254
334 69 343 0.03516389384264946
335 47 244 0.08680313926109211
336 133 392 0.06761191276140269
337 76 387 0.0004525196194553639
338 18 63 0.057119919913405294
339 207 208 0.04232784901194491
340 110 111 0.04597219568811032
341 227 384 0.04496559593761341
342 367 371 0.0829699784227435
343 71 72 0.05631238695645471
344 90 274 0.016169456144611762
345 168 244 0.05510576264671465
346 378 380 0.049697669410675556
347 50 396 0.057886340801058186
348 191 192 0.03565657450303838
349 24 27 0.056600761536820636
350 102 103 9.553169795134759e-05
351 295 296 0.044309082270808604
352 184 185 0.025048955013867964
353 276 299 0.044774150826285754
354 137 252 0.0001438150494824653
355 292 383 0.06241184628281905
356 287 291 0.08584666142048185
357 325 326 0.00017549633743121315
358 143 145 0.013025482470197488
359 0 7 0.05673177973651815
360 198 199 0.0003990888184703146
361 211 327 0.03866316993136767
362 355 383 0.004982602947648668
363 160 161 0.016958663003535143
364 91 93 0.02675726658565937
365 190 191 0.06963080644362556
366 119 389 0.0730484031867681
367 122 301 0.05231556260893243
368 243 352 0.07035028285117147
369 162 245 0.06795176176087915
370 15 96 0.07067533294385808
371 3 99 0.0818987406528218
372 247 331 0.04781788553585148
373 274 365 0.022629008510863
374 277 278 0.06975205862674848
375 98 100 0.026828075357107985
376 174 306 0.000293991453748943
377 296 357 0.014853756644949005
378 236 330 0.00016415093547395183
379 11 12 0.017979424965289825
380 92 186 0.03887037109188029
381 136 156 0.03188867549357334
382 123 250 0.03591337449243913
383 95 188 0.03398989284217276
384 3 4 0.028932795667310805
385 378 379 0.015971513869714384
386 5 6 0.00017833358766609065
387 331 336 0.03430692525483914
388 56 312 0.00022271703548391145
389 284 285 0.059126173037423596
390 119 230 0.06218480337927332
391 137 251 0.00012522305698218776
392 80 83 0.00020468996468423522
393 363 368 0.036805255364611426
394 17 317 0.05662968361918346
395 121 264 0.035109828236535114
396 203 322 0.049858157073143616
397 11 237 0.008984014006424082
398 174 175 0.05361017665723243
399 337 391 0.0386273210573359
400 17 181 0.02804885341405492
401 138 139 0.08132176991961615
402 29 98 0.026398639291125035
403 69 201 0.05741095970433445
404 10 42 0.0441463835054959
405 116 214 0.06884181331693466
406 163 165 0.07721903425294677
407 84 85 0.05882868536973014
408 48 60 0.052637103173999104
409 166 167 0.06343353594504503
410 38 207 0.013672492876369114
411 139 194 0.00014607858377324907
412 150 151 0.07723904913720613
413 251 252 0.0001792337537935497
414 207 324 0.05261291187519924
415 46 373 0.05301690775818241
416 300 304 0.042770625565192816
417 190 295 2.050968169861818e-05
418 164 227 0.05951233765268189
419 146 257 0.05584642282489978
420 132 395 0.06684217025534034
421 62 63 0.07038265437527935
422 363 372 0.04239024791895558
423 230 335 0.009867310512837117
424 249 348 0.046609789644708834
425 180 181 0.07051939358593438
426 142 143 0.022991191809959222
427 39 176 0.04247858243571901
428 290 314 0.05422816107933498
429 157 258 0.014630037274832091
430 103 273 0.00019579126777351363
431 226 227 0.029895462683775666
432 315 316 0.0001686039972149437
433 18 122 0.03329608830482617
434 89 368 0.032113699511971065
435 258 259 0.01602928771823051
436 352 374 0.02705157329627447
437 316 317 0.011924064680565904
438 105 106 0.004121263542608404
439 109 196 0.03849519799589571
440 353 366 0.0049627849178237645
441 259 260 0.05683912671565789
442 289 290 0.02004950075763559
443 362 384 0.02430136308954705
444 115 120 0.030831286978440925
445 149 150 0.017086113314994846
446 346 347 0.04808112015309804
447 18 19 0.05374106547397887
448 25 75 0.0381418083260277
449 121 247 0.040472916311010146
450 233 234 0.05929307505966422
451 290 291 0.07795296648697912
452 7 38 0.09552127551047292
453 225 248 0.00010390477706446754
454 189 388 0.02191823836838724
455 98 170 0.08380079599267107
456 49 369 0.0675356553342019
457 264 265 0.05795414204409271
458 35 152 0.00048330771429143935
459 36 148 0.015608667159295207
460 53 131 0.031881089103039814
461 209 210 0.05944293845326774
462 9 61 0.036408617279994636
463 281 357 0.016033349275759102
464 167 333 0.021803758176375188
465 183 186 6.472821029096805e-05
466 294 377 0.07973387459269662
467 370 374 0.06127420786913214
468 4 107 2.0350827745402467e-05
469 109 200 0.026536985627008403
470 362 370 0.03841358804847203
471 54 66 0.06209486921777903
472 241 242 0.06051367854426299
473 55 58 0.05145911825823331
474 238 347 0.048302900760773766
475 116 161 0.0634843708273886
476 65 67 0.04926101974473415
477 187 188 0.03765739979229767
478 95 169 0.06131680255804442
479 38 319 0.029406834729309248
480 112 335 0.024109585083780197
481 340 372 0.07571902120771326
482 16 195 0.07391413121046239
483 35 147 9.516530751599406e-05
484 83 86 0.07051585975640569
485 118 218 0.0456482167115118
486 22 58 0.09878846444287545
487 215 216 0.04162005818962354
488 302 367 0.050723270948964
489 275 394 0.09069177782786812
490 163 229 0.03377573602139411
491 32 313 0.016490182144572527
492 190 281 0.04669202294049151
493 310 336 0.06468257962488619
494 338 351 0.03504179741752122
495 282 312 0.008799415400859684
496 311 313 0.013671891876887943
497 55 62 0.05492591171510107
498 158 202 0.04348709307135358
499 1 398 0.0001832047731829262
500 395 397 0.00018952419265091423
501 293 295 0.05213635702668881
502 240 351 0.01010441724473059
503 73 74 0.007441473467244393
504 96 239 2.1246718387831487e-05
505 102 271 0.00024313374029812367
506 80 182 0.06319913519941409
507 50 51 0.008422769540023651
508 323 325 0.0342141516844615
509 173 398 0.0003247516493993125
510 28 100 0.03755230749128256
511 104 105 0.00010207093367193667
512 164 185 0.05957517138579888
513 396 397 0.04674665392772304
514 334 349 0.08855296622066183
515 122 353 0.06916805274101498
516 271 272 0.05092274530617783
517 7 8 0.014954995758264223
518 29 30 0.04894261390204586
519 300 302 0.02309436435288849
520 127 139 0.0346690653824161
521 214 215 0.061797993271466393
522 8 56 0.04702743559528248
523 25 77 0.022791396748376984
524 54 298 0.041874383126229264
525 176 201 0.06572594110338068
526 1 172 0.00014578098397444842
527 114 220 0.0549185084556522
528 124 251 0.042857351396337964
529 219 317 0.042831145242114295
530 329 354 0.0606247239987604
531 51 151 0.09353905189145675
532 247 248 0.06493425715667617
533 270 344 0.03349275113057994
534 379 381 0.03608149630414869
535 118 217 0.05429431078051689
536 333 352 0.076332616521203
537 140 141 0.028354448882122678
538 302 366 0.057816517635554746
539 334 335 0.05420814715945404
540 44 141 0.02537377295384771
541 193 194 0.0455571804740961
542 221 222 0.011580728956640954
543 213 218 0.013015247258773557
544 279 280 0.004500021978515632
545 304 393 0.04430880727620888
546 253 254 0.013539425089329002
547 209 326 0.048356699880302556
548 311 312 0.05575618668845766
549 354 391 0.03782879645280023
550 47 49 0.014794394925500196
551 340 341 0.032516167806744496
552 76 397 0.00015351406930962208
553 199 200 0.00046702706109845964
554 144 145 0.024108083484702735
555 257 260 0.00015713144425123614
556 309 373 0.03750388546773476
557 341 342 0.019183079223846308
558 3 34 0.0033266521581437514
559 134 281 0.061508832671199616
560 387 395 0.00013583514114029046
561 97 189 0.08489781234930341
562 92 93 0.0002714154733994054
563 278 283 0.07665964948936982
564 188 346 0.0498743202307999
565 248 332 9.591242750414486e-05
566 291 318 0.010480797683146024
567 46 193 0.05590487077295316
568 99 101 0.07667871480805322
569 261 262 0.039014705261165454
570 297 358 0.02066960398876527
571 354 386 0.012925200474271464
572 52 115 0.039745907741388566
573 337 349 0.0277246804110401
574 82 84 0.05524923153659024
575 205 206 0.035677898920147354
576 101 282 0.07120502511388924
577 130 132 0.03321556196095934
578 266 277 0.026777045353114037
579 224 253 0.0030671003903755085
580 152 153 3.829501506572858e-05
581 61 390 0.03583809957387285
582 231 380 0.040822113619192385
583 360 367 0.04946885682644773
584 182 184 0.0003093878213362216
585 117 204 0.00032529596939897713
586 322 323 0.0001545468552189374
587 44 133 0.01816200940974517
588 106 108 1.3460166306769137e-05
589 265 331 3.4669985079739543e-05
590 94 376 0.06311685180488763
591 14 15 0.028923303423313607
592 123 245 0.025296682036200342
593 318 348 0.05850006435856717
594 156 253 0.05171893258728453
595 303 307 3.242748965780662e-05
596 39 197 0.09069863542957046
597 375 387 0.07670763947279181
598 64 280 0.0065884991939340574
599 16 180 0.01685707172059985
