1090
0 208 320 0.0019608005998030045
1 64 155 0.04004310350361316
2 204 205 9.841566128509627e-05
3 63 292 0.04304566406130867
4 374 381 0.07967913207307072
5 136 155 0.0017020636569253802
6 21 24 0.031245317078725684
7 221 307 0.0003918517059401572
8 86 394 0.04581076682169974
9 321 322 0.043119185354370954
10 13 57 0.08155648441820017
11 2 191 0.05941295191008659
12 88 90 0.022081758754889394
13 40 43 0.015396840958029434
14 74 75 0.022493092676652778
15 176 263 0.0818298617902108
16 182 183 0.0394943501268729
17 211 212 0.011757218930336481
18 235 342 0.04042996848531589
19 99 192 0.07049742907290439
20 298 299 0.031848259973826815
21 343 345 0.03759483521426085
22 224 332 3.147016802439911e-05
23 25 26 0.08084636843794486
24 8 399 0.03588742576356657
25 19 22 0.04899996373275893
26 23 91 0.08304321523649125
27 201 270 0.037649008276967454
28 213 216 0.0430516732181156
29 50 130 0.0014633367050476546
30 328 329 0.029376372188225842
31 171 294 0.06768238180468773
32 279 332 0.06039821132802202
33 243 244 0.025096596638976416
34 6 108 0.02415405494870397
35 14 240 0.007011154820824129
36 338 386 0.05328376538619184
37 297 361 0.05435261600262134
38 356 364 0.0174367639354533
39 359 360 0.06101521242646547
40 179 246 7.974254935490865e-05
41 177 310 0.02578375997723586
42 71 301 0.0018760321812216943
43 339 343 0.04103325496837997
44 274 275 0.06193750795851123
45 17 197 0.07312607914963949
46 305 306 0.00014406721959818114
47 159 321 0.00022849969962497374
48 360 361 0.0702541381357469
49 32 33 0.02981206237330143
50 392 393 0.03801614692214173
51 166 334 0.0508057592131677
52 256 262 0.00024184409428969686
53 110 203 0.011756396160697275
54 11 124 0.03583935413646286
55 306 307 0.00014802130981723323
56 33 103 0.060315854413624886
57 110 212 4.481290122849309e-05
58 164 165 0.0276242040658744
59 284 314 0.00013562000978874136
60 219 236 0.03360868456307599
61 87 89 0.022077139790172787
62 187 339 0.01663122302693941
63 68 129 0.02224200630556286
64 296 364 0.06661740964041199
65 195 196 0.02832060343354299
66 0 9 0.041449154612561025
67 45 261 0.01670121172654563
68 111 276 0.06951185239130214
69 356 359 2.280292613387716e-05
70 28 31 0.007872834671760075
71 224 225 0.0002736119081703926
72 45 138 0.04194605381759155
73 128 155 0.06237350144683115
74 170 293 0.04518906710417407
75 117 202 0.0001024050350651977
76 256 257 0.0004717895334592507
77 30 102 0.03880504123784963
78 14 350 0.010430101964241989
79 41 43 0.10712368334861372
80 40 137 0.0456949783092129
81 353 383 0.0002727505972101711
82 52 267 0.06209811857480344
83 80 81 0.06628216003124002
84 287 288 0.06589283532826566
85 2 144 0.05983139704469554
86 318 328 0.053924499102187114
87 42 125 0.0695415277572938
88 31 32 0.019385323484410865
89 106 341 0.03312753110797352
90 70 72 0.042829058957856755
91 170 192 0.033607302477854775
92 126 128 0.00021491611114398125
93 157 261 0.028303878817904523
94 233 276 0.008971606396958457
95 6 342 0.011215999934242112
96 58 59 0.057357836233786125
97 113 209 0.05342949339364898
98 359 377 0.017434781124258
99 177 324 0.03783978115357268
100 206 321 0.05489233056684379
101 91 183 0.020456941265330274
102 203 211 3.41561118729757e-05
103 22 93 0.06412639425465287
104 37 388 0.09353186806526405
105 268 305 0.05104782845284318
106 87 88 6.2794407551320195e-06
107 133 135 0.042123668812400976
108 68 128 0.04382179397835175
109 325 327 0.00014001795317717717
110 146 255 0.06780108984645511
111 0 1 0.027803611882043222
112 226 370 0.037982283695014586
113 52 288 0.04789494386345674
114 355 366 3.4662059245298486e-06
115 228 323 0.02120393322415557
116 77 79 0.01932663760680219
117 65 66 0.1018150051617105
118 125 375 0.05953188718066935
119 221 305 0.0002952795525508218
120 70 92 0.06739623919868584
121 53 125 0.08923798999771484
122 56 283 0.006980295964670249
123 85 275 0.07615149817281724
124 69 219 0.056370184081417335
125 54 204 0.06900691691795797
126 94 95 0.06288912406045861
127 373 392 0.050584751238263066
128 111 390 0.03486643805647819
129 177 178 0.028667810974444884
130 313 399 0.02045020208120241
131 210 230 0.02328600624090291
132 362 382 0.08210970528858004
133 16 97 0.04134602804427073
134 13 15 0.09157986387710872
135 349 350 0.03206866118256726
136 33 173 0.036518785356573054
137 13 20 0.11064002057646975
138 222 250 0.040899731900966366
139 293 294 0.03715286109891512
140 153 154 0.06290672106729629
141 142 154 0.05583721577300974
142 156 280 0.018402535643598266
143 350 351 0.005120161008718598
144 225 263 0.014052606927817598
145 226 229 0.05560621869533096
146 73 81 0.00989985265848972
147 252 254 0.08347109114273614
148 237 238 0.00516830362195486
149 369 390 0.02273413289269103
150 277 385 0.1011612515797262
151 10 238 0.022780993371256174
152 215 228 0.06231864118616265
153 48 49 7.921011174514148e-06
154 212 389 0.05357894981498522
155 304 308 0.03863674299853699
156 268 269 0.030443856946794974
157 202 205 6.710975919155337e-05
158 237 344 0.035682371660719386
159 66 178 0.06594023362931425
160 220 303 0.010544502527218289
161 357 393 0.10057786151035189
162 27 120 0.08131330057668655
163 10 12 2.7183750005939282e-05
164 117 160 0.08018111923231201
165 87 189 0.12202725588016457
166 138 140 0.01165844620087962
167 36 372 0.0028206007551684095
168 340 388 0.052797156863295135
169 285 316 0.00015494643959595693
170 129 194 0.03399098797203976
171 181 241 0.04071530503483349
172 166 168 0.0755074040633908
173 59 115 0.10693627871438917
174 150 365 0.029286138184170866
175 278 319 0.06534590895654185
176 100 101 0.03342709801727016
177 308 309 0.04749304153118977
178 232 273 0.053137891737562774
179 114 223 0.03817673260596421
180 142 144 0.005005307985553092
181 21 59 0.05084338397446526
182 4 5 0.025622621163238046
183 44 258 0.03436251224810995
184 41 136 0.03992620664586082
185 242 328 0.0552568575357484
186 217 391 0.05972127980408691
187 254 263 0.0003274038915064923
188 369 389 0.03552296676777258
189 246 310 0.03904495539623255
190 26 27 0.04088663308423011
191 358 379 0.03933537421160084
192 76 77 0.10581996175916625
193 12 40 0.03732303350282047
194 112 210 0.0020827988074850817
195 361 381 0.037240329519356664
196 112 217 0.05773158123511214
197 364 377 6.982431899575791e-05
198 236 284 7.467371856080673e-05
199 250 286 0.042369729107108726
200 84 165 0.06977199968143132
201 30 171 0.04675980022208343
202 19 72 0.025904601912980812
203 79 86 0.042354519150584836
204 82 83 0.05154014033401548
205 116 158 0.05312187854991692
206 214 249 0.0641929946784528
207 55 288 0.1499628766335493
208 246 279 0.043574903984788235
209 180 239 0.06554147092534093
210 330 339 0.048447316039078536
211 119 168 0.03629653562577987
212 264 266 0.06556298182168446
213 199 235 0.07076990315055107
214 206 299 0.05684591458584393
215 135 259 0.026870439724827253
216 285 315 0.00017329945672910204
217 131 132 0.07127311630950636
218 34 35 0.07988012748185433
219 60 61 0.0277577190930545
220 120 169 0.043334666285509055
221 104 107 0.001979860537486615
222 82 184 0.03165376009502916
223 187 289 0.0542085582013904
224 234 324 0.07988222496377442
225 272 358 0.028913238994512466
226 235 385 0.00028285209082432397
227 37 195 0.02769435412815028
228 196 197 0.04887667922179347
229 71 382 4.120396619597215e-05
230 78 81 0.021057453119816404
231 158 159 0.04709991737714964
232 39 121 0.046877203304918215
233 62 245 0.0784066772845304
234 282 283 5.52949305936626e-05
235 107 108 0.0016832178975645464
236 57 163 0.014454090005925825
237 347 376 0.03772833849349151
238 123 269 0.0490696988547969
239 89 90 9.030524718865786e-05
240 41 126 0.04774962989017686
241 172 173 0.00019218617113289727
242 124 270 0.029059666995866564
243 20 85 0.024262339123190542
244 267 289 0.05942440114463326
245 148 149 0.036099422650893984
246 345 346 0.019359144921279266
247 134 145 0.07163627956247474
248 140 157 0.02657063462931742
249 162 286 0.016753203235187895
250 24 74 0.06218750655194084
251 34 104 0.026823407466733673
252 64 179 0.043258703967851427
253 218 329 0.06041497660824903
254 272 380 0.01021786506803682
255 46 175 0.054131044152461436
256 127 129 5.632258508847495e-05
257 149 363 0.0002464805869630209
258 365 368 0.00017305495701645633
259 159 228 0.031209785993140535
260 21 23 0.055921505447163976
261 109 266 0.06577314183208416
262 57 167 0.04232377817768618
263 223 286 0.023735966440693364
264 337 338 0.011177943719131486
265 60 172 0.04760421555964121
266 319 320 0.028838108732440568
267 48 232 0.017426322118124768
268 301 371 1.0662061762814193e-05
269 20 88 0.07799423688947711
270 169 267 0.02562216441477349
271 314 330 0.00018458104427835514
272 398 399 0.040488415810235254
273 249 287 0.023962786123064368
274 265 320 0.036906671895728244
275 113 118 0.015598490772339872
276 344 345 0.04167412478456503
277 271 273 6.900006814769964e-05
278 326 327 0.00017649180458083772
279 130 255 0.006593921439758118
280 394 396 0.07908180329339855
281 29 31 0.03470951780251901
282 375 376 0.08427871852261003
283 300 356 0.07273134040792766
284 36 105 0.07200118021118337
285 131 256 0.041941844085696775
286 113 216 0.025316232346092385
287 241 315 0.04461900821593852
288 213 348 0.049933558953756625
289 160 223 0.06687498133073279
290 75 78 2.2783397203959097e-05
291 220 222 0.0001554687841771491
292 42 43 0.019944318425359917
293 147 153 0.00014950472630833182
294 70 384 0.04301661886063858
295 96 97 0.046136523434249455
296 208 336 0.008723505647590038
297 51 255 0.0015300033929092987
298 174 303 0.000269046020119391
299 37 198 0.026641444586781034
300 143 146 0.06098812970364213
301 47 231 0.006710791126568238
302 171 297 0.05733032046052906
303 198 200 0.00027415546406113093
304 45 53 0.04666488944386368
305 308 355 0.04781629024138726
306 229 333 0.023071539738638666
307 5 385 0.04775397129327898
308 65 114 0.05300592677018181
309 9 233 0.060171845053130696
310 239 240 0.0673359260494411
311 67 68 0.07471833913198642
312 242 386 0.06325166037133213
313 185 186 0.026427023659536225
314 234 298 0.02578449452099153
315 371 382 0.0018912558509754957
316 147 148 0.061465017400565564
317 28 311 0.021074169521704884
318 23 73 0.04832134619176832
319 243 378 0.045322031415349934
320 134 135 0.058693238321034256
321 231 232 0.001540186720424515
322 141 193 0.05368719911473786
323 268 309 0.06530625883793376
324 260 262 2.124769752704237e-05
325 178 179 0.048494894202224866
326 269 292 0.06146321940296791
327 2 152 0.06578189023040046
328 26 94 0.05994253618278133
329 78 79 0.038177260281374505
330 151 154 0.03952515245675015
331 161 162 0.06857056791483286
332 67 175 0.055694186491141225
333 126 127 0.05360423382036505
334 69 343 0.03399443753592507
335 47 244 0.0867265119121173
336 133 392 0.06868217751086596
337 76 387 0.0002239349444214033
338 18 63 0.057514711358033224
339 207 208 0.04161381090161969
340 110 111 0.04668657009052062
341 227 384 0.04455871319183858
342 367 371 0.0840220878083192
343 71 72 0.05640971642824309
344 90 274 0.015615888404336533
345 168 244 0.05599426996313672
346 378 380 0.0490284345756519
347 50 396 0.058963209137019156
348 191 192 0.035945668700694766
349 24 27 0.057031896057459334
350 102 103 1.877110479602838e-05
351 295 296 0.04354206935569661
352 184 185 0.024606707462591373
353 276 299 0.04485883756134226
354 137 252 0.00018273277764191187
355 292 383 0.06282003896702283
356 287 291 0.08388790668281638
357 325 326 0.00013532779084596868
358 143 145 0.01090061089721437
359 0 7 0.05652216831361348
360 198 199 0.000274418786123844
361 211 327 0.03857638559388104
362 355 383 0.0036793835702456524
363 160 161 0.014853687166472883
364 91 93 0.02640562146037916
365 190 191 0.06973374017858731
366 119 389 0.07348133431161931
367 122 301 0.05256272235832949
368 243 352 0.07073755915460936
369 162 245 0.06730693559726823
370 15 96 0.06938548819573631
371 3 99 0.08391316826039741
372 247 331 0.047820196462019744
373 274 365 0.022987012421783644
374 277 278 0.07078746134137184
375 98 100 0.026036278653993855
376 174 306 0.00031297926773700006
377 296 357 0.014570111041109435
378 236 330 0.0001642442268804688
379 11 12 0.017566536962747282
380 92 186 0.038581761403351594
381 136 156 0.03219800402497903
382 123 250 0.03537892019057907
383 95 188 0.03428078766504853
384 3 4 0.028242539227747724
385 378 379 0.015426655081739918
386 5 6 9.341800389123176e-05
387 331 336 0.03386490226820218
388 56 312 0.00018012866959438728
389 284 285 0.05887733909796728
390 119 230 0.0632654058498774
391 137 251 0.00014063287647905979
392 80 83 3.868822729957129e-05
393 363 368 0.036733794143675925
394 17 317 0.05668233138143688
395 121 264 0.034056885958379406
396 203 322 0.05010178976080997
397 11 237 0.008744657732381592
398 174 175 0.053555481503128756
399 337 391 0.03856761975149446
400 17 181 0.02707855779383071
401 138 139 0.08232004490652722
402 29 98 0.025746559222183007
403 69 201 0.05788360433760279
404 10 42 0.043294798422371834
405 116 214 0.0695905238380833
406 163 165 0.07762897413235958
407 84 85 0.05999493165767617
408 48 60 0.05329485685063163
409 166 167 0.06492465835450441
410 38 207 0.013306459434569571
411 139 194 5.044649776133766e-05
412 150 151 0.0779618824800039
413 251 252 0.00012850054934252208
414 207 324 0.05312716041053505
415 46 373 0.052965821428192054
416 300 304 0.04262307154390409
417 190 295 3.075247187862147e-05
418 164 227 0.06013819602735995
419 146 257 0.056009320819998015
420 132 395 0.0665152298700452
421 62 63 0.0701982228120458
422 363 372 0.04240265231012964
423 230 335 0.007916662585928894
424 249 348 0.045738107944768035
425 180 181 0.07200387651046351
426 142 143 0.021794388894197648
427 39 176 0.04262171511077897
428 290 314 0.05425747498166187
429 157 258 0.014587423833898518
430 103 273 9.014167250177854e-05
431 226 227 0.029257014424016063
432 315 316 0.00012466489694547357
433 18 122 0.032365853238029436
434 89 368 0.032079678432234554
435 258 259 0.015759222034831565
436 352 374 0.025797988619073346
437 316 317 0.010657716833802462
438 105 106 0.0033221455536331995
439 109 196 0.03773770024013338
440 353 366 0.003653428093650142
441 259 260 0.056838175678144025
442 289 290 0.020034195410755712
443 362 384 0.023346123758720666
444 115 120 0.030079139871467257
445 149 150 0.016563451179664988
446 346 347 0.047653760175473535
447 18 19 0.053959372218011274
448 25 75 0.03748215195586206
449 121 247 0.03945133103249945
450 233 234 0.05865757233960673
451 290 291 0.07938474155121586
452 7 38 0.09699896877636367
453 225 248 3.8792200308965037e-05
454 189 388 0.021922139957648933
455 98 170 0.08461147788461637
456 49 369 0.06800704284341409
457 264 265 0.05759031684897149
458 35 152 9.033039078192571e-05
459 36 148 0.015528218302811928
460 53 131 0.030787671020149298
461 209 210 0.06026967749265511
462 9 61 0.035689701553334445
463 281 357 0.01566143676900203
464 167 333 0.02112860912960881
465 183 186 0.0001771412352728602
466 294 377 0.0798323814406794
467 370 374 0.062346504632834546
468 4 107 0.00012230739756113537
469 109 200 0.026056584504209022
470 362 370 0.03854895627713212
471 54 66 0.06257085096564706
472 241 242 0.06221410464847706
473 55 58 0.05118559263424473
474 238 347 0.048891609278361156
475 116 161 0.06428901850817394
476 65 67 0.04926721854600542
477 187 188 0.03773018463375533
478 95 169 0.06158162179539524
479 38 319 0.028213362937382632
480 112 335 0.02276639266329727
481 340 372 0.07533072158694276
482 16 195 0.07477592685525179
483 35 147 0.00012092464085851148
484 83 86 0.07058552470422597
485 118 218 0.04501829420268487
486 22 58 0.09907557961574004
487 215 216 0.04229747892253039
488 302 367 0.050112419498485904
489 275 394 0.09155474576012297
490 163 229 0.03304758233167013
491 32 313 0.015562064861179704
492 190 281 0.04584226550009447
493 310 336 0.06535584701535328
494 338 351 0.03605827340430896
495 282 312 0.006927685251623387
496 311 313 0.013125996617399114
497 55 62 0.056207207308285094
498 158 202 0.042917579724892234
499 1 398 0.00018188433297708438
500 395 397 0.00022853957050971577
501 293 295 0.052040745200156883
502 240 351 0.009624690945385515
503 73 74 0.006606539842556107
504 96 239 0.00019884945258876615
505 102 271 0.00016519297676028083
506 80 182 0.06285402067993746
507 50 51 0.0069273366023512185
508 323 325 0.03403014750121189
509 173 398 6.275882195566289e-05
510 28 100 0.037186237404788575
511 104 105 8.612937740279006e-05
512 164 185 0.06033587825531686
513 396 397 0.04582005973162694
514 334 349 0.08978171125656431
515 122 353 0.06987216503559282
516 271 272 0.05107000106138865
517 7 8 0.014658153547522599
518 29 30 0.049783356929457276
519 300 302 0.022950306410162193
520 127 139 0.03398945469948811
521 214 215 0.06040595102174388
522 8 56 0.04747160014851752
523 25 77 0.02239718087285659
524 54 298 0.04170860653697785
525 176 201 0.06671391436212377
526 1 172 0.00010180054311749599
527 114 220 0.054803029185407554
528 124 251 0.04288160562472044
529 219 317 0.043094809651662576
530 329 354 0.06047747920310262
531 51 151 0.09521330115326325
532 247 248 0.06566035252098668
533 270 344 0.03220158935554649
534 379 381 0.035719170093683375
535 118 217 0.05417758021082168
536 333 352 0.07699909882480521
537 140 141 0.02749702236192464
538 302 366 0.058273306004695685
539 334 335 0.054667299228630395
540 44 141 0.025041658851861097
541 193 194 0.045687137447210986
542 221 222 0.010396000733313614
543 213 218 0.012433716408281283
544 279 280 0.003994968644655935
545 304 393 0.0444850667162824
546 253 254 0.013231018124849914
547 209 326 0.0490738123758816
548 311 312 0.05640720954602994
549 354 391 0.03715757352585096
550 47 49 0.01438358846616272
551 340 341 0.0329767865316647
552 76 397 0.00015772866300365783
553 199 200 0.0002937440564415041
554 144 145 0.02264985622133443
555 257 260 0.00031974182894659384
556 309 373 0.037487613148720164
557 341 342 0.017786638763135403
558 3 34 0.0017237846155781964
559 134 281 0.06226070004643251
560 387 395 0.00012150011065048529
561 97 189 0.08557583940558633
562 92 93 2.4296924913859246e-05
563 278 283 0.0778210942343989
564 188 346 0.04990186517104109
565 248 332 0.00030681875859245663
566 291 318 0.01075392146477802
567 46 193 0.05614239498870689
568 99 101 0.07733412001014281
569 261 262 0.03903037658363076
570 297 358 0.020563345816536013
571 354 386 0.011723966806007374
572 52 115 0.03914084828235634
573 337 349 0.02686017089445848
574 82 84 0.05539226861556132
575 205 206 0.03515722699279969
576 101 282 0.07091922084101963
577 130 132 0.03364915838785088
578 266 277 0.026292910481808388
579 224 253 0.001939168995361065
580 152 153 2.3781842759137963e-05
581 61 390 0.036078838161411636
582 231 380 0.0413314238614632
583 360 367 0.04962862156502383
584 182 184 6.754918189014265e-06
585 117 204 0.00011557336912495376
586 322 323 7.211699238754966e-05
587 44 133 0.01811825849596362
588 106 108 0.0002480890526810092
589 265 331 3.792122830700045e-05
590 94 376 0.06303370772428417
591 14 15 0.029274507277984835
592 123 245 0.024381326586618613
593 318 348 0.05729490291278458
594 156 253 0.05236689106294903
595 303 307 0.00010495498648948258
596 39 197 0.09110584603237463
597 375 387 0.07731086359475248
598 64 280 0.005469666243164674
599 16 180 0.016234223736768468
