1096
0 208 320 0.0018081657237569632
1 64 155 0.04009963568223555
2 204 205 0.00013144712020444699
3 63 292 0.04288645229088121
4 374 381 0.0798189310889341
5 136 155 0.001296116563562183
6 21 24 0.031036249349135438
7 221 307 0.000288339954997722
8 86 394 0.045929200953511495
9 321 322 0.043045857835660374
10 13 57 0.08174265567110849
11 2 191 0.0595760205064755
12 88 90 0.021800687882508
13 40 43 0.01532990072883928
14 74 75 0.022437698118039466
15 176 263 0.08176814544182238
16 182 183 0.039405900137217266
17 211 212 0.011608746392177124
18 235 342 0.0405755313597068
19 99 192 0.07039005690127106
20 298 299 0.031637113427135204
21 343 345 0.037660892854850914
22 224 332 9.658682287733464e-05
23 25 26 0.08093136112333087
24 8 399 0.03579453066332795
25 19 22 0.0490529815635095
26 23 91 0.08330974700692882
27 201 270 0.0377211707089026
28 213 216 0.04286560376160249
29 50 130 0.0010313895438407094
30 328 329 0.029207179778538716
31 171 294 0.06782542761506456
32 279 332 0.060545335610918696
33 243 244 0.025082618121501594
34 6 108 0.02414977193158829
35 14 240 0.006383797583857042
36 338 386 0.053385327144521204
37 297 361 0.054120852084941995
38 356 364 0.017173277858053823
39 359 360 0.06100121420741203
40 179 246 0.0002055659964492379
41 177 310 0.025593349301819543
42 71 301 0.001623457982444162
43 339 343 0.0410164372083062
44 274 275 0.06191118414293167
45 17 197 0.07329851786892107
46 305 306 0.00015548242734704276
47 159 321 0.0002609852824973075
48 360 361 0.07058889904136449
49 32 33 0.02986656090780296
50 392 393 0.038016536703556335
51 166 334 0.050823801252711624
52 256 262 8.307113511033056e-05
53 110 203 0.01160924749861131
54 11 124 0.035636544258244994
55 306 307 0.0001558199819673204
56 33 103 0.06044313999985652
57 110 212 0.00023792519872520927
58 164 165 0.027490583030793853
59 284 314 0.00013609353656539108
60 219 236 0.033244440630037043
61 87 89 0.021787411747290084
62 187 339 0.016631202699980852
63 68 129 0.022090861060421626
64 296 364 0.0667596642989565
65 195 196 0.028196586253125808
66 0 9 0.041504677013847885
67 45 261 0.016359333354354872
68 111 276 0.06957243124374526
69 356 359 5.600813355301032e-05
70 28 31 0.007648560090418934
71 224 225 0.00011098959452603401
72 45 138 0.04190348654344473
73 128 155 0.06255143698013473
74 170 293 0.04528500179087143
75 117 202 0.0001286903082203766
76 256 257 9.695182877454509e-05
77 30 102 0.03875600988998315
78 14 350 0.01023026979880107
79 41 43 0.10748407897375288
80 40 137 0.04554583797061022
81 353 383 0.00024488313528350195
82 52 267 0.06190587239880175
83 80 81 0.06635535162175672
84 287 288 0.06619526701517031
85 2 144 0.05994316636605472
86 318 328 0.054075533673169196
87 42 125 0.06980016423686253
88 31 32 0.01937251219854229
89 106 341 0.03285177212536904
90 70 72 0.04283903895568614
91 170 192 0.03347711670477337
92 126 128 7.355826961934881e-05
93 157 261 0.02830002935110514
94 233 276 0.008787412203565296
95 6 342 0.010984659400930576
96 58 59 0.0574194508329182
97 113 209 0.05344111732252873
98 359 377 0.01717329545910547
99 177 324 0.037869874938996254
100 206 321 0.05493751513512699
101 91 183 0.02036602956961833
102 203 211 7.184076668187745e-05
103 22 93 0.06412395574821247
104 37 388 0.0934610919862977
105 268 305 0.051073177735367535
106 87 88 0.00017161401606617527
107 133 135 0.041819449857723
108 68 128 0.04381456624165439
109 325 327 0.0001396184717872393
110 146 255 0.06802990018615317
111 0 1 0.027638669669953125
112 226 370 0.037752157827037156
113 52 288 0.04791312570676181
114 355 366 2.2442995909285157e-05
115 228 323 0.021160988398032137
116 77 79 0.019188583356379796
117 65 66 0.10196803817077221
118 125 375 0.05931792789448737
119 221 305 0.00020164491417305915
120 70 92 0.06741835121922474
121 53 125 0.08951713335271669
122 56 283 0.006551013475303453
123 85 275 0.07591083042888286
124 69 219 0.056468191216373406
125 54 204 0.06893658462996795
126 94 95 0.06276980668341237
127 373 392 0.05056227476645952
128 111 390 0.034834038470287
129 177 178 0.028413440863048055
130 313 399 0.020511169545120105
131 210 230 0.02294494910962199
132 362 382 0.08225604438895877
133 16 97 0.04109104254244653
134 13 15 0.09191634179947067
135 349 350 0.03214619963460756
136 33 173 0.03643798707066271
137 13 20 0.11071418185631002
138 222 250 0.04098270329721737
139 293 294 0.03715384647936867
140 153 154 0.06282952978622772
141 142 154 0.0560459981212613
142 156 280 0.018198192062557662
143 350 351 0.00452096783230514
144 225 263 0.013919648779666057
145 226 229 0.055742212963425936
146 73 81 0.009855010469112425
147 252 254 0.08371047308241562
148 237 238 0.004994323726637401
149 369 390 0.02263923574743136
150 277 385 0.10121645875979603
151 10 238 0.022688406661225385
152 215 228 0.062425296322439636
153 48 49 6.327153944372435e-05
154 212 389 0.05347887201183955
155 304 308 0.038528718920681035
156 268 269 0.030345509615893426
157 202 205 0.00012657387801082756
158 237 344 0.03564729563144746
159 66 178 0.06621138119832098
160 220 303 0.010278013024196772
161 357 393 0.10070506205524449
162 27 120 0.08135067365866085
163 10 12 6.420288943578887e-05
164 117 160 0.08034030375527006
165 87 189 0.12214042286168576
166 138 140 0.011489821905549298
167 36 372 0.002597660873754548
168 340 388 0.05299063445917254
169 285 316 0.00015481906145753112
170 129 194 0.0338439744075583
171 181 241 0.04060962033170783
172 166 168 0.0753269026967592
173 59 115 0.10690464680622278
174 150 365 0.029297336112403195
175 278 319 0.06532473755448055
176 100 101 0.03335566490538428
177 308 309 0.047574403984069875
178 232 273 0.05310658508203929
179 114 223 0.038294788320561705
180 142 144 0.004641256222965823
181 21 59 0.05099313966498539
182 4 5 0.02556231660149133
183 44 258 0.03409791915089926
184 41 136 0.03982532862861557
185 242 328 0.055031969991998775
186 217 391 0.05991125781477878
187 254 263 0.00031671254022819044
188 369 389 0.035594195484442356
189 246 310 0.038972295178674295
190 26 27 0.040717132721329784
191 358 379 0.03907846566598633
192 76 77 0.10600001436938464
193 12 40 0.03718125994718528
194 112 210 0.0017359879636715556
195 361 381 0.03711863109163187
196 112 217 0.0579300652220413
197 364 377 1.5113367190625726e-07
198 236 284 0.00011521068452445839
199 250 286 0.04238521851477198
200 84 165 0.06970811588712943
201 30 171 0.046742961274921155
202 19 72 0.02579960341770664
203 79 86 0.042322471202610984
204 82 83 0.051394476881067665
205 116 158 0.05288615618476664
206 214 249 0.06440766128894668
207 55 288 0.14989217104523075
208 246 279 0.04353826500499982
209 180 239 0.06546379740501657
210 330 339 0.048366568489008235
211 119 168 0.03627050359706926
212 264 266 0.06581023510824231
213 199 235 0.07099013015520464
214 206 299 0.05692814758654303
215 135 259 0.02675973125617202
216 285 315 0.00017320802465608352
217 131 132 0.0714496722727153
218 34 35 0.08009237917917435
219 60 61 0.027670727282010244
220 120 169 0.04330581101088835
221 104 107 0.0018602722907854101
222 82 184 0.03146148432995338
223 187 289 0.05403830580140584
224 234 324 0.08022744997436387
225 272 358 0.028937751782510145
226 235 385 0.00019151435147903633
227 37 195 0.027608364611478087
228 196 197 0.049042543320464926
229 71 382 0.0002918444217549391
230 78 81 0.020911732433166887
231 158 159 0.0471586544086677
232 39 121 0.04701622520020986
233 62 245 0.0785332697629252
234 282 283 0.00012117102920601858
235 107 108 0.0016282121783782854
236 57 163 0.014373246447111177
237 347 376 0.03781310205713326
238 123 269 0.04907954388270481
239 89 90 0.00012049731685028185
240 41 126 0.0476546442821299
241 172 173 0.00011932930623595292
242 124 270 0.02893766976870291
243 20 85 0.024182338427376878
244 267 289 0.059582127615453624
245 148 149 0.03599576198654362
246 345 346 0.019258778818157053
247 134 145 0.07190794639225676
248 140 157 0.02642657310811632
249 162 286 0.01643968619885749
250 24 74 0.06213673389420944
251 34 104 0.026789370161500767
252 64 179 0.04330064538564714
253 218 329 0.06051747331153349
254 272 380 0.010064366363245663
255 46 175 0.054218053040248106
256 127 129 0.00018813390233437296
257 149 363 0.00019633693589925382
258 365 368 8.28510539726025e-05
259 159 228 0.031089235868778296
260 21 23 0.055704863984843464
261 109 266 0.06587616116904316
262 57 167 0.04214812930886611
263 223 286 0.023564297145577083
264 337 338 0.010795901924967665
265 60 172 0.04762737504143896
266 319 320 0.028836536977618878
267 48 232 0.01730399759320876
268 301 371 3.143372100958824e-05
269 20 88 0.07804798750842233
270 169 267 0.025407052363621025
271 314 330 0.00032988450002975064
272 398 399 0.04046778269857425
273 249 287 0.02401619311953061
274 265 320 0.03688758832711925
275 113 118 0.015481579845060154
276 344 345 0.041808736784291305
277 271 273 6.0914763293083585e-05
278 326 327 0.00017580287653169434
279 130 255 0.006356908791477736
280 394 396 0.07923451189849237
281 29 31 0.03467101352720206
282 375 376 0.08434507376174676
283 300 356 0.07288211697149843
284 36 105 0.07211738359361418
285 131 256 0.04198878167001446
286 113 216 0.025248326317850203
287 241 315 0.04455611482741317
288 213 348 0.050076875792071054
289 160 223 0.06687568637088362
290 75 78 2.111354924631631e-05
291 220 222 0.00010219732172249538
292 42 43 0.019847468972600105
293 147 153 0.0001256687972117736
294 70 384 0.043087406409448206
295 96 97 0.046153208660223925
296 208 336 0.008697314287507222
297 51 255 0.0011007853688579845
298 174 303 0.00025876791517119574
299 37 198 0.02665654058025431
300 143 146 0.06125758164554325
301 47 231 0.0066242180335948486
302 171 297 0.057356975103581724
303 198 200 8.777220838753086e-05
304 45 53 0.0467830468741355
305 308 355 0.047922418520752894
306 229 333 0.02297398152861231
307 5 385 0.04773475779355069
308 65 114 0.05300956585207767
309 9 233 0.060388888205622486
310 239 240 0.0675408153111097
311 67 68 0.07489666675591067
312 242 386 0.06319435659982704
313 185 186 0.026324525875948655
314 234 298 0.025639476672774747
315 371 382 0.0016318284106650535
316 147 148 0.06156696289097383
317 28 311 0.020997641667453618
318 23 73 0.048271776646180306
319 243 378 0.04540463907835564
320 134 135 0.058929831838746616
321 231 232 0.0014674094851880413
322 141 193 0.053854090781411526
323 268 309 0.06539009242087147
324 260 262 0.00018507654878535494
325 178 179 0.048336926863044666
326 269 292 0.06157041622932932
327 2 152 0.06570759491815868
328 26 94 0.06013380031547727
329 78 79 0.038046156895209564
330 151 154 0.03940828922326264
331 161 162 0.0687209061314253
332 67 175 0.05552892613890675
333 126 127 0.05360835843919126
334 69 343 0.03373529865357244
335 47 244 0.08670765656069612
336 133 392 0.06892068960397676
337 76 387 0.00026200372467775234
338 18 63 0.057602737817447645
339 207 208 0.041454163059024385
340 110 111 0.04674362686900523
341 227 384 0.044469202001156956
342 367 371 0.08425302568865363
343 71 72 0.056341623213422926
344 90 274 0.015490260636649928
345 168 244 0.05619103178608332
346 378 380 0.04888088874750891
347 50 396 0.059203462047028504
348 191 192 0.036009241544347724
349 24 27 0.05712577856237397
350 102 103 1.3966774611510338e-05
351 295 296 0.0433384711792956
352 184 185 0.024483058546314402
353 276 299 0.04487619157944597
354 137 252 0.00018280849617666195
355 292 383 0.06293439542313038
356 287 291 0.08345427733946836
357 325 326 0.00013481810440600013
358 143 145 0.01043031826824613
359 0 7 0.05647525867510248
360 198 199 7.109197565255012e-05
361 211 327 0.03855282982323922
362 355 383 0.0033855339582377856
363 160 161 0.014387084435388749
364 91 93 0.02630879376457787
365 190 191 0.06969663023536601
366 119 389 0.07357470124324374
367 122 301 0.052608808481027024
368 243 352 0.07082224293802514
369 162 245 0.06716738315379978
370 15 96 0.06910883412548943
371 3 99 0.08435296453980654
372 247 331 0.04783230029124508
373 274 365 0.023083148500421088
374 277 278 0.07101579758340132
375 98 100 0.02586065400704552
376 174 306 0.00019452888779510674
377 296 357 0.014505008179971452
378 236 330 0.00015660010824468604
379 11 12 0.017485637621495378
380 92 186 0.038493315942113554
381 136 156 0.03226425750164846
382 123 250 0.03525738504494562
383 95 188 0.034344967239406464
384 3 4 0.02810643414671422
385 378 379 0.015307105923033018
386 5 6 0.00016233572553335762
387 331 336 0.033771564805394894
388 56 312 5.744397574755903e-05
389 284 285 0.05886867449100927
390 119 230 0.06350417783285635
391 137 251 0.00014051121688435678
392 80 83 0.00011975403186101368
393 363 368 0.03676691660580955
394 17 317 0.05669417215752907
395 121 264 0.03382892656807158
396 203 322 0.05013167317443801
397 11 237 0.00869280863275955
398 174 175 0.05366156340127389
399 337 391 0.038556618028716995
400 17 181 0.026861803277691148
401 138 139 0.0824760926166717
402 29 98 0.025600219523391372
403 69 201 0.05798825477427598
404 10 42 0.04311373968822577
405 116 214 0.06975727703229366
406 163 165 0.07772170138616921
407 84 85 0.060254618422878575
408 48 60 0.053407998461400444
409 166 167 0.06525607469553679
410 38 207 0.01322636822944306
411 139 194 0.0001647975205381314
412 150 151 0.07811566254877456
413 251 252 0.00012850560601302113
414 207 324 0.0532402277393705
415 46 373 0.0529563628094905
416 300 304 0.042588300837321486
417 190 295 0.00017669110512045285
418 164 227 0.060275701576940746
419 146 257 0.05627219938907137
420 132 395 0.06641996172096765
421 62 63 0.07015614255025673
422 363 372 0.042414527963729735
423 230 335 0.00748332266712138
424 249 348 0.04554332013359916
425 180 181 0.07233121328092919
426 142 143 0.021525951745848593
427 39 176 0.04265096786665774
428 290 314 0.05416070280298931
429 157 258 0.014578239008094832
430 103 273 0.00018773957396958117
431 226 227 0.029116841621067466
432 315 316 0.00012448494040298488
433 18 122 0.0321601912753286
434 89 368 0.03210416971860063
435 258 259 0.015699586107822253
436 352 374 0.025521192926667942
437 316 317 0.010373107172118827
438 105 106 0.003161203507740675
439 109 196 0.03757117270649144
440 353 366 0.003376485602309547
441 259 260 0.0568746564479735
442 289 290 0.02003134553898057
443 362 384 0.023134504932414816
444 115 120 0.029912426524883767
445 149 150 0.016464754873756895
446 346 347 0.04755948963243806
447 18 19 0.054007149088635444
448 25 75 0.03731200046575028
449 121 247 0.039228120560074894
450 233 234 0.05851788651766603
451 290 291 0.07970055632930582
452 7 38 0.0973253189154904
453 225 248 3.113992719087115e-05
454 189 388 0.021921258200132257
455 98 170 0.08479244654546692
456 49 369 0.06808212399036469
457 264 265 0.05752247552133897
458 35 152 0.00014795701902929772
459 36 148 0.015515300832013832
460 53 131 0.03054418577211498
461 209 210 0.06045266457806676
462 9 61 0.0355295521711356
463 281 357 0.015580262363998192
464 167 333 0.02097929842001025
465 183 186 0.00016930705072374676
466 294 377 0.07986852815271633
467 370 374 0.06258398895423915
468 4 107 2.573984488449545e-05
469 109 200 0.026028237850391066
470 362 370 0.038575923441668054
471 54 66 0.06267608787069869
472 241 242 0.0625937577122324
473 55 58 0.05112401183688745
474 238 347 0.049019791179315035
475 116 161 0.06446912291000055
476 65 67 0.04926689960324676
477 187 188 0.037744713484789125
478 95 169 0.0616397837625953
479 38 319 0.027948369377770243
480 112 335 0.02246637208742439
481 340 372 0.07524326852264877
482 16 195 0.07496810545702391
483 35 147 5.6069597902650257e-05
484 83 86 0.07054608433361075
485 118 218 0.044878818018444705
486 22 58 0.09913874175926307
487 215 216 0.0424491171145745
488 302 367 0.049976791591610954
489 275 394 0.09174496738052695
490 163 229 0.03288650355932507
491 32 313 0.015355268553257459
492 190 281 0.045631891889525426
493 310 336 0.06549900788884892
494 338 351 0.036286803308654504
495 282 312 0.006520042077240933
496 311 313 0.0130060494143463
497 55 62 0.05649256447420897
498 158 202 0.042782481958875206
499 1 398 0.00010439401454922484
500 395 397 0.00017297005419140735
501 293 295 0.05195398735837465
502 240 351 0.00951268987291365
503 73 74 0.006424918327883346
504 96 239 0.0001765047770192231
505 102 271 0.00013173998342656828
506 80 182 0.06268226678587427
507 50 51 0.00659456586442343
508 323 325 0.03398421036675009
509 173 398 0.00012381501069052208
510 28 100 0.03710576763391634
511 104 105 0.00012485414022834514
512 164 185 0.060495847725970664
513 396 397 0.04564959411357906
514 334 349 0.09005565470177805
515 122 353 0.07003899273381797
516 271 272 0.05114381087723822
517 7 8 0.014590836237994854
518 29 30 0.04997090016483408
519 300 302 0.022922932799074026
520 127 139 0.033842059843244655
521 214 215 0.06009819043131733
522 8 56 0.047626130286452864
523 25 77 0.022310080087569586
524 54 298 0.041673422504932535
525 176 201 0.0669343466377727
526 1 172 0.00016193103373558651
527 114 220 0.05479108186912834
528 124 251 0.04287561351211845
529 219 317 0.04315602478002082
530 329 354 0.060445639078330456
531 51 151 0.0955872480659133
532 247 248 0.06596545820417085
533 270 344 0.0319165021950909
534 379 381 0.03563904255203999
535 118 217 0.054151784828971095
536 333 352 0.07714763995945813
537 140 141 0.027308264584359487
538 302 366 0.05835877015735306
539 334 335 0.05477064126628135
540 44 141 0.024968064006706103
541 193 194 0.04564790648943034
542 221 222 0.010187651588222279
543 213 218 0.012305716425399177
544 279 280 0.003889509223337812
545 304 393 0.044524161153628415
546 253 254 0.013152926524281813
547 209 326 0.0492316394688861
548 311 312 0.05660190592063953
549 354 391 0.03700952444569102
550 47 49 0.014279510413808991
551 340 341 0.03307284477287426
552 76 397 0.00020668919243829105
553 199 200 0.0001095661963151769
554 144 145 0.02232720246189029
555 257 260 5.532376056103953e-05
556 309 373 0.037483572772027234
557 341 342 0.017483605088716204
558 3 34 0.00137842415606536
559 134 281 0.062426788286547456
560 387 395 0.0001954149498274996
561 97 189 0.08572298512327133
562 92 93 0.00018306923713199048
563 278 283 0.0780335583899875
564 188 346 0.0499091481562522
565 248 332 1.9582115231119087e-05
566 291 318 0.010814678135304156
567 46 193 0.0561932139694936
568 99 101 0.07747967124091439
569 261 262 0.03902543874885718
570 297 358 0.02053997669963062
571 354 386 0.011456159399634243
572 52 115 0.03900546350913914
573 337 349 0.026666010295690386
574 82 84 0.05542005702113138
575 205 206 0.03500632950121043
576 101 282 0.07081068215579851
577 130 132 0.03374711838928262
578 266 277 0.026185303039081405
579 224 253 0.0017631678621885564
580 152 153 8.241627534363676e-05
581 61 390 0.03613281319172028
582 231 380 0.041444572264638276
583 360 367 0.04966572707155555
584 182 184 0.00015421038500758124
585 117 204 0.0001683749365694862
586 322 323 6.758111319789663e-05
587 44 133 0.018107597752143444
588 106 108 0.00010262023562586736
589 265 331 1.8115413680370648e-05
590 94 376 0.06301638467697922
591 14 15 0.02935499574402145
592 123 245 0.024177096150912646
593 318 348 0.05702888019324524
594 156 253 0.05251069556751499
595 303 307 0.00024660330049853174
596 39 197 0.09119742143815894
597 375 387 0.0774188357529248
598 64 280 0.0052279278102489975
599 16 180 0.016099825060406105
