1132
0 208 320 0.0009037539733866147
1 64 155 0.04028278405648442
2 204 205 0.00010129571976948
3 63 292 0.0419573638130888
4 374 381 0.08067367441610551
5 136 155 4.372815183189713e-05
6 21 24 0.02979010353759011
7 221 307 0.00021511675992717357
8 86 394 0.046623045332445635
9 321 322 0.0426387844851873
10 13 57 0.08286084217306076
11 2 191 0.06054788202584682
12 88 90 0.020087644234264464
13 40 43 0.01492851223412769
14 74 75 0.022115439140652723
15 176 263 0.08148591220239222
16 182 183 0.03902445939261822
17 211 212 0.010738103582118042
18 235 342 0.04144678819240185
19 99 192 0.06974804056155161
20 298 299 0.0303695374815761
21 343 345 0.03806270923132166
22 224 332 0.0001322842443146571
23 25 26 0.08143848630844579
24 8 399 0.03524195904120389
25 19 22 0.04938697396335367
26 23 91 0.08485580673852144
27 201 270 0.03813728655367005
28 213 216 0.04175485332040884
29 50 130 7.891510627338369e-06
30 328 329 0.028194505715268766
31 171 294 0.06867045876861068
32 279 332 0.060616312172854604
33 243 244 0.025003373040866587
34 6 108 0.023990693797298342
35 14 240 0.0026390086743771374
36 338 386 0.0539734592089557
37 297 361 0.05272586592190268
38 356 364 0.015623099267594566
39 359 360 0.0608026590952271
40 179 246 0.00014834416462211421
41 177 310 0.024492461228542334
42 71 301 8.935867262504436e-05
43 339 343 0.04089558771811139
44 274 275 0.06176597949136945
45 17 197 0.07433901749196606
46 305 306 0.00020177560313738225
47 159 321 1.6599568230271133e-05
48 360 361 0.07257324634971903
49 32 33 0.030218367589366427
50 392 393 0.03802563650255085
51 166 334 0.05093323355744423
52 256 262 0.00019960199339874002
53 110 203 0.010740917600775729
54 11 124 0.03440274466620419
55 306 307 0.0003696396399079524
56 33 103 0.06123260529205464
57 110 212 0.0002951117586401366
58 164 165 0.02668235890118841
59 284 314 6.650612846566145e-05
60 219 236 0.031558882416158854
61 87 89 0.02008070863247193
62 187 339 0.01665205237374346
63 68 129 0.02140667779210273
64 296 364 0.06750236262659398
65 195 196 0.027450875590638572
66 0 9 0.04185630077246823
67 45 261 0.014325336117465249
68 111 276 0.06992234828982587
69 356 359 9.939849284015483e-05
70 28 31 0.006308130381389511
71 224 225 8.160984914923145e-05
72 45 138 0.041637587578781894
73 128 155 0.06326424449174435
74 170 293 0.04586132540661213
75 117 202 0.0002058583178988448
76 256 257 8.43547394402521e-05
77 30 102 0.03843367509382206
78 14 350 0.009048108108079487
79 41 43 0.10959621568321302
80 40 137 0.044641281161200044
81 353 383 4.670589428411648e-05
82 52 267 0.060757545254759356
83 80 81 0.06702107968631395
84 287 288 0.0680141131869759
85 2 144 0.06062620804459059
86 318 328 0.05497580677330303
87 42 125 0.07134756246191949
88 31 32 0.019293090642227458
89 106 341 0.03112038711285983
90 70 72 0.042921258156248636
91 170 192 0.03270658643093946
92 126 128 9.50774027815789e-05
93 157 261 0.028278862770588064
94 233 276 0.007675371533663913
95 6 342 0.009663615361222991
96 58 59 0.057788232361828326
97 113 209 0.05351666331598014
98 359 377 0.01562404990431511
99 177 324 0.03804612890810625
100 206 321 0.05529285740551516
101 91 183 0.019854608582016955
102 203 211 0.00012311337361694118
103 22 93 0.0643338954734012
104 37 388 0.09304738848235161
105 268 305 0.05101352987870474
106 87 88 0.000348410692490027
107 133 135 0.04000599362157863
108 68 128 0.04376759604572823
109 325 327 0.00013995647896377364
110 146 255 0.06886784353210293
111 0 1 0.026628598820125565
112 226 370 0.03637518911998519
113 52 288 0.04802939684234302
114 355 366 0.0001671063668259564
115 228 323 0.02094792670722659
116 77 79 0.018369579144213364
117 65 66 0.10289218282619858
118 125 375 0.058039188573977885
119 221 305 0.00021335238155946462
120 70 92 0.0677858761676004
121 53 125 0.09119130200953632
122 56 283 0.0040592801848047515
123 85 275 0.07447839788666388
124 69 219 0.05703822449867033
125 54 204 0.06872106480608778
126 94 95 0.06205648068124952
127 373 392 0.050425753376919076
128 111 390 0.034657212408041385
129 177 178 0.026938287457852324
130 313 399 0.02089521092702808
131 210 230 0.02088948954741261
132 362 382 0.08346031355329259
133 16 97 0.039595615892054674
134 13 15 0.09391737607082964
135 349 350 0.03259410427802584
136 33 173 0.03583763626336471
137 13 20 0.11116610174024723
138 222 250 0.04138425246884679
139 293 294 0.03716388441157332
140 153 154 0.06235392281596875
141 142 154 0.05729965343105637
142 156 280 0.016985415517828034
143 350 351 0.0009352717581784357
144 225 263 0.012777846434343884
145 226 229 0.05654986432619336
146 73 81 0.009606833608316271
147 252 254 0.08518728543988414
148 237 238 0.004005785268311785
149 369 390 0.02208673471223193
150 277 385 0.1014649831831356
151 10 238 0.02209122774034808
152 215 228 0.06301455486493833
153 48 49 0.00030272182261333074
154 212 389 0.05334838253334822
155 304 308 0.037921654516395495
156 268 269 0.029754698280086513
157 202 205 0.0001423855538485207
158 237 344 0.03540968294387643
159 66 178 0.06780586109672006
160 220 303 0.008999051704979614
161 357 393 0.10145761399048257
162 27 120 0.08158333803656419
163 10 12 9.629035568642878e-05
164 117 160 0.08142545242743701
165 87 189 0.12314093788678639
166 138 140 0.010491941526531325
167 36 372 0.0012722692440708446
168 340 388 0.054141826881351746
169 285 316 0.00015486622027587423
170 129 194 0.03298388816733861
171 181 241 0.03996692803528817
172 166 168 0.07424751629920635
173 59 115 0.10672089480008622
174 150 365 0.029311793965680108
175 278 319 0.06519617391289137
176 100 101 0.03290273488114109
177 308 309 0.04802697563845871
178 232 273 0.053201409723877685
179 114 223 0.039003118067863024
180 142 144 0.002453210183671887
181 21 59 0.051884376598434846
182 4 5 0.02506905343937738
183 44 258 0.032510687116027066
184 41 136 0.039047700489790914
185 242 328 0.053683823599493065
186 217 391 0.06103611502208543
187 254 263 5.589742080538318e-05
188 369 389 0.03602986230172382
189 246 310 0.038965103717410784
190 26 27 0.039700149860438357
191 358 379 0.03754590236778215
192 76 77 0.10729530893760764
193 12 40 0.0361912937623961
194 112 210 4.4123148415207124e-05
195 361 381 0.03637737320722829
196 112 217 0.05901100621205429
197 364 377 4.3493742527246854e-05
198 236 284 5.998443733884665e-05
199 250 286 0.04248710752183942
200 84 165 0.06933086858319745
201 30 171 0.0466454190478273
202 19 72 0.025151433967153424
203 79 86 0.04213473920834275
204 82 83 0.050617943735686025
205 116 158 0.05147167549736964
206 214 249 0.06568773630784334
207 55 288 0.14947371968187148
208 246 279 0.043509254383923016
209 180 239 0.06493978854345991
210 330 339 0.04808297529311953
211 119 168 0.036111341507803284
212 264 266 0.06727965703347441
213 199 235 0.07142543134735985
214 206 299 0.05741907667478064
215 135 259 0.02609187142050025
216 285 315 0.00017326964766518598
217 131 132 0.07248720424629514
218 34 35 0.08107790527647571
219 60 61 0.027169321495309942
220 120 169 0.04313169652809013
221 104 107 0.0010286452110555757
222 82 184 0.030499863854745762
223 187 289 0.05303404498580681
224 234 324 0.08228917311331974
225 272 358 0.02906541171947253
226 235 385 1.2868142627581616e-05
227 37 195 0.027085947263664666
228 196 197 0.05003022781892926
229 71 382 8.636474453848169e-05
230 78 81 0.02006186053653579
231 158 159 0.047597782250659526
232 39 121 0.04782750714208289
233 62 245 0.07929737106319786
234 282 283 1.6629893565518853e-05
235 107 108 0.0011971019475168678
236 57 163 0.013879610914568324
237 347 376 0.03830713134814128
238 123 269 0.049134032695318824
239 89 90 7.230173780879112e-05
240 41 126 0.04698624397658263
241 172 173 0.0002250733538134722
242 124 270 0.028232032995470425
243 20 85 0.023679964801797015
244 267 289 0.06053561846976576
245 148 149 0.03536168908818778
246 345 346 0.018657715976393388
247 134 145 0.07352307939454454
248 140 157 0.02554836126775273
249 162 286 0.014555148157708753
250 24 74 0.06181794326838805
251 34 104 0.02661902975186911
252 64 179 0.04355931179178733
253 218 329 0.06113186440266667
254 272 380 0.00914361820187061
255 46 175 0.05472940025995603
256 127 129 0.00013777663939876453
257 149 363 0.00023332642276772123
258 365 368 0.00024232264989742876
259 159 228 0.03045637607995252
260 21 23 0.05441432917617243
261 109 266 0.06649024616147985
262 57 167 0.04109297553787768
263 223 286 0.022554196174751774
264 337 338 0.008509022473695891
265 60 172 0.047604827274054726
266 319 320 0.028815683272706637
267 48 232 0.016585936608462238
268 301 371 0.00012827869569778622
269 20 88 0.07869775023632812
270 169 267 0.02412256144783275
271 314 330 1.2564273113392044e-05
272 398 399 0.04008545285975921
273 249 287 0.024327773014587595
274 265 320 0.03676595231184694
275 113 118 0.014775486133102946
276 344 345 0.0426232961224757
277 271 273 1.4294683906609117e-05
278 326 327 0.00017559706367467376
279 130 255 0.004773413717291596
280 394 396 0.08013490615389306
281 29 31 0.03443573570080556
282 375 376 0.08474697366874695
283 300 356 0.07366751891489975
284 36 105 0.07288355902632848
285 131 256 0.041320348269191266
286 113 216 0.024829639316767838
287 241 315 0.044182875930589394
288 213 348 0.05093355441301052
289 160 223 0.06689759688632539
290 75 78 0.00021301435119678523
291 220 222 0.0001398961230883675
292 42 43 0.01926843535398227
293 147 153 8.103678544822881e-05
294 70 384 0.04350598214335466
295 96 97 0.046205833475789555
296 208 336 0.008574610385540537
297 51 255 0.00013898054890583992
298 174 303 8.754989396326084e-05
299 37 198 0.02594191206673712
300 143 146 0.06289227850564036
301 47 231 0.006136896302226246
302 171 297 0.057515279450680024
303 198 200 0.00028197002069699835
304 45 53 0.04747478315177978
305 308 355 0.04845411291937516
306 229 333 0.022388652496539957
307 5 385 0.04769351678132015
308 65 114 0.05301373797123322
309 9 233 0.06169313790237834
310 239 240 0.06876214480154963
311 67 68 0.0759142868169418
312 242 386 0.06284457829320328
313 185 186 0.02575879004122031
314 234 298 0.024782046385233087
315 371 382 0.00011687774133627126
316 147 148 0.06200380219455821
317 28 311 0.0205317148184376
318 23 73 0.047953757853560694
319 243 378 0.045881464181670745
320 134 135 0.06033838108295828
321 231 232 0.0010644643387096005
322 141 193 0.05486432176825692
323 268 309 0.06589434040151565
324 260 262 1.5894420711443792e-05
325 178 179 0.04779983779641944
326 269 292 0.06220097083027381
327 2 152 0.06549006694894993
328 26 94 0.06127635160286314
329 78 79 0.03728318013416674
330 151 154 0.038717221006463375
331 161 162 0.06959197245769735
332 67 175 0.05453392677867259
333 126 127 0.05374206911953562
334 69 343 0.03218548629466526
335 47 244 0.086579179072913
336 133 392 0.07035636095548788
337 76 387 0.00048827700782601367
338 18 63 0.0581345734441264
339 207 208 0.04048878161435183
340 110 111 0.0475393244826686
341 227 384 0.04393789833377142
342 367 371 0.08551642700966328
343 71 72 0.056470815929296245
344 90 274 0.01482471552078288
345 168 244 0.05736633130836602
346 378 380 0.048003620024424556
347 50 396 0.060151853412882504
348 191 192 0.03638321527033271
349 24 27 0.0576747698530923
350 102 103 6.0534107333450586e-05
351 295 296 0.042332820548379134
352 184 185 0.023901382995867897
353 276 299 0.04496916768438287
354 137 252 0.0001830191743754198
355 292 383 0.06358831378199185
356 287 291 0.08086492438856956
357 325 326 0.00013547953133704363
358 143 145 0.007622796923331815
359 0 7 0.05619255534302921
360 198 199 0.000282234890322748
361 211 327 0.03849370527569552
362 355 383 0.0017098626639589578
363 160 161 0.011594774175113778
364 91 93 0.025871147004314515
365 190 191 0.06980979325237814
366 119 389 0.074112051894106
367 122 301 0.05275731975501294
368 243 352 0.07132085443699349
369 162 245 0.06635750975451608
370 15 96 0.06743358846801802
371 3 99 0.0866512052906832
372 247 331 0.04781310760426685
373 274 365 0.023501879017005872
374 277 278 0.07237306756867275
375 98 100 0.0248096982582777
376 174 306 0.0002838633998977921
377 296 357 0.014096307730823283
378 236 330 0.00013326774973156842
379 11 12 0.01687024963927284
380 92 186 0.03809053544438553
381 136 156 0.0324858956527904
382 123 250 0.03450722609501255
383 95 188 0.03472668116350493
384 3 4 0.02723136506921337
385 378 379 0.014601367642121776
386 5 6 0.00017833940724527167
387 331 336 0.033199572763851146
388 56 312 9.221270057794595e-05
389 284 285 0.05864718764577083
390 119 230 0.06492427674873323
391 137 251 0.00013964226965110257
392 80 83 0.00020927369008066216
393 363 368 0.03658143645396841
394 17 317 0.05676626631019096
395 121 264 0.03250640905528606
396 203 322 0.05039600924094247
397 11 237 0.008395640758253688
398 174 175 0.05391972821223877
399 337 391 0.038506555192796395
400 17 181 0.025553491882143127
401 138 139 0.08373854643215667
402 29 98 0.024711524861904244
403 69 201 0.05861379463764364
404 10 42 0.04195788441339139
405 116 214 0.07075994225701598
406 163 165 0.07828955590849015
407 84 85 0.06181656051332051
408 48 60 0.05409713859070633
409 166 167 0.06724480687871347
410 38 207 0.012755133301964485
411 139 194 0.0002141408868601726
412 150 151 0.07898656281228356
413 251 252 0.00012836969149204313
414 207 324 0.05390965435809765
415 46 373 0.05291375175736589
416 300 304 0.04236759017184005
417 190 295 0.00021084530848109682
418 164 227 0.06108941855609668
419 146 257 0.05664259471383331
420 132 395 0.06616857011628609
421 62 63 0.06989509754477775
422 363 372 0.04243155099470771
423 230 335 0.0048918712024997495
424 249 348 0.04436667354145528
425 180 181 0.07427808325225795
426 142 143 0.019896805321576592
427 39 176 0.042808914589137104
428 290 314 0.05431262373554532
429 157 258 0.014525279042311469
430 103 273 0.00013933567604938914
431 226 227 0.028288316203224563
432 315 316 0.0001250850925402048
433 18 122 0.03093116757932957
434 89 368 0.0320490744124257
435 258 259 0.01534683335287347
436 352 374 0.02387338381781479
437 316 317 0.008666498210833345
438 105 106 0.002057486528859826
439 109 196 0.03658522984168561
440 353 366 0.0016996381202843134
441 259 260 0.05684678619093677
442 289 290 0.020018124646108075
443 362 384 0.021870279182601815
444 115 120 0.028915149779520026
445 149 150 0.015818244908946726
446 346 347 0.04699937423274823
447 18 19 0.054286602388703094
448 25 75 0.036310197698783485
449 121 247 0.03791836900751656
450 233 234 0.057690510667799344
451 290 291 0.0815781680117833
452 7 38 0.09926859071836538
453 225 248 0.0001417442220758406
454 189 388 0.02190390386224297
455 98 170 0.08588405388377036
456 49 369 0.06856351459489261
457 264 265 0.05703456922260139
458 35 152 9.874408719135279e-05
459 36 148 0.015473907897439437
460 53 131 0.029082081496430538
461 209 210 0.06143207261405158
462 9 61 0.03456580676080682
463 281 357 0.015099806711158178
464 167 333 0.020088673597615934
465 183 186 6.108465614457215e-05
466 294 377 0.07996695029500489
467 370 374 0.06400319978995686
468 4 107 0.0001384967132954465
469 109 200 0.025147309113675728
470 362 370 0.03871473980517868
471 54 66 0.06330476659106044
472 241 242 0.06488487298957762
473 55 58 0.05074862708914789
474 238 347 0.04976648565669875
475 116 161 0.06556054383498926
476 65 67 0.04925187908058976
477 187 188 0.03781956623683296
478 95 169 0.06198382957751834
479 38 319 0.02636054274905963
480 112 335 0.020627719382825826
481 340 372 0.07470820538971329
482 16 195 0.07612499815305919
483 35 147 0.00015573353920237228
484 83 86 0.07052762606952943
485 118 218 0.04404577569222522
486 22 58 0.09951489806244551
487 215 216 0.04336670094465326
488 302 367 0.04916509515148483
489 275 394 0.09287429520432038
490 163 229 0.031925171529565574
491 32 313 0.014110866358865697
492 190 281 0.04450148109357508
493 310 336 0.06631030953732116
494 338 351 0.037676938186519175
495 282 312 0.004026521027284745
496 311 313 0.012295320854227815
497 55 62 0.05820945977832551
498 158 202 0.042141185415195744
499 1 398 0.0003227954679534508
500 395 397 4.068889396071985e-05
501 293 295 0.051796842505381975
502 240 351 0.008805608174008012
503 73 74 0.00536240763467094
504 96 239 0.00032344163424139947
505 102 271 0.00014903979178020857
506 80 182 0.062003652375864395
507 50 51 0.004789614393419468
508 323 325 0.03371091605995007
509 173 398 0.00029908591336409333
510 28 100 0.03662927381591092
511 104 105 8.243117477085306e-05
512 164 185 0.061396414511805504
513 396 397 0.04459917320090883
514 334 349 0.09170590000478716
515 122 353 0.07108253689409992
516 271 272 0.05128049094665765
517 7 8 0.014177399777792794
518 29 30 0.05110278670282924
519 300 302 0.022790001322604333
520 127 139 0.0329799842020771
521 214 215 0.058263432372243774
522 8 56 0.04817103748190092
523 25 77 0.021790813321160105
524 54 298 0.0414737459061941
525 176 201 0.06826207138549366
526 1 172 0.00022895410658971296
527 114 220 0.05459166653682975
528 124 251 0.04282780382643165
529 219 317 0.04354526750600803
530 329 354 0.06026116557299379
531 51 151 0.09731451523354893
532 247 248 0.066885930470157
533 270 344 0.030219586909200267
534 379 381 0.03516031777724723
535 118 217 0.053999100880749176
536 333 352 0.07804155682460201
537 140 141 0.026188936014726057
538 302 366 0.05876160678338075
539 334 335 0.05539749164961487
540 44 141 0.024527569491569222
541 193 194 0.04572340484667977
542 221 222 0.009112777088875397
543 213 218 0.011546456698806018
544 279 280 0.0033087085462846894
545 304 393 0.044756882254771826
546 253 254 0.012646268954729685
547 209 326 0.05016993332491365
548 311 312 0.05740094957683564
549 354 391 0.03612939067199831
550 47 49 0.01366626243749858
551 340 341 0.03359975758728423
552 76 397 0.0002397508496520257
553 199 200 0.00034048761580912114
554 144 145 0.020401785350387884
555 257 260 0.00018022211922572945
556 309 373 0.037457145513361365
557 341 342 0.015723646918823077
558 3 34 0.00018319759599468824
559 134 281 0.06342017324547795
560 387 395 0.0003045552025873286
561 97 189 0.08658278412277064
562 92 93 0.0002867991180595109
563 278 283 0.07953065480439378
564 188 346 0.049961242203867946
565 248 332 0.000124680237733944
566 291 318 0.011179410626705596
567 46 193 0.056484839047688085
568 99 101 0.07835062066046264
569 261 262 0.03902934916896653
570 297 358 0.020401956100284203
571 354 386 0.009843216940859318
572 52 115 0.0381865050574254
573 337 349 0.025486435332716023
574 82 84 0.055560451063555956
575 205 206 0.034296122824137756
576 101 282 0.07039581408906416
577 130 132 0.033851374516487495
578 266 277 0.02553836908574268
579 224 253 0.00047370385765173887
580 152 153 0.00017313734676018198
581 61 390 0.03645994629530209
582 231 380 0.04212209036830894
583 360 367 0.049901645950133806
584 182 184 0.00029345400103814815
585 117 204 0.00020590657824621852
586 322 323 3.3691988792351816e-05
587 44 133 0.018036806979949263
588 106 108 0.00012450881835570921
589 265 331 4.9560804928005955e-05
590 94 376 0.06292117450820112
591 14 15 0.02985844433916225
592 123 245 0.022945933798533904
593 318 348 0.055446182256973765
594 156 253 0.05336996051800327
595 303 307 3.6899001240361336e-05
596 39 197 0.09175493304963585
597 375 387 0.07807807293106912
598 64 280 0.003839716592313906
599 16 180 0.015321294109973491
