1312
0 208 320 2.861025060978249e-05
1 64 155 0.03996378611200885
2 204 205 0.0001657076010172347
3 63 292 0.037699167950905034
4 374 381 0.08525840464835806
5 136 155 4.753825567392105e-05
6 21 24 0.023770744151635312
7 221 307 8.580309125805739e-05
8 86 394 0.04975550251845547
9 321 322 0.04037078018324038
10 13 57 0.08846265380076734
11 2 191 0.06494670158068903
12 88 90 0.011544448550068899
13 40 43 0.012897219553548219
14 74 75 0.020643517104181778
15 176 263 0.0802747788221971
16 182 183 0.037033377692577654
17 211 212 0.006710634827589985
18 235 342 0.04572834403325162
19 99 192 0.06683620345582386
20 298 299 0.024069370776978162
21 343 345 0.040190434685360994
22 224 332 0.0001193921287677022
23 25 26 0.08382538396706105
24 8 399 0.032536299739213646
25 19 22 0.05143055344643778
26 23 91 0.09153110959285597
27 201 270 0.03983772693053472
28 213 216 0.03632797301950066
29 50 130 4.7867056927434034e-05
30 328 329 0.023177756040081512
31 171 294 0.07260994277734564
32 279 332 0.06082876818616736
33 243 244 0.02473383107662924
34 6 108 0.021604173298263182
35 14 240 6.194201672012627e-05
36 338 386 0.055630245140795745
37 297 361 0.045655468469059726
38 356 364 0.00849576691487089
39 359 360 0.06002900343814608
40 179 246 6.622132272809985e-05
41 177 310 0.019812063565200426
42 71 301 0.0001130286216712066
43 339 343 0.03987213083911902
44 274 275 0.06127881359105366
45 17 197 0.07968438614498363
46 305 306 0.0003383117354580778
47 159 321 8.253542517468414e-06
48 360 361 0.08194440963664221
49 32 33 0.03248793753291879
50 392 393 0.03823143474305547
51 166 334 0.051700966118648245
52 256 262 0.00018383664444837102
53 110 203 0.006700738575274545
54 11 124 0.027951725322793226
55 306 307 0.00015738557774975056
56 33 103 0.06478927254269205
57 110 212 6.3928943650152e-05
58 164 165 0.02252813270582066
59 284 314 9.28785509133875e-05
60 219 236 0.02303657588445094
61 87 89 0.0115471464151829
62 187 339 0.01719981219503956
63 68 129 0.018805038736873208
64 296 364 0.07102343469119704
65 195 196 0.023686407501682223
66 0 9 0.04401200537924024
67 45 261 0.004567263457146391
68 111 276 0.07144692571791635
69 356 359 2.4570486972544998e-05
70 28 31 9.42488872532598e-05
71 224 225 0.00030738988063662843
72 45 138 0.040047792172414706
73 128 155 0.06505161219385629
74 170 293 0.048765137421209
75 117 202 0.0004505813889402094
76 256 257 0.0002019300465796326
77 30 102 0.03695247720507795
78 14 350 0.004903751822105597
79 41 43 0.11821603575505168
80 40 137 0.039894196274009246
81 353 383 0.000162629054374419
82 52 267 0.055151566207549345
83 80 81 0.06993822535742383
84 287 288 0.07721773340042369
85 2 144 0.06182838811177503
86 318 328 0.059357682314012415
87 42 125 0.07897525305869879
88 31 32 0.018748259941123276
89 106 341 0.022317259401745608
90 70 72 0.04355619951578242
91 170 192 0.029081717110649625
92 126 128 0.00013602097086548194
93 157 261 0.028250546069062934
94 233 276 0.001985659546189656
95 6 342 0.0033371618570116044
96 58 59 0.05960431445325777
97 113 209 0.05450334060047132
98 359 377 0.008490283220363198
99 177 324 0.03876228524867627
100 206 321 0.056467113170968225
101 91 183 0.017614157982294234
102 203 211 2.3234142531522685e-05
103 22 93 0.06544462117496805
104 37 388 0.09127047783564557
105 268 305 0.05140075558516784
106 87 88 4.0349037006036184e-05
107 133 135 0.03121876844663789
108 68 128 0.04426095684385358
109 325 327 0.00014023424507156535
110 146 255 0.07011700121497255
111 0 1 0.021641913774427365
112 226 370 0.02958652946517302
113 52 288 0.04877575501448346
114 355 366 0.0002944093456363648
115 228 323 0.02022097198614141
116 77 79 0.01450014436522613
117 65 66 0.10761015070138653
118 125 375 0.051769504597801115
119 221 305 0.0002713812210067674
120 70 92 0.06982417319593737
121 53 125 0.09954479501073077
122 56 283 0.0003287493741687337
123 85 275 0.06758269790103442
124 69 219 0.0594505082455255
125 54 204 0.06747235393177499
126 94 95 0.058546668656656545
127 373 392 0.04970276300774843
128 111 390 0.03407524190926462
129 177 178 0.020756484021894252
130 313 399 0.02313388278571936
131 210 230 0.011383992465008269
132 362 382 0.08596240528942589
133 16 97 0.032838566563304285
134 13 15 0.10250174935853203
135 349 350 0.03153582964938463
136 33 173 0.033043850910194635
137 13 20 0.1135934307873282
138 222 250 0.043527206752365856
139 293 294 0.03727715822143374
140 153 154 0.05999748439885822
141 142 154 0.061174266484902456
142 156 280 0.012532321838633249
143 350 351 9.448691285496192e-06
144 225 263 0.00835212016333653
145 226 229 0.0604031351938491
146 73 81 0.008907327746536395
147 252 254 0.09168594497490377
148 237 238 0.00026937614464090005
149 369 390 0.019723611049231957
150 277 385 0.10253407756421155
151 10 238 0.0192778835180886
152 215 228 0.06516966721069613
153 48 49 1.1004707127879226e-05
154 212 389 0.05292965054678993
155 304 308 0.03550798384896177
156 268 269 0.026670347408301966
157 202 205 0.0002285337510372602
158 237 344 0.03357424596853387
159 66 178 0.07502534454931135
160 220 303 0.0030644569259656454
161 357 393 0.10496200694367067
162 27 120 0.0829503607267445
163 10 12 9.760160042898395e-05
164 117 160 0.0862538753673193
165 87 189 0.12843019572549852
166 138 140 0.00576742445194328
167 36 372 0.0002744752698963182
168 340 388 0.05950244178131553
169 285 316 0.00019363317414584056
170 129 194 0.029118715759279414
171 181 241 0.03654937065393856
172 166 168 0.06895367769040142
173 59 115 0.1059392712053938
174 150 365 0.02985803362037073
175 278 319 0.0644211510124424
176 100 101 0.030434123331327133
177 308 309 0.049768284549386366
178 232 273 0.05287495143989266
179 114 223 0.04252214785504689
180 142 144 4.4674034783132564e-05
181 21 59 0.056163470273832526
182 4 5 0.021672643295104634
183 44 258 0.02458895958181033
184 41 136 0.03552156216767295
185 242 328 0.04695457860549602
186 217 391 0.0658632793274183
187 254 263 0.00018454119318990893
188 369 389 0.03835734734216966
189 246 310 0.03859101907883944
190 26 27 0.03459196631531543
191 358 379 0.030093749680738552
192 76 77 0.11411778807034019
193 12 40 0.03172992245188889
194 112 210 0.00030368320285758003
195 361 381 0.03244438058795336
196 112 217 0.06188421962380509
197 364 377 0.00021950395546766334
198 236 284 0.0002776115812008237
199 250 286 0.043132381475995525
200 84 165 0.0675886187607436
201 30 171 0.04625336497017882
202 19 72 0.021839320279210834
203 79 86 0.0412731541101512
204 82 83 0.047579870961750696
205 116 158 0.04445683736568309
206 214 249 0.07190686840452347
207 55 288 0.14751483877331475
208 246 279 0.04376994519047341
209 180 239 0.062308042603200615
210 330 339 0.04617453527004308
211 119 168 0.035436845827910415
212 264 266 0.07426272580218468
213 199 235 0.07406396807361358
214 206 299 0.05985174395371638
215 135 259 0.022664126331559478
216 285 315 0.00017034599545521722
217 131 132 0.07664938382778375
218 34 35 0.08421156953749429
219 60 61 0.02511090636165696
220 120 169 0.04222255258727329
221 104 107 0.00016479290674162165
222 82 184 0.026602569121809364
223 187 289 0.0484215155068701
224 234 324 0.09241058837022052
225 272 358 0.029292585006312946
226 235 385 9.456104528101354e-05
227 37 195 0.02433613532448129
228 196 197 0.054795405591936165
229 71 382 0.00021999778427883777
230 78 81 0.01623209038587062
231 158 159 0.049203366245383635
232 39 121 0.05133286969065345
233 62 245 0.08321090064123893
234 282 283 0.00024965315226190124
235 107 108 0.0002569328902124144
236 57 163 0.011232277430127896
237 347 376 0.040423402783150826
238 123 269 0.0493204594624244
239 89 90 5.5341776474206226e-05
240 41 126 0.04523150790101108
241 172 173 0.00019876278169097725
242 124 270 0.025344547015057922
243 20 85 0.020677338377518725
244 267 289 0.06543661525316607
245 148 149 0.03286564714446464
246 345 346 0.01570008364598263
247 134 145 0.0789521969063364
248 140 157 0.020840326519668575
249 162 286 0.005068068601654552
250 24 74 0.05984563697832731
251 34 104 0.02416055115506118
252 64 179 0.04433407882718269
253 218 329 0.06418931734947039
254 272 380 0.0045052494850412106
255 46 175 0.05697148199791013
256 127 129 7.087982902062415e-05
257 149 363 0.00010107138808654004
258 365 368 8.158404170411584e-05
259 159 228 0.027747849024718267
260 21 23 0.048202080281685725
261 109 266 0.06950793329244237
262 57 167 0.035793910693048235
263 223 286 0.017967959750666222
264 337 338 0.00033035678393171893
265 60 172 0.048020905613993886
266 319 320 0.02785531314958473
267 48 232 0.013168167795362049
268 301 371 0.00016260811304379526
269 20 88 0.08235321738863643
270 169 267 0.01785205367900816
271 314 330 0.00011903825319830516
272 398 399 0.03903761199643797
273 249 287 0.02566545936394902
274 265 320 0.03552935524600324
275 113 118 0.011184943921152367
276 344 345 0.046827988944988456
277 271 273 6.779431156661537e-05
278 326 327 0.00017207855085866642
279 130 255 0.00011077606135280737
280 394 396 0.08395090210283777
281 29 31 0.0330683446332242
282 375 376 0.08681997169151123
283 300 356 0.07767141017538283
284 36 105 0.07378795100338537
285 131 256 0.03818834909623115
286 113 216 0.02246936004951837
287 241 315 0.04244816359244539
288 213 348 0.05514456196910517
289 160 223 0.06715964534374287
290 75 78 3.629905577580489e-05
291 220 222 0.0001811967599958409
292 42 43 0.01643912488105909
293 147 153 0.00015084052232877974
294 70 384 0.045466154272939464
295 96 97 0.04686552176801762
296 208 336 0.007907043308227401
297 51 255 6.683410590252169e-05
298 174 303 0.00022128214652428205
299 37 198 0.022824709689235043
300 143 146 0.06942164776645479
301 47 231 0.004245912504321369
302 171 297 0.05824853309264819
303 198 200 0.0002633244631532355
304 45 53 0.05054981248047487
305 308 355 0.048836077200858176
306 229 333 0.019455357408190033
307 5 385 0.04770280981034464
308 65 114 0.05265446909443719
309 9 233 0.06826129337561847
310 239 240 0.07020535615574328
311 67 68 0.0800271757792407
312 242 386 0.06088905605854875
313 185 186 0.02349631137324812
314 234 298 0.020758849027799484
315 371 382 0.0002454079024708198
316 147 148 0.06344845109420043
317 28 311 0.018132269809316356
318 23 73 0.045849693963576514
319 243 378 0.04786929428239976
320 134 135 0.06723546955057765
321 231 232 7.379642006267557e-05
322 141 193 0.06012006475576461
323 268 309 0.06849177887478432
324 260 262 0.00038796519884013375
325 178 179 0.045171197589695226
326 269 292 0.06526262498899403
327 2 152 0.06500509874439106
328 26 94 0.06688767408896018
329 78 79 0.03388870805493389
330 151 154 0.035387711403462745
331 161 162 0.07312848234924241
332 67 175 0.04955883748922897
333 126 127 0.05431264688522841
334 69 343 0.02452587869276228
335 47 244 0.08558143943790458
336 133 392 0.07761407977188374
337 76 387 0.00016673978614008256
338 18 63 0.06092081894221905
339 207 208 0.034975012252720324
340 110 111 0.05132895217064671
341 227 384 0.04137201022139145
342 367 371 0.0889066133030421
343 71 72 0.053706352928643473
344 90 274 0.01176988348171906
345 168 244 0.06310304699042323
346 378 380 0.04375289990353982
347 50 396 0.061875159518667615
348 191 192 0.038141889492914575
349 24 27 0.06008310849499624
350 102 103 8.804417035825924e-05
351 295 296 0.03767343837047052
352 184 185 0.021941976688217235
353 276 299 0.04515954611605781
354 137 252 0.00018577956178174177
355 292 383 0.06387425450581245
356 287 291 0.06822218817405311
357 325 326 0.00013737269525827226
358 143 145 0.00017767732366395775
359 0 7 0.05473480843278218
360 198 199 0.0002640240987654945
361 211 327 0.03813371560450902
362 355 383 4.912549745598624e-05
363 160 161 0.00014537907656300963
364 91 93 0.02455068933722026
365 190 191 0.07042771707876057
366 119 389 0.0761390826500849
367 122 301 0.051284073801643834
368 243 352 0.07364008157050726
369 162 245 0.06290280223647642
370 15 96 0.06105576169486965
371 3 99 0.09562503071859994
372 247 331 0.04732506786236553
373 274 365 0.02566819513907574
374 277 278 0.07866674882587513
375 98 100 0.019641412627716574
376 174 306 0.00013240494900605189
377 296 357 0.011726745812967352
378 236 330 0.0002326340379738573
379 11 12 0.01418425482223356
380 92 186 0.03616933499476202
381 136 156 0.03268381665530758
382 123 250 0.030339447173022765
383 95 188 0.03656155859360844
384 3 4 0.024140096511219337
385 378 379 0.01135383613993251
386 5 6 0.00020496180089367427
387 331 336 0.03119771133299527
388 56 312 0.00019593131952800902
389 284 285 0.05749603737961441
390 119 230 0.06861193540988487
391 137 251 0.00013618302257124753
392 80 83 0.000327879861416467
393 363 368 0.03626901704265283
394 17 317 0.05708602486187601
395 121 264 0.02694487114798294
396 203 322 0.05126209756755543
397 11 237 0.007113295858965286
398 174 175 0.05482376369151476
399 337 391 0.03794181744411969
400 17 181 0.01886642847154204
401 138 139 0.09023789524443573
402 29 98 0.020019829640236214
403 69 201 0.06172185802781646
404 10 42 0.03655308427094819
405 116 214 0.07576748995439339
406 163 165 0.08136145087615239
407 84 85 0.06970364343018202
408 48 60 0.05758043123120918
409 166 167 0.07717287579169357
410 38 207 0.010905963248737199
411 139 194 0.00016439019146141862
412 150 151 0.08221356530098325
413 251 252 0.00012960137436249028
414 207 324 0.056815871463697896
415 46 373 0.05302934844829172
416 300 304 0.04110044456912646
417 190 295 0.00033155484330094515
418 164 227 0.06490332297854089
419 146 257 0.05844222069708693
420 132 395 0.06560540665758305
421 62 63 0.06836887667761231
422 363 372 0.04122334408459024
423 230 335 0.0003082221346270165
424 249 348 0.0383063198743242
425 180 181 0.08356879898063285
426 142 143 0.01124700584177628
427 39 176 0.04324969697323417
428 290 314 0.0544482969935657
429 157 258 0.014319034906195434
430 103 273 0.00017785305562262194
431 226 227 0.024429129890142325
432 315 316 0.0001388814804545597
433 18 122 0.025153687333622977
434 89 368 0.03198056142866705
435 258 259 0.013684851638116462
436 352 374 0.01592458477103109
437 316 317 0.00027701283735507393
438 105 106 0.00020744216998691518
439 109 196 0.03194531813244802
440 353 366 0.00033364779487369227
441 259 260 0.0570041955166729
442 289 290 0.02002587276423717
443 362 384 0.015543168946158896
444 115 120 0.02398622806042704
445 149 150 0.013222147524745683
446 346 347 0.04434710476933074
447 18 19 0.055477297504640324
448 25 75 0.031618232681643835
449 121 247 0.03202145969450498
450 233 234 0.0537613999026434
451 290 291 0.09057799825787413
452 7 38 0.10863698330405046
453 225 248 0.00029195349474952923
454 189 388 0.021544590833735996
455 98 170 0.09145972382318751
456 49 369 0.07142500799213687
457 264 265 0.054358804048741306
458 35 152 0.00011945567988609245
459 36 148 0.014751372306619735
460 53 131 0.021757627434888342
461 209 210 0.0636072288782673
462 9 61 0.029680059342849428
463 281 357 0.012930253966495393
464 167 333 0.015751680138048188
465 183 186 6.346644087827797e-05
466 294 377 0.0801747017668933
467 370 374 0.07099586910880089
468 4 107 8.308652493094422e-05
469 109 200 0.02149943851130568
470 362 370 0.03901031886848178
471 54 66 0.06641380993669456
472 241 242 0.07662474686246494
473 55 58 0.04873261225983413
474 238 347 0.053024712014341065
475 116 161 0.0708436650621407
476 65 67 0.048838284145494
477 187 188 0.03789904340551377
478 95 169 0.063600943317108
479 38 319 0.018872686225384832
480 112 335 0.011363277585075326
481 340 372 0.07092892277505433
482 16 195 0.0819276510959903
483 35 147 8.017673486757517e-05
484 83 86 0.07038905187187615
485 118 218 0.03995084710286985
486 22 58 0.10132523670492115
487 215 216 0.04811345430814567
488 302 367 0.04526054659029712
489 275 394 0.09818815246155566
490 163 229 0.027221003304913796
491 32 313 0.007859142278504374
492 190 281 0.039006104164222996
493 310 336 0.06877536441378516
494 338 351 0.04076737696345784
495 282 312 0.0002133245378620601
496 311 313 0.008792665027972603
497 55 62 0.06691318948409869
498 158 202 0.039163077139560964
499 1 398 0.0001344265035744491
500 395 397 0.00011749777899431269
501 293 295 0.0510812923494303
502 240 351 0.004897076011012897
503 73 74 0.0007333866657248478
504 96 239 3.1344660171306595e-05
505 102 271 0.00017411480126597255
506 80 182 0.058940414384856296
507 50 51 8.240049353913214e-05
508 323 325 0.03257526666415667
509 173 398 0.00013711425696720059
510 28 100 0.034307701780363575
511 104 105 4.85815154262452e-05
512 164 185 0.06476894009046771
513 396 397 0.039617676418111335
514 334 349 0.0988032857993187
515 122 353 0.07320272905464718
516 271 272 0.052302859684150216
517 7 8 0.011942145837621258
518 29 30 0.056914843197531345
519 300 302 0.022520213876116607
520 127 139 0.029120537186245916
521 214 215 0.049361659959340935
522 8 56 0.047046358572533774
523 25 77 0.019383316023521082
524 54 298 0.040745816832394754
525 176 201 0.07495492398665543
526 1 172 0.00011427635728153463
527 114 220 0.053467422841159636
528 124 251 0.04224656510606238
529 219 317 0.04601360142400872
530 329 354 0.05948583411019993
531 51 151 0.10310146282363768
532 247 248 0.07024426405269354
533 270 344 0.022056685991185154
534 379 381 0.032759399137211015
535 118 217 0.053773297061783805
536 333 352 0.08253667742545896
537 140 141 0.02089526543310491
538 302 366 0.05835597477468167
539 334 335 0.05562743876806885
540 44 141 0.022318316803908524
541 193 194 0.045955986071285634
542 221 222 0.0031416336976211752
543 213 218 0.00792948632430411
544 279 280 0.0011678579976039654
545 304 393 0.045805172455439754
546 253 254 0.008503165772593076
547 209 326 0.05430688273594354
548 311 312 0.057946596206593134
549 354 391 0.03196682357737157
550 47 49 0.010831817353094589
551 340 341 0.03517337108854201
552 76 397 0.0001184720047879935
553 199 200 0.00033209659346708026
554 144 145 0.01125049334794675
555 257 260 0.00026876247017808464
556 309 373 0.03731383871902169
557 341 342 0.008900845573543635
558 3 34 7.658061446644497e-05
559 134 281 0.06816757730508465
560 387 395 0.0001385485587303988
561 97 189 0.0904200951457849
562 92 93 6.006887395888733e-05
563 278 283 0.08369844376899696
564 188 346 0.050402672964571474
565 248 332 0.00021338001639057487
566 291 318 0.012988837938403051
567 46 193 0.05767728438588812
568 99 101 0.0822323888242557
569 261 262 0.03888453984755455
570 297 358 0.019786010358748246
571 354 386 0.0017854486691923884
572 52 115 0.03395320899123925
573 337 349 0.020812451282297546
574 82 84 0.055714710153420055
575 205 206 0.03130285121534893
576 101 282 0.06741536966397049
577 130 132 0.03175419938174065
578 266 277 0.02227894165265732
579 224 253 0.00021590517744301957
580 152 153 6.109605867808625e-05
581 61 390 0.03815429382212074
582 231 380 0.04539654494795967
583 360 367 0.051545550067187126
584 182 184 0.00022961728633707405
585 117 204 0.0002868312598946709
586 322 323 0.0003150704585545945
587 44 133 0.017534404441785018
588 106 108 3.288196977490557e-05
589 265 331 3.5053389225332294e-05
590 94 376 0.06266263409000362
591 14 15 0.028764773298207067
592 123 245 0.016673513657576824
593 318 348 0.04785748932168707
594 156 253 0.055170297384797645
595 303 307 0.00030551371327039136
596 39 197 0.09473001864108131
597 375 387 0.08199469970750549
598 64 280 0.00011167094774592068
599 16 180 0.01215952844202149
