1321
0 208 320 4.38387008807441e-05
1 64 155 0.03991517885195215
2 204 205 6.986367370255973e-05
3 63 292 0.037494677250587624
4 374 381 0.08549768669012556
5 136 155 6.217079245784066e-05
6 21 24 0.023478751140202325
7 221 307 0.0001151088122655565
8 86 394 0.04990082593351611
9 321 322 0.04026742125196232
10 13 57 0.08874099283190327
11 2 191 0.06513795533933575
12 88 90 0.011122236120952622
13 40 43 0.012794469966585047
14 74 75 0.02056256261333735
15 176 263 0.0802233390732783
16 182 183 0.0369251393333058
17 211 212 0.006520198231025966
18 235 342 0.0459260165995844
19 99 192 0.06670255283865424
20 298 299 0.023757835660681254
21 343 345 0.040301014601621214
22 224 332 5.534363681976515e-05
23 25 26 0.0839371022715556
24 8 399 0.03239812537940058
25 19 22 0.05154658981791899
26 23 91 0.09183217383404829
27 201 270 0.03990832495872356
28 213 216 0.036061644774743565
29 50 130 0.00041884924238786076
30 328 329 0.022928296262660037
31 171 294 0.07279690789402805
32 279 332 0.06097759762815735
33 243 244 0.02472562564751221
34 6 108 0.021398753712216056
35 14 240 5.4504919938378314e-05
36 338 386 0.05564697664954488
37 297 361 0.04529858730795493
38 356 364 0.008160669891902133
39 359 360 0.05996791457956702
40 179 246 2.4628246357271245e-05
41 177 310 0.01960563095587551
42 71 301 6.470890621626699e-05
43 339 343 0.03980625087972713
44 274 275 0.06126394546071797
45 17 197 0.07995651342685073
46 305 306 0.0003027267460138847
47 159 321 0.00016279309711880478
48 360 361 0.08239197360082265
49 32 33 0.03261057447558977
50 392 393 0.038248187909360756
51 166 334 0.05175920883511803
52 256 262 0.00017365131319761734
53 110 203 0.006512575338153143
54 11 124 0.02761954229150503
55 306 307 0.0004093542595681891
56 33 103 0.06495013195055122
57 110 212 1.2614082646187613e-05
58 164 165 0.02231754605945603
59 284 314 0.0002567358648948525
60 219 236 0.022693159778433083
61 87 89 0.011114999955340465
62 187 339 0.0172427434915735
63 68 129 0.018701452717909944
64 296 364 0.07119399314305189
65 195 196 0.02349677565674255
66 0 9 0.044134905149030734
67 45 261 0.0040950758399455976
68 111 276 0.0715159524669192
69 356 359 8.866126262349164e-05
70 28 31 0.00012939815893855215
71 224 225 4.5551436138652135e-05
72 45 138 0.03995759679851846
73 128 155 0.06517530397455361
74 170 293 0.04891063005398839
75 117 202 5.2639335215572004e-05
76 256 257 1.9203572101872694e-05
77 30 102 0.03682521848190416
78 14 350 0.004736062722766094
79 41 43 0.11857290939959145
80 40 137 0.039708652510328714
81 353 383 2.033593675603278e-05
82 52 267 0.05487731037533967
83 80 81 0.07009708745363447
84 287 288 0.07768266647142044
85 2 144 0.06186295139643792
86 318 328 0.05957285143520762
87 42 125 0.07935105207227422
88 31 32 0.018655772128583836
89 106 341 0.021841338785370788
90 70 72 0.043594401790723956
91 170 192 0.028908473593335576
92 126 128 8.789452237000627e-05
93 157 261 0.028254139258193884
94 233 276 0.0016973492265865407
95 6 342 0.00311918808839686
96 58 59 0.05969379381808034
97 113 209 0.05457634574585189
98 359 377 0.008156331002695362
99 177 324 0.03878837567270264
100 206 321 0.056476025602033145
101 91 183 0.017495718802047436
102 203 211 3.0031921437137787e-05
103 22 93 0.0655091638837897
104 37 388 0.09119489185854338
105 268 305 0.051530840433482744
106 87 88 5.143794059970568e-05
107 133 135 0.030790462878699132
108 68 128 0.04432475217787973
109 325 327 0.00013526119153417566
110 146 255 0.070134454657993
111 0 1 0.02142199691069212
112 226 370 0.029250946903641342
113 52 288 0.04881944074055781
114 355 366 0.00010592550123668235
115 228 323 0.02019763988938096
116 77 79 0.014314489297807794
117 65 66 0.10784839507358322
118 125 375 0.05146080150341868
119 221 305 0.00014694508837462397
120 70 92 0.0699453327348063
121 53 125 0.099961852974659
122 56 283 5.60202044138049e-05
123 85 275 0.06724827110505825
124 69 219 0.05955033551275437
125 54 204 0.06743926446660815
126 94 95 0.05837328217407426
127 373 392 0.049665013539203835
128 111 390 0.034055919265271586
129 177 178 0.02049556236629899
130 313 399 0.0232529094092288
131 210 230 0.01094739392361969
132 362 382 0.08613287140230357
133 16 97 0.03252369886585487
134 13 15 0.10285422769000711
135 349 350 0.03152906798631863
136 33 173 0.03306327740289621
137 13 20 0.11372302240884008
138 222 250 0.043615744303886025
139 293 294 0.037284616145656035
140 153 154 0.05980805180579313
141 142 154 0.06133939069979558
142 156 280 0.012342518828322555
143 350 351 0.00011440361069919786
144 225 263 0.008391659695867354
145 226 229 0.060588842433514846
146 73 81 0.008892742756831046
147 252 254 0.09198366304703712
148 237 238 0.00012938713985299975
149 369 390 0.019621187717643377
150 277 385 0.10251009381991108
151 10 238 0.01914359124967996
152 215 228 0.06525328949144824
153 48 49 9.531271595908943e-05
154 212 389 0.0529225853068979
155 304 308 0.035402486165396624
156 268 269 0.0265111403592917
157 202 205 0.00011738082563448693
158 237 344 0.033456971115331344
159 66 178 0.07535628267485506
160 220 303 0.0028590649637777327
161 357 393 0.10512681157822673
162 27 120 0.08302714089824798
163 10 12 4.4625333447124974e-05
164 117 160 0.08639687024993235
165 87 189 0.12867437864476086
166 138 140 0.005539517228556924
167 36 372 0.00020811469087220023
168 340 388 0.05974874350890649
169 285 316 0.00011866464532793333
170 129 194 0.028938180406389073
171 181 241 0.03637121733721022
172 166 168 0.06869561563716388
173 59 115 0.10590548763333535
174 150 365 0.02989691072036567
175 278 319 0.06437992838918401
176 100 101 0.030316353985616922
177 308 309 0.04984390001672908
178 232 273 0.05265949856767024
179 114 223 0.04268850818353225
180 142 144 7.77718455195451e-05
181 21 59 0.0563700389472892
182 4 5 0.02153502804150183
183 44 258 0.024193700070983058
184 41 136 0.035416741315033334
185 242 328 0.04661876635770004
186 217 391 0.06606170185635855
187 254 263 0.00021845278712246408
188 369 389 0.03847902566344758
189 246 310 0.03854721930852619
190 26 27 0.0343346357217551
191 358 379 0.029729526818132974
192 76 77 0.11454513441781881
193 12 40 0.03154630461339639
194 112 210 0.0002737824468153551
195 361 381 0.03223992823005989
196 112 217 0.06203630805843246
197 364 377 0.0002446592629615128
198 236 284 4.1262401230601524e-05
199 250 286 0.04316646897246697
200 84 165 0.06750750151068714
201 30 171 0.046238085344237685
202 19 72 0.021673576910051555
203 79 86 0.04123351048148941
204 82 83 0.04746285815590526
205 116 158 0.04412213570505547
206 214 249 0.07221070804282988
207 55 288 0.1474221207260887
208 246 279 0.04379660604369612
209 180 239 0.06217127565263883
210 330 339 0.04609962223969233
211 119 168 0.03541879761829401
212 264 266 0.07459551124664525
213 199 235 0.07412242970059635
214 206 299 0.059973035589615975
215 135 259 0.022488856672752088
216 285 315 0.00015462465046376932
217 131 132 0.07683805387559513
218 34 35 0.08421263386715672
219 60 61 0.02502446789564609
220 120 169 0.04217490849213573
221 104 107 0.00015377027125118437
222 82 184 0.026442677720016603
223 187 289 0.04820705561991917
224 234 324 0.09291117608576721
225 272 358 0.02928798804842877
226 235 385 0.0002246346234929459
227 37 195 0.02419408453002721
228 196 197 0.05502692795910608
229 71 382 0.00021379389005312684
230 78 81 0.016042135622003323
231 158 159 0.04923494317466386
232 39 121 0.05148606494916349
233 62 245 0.08340961825077718
234 282 283 8.675385379342172e-05
235 107 108 0.00018550911710555452
236 57 163 0.011093610144107256
237 347 376 0.04051476924552293
238 123 269 0.049326885671395655
239 89 90 8.30676191810939e-05
240 41 126 0.0452388484716972
241 172 173 7.042659911032338e-05
242 124 270 0.02522590082533768
243 20 85 0.020509480581574972
244 267 289 0.06568565765581073
245 148 149 0.03277737858921518
246 345 346 0.015555072296816715
247 134 145 0.07911451630135746
248 140 157 0.020592540518352225
249 162 286 0.00460385228533045
250 24 74 0.05973236549898764
251 34 104 0.023837360149307926
252 64 179 0.04433304609590258
253 218 329 0.06434160248241555
254 272 380 0.0042729464304964646
255 46 175 0.057071405430998985
256 127 129 8.981992803762406e-05
257 149 363 0.00011579393558259594
258 365 368 0.00010053244231474159
259 159 228 0.02761141392970552
260 21 23 0.04790210218186758
261 109 266 0.06965927360447564
262 57 167 0.03552818678082982
263 223 286 0.017769573024951493
264 337 338 0.00020840340735311225
265 60 172 0.04809910958577266
266 319 320 0.02779286777690783
267 48 232 0.0129813226738436
268 301 371 0.00021140474003252704
269 20 88 0.08252341399826135
270 169 267 0.0175447801766663
271 314 330 7.712232397661445e-05
272 398 399 0.03887037297969303
273 249 287 0.02572304821090647
274 265 320 0.035468139345913766
275 113 118 0.011005205349860065
276 344 345 0.047041973176792776
277 271 273 0.0003264338013401907
278 326 327 0.000143528711492888
279 130 255 0.000261191130653342
280 394 396 0.08412277320936065
281 29 31 0.03292238255917945
282 375 376 0.0869256356895034
283 300 356 0.07784381012548534
284 36 105 0.07365057736083976
285 131 256 0.038131144475941084
286 113 216 0.022340429332653105
287 241 315 0.04228416129421672
288 213 348 0.055352295481948185
289 160 223 0.0671213509835299
290 75 78 0.00010949632691726696
291 220 222 0.00026066846045008136
292 42 43 0.01630229122516106
293 147 153 4.691631040133323e-05
294 70 384 0.04555967561295675
295 96 97 0.04690785386046569
296 208 336 0.00788576509697791
297 51 255 0.0001213899258285498
298 174 303 4.638213543558709e-05
299 37 198 0.02260965639244701
300 143 146 0.06966447402179031
301 47 231 0.004150067965956829
302 171 297 0.05828216225961452
303 198 200 0.0003552386798097606
304 45 53 0.050688821244792764
305 308 355 0.04883345636304861
306 229 333 0.019308172181964733
307 5 385 0.04771575996326578
308 65 114 0.052621956573291793
309 9 233 0.06859153871864779
310 239 240 0.07025408110422393
311 67 68 0.08020046314580451
312 242 386 0.06077391730449309
313 185 186 0.023387707829720498
314 234 298 0.020566741939686443
315 371 382 8.562247987401265e-05
316 147 148 0.06349821149305557
317 28 311 0.017955952630829254
318 23 73 0.04572356986760452
319 243 378 0.047954626113918056
320 134 135 0.06758672257641644
321 231 232 0.00010823043771183455
322 141 193 0.06039084950929411
323 268 309 0.06862352531556214
324 260 262 5.652800794292367e-05
325 178 179 0.045018852144154325
326 269 292 0.0654183966919907
327 2 152 0.06496595959238216
328 26 94 0.06716485611746069
329 78 79 0.033710097455005056
330 151 154 0.0352108367262495
331 161 162 0.0732612656051
332 67 175 0.04931018182163214
333 126 127 0.05436197321512721
334 69 343 0.024145570465592386
335 47 244 0.0855131020003856
336 133 392 0.0779789707664065
337 76 387 5.556284531548574e-06
338 18 63 0.061064854616253786
339 207 208 0.03468955240925562
340 110 111 0.05151354570600285
341 227 384 0.04124606097403309
342 367 371 0.08919438666681982
343 71 72 0.053644823211311296
344 90 274 0.01160504305045137
345 168 244 0.06338335969304451
346 378 380 0.04354303537588752
347 50 396 0.06179221305082423
348 191 192 0.038227884767108776
349 24 27 0.060190216156820284
350 102 103 0.00014696763412231316
351 295 296 0.03750639086885208
352 184 185 0.021874459565577608
353 276 299 0.04515777330897461
354 137 252 0.0001382396083693535
355 292 383 0.06381936314853023
356 287 291 0.06760261618383598
357 325 326 0.0001712355177186214
358 143 145 6.906899997886823e-05
359 0 7 0.05465724930393212
360 198 199 0.0003087062511101382
361 211 327 0.038159177221830175
362 355 383 0.00018478053840426966
363 160 161 0.0002098163245971585
364 91 93 0.024515577394593004
365 190 191 0.07055004358222347
366 119 389 0.07620520122790439
367 122 301 0.05119711522437176
368 243 352 0.07375099433085287
369 162 245 0.06274595130023848
370 15 96 0.06083880444827004
371 3 99 0.09597623707978162
372 247 331 0.04729962303362289
373 274 365 0.025767003447509637
374 277 278 0.07895174793269272
375 98 100 0.019392931035540417
376 174 306 0.0002126851461217935
377 296 357 0.011598390340585803
378 236 330 0.000154875296157085
379 11 12 0.01408464923786551
380 92 186 0.03607282062807487
381 136 156 0.03271054089023279
382 123 250 0.030117390000648853
383 95 188 0.03665056924077175
384 3 4 0.024012076878472854
385 378 379 0.011202973621984065
386 5 6 1.2416162191968212e-06
387 331 336 0.03113694626604352
388 56 312 0.00013310719267806565
389 284 285 0.05743038627068282
390 119 230 0.06872679340591292
391 137 251 0.00012614283107251532
392 80 83 0.00021157295984024528
393 363 368 0.03625356176871998
394 17 317 0.05695255340283146
395 121 264 0.02670853770410872
396 203 322 0.05130917688360825
397 11 237 0.007054808701529484
398 174 175 0.054942111612217875
399 337 391 0.03787111095056432
400 17 181 0.01852922735741921
401 138 139 0.09060824602570702
402 29 98 0.019782076363723936
403 69 201 0.06187804102895214
404 10 42 0.03631171638175472
405 116 214 0.07600894259896179
406 163 165 0.08152296073368416
407 84 85 0.07010036327394342
408 48 60 0.057710873075438034
409 166 167 0.07766709715548248
410 38 207 0.01084399318922859
411 139 194 2.001365472277413e-05
412 150 151 0.08234575800303158
413 251 252 0.0001836228316720625
414 207 324 0.05693654786196841
415 46 373 0.0530479906573027
416 300 304 0.04103286604004489
417 190 295 4.063678451961332e-06
418 164 227 0.06508414276327235
419 146 257 0.05862468299650519
420 132 395 0.06567483203756574
421 62 63 0.06828353540171186
422 363 372 0.04115013328757004
423 230 335 0.00022875401177331037
424 249 348 0.03799668003882733
425 180 181 0.08401382697335154
426 142 143 0.010833695760539564
427 39 176 0.04326114830376733
428 290 314 0.05433946760450298
429 157 258 0.014311577808164394
430 103 273 0.00032912720921090654
431 226 227 0.024247016547342442
432 315 316 0.00023465480392606246
433 18 122 0.0248747253987958
434 89 368 0.03195761700754181
435 258 259 0.013605619598063603
436 352 374 0.015538180855230309
437 316 317 0.00020522225041376738
438 105 106 0.0003067055632504393
439 109 196 0.03172296199806983
440 353 366 0.00026736715540174244
441 259 260 0.05715836024435009
442 289 290 0.020028883891431124
443 362 384 0.015226026138382918
444 115 120 0.02374155450779142
445 149 150 0.01310311115085642
446 346 347 0.04422098137092851
447 18 19 0.055528942768989877
448 25 75 0.03137075749239326
449 121 247 0.03175057093436233
450 233 234 0.05357154426423724
451 290 291 0.09101293191311664
452 7 38 0.10909138607145245
453 225 248 1.5632761689314796e-05
454 189 388 0.021515356910919464
455 98 170 0.09174227675897481
456 49 369 0.07154103452893733
457 264 265 0.05422885287687687
458 35 152 0.00017056539323348014
459 36 148 0.014735150203973691
460 53 131 0.021392088974991494
461 209 210 0.06371629538108303
462 9 61 0.029433090166569153
463 281 357 0.012832763068617092
464 167 333 0.015539261870651718
465 183 186 0.00015552603029428034
466 294 377 0.08017538579763732
467 370 374 0.07134272657609211
468 4 107 2.3511087952310673e-05
469 109 200 0.021298911877844138
470 362 370 0.03901086653529624
471 54 66 0.06656925562281608
472 241 242 0.07722073810916254
473 55 58 0.04862620479081982
474 238 347 0.05316885140682773
475 116 161 0.07098610100263673
476 65 67 0.048803012628804994
477 187 188 0.03789130253287925
478 95 169 0.06367821490178087
479 38 319 0.018527930292541923
480 112 335 0.010936183987177887
481 340 372 0.07074774436260958
482 16 195 0.08221579792188416
483 35 147 0.00023873602399085924
484 83 86 0.07040290075020862
485 118 218 0.039747875578312414
486 22 58 0.10141346587966359
487 215 216 0.048356219599639205
488 302 367 0.045078003498943635
489 275 394 0.09843909588338544
490 163 229 0.02698922064038053
491 32 313 0.007561775465808304
492 190 281 0.038770625049638456
493 310 336 0.06883932068623282
494 338 351 0.0408570059890814
495 282 312 8.041600319806642e-05
496 311 313 0.00862373732913334
497 55 62 0.06735339718799205
498 158 202 0.03919990237286638
499 1 398 0.00032189036441519173
500 395 397 1.616766305502871e-05
501 293 295 0.05114799214538878
502 240 351 0.004749994885340247
503 73 74 0.0005273771778851406
504 96 239 1.393802532919708e-05
505 102 271 0.00011732851330555988
506 80 182 0.05882710545325933
507 50 51 0.00032410225839183467
508 323 325 0.03252654830590727
509 173 398 0.0001906851479350315
510 28 100 0.0341223887211847
511 104 105 0.0004719416594488927
512 164 185 0.06490260037350831
513 396 397 0.03947678894243092
514 334 349 0.09906321933810538
515 122 353 0.07332857359873048
516 271 272 0.05240218657145489
517 7 8 0.011827407683698615
518 29 30 0.05720575080482941
519 300 302 0.022512540976076988
520 127 139 0.028945407102244598
521 214 215 0.048927209152603755
522 8 56 0.04698571746464305
523 25 77 0.0192727316016807
524 54 298 0.040719907061216275
525 176 201 0.07528834146267951
526 1 172 0.00017120790741630398
527 114 220 0.053382900182718504
528 124 251 0.0421466518561571
529 219 317 0.04615219676025539
530 329 354 0.05945065522654031
531 51 151 0.10326678408293381
532 247 248 0.07046389775985858
533 270 344 0.021661575654882116
534 379 381 0.03263702318435679
535 118 217 0.05378287784597993
536 333 352 0.08276102463517232
537 140 141 0.020642280858449782
538 302 366 0.058387047909155276
539 334 335 0.05558425479295307
540 44 141 0.02220627299658792
541 193 194 0.04600001908608452
542 221 222 0.0028568472482648414
543 213 218 0.007754800841417991
544 279 280 0.0010580130088998748
545 304 393 0.045850998814155206
546 253 254 0.0083358679833032
547 209 326 0.05448700749383014
548 311 312 0.058015902800747914
549 354 391 0.03178627198485453
550 47 49 0.010697681446467955
551 340 341 0.03521651329984527
552 76 397 1.84488893867619e-05
553 199 200 0.0003313976770469674
554 144 145 0.010833815501754765
555 257 260 0.0001305481550150876
556 309 373 0.03730685033344356
557 341 342 0.008648755308917304
558 3 34 0.00011553868213925306
559 134 281 0.06838386458597014
560 387 395 7.615017377824717e-06
561 97 189 0.09059887122223309
562 92 93 1.8120623147160567e-05
563 278 283 0.08403558753537334
564 188 346 0.050431283949395646
565 248 332 3.007817290230012e-05
566 291 318 0.013078004662755962
567 46 193 0.057728183321644706
568 99 101 0.08239776203781615
569 261 262 0.03895449953866101
570 297 358 0.019758970893309732
571 354 386 0.0014019755983027868
572 52 115 0.03373679759043322
573 337 349 0.020616441918316183
574 82 84 0.05570291316573846
575 205 206 0.031062604514957105
576 101 282 0.06729183782296211
577 130 132 0.03137681359842055
578 266 277 0.022115070380163845
579 224 253 0.00013646133139384132
580 152 153 0.0002697858905219088
581 61 390 0.03824060537884735
582 231 380 0.04555011274412338
583 360 367 0.05164698684920596
584 182 184 0.00017885512568212463
585 117 204 0.00012533745500377085
586 322 323 0.00023715069414112519
587 44 133 0.017503960207102466
588 106 108 6.19358309700352e-05
589 265 331 9.084445848613538e-05
590 94 376 0.06265890558317407
591 14 15 0.028741240879473138
592 123 245 0.016356195087185676
593 318 348 0.04749132360156461
594 156 253 0.05518884598970066
595 303 307 0.00020207024174297714
596 39 197 0.09488602103441349
597 375 387 0.08228927599357065
598 64 280 0.00015425489419669915
599 16 180 0.012033500205486254
