1362
0 208 320 0.00011134922069559469
1 64 155 0.03967814375750277
2 204 205 0.00026595892488158056
3 63 292 0.03657171529411074
4 374 381 0.0865965162478869
5 136 155 0.00010828152843405635
6 21 24 0.022162796423842536
7 221 307 0.00024097474832222344
8 86 394 0.05055336533418471
9 321 322 0.039834968960059836
10 13 57 0.09000516881872526
11 2 191 0.06597990647971129
12 88 90 0.00917850787841207
13 40 43 0.012321928486394159
14 74 75 0.02012971467965925
15 176 263 0.08012370666708968
16 182 183 0.03649534615595933
17 211 212 0.005666955234376851
18 235 342 0.04681047609079195
19 99 192 0.06610657190744096
20 298 299 0.022344279452358912
21 343 345 0.040808475719290305
22 224 332 0.00015371036281611
23 25 26 0.08443559564299788
24 8 399 0.031766392741582224
25 19 22 0.05209108518542671
26 23 91 0.09317266526982361
27 201 270 0.04021521693373574
28 213 216 0.03485404067074232
29 50 130 0.0002965978508991017
30 328 329 0.021794151373911056
31 171 294 0.07363828894916628
32 279 332 0.06081001085863186
33 243 244 0.024693655286622138
34 6 108 0.020495829362954614
35 14 240 8.78323286367299e-05
36 338 386 0.055605028601488374
37 297 361 0.043669694609329575
38 356 364 0.006660735693401349
39 359 360 0.05970756176234872
40 179 246 9.363740199785666e-05
41 177 310 0.018688235277632782
42 71 301 0.0001031144537811905
43 339 343 0.03948998425940125
44 274 275 0.06120796937688362
45 17 197 0.08116390956391714
46 305 306 0.00010177292622245872
47 159 321 7.598685763721381e-05
48 360 361 0.0844084350147581
49 32 33 0.0331305717740056
50 392 393 0.03833169622584128
51 166 334 0.05204613937211499
52 256 262 0.00010338548285763947
53 110 203 0.005663110338171254
54 11 124 0.026053584593155227
55 306 307 0.00010647183283854012
56 33 103 0.06565376676284142
57 110 212 0.00012877481033845583
58 164 165 0.02135677529584591
59 284 314 0.0001304576186120433
60 219 236 0.020903981202549604
61 87 89 0.00916381375138261
62 187 339 0.017454996685968203
63 68 129 0.01825007742012767
64 296 364 0.071988634174002
65 195 196 0.022631304922446895
66 0 9 0.04470488757120492
67 45 261 0.001961027785939484
68 111 276 0.07182503629978411
69 356 359 0.0003104141809068866
70 28 31 0.00022985935026321105
71 224 225 0.00016707429035251215
72 45 138 0.03953449273572781
73 128 155 0.06546661199895716
74 170 293 0.04957262880301415
75 117 202 0.00016991627743752574
76 256 257 0.0001329136921793875
77 30 102 0.0366012897146367
78 14 350 0.0040629751439857685
79 41 43 0.12012634363082984
80 40 137 0.038511141470858164
81 353 383 2.767812412834039e-05
82 52 267 0.05363527765140772
83 80 81 0.0706435095476527
84 287 288 0.07980633498140784
85 2 144 0.06193334344072612
86 318 328 0.0605497283939887
87 42 125 0.08105667443542255
88 31 32 0.01824390117373809
89 106 341 0.01985674361911191
90 70 72 0.04377717385331881
91 170 192 0.02812674990408183
92 126 128 2.575896553010221e-05
93 157 261 0.028277224783885557
94 233 276 0.0003812649902941288
95 6 342 0.0018259778789215086
96 58 59 0.060099783397412204
97 113 209 0.05493108454285591
98 359 377 0.006655417669420128
99 177 324 0.038893272545484525
100 206 321 0.056690085883042696
101 91 183 0.017067361541150745
102 203 211 0.0001066736553800711
103 22 93 0.06564878786717464
104 37 388 0.09086862213506193
105 268 305 0.051610779802403
106 87 88 0.00015892818560173355
107 133 135 0.028850952814066466
108 68 128 0.04455438076233206
109 325 327 0.0001405324002564282
110 146 255 0.06983289696750906
111 0 1 0.020175061839484972
112 226 370 0.027726395536020177
113 52 288 0.049025120670069616
114 355 366 1.4064257440364515e-05
115 228 323 0.02012886022503534
116 77 79 0.013476619118111646
117 65 66 0.10893467483242969
118 125 375 0.05005975485893755
119 221 305 8.771435169044511e-05
120 70 92 0.07035298144956133
121 53 125 0.10186115619005386
122 56 283 0.00012081390884312462
123 85 275 0.065735879849234
124 69 219 0.059946155405854636
125 54 204 0.06700548162181638
126 94 95 0.05758552654979922
127 373 392 0.04949133449046397
128 111 390 0.033975671602617205
129 177 178 0.019358700839817115
130 313 399 0.023787307275480986
131 210 230 0.009017378037076413
132 362 382 0.08683750238786007
133 16 97 0.031109357787186837
134 13 15 0.10438483038528897
135 349 350 0.031483919360558416
136 33 173 0.03239817424869452
137 13 20 0.11432329292342686
138 222 250 0.04416829395708802
139 293 294 0.0373213868804756
140 153 154 0.05949312727116419
141 142 154 0.0620064885081389
142 156 280 0.011591290217086905
143 350 351 0.00012583556769592977
144 225 263 0.007465346244939403
145 226 229 0.061427695256328456
146 73 81 0.008752071568029866
147 252 254 0.09350090914852544
148 237 238 0.0001173180392642665
149 369 390 0.01917129856882007
150 277 385 0.10277510100531638
151 10 238 0.01848087016708024
152 215 228 0.06562167592812936
153 48 49 8.57842118741937e-05
154 212 389 0.05280216137590827
155 304 308 0.03493942283369662
156 268 269 0.025775453176713033
157 202 205 8.603947523641208e-05
158 237 344 0.0327169673183813
159 66 178 0.07683213554116193
160 220 303 0.0015602151983612927
161 357 393 0.10586618056918183
162 27 120 0.08338659071317904
163 10 12 1.4041025004525304e-05
164 117 160 0.08673983261669596
165 87 189 0.12975281001575126
166 138 140 0.00450844498098565
167 36 372 4.232815297631994e-05
168 340 388 0.06084623239185347
169 285 316 0.00024927366095770805
170 129 194 0.028146890342904723
171 181 241 0.035573994136879616
172 166 168 0.0675312350708029
173 59 115 0.10575723271939377
174 150 365 0.03007654636177132
175 278 319 0.06419711145336233
176 100 101 0.029760111995095
177 308 309 0.05017581698450415
178 232 273 0.052540203910301335
179 114 223 0.043415923469282816
180 142 144 8.770352589662926e-05
181 21 59 0.057302481624629316
182 4 5 0.020728168196610844
183 44 258 0.02239429376302414
184 41 136 0.034863757645348624
185 242 328 0.0450943415765493
186 217 391 0.06689876464507104
187 254 263 7.349081988207958e-05
188 369 389 0.03903747411669044
189 246 310 0.03838855005473605
190 26 27 0.03315909605854411
191 358 379 0.028079279482022306
192 76 77 0.1159788279670947
193 12 40 0.03058805779061911
194 112 210 4.053316352208361e-05
195 361 381 0.03130123199685939
196 112 217 0.06274895142456965
197 364 377 0.00027008041844609664
198 236 284 0.00021915179712107645
199 250 286 0.04331425855227167
200 84 165 0.06714499519853322
201 30 171 0.046174417693918085
202 19 72 0.02091772264483951
203 79 86 0.041055618552941445
204 82 83 0.04692998461679121
205 116 158 0.042644535251708075
206 214 249 0.07358628294078111
207 55 288 0.1470053754857573
208 246 279 0.04398696517636839
209 180 239 0.06149235486741717
210 330 339 0.0456833890343082
211 119 168 0.035354315425782365
212 264 266 0.07609239499209246
213 199 235 0.0748726591351011
214 206 299 0.060524644073905606
215 135 259 0.0216860717693377
216 285 315 0.00016327633519914306
217 131 132 0.0776902526416903
218 34 35 0.08516002441478289
219 60 61 0.024648196659922243
220 120 169 0.041954744943279866
221 104 107 0.00023273679757391483
222 82 184 0.025705584221011334
223 187 289 0.04724748285749052
224 234 324 0.09518775738178745
225 272 358 0.029248291998853475
226 235 385 0.00013756754704987166
227 37 195 0.0235411741593738
228 196 197 0.056075211782695956
229 71 382 6.074341795372881e-05
230 78 81 0.01527282106762581
231 158 159 0.04953812501765717
232 39 121 0.05216005856027377
233 62 245 0.08431625162188064
234 282 283 0.00010231914167950055
235 107 108 0.0003634797212695953
236 57 163 0.010455871562338764
237 347 376 0.04090835346984169
238 123 269 0.04935344348396994
239 89 90 8.721983236420136e-05
240 41 126 0.045172236405589275
241 172 173 4.9893992412570035e-05
242 124 270 0.02471239057872915
243 20 85 0.01972781191231306
244 267 289 0.06682313845763176
245 148 149 0.03237716881952518
246 345 346 0.014899002858003422
247 134 145 0.07967065971452839
248 140 157 0.019450507469666894
249 162 286 0.002530544264365708
250 24 74 0.059057551053949116
251 34 104 0.02331901862073808
252 64 179 0.044328186492289263
253 218 329 0.06503335814837692
254 272 380 0.003215960052580893
255 46 175 0.057511833737913826
256 127 129 0.00013919765268535412
257 149 363 8.505326448251392e-06
258 365 368 0.00023351268431560124
259 159 228 0.027093710933257163
260 21 23 0.0465537118833488
261 109 266 0.07035129627146586
262 57 167 0.03431685006310282
263 223 286 0.01693360803969234
264 337 338 8.590391618862977e-05
265 60 172 0.048100113122103084
266 319 320 0.027503347905539623
267 48 232 0.01218922223246661
268 301 371 7.844159773790922e-05
269 20 88 0.08327391518376948
270 169 267 0.016151935755891474
271 314 330 9.420124992885265e-05
272 398 399 0.03856653590575667
273 249 287 0.025974585436297784
274 265 320 0.035197282068309424
275 113 118 0.010188032281519174
276 344 345 0.048027972193005364
277 271 273 0.00027791108705613643
278 326 327 0.00017115770011318852
279 130 255 0.0002509954796932049
280 394 396 0.08489132649702823
281 29 31 0.032281668156438466
282 375 376 0.0874083944486635
283 300 356 0.07864310461323719
284 36 105 0.07387876822990477
285 131 256 0.037397564757901326
286 113 216 0.021740933992742153
287 241 315 0.041750636058591126
288 213 348 0.05629553929225793
289 160 223 0.0670013885857442
290 75 78 7.620676986570443e-05
291 220 222 0.00011597300925903939
292 42 43 0.01568480925552909
293 147 153 7.96416578149889e-05
294 70 384 0.0459803259496641
295 96 97 0.047060234643309565
296 208 336 0.007810422211618931
297 51 255 0.00012352095171333142
298 174 303 0.00017414645935599922
299 37 198 0.021997716535013034
300 143 146 0.07064695816146654
301 47 231 0.0038006772971680104
302 171 297 0.05843136464548523
303 198 200 0.0002711063430276448
304 45 53 0.0513065652778077
305 308 355 0.04881187284962078
306 229 333 0.018636856511329486
307 5 385 0.04782422790575497
308 65 114 0.05245593188443754
309 9 233 0.07009795168553122
310 239 240 0.07024649634071584
311 67 68 0.08096515473556905
312 242 386 0.06014218471219068
313 185 186 0.022980033096517898
314 234 298 0.01969977891604907
315 371 382 0.0001409826256742544
316 147 148 0.06354700993626523
317 28 311 0.0171765391622445
318 23 73 0.04500702216755709
319 243 378 0.0483295336266337
320 134 135 0.06920001596585658
321 231 232 7.478790331683258e-05
322 141 193 0.0616337001855732
323 268 309 0.06922973807195698
324 260 262 0.0001920729078887298
325 178 179 0.04440621711961781
326 269 292 0.06613108479066347
327 2 152 0.06497177352018949
328 26 94 0.06842456325292061
329 78 79 0.033002919989608026
330 151 154 0.03439224845954304
331 161 162 0.07387744715869209
332 67 175 0.0481797851157576
333 126 127 0.0545147786918395
334 69 343 0.022416730659590337
335 47 244 0.08519438573912157
336 133 392 0.07964213496178203
337 76 387 0.00019573939605908562
338 18 63 0.06172531215902896
339 207 208 0.033382843131868636
340 110 111 0.0522470173354246
341 227 384 0.04067377433462792
342 367 371 0.08990818920383406
343 71 72 0.05293915336493429
344 90 274 0.01100709136348408
345 168 244 0.06465216087429708
346 378 380 0.04258859344485513
347 50 396 0.06182443442101381
348 191 192 0.03861968638151357
349 24 27 0.06066019744961909
350 102 103 0.00016614016038792037
351 295 296 0.03651028897604402
352 184 185 0.02156351858572902
353 276 299 0.04513714888831307
354 137 252 0.00018595714662222269
355 292 383 0.06379653809758762
356 287 291 0.06479433922218732
357 325 326 0.0001380793802944656
358 143 145 6.182666178399964e-05
359 0 7 0.05430229920377687
360 198 199 0.00027637451080982697
361 211 327 0.03805349710945239
362 355 383 7.17491832820872e-05
363 160 161 0.0002952229450653212
364 91 93 0.024316967986780503
365 190 191 0.07068453827804609
366 119 389 0.0764709451240322
367 122 301 0.05092993559457568
368 243 352 0.0742526457916292
369 162 245 0.06203749205365928
370 15 96 0.059912961737217864
371 3 99 0.09793980080900304
372 247 331 0.047106886953399214
373 274 365 0.02620914979497037
374 277 278 0.08021310218732439
375 98 100 0.018308111703345575
376 174 306 0.0002397286537833559
377 296 357 0.011004169541471856
378 236 330 0.00010190511326778543
379 11 12 0.013591889019440896
380 92 186 0.03565632295510143
381 136 156 0.03280366677347889
382 123 250 0.029091136907708634
383 95 188 0.037053269023625816
384 3 4 0.02329542020782596
385 378 379 0.010528647111924873
386 5 6 9.471070735964317e-05
387 331 336 0.03085549988237964
388 56 312 5.8190996828454724e-05
389 284 285 0.0570564238418076
390 119 230 0.06916452710347784
391 137 251 0.0001349899967339725
392 80 83 0.00019580063737603532
393 363 368 0.036209586313548744
394 17 317 0.05653922337448067
395 121 264 0.025676347343203464
396 203 322 0.051509226983530124
397 11 237 0.006655874975210111
398 174 175 0.05505057450827272
399 337 391 0.03749545936613147
400 17 181 0.017042021414676922
401 138 139 0.09205256749225903
402 29 98 0.01873441893661845
403 69 201 0.06259129102648854
404 10 42 0.03512473585294026
405 116 214 0.07708135805999178
406 163 165 0.08226609082845177
407 84 85 0.07190921008469264
408 48 60 0.05840796536101487
409 166 167 0.0799138982406104
410 38 207 0.01059560433747212
411 139 194 0.0002462513398761199
412 150 151 0.08292748746571459
413 251 252 0.00012931867592380243
414 207 324 0.05746089123379094
415 46 373 0.05314662090875188
416 300 304 0.040721488225557746
417 190 295 4.2826992741795975e-05
418 164 227 0.06589727308219867
419 146 257 0.05907893568196327
420 132 395 0.0655022390870751
421 62 63 0.06788492867174317
422 363 372 0.040849827840448
423 230 335 1.5468881736638152e-05
424 249 348 0.03657947439416591
425 180 181 0.08601628380849985
426 142 143 0.008950678211534946
427 39 176 0.04330415909207146
428 290 314 0.05444785810771744
429 157 258 0.014281381547768495
430 103 273 0.00030176434378582185
431 226 227 0.023428728335403368
432 315 316 0.00014753774375004646
433 18 122 0.023614398559650227
434 89 368 0.031979681282064666
435 258 259 0.01324853408573119
436 352 374 0.013789439691184036
437 316 317 0.00022563883616592213
438 105 106 0.0002584536107317842
439 109 196 0.030719087904169582
440 353 366 0.0001113717683075326
441 259 260 0.05713541490101554
442 289 290 0.020044126122667708
443 362 384 0.01378102164559935
444 115 120 0.02262832221633946
445 149 150 0.012636797764191543
446 346 347 0.043662366898884704
447 18 19 0.05575606674017974
448 25 75 0.030339405641727907
449 121 247 0.030538676437416645
450 233 234 0.05271220507345034
451 290 291 0.09297910189666758
452 7 38 0.11114567512442032
453 225 248 3.8560966633924316e-05
454 189 388 0.02136924934597309
455 98 170 0.0930300204948043
456 49 369 0.0721821359349116
457 264 265 0.053564326437510995
458 35 152 9.227631396894167e-05
459 36 148 0.014659208505138082
460 53 131 0.019728496053965303
461 209 210 0.06422525652427556
462 9 61 0.028304932050930005
463 281 357 0.01240161720522181
464 167 333 0.014576352437247643
465 183 186 1.7026542785087746e-05
466 294 377 0.08020140805192053
467 370 374 0.0729211174278413
468 4 107 1.432777407697035e-05
469 109 200 0.02060070362838846
470 362 370 0.038998445840367546
471 54 66 0.06727788960877774
472 241 242 0.07992195367208284
473 55 58 0.048135216074522
474 238 347 0.05364595613951786
475 116 161 0.07169809351864763
476 65 67 0.048625487807791246
477 187 188 0.03784346056008308
478 95 169 0.06402688738070525
479 38 319 0.016984255739428883
480 112 335 0.009016307708228687
481 340 372 0.06991562078843791
482 16 195 0.08352363420938495
483 35 147 0.00017527823723426076
484 83 86 0.0703410988800621
485 118 218 0.038824179702221726
486 22 58 0.10181191795412206
487 215 216 0.049466996188471384
488 302 367 0.04426057252826783
489 275 394 0.09956528197648305
490 163 229 0.025936416841000877
491 32 313 0.006292896066924561
492 190 281 0.037545913585419796
493 310 336 0.06910468050362761
494 338 351 0.04103550266347322
495 282 312 0.00010927785273792762
496 311 313 0.007932153355898298
497 55 62 0.06936446549610342
498 158 202 0.03856214522666951
499 1 398 0.0003497582193549281
500 395 397 0.0001510960003287374
501 293 295 0.05099922648074285
502 240 351 0.004046090590694686
503 73 74 0.00016146838549069845
504 96 239 6.055838055771254e-05
505 102 271 2.5581227491440414e-05
506 80 182 0.05819747931473051
507 50 51 7.730379453715357e-05
508 323 325 0.03241106335023189
509 173 398 0.00015219943148892662
510 28 100 0.033313410333595826
511 104 105 1.813492870310657e-05
512 164 185 0.06548787126482213
513 396 397 0.03828678560995563
514 334 349 0.1001129431094888
515 122 353 0.07367011190594255
516 271 272 0.05270616904922068
517 7 8 0.011299780639399432
518 29 30 0.05849912812098249
519 300 302 0.022482875541624602
520 127 139 0.02814311083320986
521 214 215 0.04696106300541626
522 8 56 0.04628581322889325
523 25 77 0.018781670763670884
524 54 298 0.040614161186423685
525 176 201 0.07680327781406347
526 1 172 0.0002112935007692278
527 114 220 0.05313493126817987
528 124 251 0.04197776124992244
529 219 317 0.04639640502380143
530 329 354 0.05918578540105522
531 51 151 0.10413676936965056
532 247 248 0.0710579894824001
533 270 344 0.019865036300583446
534 379 381 0.03207502043234316
535 118 217 0.05384783695610866
536 333 352 0.083781190161363
537 140 141 0.019502055251727955
538 302 366 0.05826676254683953
539 334 335 0.055337278618854464
540 44 141 0.021692665429557282
541 193 194 0.04594059182445024
542 221 222 0.001611832007769068
543 213 218 0.006964769552257459
544 279 280 0.0006616451454986041
545 304 393 0.04605100304459589
546 253 254 0.007452470464315714
547 209 326 0.055311486496126355
548 311 312 0.05767285194368299
549 354 391 0.03094484821990746
550 47 49 0.010128975109254857
551 340 341 0.035374054988472056
552 76 397 0.00017541109931766774
553 199 200 0.00027247665510295155
554 144 145 0.009010194057734826
555 257 260 0.0002846721949868054
556 309 373 0.037275493761589534
557 341 342 0.007621088008385575
558 3 34 2.8708004030492256e-05
559 134 281 0.06934055252125848
560 387 395 0.00025487803254197296
561 97 189 0.09140407588818511
562 92 93 0.0001901276533979526
563 278 283 0.08476555324911873
564 188 346 0.05056798473673645
565 248 332 8.258735167940753e-05
566 291 318 0.013481972112415459
567 46 193 0.05795189769775756
568 99 101 0.08312136631271233
569 261 262 0.0389143181713293
570 297 358 0.019640674120630742
571 354 386 9.695217975011519e-05
572 52 115 0.03274663974871544
573 337 349 0.019728205749851513
574 82 84 0.055633341568859136
575 205 206 0.030396091157431183
576 101 282 0.0665472555715164
577 130 132 0.030576604737860787
578 266 277 0.02136918659020658
579 224 253 0.0001290956337600635
580 152 153 0.00020863713344966743
581 61 390 0.038634748498164444
582 231 380 0.04627134817906959
583 360 367 0.05212927557616999
584 182 184 9.89297179596023e-05
585 117 204 0.0002605749794334787
586 322 323 2.8043134264919894e-05
587 44 133 0.017360303443778365
588 106 108 6.283581204310462e-05
589 265 331 4.290841378702937e-05
590 94 376 0.06265276226286028
591 14 15 0.028515958499003423
592 123 245 0.01490988774546895
593 318 348 0.045838065022210196
594 156 253 0.05530255204482022
595 303 307 5.908627159341717e-05
596 39 197 0.09560361549930851
597 375 387 0.08295673812439244
598 64 280 0.00015069301027222093
599 16 180 0.011497758449936522
