1363
0 208 320 6.546720205452857e-05
1 64 155 0.03968612881767677
2 204 205 0.00016263832121526678
3 63 292 0.03654933387036921
4 374 381 0.08662348502128932
5 136 155 3.360838093634257e-06
6 21 24 0.022131193375451625
7 221 307 0.00011064409373731025
8 86 394 0.050569052732976724
9 321 322 0.03984348561238901
10 13 57 0.09003592140930594
11 2 191 0.0659999232159195
12 88 90 0.009126744956568286
13 40 43 0.01231036524624581
14 74 75 0.020087298408580406
15 176 263 0.08002902144733709
16 182 183 0.03644387422662362
17 211 212 0.005645274493761997
18 235 342 0.04682821473127866
19 99 192 0.06609226972337462
20 298 299 0.022309922878084882
21 343 345 0.04082091807016052
22 224 332 2.9998796161527313e-05
23 25 26 0.08444777084087485
24 8 399 0.03175103484539157
25 19 22 0.052104694817240456
26 23 91 0.0932047597853421
27 201 270 0.040222417323416144
28 213 216 0.03482470201147918
29 50 130 6.551822397950297e-05
30 328 329 0.02176671062105231
31 171 294 0.07365854958215054
32 279 332 0.06080537973057523
33 243 244 0.024692984869421754
34 6 108 0.020516837657264562
35 14 240 1.5400368172277186e-05
36 338 386 0.055613264243449895
37 297 361 0.043629905815571204
38 356 364 0.006624131869449338
39 359 360 0.05972752347344711
40 179 246 3.326835057878947e-05
41 177 310 0.018666376641984086
42 71 301 0.00010173657752386158
43 339 343 0.039482035737416536
44 274 275 0.061206615880294774
45 17 197 0.08119268858423472
46 305 306 0.00023818996200365627
47 159 321 5.18898434062584e-06
48 360 361 0.08445704653806965
49 32 33 0.03314233321426822
50 392 393 0.03833387777681452
51 166 334 0.05205349092749671
52 256 262 0.00016680115415811895
53 110 203 0.005643916983575517
54 11 124 0.026014665884753995
55 306 307 7.610702694788864e-05
56 33 103 0.06569774625473393
57 110 212 3.3102131144934284e-05
58 164 165 0.021333320038952153
59 284 314 0.00017302127607760016
60 219 236 0.020866408581735024
61 87 89 0.00912088721067808
62 187 339 0.017460424747106663
63 68 129 0.018262107075202684
64 296 364 0.0720326222535654
65 195 196 0.022610162445714295
66 0 9 0.04471870893707795
67 45 261 0.001909272834167225
68 111 276 0.07183243728086482
69 356 359 0.00022638565638725676
70 28 31 0.0001781477685227454
71 224 225 4.446801556677394e-05
72 45 138 0.03952388054992026
73 128 155 0.06545699835866892
74 170 293 0.04958868071274804
75 117 202 0.00014195110197591146
76 256 257 0.00012186249653922935
77 30 102 0.03643244687802448
78 14 350 0.004037486809367428
79 41 43 0.12016289231041578
80 40 137 0.0385458257742201
81 353 383 0.00018107832051700559
82 52 267 0.05360513490664607
83 80 81 0.07067137593753002
84 287 288 0.07985824673234558
85 2 144 0.061961340717451026
86 318 328 0.060573489213209014
87 42 125 0.08109819936635448
88 31 32 0.01824210864684845
89 106 341 0.019714398556411144
90 70 72 0.04378178374932214
91 170 192 0.028107828507794103
92 126 128 0.00025770605961206194
93 157 261 0.028277965382195284
94 233 276 0.00034911825188086245
95 6 342 0.0017297760992477564
96 58 59 0.06010965207408039
97 113 209 0.054940248359886576
98 359 377 0.0066199842925061736
99 177 324 0.038895539819863774
100 206 321 0.05670937886736363
101 91 183 0.017001047048464266
102 203 211 2.6666672313608585e-05
103 22 93 0.06566701041757697
104 37 388 0.09086040037673572
105 268 305 0.0515835234256858
106 87 88 0.00011542682849970602
107 133 135 0.02880388042367679
108 68 128 0.04454220026258903
109 325 327 0.00013617302666802804
110 146 255 0.06984128048809933
111 0 1 0.020214939222032244
112 226 370 0.027689295744911597
113 52 288 0.04903026948413121
114 355 366 0.00019056922943662437
115 228 323 0.020132790914112044
116 77 79 0.013456102845199781
117 65 66 0.10896118065286996
118 125 375 0.050025725045277296
119 221 305 0.00019085903917097577
120 70 92 0.07037870398236928
121 53 125 0.10190746807446605
122 56 283 0.00011623627807735117
123 85 275 0.06569921365833759
124 69 219 0.05995418277285389
125 54 204 0.06707193146380454
126 94 95 0.05756635466643031
127 373 392 0.049487064389180165
128 111 390 0.03397389792615834
129 177 178 0.019332070413036893
130 313 399 0.023799902700302064
131 210 230 0.008969311293550691
132 362 382 0.08691651773550636
133 16 97 0.031075209147226883
134 13 15 0.10442072527185449
135 349 350 0.03149766357141491
136 33 173 0.03229278407526354
137 13 20 0.11433814457756096
138 222 250 0.04420032623646839
139 293 294 0.03732248145025277
140 153 154 0.059457825676701326
141 142 154 0.062049206906525246
142 156 280 0.011582402258284974
143 350 351 2.7565270997275423e-05
144 225 263 0.00744532668101566
145 226 229 0.06144801373008469
146 73 81 0.008751201376735967
147 252 254 0.09343930424026914
148 237 238 9.880530431318494e-05
149 369 390 0.019160632513728553
150 277 385 0.10280531449228268
151 10 238 0.018466413354772015
152 215 228 0.06563062630096932
153 48 49 6.943017907649463e-06
154 212 389 0.05282487775053281
155 304 308 0.03492842705831695
156 268 269 0.02575740426640136
157 202 205 8.616023347296777e-05
158 237 344 0.032705037408102766
159 66 178 0.0768674528805453
160 220 303 0.0015085014956882034
161 357 393 0.10588398579809719
162 27 120 0.08339555597146556
163 10 12 9.190259943365044e-05
164 117 160 0.08680653768883012
165 87 189 0.1297967427599348
166 138 140 0.0044835000038954
167 36 372 0.00030331536120399365
168 340 388 0.06087259335405006
169 285 316 0.00011772153857107318
170 129 194 0.028127365575723574
171 181 241 0.035555019550139025
172 166 168 0.06750307528393099
173 59 115 0.10575372954603304
174 150 365 0.03008809505028076
175 278 319 0.06419278237010793
176 100 101 0.02974603577926922
177 308 309 0.05018371116524972
178 232 273 0.052604787600080256
179 114 223 0.04343298636806039
180 142 144 7.827189333419166e-06
181 21 59 0.05732504520952556
182 4 5 0.02080856185735503
183 44 258 0.02235043149156132
184 41 136 0.034869806626402586
185 242 328 0.04505750405695017
186 217 391 0.06691760805852627
187 254 263 0.0002451673904561952
188 369 389 0.039051232613671424
189 246 310 0.03840763400510249
190 26 27 0.03313035174498999
191 358 379 0.02803920934056811
192 76 77 0.11601095452923448
193 12 40 0.03058596524823692
194 112 210 5.434597776853039e-05
195 361 381 0.03127819536310838
196 112 217 0.06278969794491772
197 364 377 0.00018303094409172807
198 236 284 1.9829091364122678e-05
199 250 286 0.04331762392981032
200 84 165 0.06713629709692925
201 30 171 0.046172868839155744
202 19 72 0.02089930012472352
203 79 86 0.041051625465759134
204 82 83 0.04692054812858423
205 116 158 0.04260957753391414
206 214 249 0.07361965528599196
207 55 288 0.14699532375346383
208 246 279 0.044002188941007235
209 180 239 0.061492176797875164
210 330 339 0.045676067879375434
211 119 168 0.035353033909304755
212 264 266 0.0761286007926374
213 199 235 0.07485824049164588
214 206 299 0.060538236531375376
215 135 259 0.021666370733995122
216 285 315 0.00015482969047402308
217 131 132 0.07771074157063704
218 34 35 0.0851211163388463
219 60 61 0.02463941770767421
220 120 169 0.041949309534716074
221 104 107 0.00024351498139005365
222 82 184 0.02569766426208551
223 187 289 0.04722442812881719
224 234 324 0.09524321363457997
225 272 358 0.02924688420550756
226 235 385 3.603535417710165e-05
227 37 195 0.02352575695578921
228 196 197 0.05610066506522361
229 71 382 4.173223391924306e-05
230 78 81 0.01522453422350921
231 158 159 0.04955888487201784
232 39 121 0.0521760199474632
233 62 245 0.08433837921673097
234 282 283 4.477360475590265e-05
235 107 108 0.00011942074588315845
236 57 163 0.010440199289953723
237 347 376 0.040917445333251166
238 123 269 0.04935403789116182
239 89 90 2.866147927983491e-05
240 41 126 0.04513394227417518
241 172 173 0.00020227596371602462
242 124 270 0.024700231331003023
243 20 85 0.019708401466467053
244 267 289 0.06685093543906563
245 148 149 0.032374791931938506
246 345 346 0.014883105472250817
247 134 145 0.07967541687924155
248 140 157 0.019422390020838464
249 162 286 0.0024809272585025227
250 24 74 0.05904576201573503
251 34 104 0.023241331277867247
252 64 179 0.0443266145726379
253 218 329 0.06505000856202116
254 272 380 0.0031902492158853287
255 46 175 0.0575222969525809
256 127 129 2.1145936585398838e-05
257 149 363 7.15547580644978e-05
258 365 368 9.764339460199499e-05
259 159 228 0.027088605776277693
260 21 23 0.04652147373535339
261 109 266 0.0703687909479676
262 57 167 0.03428728862616077
263 223 286 0.016914711937041242
264 337 338 2.2026158002126193e-05
265 60 172 0.04806721579310827
266 319 320 0.02750420717949975
267 48 232 0.012203808975858352
268 301 371 9.042581515525595e-06
269 20 88 0.0833105569107035
270 169 267 0.016118103619112704
271 314 330 0.0002073316723849471
272 398 399 0.03864005567353509
273 249 287 0.025980500441856666
274 265 320 0.03518549969459648
275 113 118 0.010168139665279666
276 344 345 0.04805230282933437
277 271 273 3.263248551589918e-05
278 326 327 0.00014350492501666147
279 130 255 9.090147170839935e-05
280 394 396 0.08490968329026043
281 29 31 0.03227758404012171
282 375 376 0.08742015515465816
283 300 356 0.07868814222988549
284 36 105 0.07368250713177796
285 131 256 0.037358874639834644
286 113 216 0.021726068184945147
287 241 315 0.041678438385665914
288 213 348 0.05631848272997237
289 160 223 0.06700826274710352
290 75 78 0.0002418772772850778
291 220 222 4.1607949353259007e-05
292 42 43 0.01566980503646563
293 147 153 4.89497355394271e-05
294 70 384 0.04599047507531886
295 96 97 0.04707815229753929
296 208 336 0.007818488812210108
297 51 255 0.00024226622243322458
298 174 303 0.00014202963026913566
299 37 198 0.021964650223007774
300 143 146 0.0705283990401272
301 47 231 0.0037651415104072547
302 171 297 0.05843492092924238
303 198 200 0.00015346109707392586
304 45 53 0.051321319002234085
305 308 355 0.04873386189509292
306 229 333 0.018620465973541854
307 5 385 0.047757512530774725
308 65 114 0.05245149072862147
309 9 233 0.07013473099208287
310 239 240 0.0702823250721687
311 67 68 0.08098317947789337
312 242 386 0.06012835522208646
313 185 186 0.022926476190187964
314 234 298 0.01967879023802984
315 371 382 6.052898457139656e-05
316 147 148 0.06361936488621762
317 28 311 0.01716660187285824
318 23 73 0.044993735277846884
319 243 378 0.04833840618414201
320 134 135 0.06923955214669661
321 231 232 7.99888849629459e-05
322 141 193 0.061664343332533914
323 268 309 0.06924454891537825
324 260 262 4.3234343684380346e-05
325 178 179 0.04441439761922716
326 269 292 0.06614856921352762
327 2 152 0.06506495089189772
328 26 94 0.06845523024561483
329 78 79 0.032923940608387374
330 151 154 0.03437194293732598
331 161 162 0.07389430535673858
332 67 175 0.048152245982918625
333 126 127 0.054519469672823624
334 69 343 0.022374662288501483
335 47 244 0.08518684612178862
336 133 392 0.07968271193063776
337 76 387 0.00014884947928907582
338 18 63 0.06174150381064339
339 207 208 0.033359432751739596
340 110 111 0.05229062491984646
341 227 384 0.0406598423623263
342 367 371 0.089969619445727
343 71 72 0.052928915094853146
344 90 274 0.01101718441737204
345 168 244 0.06468293752013084
346 378 380 0.0425653722327789
347 50 396 0.061846953780434484
348 191 192 0.038629190465106836
349 24 27 0.06067111395112252
350 102 103 0.0002655763411674566
351 295 296 0.03649237934109605
352 184 185 0.02156178375883814
353 276 299 0.04513639430922975
354 137 252 0.00013751443115360876
355 292 383 0.06371450271623506
356 287 291 0.06472613180811132
357 325 326 0.00017087497968940794
358 143 145 0.00023033231426112827
359 0 7 0.05429390817188929
360 198 199 0.00015851556927117593
361 211 327 0.03810817867033034
362 355 383 0.00022288556303385568
363 160 161 0.0002057121349332336
364 91 93 0.024317898345841516
365 190 191 0.07069822974220484
366 119 389 0.07647675865171714
367 122 301 0.05096861029431589
368 243 352 0.07426481582372554
369 162 245 0.06202028448983741
370 15 96 0.05990051290647928
371 3 99 0.09800942210570035
372 247 331 0.04703990998770698
373 274 365 0.026222097513437986
374 277 278 0.08024310257324167
375 98 100 0.0182827146051823
376 174 306 8.020486558352873e-05
377 296 357 0.010989305832644743
378 236 330 0.0001288208051987548
379 11 12 0.013596621718525666
380 92 186 0.035606541850121215
381 136 156 0.0328130534277377
382 123 250 0.02906585822735389
383 95 188 0.037063035664692476
384 3 4 0.023157234994552942
385 378 379 0.010512460120797502
386 5 6 0.0002027014620507214
387 331 336 0.030835374978428046
388 56 312 0.0001269214095868134
389 284 285 0.05720036400567165
390 119 230 0.06919283978728104
391 137 251 0.00012631434060953565
392 80 83 0.00013534579237948328
393 363 368 0.036245493906257864
394 17 317 0.05645372554452553
395 121 264 0.02565196003054421
396 203 322 0.05154712986763372
397 11 237 0.006649852863513713
398 174 175 0.05513669571094309
399 337 391 0.037495557367344536
400 17 181 0.017006774438536352
401 138 139 0.09211335485249365
402 29 98 0.018709710484656375
403 69 201 0.06260871301578441
404 10 42 0.03510994243779587
405 116 214 0.07710688897752284
406 163 165 0.08228435890463905
407 84 85 0.07195335459429794
408 48 60 0.05844255246199151
409 166 167 0.07996859603217261
410 38 207 0.010590245507710122
411 139 194 0.0001342456912381329
412 150 151 0.08294146101024198
413 251 252 0.00018443026160090746
414 207 324 0.05747315749436543
415 46 373 0.05314930011193099
416 300 304 0.04071373705611593
417 190 295 4.869780552341282e-06
418 164 227 0.06591689331035847
419 146 257 0.05913543993677703
420 132 395 0.06553265171229791
421 62 63 0.06787501059285209
422 363 372 0.040771852728987965
423 230 335 3.850506805691216e-05
424 249 348 0.036544779037271234
425 180 181 0.08606461897810642
426 142 143 0.00899886425057324
427 39 176 0.043305130962504684
428 290 314 0.05434160998450443
429 157 258 0.014280724231184844
430 103 273 0.00012017391807360697
431 226 227 0.023408995180515816
432 315 316 0.00023767521689857518
433 18 122 0.02358381903295855
434 89 368 0.032024579538465006
435 258 259 0.013239941967108104
436 352 374 0.0137470169328525
437 316 317 0.00020071361039102753
438 105 106 0.0003880724148986988
439 109 196 0.030694152636804965
440 353 366 0.0001251742768189937
441 259 260 0.05720810454759984
442 289 290 0.020044592250266252
443 362 384 0.013745758164360761
444 115 120 0.022601195937107077
445 149 150 0.012638563042784002
446 346 347 0.04364912809067108
447 18 19 0.05576144359760205
448 25 75 0.030254491187863292
449 121 247 0.030509450474325565
450 233 234 0.05269135115691177
451 290 291 0.0930267016340042
452 7 38 0.11119546353041299
453 225 248 7.312530606755715e-05
454 189 388 0.021365412483302537
455 98 170 0.09306140614627184
456 49 369 0.07221637475790035
457 264 265 0.053485038497896153
458 35 152 9.186554999296242e-05
459 36 148 0.014597531224460133
460 53 131 0.01968791752435929
461 209 210 0.064260835709499
462 9 61 0.028277354785391073
463 281 357 0.012391224949145716
464 167 333 0.014552962758839414
465 183 186 0.00030496626608239857
466 294 377 0.0802265125434883
467 370 374 0.07295958447108394
468 4 107 0.0003649361979930867
469 109 200 0.020576062929155963
470 362 370 0.03899785943261905
471 54 66 0.06729515788047902
472 241 242 0.07998725178247283
473 55 58 0.04812311497017525
474 238 347 0.05366272048519559
475 116 161 0.0717346149434888
476 65 67 0.04862081772856128
477 187 188 0.03784204134584357
478 95 169 0.06403532691446852
479 38 319 0.016947129365495087
480 112 335 0.008971277020976554
481 340 372 0.06984218918931522
482 16 195 0.08355542731988491
483 35 147 0.00014365153914168132
484 83 86 0.07035241395029357
485 118 218 0.03880166560041384
486 22 58 0.101821555903794
487 215 216 0.0494941809142631
488 302 367 0.04424092477242525
489 275 394 0.09959240718423386
490 163 229 0.025910798229568942
491 32 313 0.006263850828950423
492 190 281 0.03751998955239852
493 310 336 0.06911073660464512
494 338 351 0.04107663462043113
495 282 312 2.586037415895687e-05
496 311 313 0.007917028801710307
497 55 62 0.0694136297333784
498 158 202 0.03856734600943164
499 1 398 0.00012521211955893204
500 395 397 6.164858855103513e-05
501 293 295 0.05100701335541666
502 240 351 0.00403901234989486
503 73 74 0.00013509814950533227
504 96 239 3.653570578574401e-05
505 102 271 0.0003090307087017682
506 80 182 0.058204327961724124
507 50 51 0.00024531453993548093
508 323 325 0.0323870491843022
509 173 398 0.00014871236018097804
510 28 100 0.03330578298017799
511 104 105 0.0003069423152503992
512 164 185 0.06550192494779121
513 396 397 0.03832168900222849
514 334 349 0.10013604023707585
515 122 353 0.07375074927905372
516 271 272 0.05268808100229905
517 7 8 0.011286860423762868
518 29 30 0.058530056235215865
519 300 302 0.022482294339782303
520 127 139 0.028124637426848738
521 214 215 0.046913379432402307
522 8 56 0.04621958153904046
523 25 77 0.01876971459606163
524 54 298 0.04061186581695387
525 176 201 0.07684004418362642
526 1 172 9.991295478170478e-05
527 114 220 0.05315090957877646
528 124 251 0.04191522133656705
529 219 317 0.0464823710213207
530 329 354 0.05918205073198527
531 51 151 0.10402010134374029
532 247 248 0.07108221590819058
533 270 344 0.01982120346959545
534 379 381 0.032061215419317265
535 118 217 0.05384980000469904
536 333 352 0.08380602979991703
537 140 141 0.019474487077530495
538 302 366 0.05833108772441483
539 334 335 0.05534917053232169
540 44 141 0.021680068373285358
541 193 194 0.045965789066933126
542 221 222 0.001532048304292749
543 213 218 0.006945612868761171
544 279 280 0.0006612054733720699
545 304 393 0.04605569999475289
546 253 254 0.007432882550934708
547 209 326 0.05532721648807005
548 311 312 0.05776282298910347
549 354 391 0.03092778183373566
550 47 49 0.010119014597984043
551 340 341 0.03537699869109306
552 76 397 0.00015454009272078376
553 199 200 0.00017512623843951797
554 144 145 0.00887347001442168
555 257 260 0.0001507641836138577
556 309 373 0.03727473976268706
557 341 342 0.0076025856062292615
558 3 34 3.675714664988136e-05
559 134 281 0.06936351348803343
560 387 395 0.00017709831469840825
561 97 189 0.09142358858075779
562 92 93 0.00013543991826084706
563 278 283 0.08484293091709547
564 188 346 0.05057144149653315
565 248 332 0.00011099990816987476
566 291 318 0.013491776699456354
567 46 193 0.05795706123642827
568 99 101 0.08313848405297201
569 261 262 0.03892582555013085
570 297 358 0.0196378888902529
571 354 386 5.52224623122608e-05
572 52 115 0.03272240761839847
573 337 349 0.019720420894820213
574 82 84 0.0556313200854841
575 205 206 0.0304035621735965
576 101 282 0.06654577510740232
577 130 132 0.030638964575000607
578 266 277 0.02135101142896622
579 224 253 0.00018060662576210775
580 152 153 6.593108596318598e-05
581 61 390 0.038644377771233536
582 231 380 0.04631352321415977
583 360 367 0.052141603833484866
584 182 184 4.7824238037674995e-05
585 117 204 0.0001539603989614063
586 322 323 2.554959782528078e-05
587 44 133 0.017356704510563318
588 106 108 0.00019492410362601385
589 265 331 0.00026021168946518584
590 94 376 0.06265283809903878
591 14 15 0.028537752479060156
592 123 245 0.014874619439335594
593 318 348 0.045798040258300456
594 156 253 0.05532585463778551
595 303 307 0.0001544417096863671
596 39 197 0.09562124248879497
597 375 387 0.08304110253747839
598 64 280 0.00011822999539171696
599 16 180 0.011485443327770378
