1403
0 208 320 0.00034403415139837523
1 64 155 0.039419234882054406
2 204 205 4.46748119276614e-05
3 63 292 0.03566083861286988
4 374 381 0.0877081486507641
5 136 155 0.00015050495649954405
6 21 24 0.020887135957066958
7 221 307 0.0001726127780313049
8 86 394 0.05119032437063963
9 321 322 0.03935606891051167
10 13 57 0.0912627614522894
11 2 191 0.06677565091206483
12 88 90 0.007233580424901838
13 40 43 0.011843792429811966
14 74 75 0.01958703008840733
15 176 263 0.07991698134950459
16 182 183 0.036025349750699175
17 211 212 0.004837835182689139
18 235 342 0.04764588040850939
19 99 192 0.06553145200286496
20 298 299 0.02095759300543762
21 343 345 0.04132057539999666
22 224 332 0.0003194830358380399
23 25 26 0.0849130051838805
24 8 399 0.031129142981370983
25 19 22 0.052659344073323594
26 23 91 0.0944480442998047
27 201 270 0.04050034316390209
28 213 216 0.0336555586887289
29 50 130 0.00017418683567470354
30 328 329 0.02069044636004831
31 171 294 0.07446498203578009
32 279 332 0.060722056648705114
33 243 244 0.024670242455691854
34 6 108 0.019677738040491
35 14 240 0.00022024911448168428
36 338 386 0.05531402241298705
37 297 361 0.042036243202013934
38 356 364 0.0051986950909952865
39 359 360 0.059576008199125875
40 179 246 2.120115238808435e-05
41 177 310 0.0178087344992377
42 71 301 0.0002858225092046125
43 339 343 0.039150362215144015
44 274 275 0.06117064187743126
45 17 197 0.08232152781470929
46 305 306 0.0004019508236808933
47 159 321 4.7934935092526325e-05
48 360 361 0.08638969771093116
49 32 33 0.03360031349465465
50 392 393 0.03842663876174551
51 166 334 0.052366361409608424
52 256 262 0.00014528777002390628
53 110 203 0.004823872476014964
54 11 124 0.02442531875915785
55 306 307 0.00034940066628363404
56 33 103 0.06638102933775265
57 110 212 0.0001949514650445544
58 164 165 0.020394689457137634
59 284 314 0.00018786718672801256
60 219 236 0.01907429037830872
61 87 89 0.00721369130138812
62 187 339 0.017691503879104214
63 68 129 0.017861811767757953
64 296 364 0.0727854128611929
65 195 196 0.021763282489507926
66 0 9 0.04528883311255744
67 45 261 0.00025080687290651385
68 111 276 0.07182946520834738
69 356 359 7.045418679042152e-05
70 28 31 3.512965858122328e-05
71 224 225 0.0004868455864957117
72 45 138 0.039060585305055164
73 128 155 0.06578938506668663
74 170 293 0.05023338729795488
75 117 202 5.915410157114138e-05
76 256 257 0.00012294612015660434
77 30 102 0.03626350643211335
78 14 350 0.0033564296961947422
79 41 43 0.12157147876947264
80 40 137 0.03742250220759808
81 353 383 3.9318819236427196e-05
82 52 267 0.0524053067253967
83 80 81 0.07109254692228108
84 287 288 0.08193916262491265
85 2 144 0.062012336551746185
86 318 328 0.06152085042071007
87 42 125 0.08274828086522902
88 31 32 0.017879723822582405
89 106 341 0.017980986394291323
90 70 72 0.04397186731575423
91 170 192 0.027356108307774577
92 126 128 8.122140478316169e-05
93 157 261 0.0282431617216128
94 233 276 0.0002091132706611676
95 6 342 0.00053000972077118
96 58 59 0.06050310510327127
97 113 209 0.055320388958696044
98 359 377 0.005195212784944105
99 177 324 0.03897468064183267
100 206 321 0.056892241861026295
101 91 183 0.016644214770351256
102 203 211 0.0002314453982033584
103 22 93 0.0657902763796573
104 37 388 0.09056831434786115
105 268 305 0.05161016965792758
106 87 88 0.00035112946678567326
107 133 135 0.02692966272536495
108 68 128 0.04480403643073854
109 325 327 0.00013658211190995312
110 146 255 0.06958351969990392
111 0 1 0.019090682048235573
112 226 370 0.026208493233447053
113 52 288 0.04924111749682269
114 355 366 0.0003104826090282777
115 228 323 0.020018236319393857
116 77 79 0.01264982331717485
117 65 66 0.11002135088837392
118 125 375 0.048667489220749635
119 221 305 0.00025202285260711075
120 70 92 0.07078343062794766
121 53 125 0.10375924868181208
122 56 283 0.00013755323637789927
123 85 275 0.06424079576306528
124 69 219 0.06024659753296718
125 54 204 0.06686640334139232
126 94 95 0.0568010079103256
127 373 392 0.049314993275698535
128 111 390 0.03391816190467163
129 177 178 0.01830622504520196
130 313 399 0.024297086349873487
131 210 230 0.007140599670123374
132 362 382 0.08741171342119507
133 16 97 0.029724317722466607
134 13 15 0.10580494252777382
135 349 350 0.03158556710586436
136 33 173 0.031836294138913555
137 13 20 0.11494002301179158
138 222 250 0.044606264811269364
139 293 294 0.03736111881092643
140 153 154 0.05896715927683822
141 142 154 0.06268671926123104
142 156 280 0.010961009958567957
143 350 351 0.0001380410284123881
144 225 263 0.006475158826900761
145 226 229 0.062255539911020556
146 73 81 0.008586943145325572
147 252 254 0.0948993394635858
148 237 238 0.00012248412970526228
149 369 390 0.018746922636178224
150 277 385 0.1030651676909102
151 10 238 0.017825333506451272
152 215 228 0.06596366045669194
153 48 49 3.792425371802657e-05
154 212 389 0.052699389899559995
155 304 308 0.03450209255432922
156 268 269 0.025030500294444685
157 202 205 2.650644221347799e-05
158 237 344 0.031971297771921106
159 66 178 0.07825608686688455
160 220 303 0.00036324398748989077
161 357 393 0.10658764474663869
162 27 120 0.08376199336518271
163 10 12 9.042454894996194e-06
164 117 160 0.08729451786487644
165 87 189 0.13077478200976123
166 138 140 0.0034882531196409865
167 36 372 4.248739604860073e-05
168 340 388 0.06190481353041107
169 285 316 0.00011603265451635449
170 129 194 0.027372915155784504
171 181 241 0.034804778527329154
172 166 168 0.06638650040610805
173 59 115 0.10561782813856477
174 150 365 0.030311373116295712
175 278 319 0.06402265899164827
176 100 101 0.029172709890715534
177 308 309 0.050490033085549293
178 232 273 0.05244681645417005
179 114 223 0.04409671620519003
180 142 144 0.00020786284682433161
181 21 59 0.05822023574763321
182 4 5 0.01980085771728307
183 44 258 0.020597014626622476
184 41 136 0.034393087126246676
185 242 328 0.04361527163962516
186 217 391 0.06758274363105332
187 254 263 1.3144183851434268e-05
188 369 389 0.03960384561124344
189 246 310 0.03823340973144196
190 26 27 0.03197727669935269
191 358 379 0.02644307819508474
192 76 77 0.11754782864955536
193 12 40 0.029665861885722854
194 112 210 0.0001490751483590545
195 361 381 0.030351677718389022
196 112 217 0.0633627342988477
197 364 377 0.00026113964506695164
198 236 284 0.0001826991910287246
199 250 286 0.043440033623730216
200 84 165 0.06679392631531512
201 30 171 0.046122068504134764
202 19 72 0.02016076470970632
203 79 86 0.04088444041451579
204 82 83 0.0464441315498388
205 116 158 0.04123520145078355
206 214 249 0.074947489983026
207 55 288 0.14659749465143798
208 246 279 0.0441838359642648
209 180 239 0.06082160319519883
210 330 339 0.04523751889287941
211 119 168 0.03531686048036609
212 264 266 0.07755676634283694
213 199 235 0.07549907178474255
214 206 299 0.061058828455546874
215 135 259 0.020877148891340524
216 285 315 0.0001553689355348895
217 131 132 0.07853252625236826
218 34 35 0.08591460750220206
219 60 61 0.024299576691342233
220 120 169 0.04172923674578567
221 104 107 0.00014084925947288507
222 82 184 0.02501198051139457
223 187 289 0.04631538297934759
224 234 324 0.0974472996574644
225 272 358 0.029181775246026928
226 235 385 5.808191300631825e-05
227 37 195 0.022883066321245316
228 196 197 0.05711531959117212
229 71 382 9.99952095600885e-05
230 78 81 0.01461831577430043
231 158 159 0.049823389744870696
232 39 121 0.052796581232830764
233 62 245 0.08522329028606859
234 282 283 0.00029767125121237946
235 107 108 0.0002932465260396405
236 57 163 0.009809059165242393
237 347 376 0.04126344733995717
238 123 269 0.049375995177436266
239 89 90 8.387641555059505e-05
240 41 126 0.04518640772484722
241 172 173 0.00016010545197263988
242 124 270 0.024233812751767177
243 20 85 0.01891968603512503
244 267 289 0.06796448807671572
245 148 149 0.03199935797691609
246 345 346 0.01425185874660266
247 134 145 0.08014934218124461
248 140 157 0.01828836668756105
249 162 286 0.0005225174091338685
250 24 74 0.05830508841599277
251 34 104 0.022746708415891992
252 64 179 0.044372976177320195
253 218 329 0.06569445356888315
254 272 380 0.0021574736980699517
255 46 175 0.057930747830703476
256 127 129 8.384537248161354e-05
257 149 363 1.8478908076586407e-05
258 365 368 0.0002368473227822475
259 159 228 0.026601109569489113
260 21 23 0.04525735476541873
261 109 266 0.07104767462129984
262 57 167 0.03310418386106647
263 223 286 0.016203973575217866
264 337 338 0.00017654744163389223
265 60 172 0.04803077892046771
266 319 320 0.027169522890961105
267 48 232 0.011443244305475124
268 301 371 0.00023378192503592553
269 20 88 0.08399110984977375
270 169 267 0.014770089963040895
271 314 330 0.0001853301546726672
272 398 399 0.0383629842552997
273 249 287 0.02620859402775232
274 265 320 0.034934534928906684
275 113 118 0.009374178709212403
276 344 345 0.04903268147078137
277 271 273 0.0002134944665390352
278 326 327 0.00014376753621413355
279 130 255 7.136367032047663e-05
280 394 396 0.08563905636586767
281 29 31 0.031726719927898994
282 375 376 0.08789193069367258
283 300 356 0.07956103229496811
284 36 105 0.07383219315431071
285 131 256 0.03669180005239352
286 113 216 0.0211222270046327
287 241 315 0.04109748713170018
288 213 348 0.0572338606165939
289 160 223 0.06695402983496089
290 75 78 7.710831253679508e-05
291 220 222 9.500369645592712e-05
292 42 43 0.015081549930779724
293 147 153 0.0003016126059716854
294 70 384 0.046394350756031794
295 96 97 0.04723078211636839
296 208 336 0.007729004897995142
297 51 255 8.985282118660229e-05
298 174 303 0.00020120098893932004
299 37 198 0.021264737041140094
300 143 146 0.07147441324596025
301 47 231 0.0034273534469496415
302 171 297 0.058573880785801904
303 198 200 0.00010606239094455006
304 45 53 0.051813727305180066
305 308 355 0.04857877590255321
306 229 333 0.017964156707142853
307 5 385 0.047899037476893176
308 65 114 0.052259838682369164
309 9 233 0.07133342415369065
310 239 240 0.07018154245710725
311 67 68 0.0816871952539292
312 242 386 0.059183174596673306
313 185 186 0.022591175216783447
314 234 298 0.018861579851134572
315 371 382 0.00020941946764386652
316 147 148 0.06379890253185698
317 28 311 0.01647079119629419
318 23 73 0.044238167589598344
319 243 378 0.04868340151255251
320 134 135 0.07083387572728342
321 231 232 9.818783846898871e-05
322 141 193 0.06289173508563548
323 268 309 0.0698387284643973
324 260 262 6.689662200427968e-05
325 178 179 0.043828562902509104
326 269 292 0.06684979741293828
327 2 152 0.06511560023270321
328 26 94 0.0696799158501157
329 78 79 0.03224368032425951
330 151 154 0.033554098257631074
331 161 162 0.07450045718573343
332 67 175 0.047051533325005716
333 126 127 0.05472015037308191
334 69 343 0.020696974312621474
335 47 244 0.08486965892001193
336 133 392 0.08130589671269771
337 76 387 0.00017624509718542638
338 18 63 0.062392140750053754
339 207 208 0.03205097985868309
340 110 111 0.05296159219649467
341 227 384 0.0401033425214918
342 367 371 0.09068075740270996
343 71 72 0.0522851653479675
344 90 274 0.010434500531259883
345 168 244 0.06590738497598408
346 378 380 0.04163662041824572
347 50 396 0.06179750226742366
348 191 192 0.03901310827759637
349 24 27 0.061086188131213914
350 102 103 0.00020022718970658207
351 295 296 0.03553843023291759
352 184 185 0.021282769089797184
353 276 299 0.04488747737686878
354 137 252 0.0001366519884753088
355 292 383 0.06367197781884258
356 287 291 0.0620087977202333
357 325 326 0.00017040476984646498
358 143 145 0.000195477830472339
359 0 7 0.05393644413060203
360 198 199 0.00011456443160960592
361 211 327 0.03801974406659636
362 355 383 0.00028914065054687273
363 160 161 0.00012014907958363426
364 91 93 0.024152935473330434
365 190 191 0.07082743371924081
366 119 389 0.07668154676445615
367 122 301 0.05043979477378274
368 243 352 0.0747495562529457
369 162 245 0.06134000910566555
370 15 96 0.05912100297467233
371 3 99 0.09982850211327193
372 247 331 0.04691185250254919
373 274 365 0.026599129118653992
374 277 278 0.0814156823357151
375 98 100 0.017297052202599177
376 174 306 7.395687445245024e-05
377 296 357 0.010397900582186741
378 236 330 0.00021285016426133955
379 11 12 0.013202138608808521
380 92 186 0.03521610554661735
381 136 156 0.03291494277485351
382 123 250 0.0280469874289412
383 95 188 0.03745165491796372
384 3 4 0.022766433848868797
385 378 379 0.009874794542208984
386 5 6 9.271698238405659e-05
387 331 336 0.030599683396649868
388 56 312 2.6129679436963722e-05
389 284 285 0.05686976235127083
390 119 230 0.06946100103949102
391 137 251 0.00012631816612239906
392 80 83 7.424329202503458e-05
393 363 368 0.036142952823402054
394 17 317 0.05600097220481299
395 121 264 0.024715456644743967
396 203 322 0.05163294844389742
397 11 237 0.0062537843769180325
398 174 175 0.055276403549590236
399 337 391 0.037188220582577314
400 17 181 0.015632892438241133
401 138 139 0.0936064526619265
402 29 98 0.017744145546392483
403 69 201 0.06330611830958
404 10 42 0.03395432224408748
405 116 214 0.07811011078465127
406 163 165 0.0830202053224799
407 84 85 0.07371983890831091
408 48 60 0.05910740142316002
409 166 167 0.08215214902842947
410 38 207 0.010404694682724393
411 139 194 4.215056520670214e-05
412 150 151 0.08348859401459405
413 251 252 0.00018519627057948953
414 207 324 0.057942014618970306
415 46 373 0.053266691345934786
416 300 304 0.04040507352272427
417 190 295 4.8175901940759484e-05
418 164 227 0.06669371997280343
419 146 257 0.0596484765773562
420 132 395 0.06557883189595025
421 62 63 0.06747099108780559
422 363 372 0.04046698100779543
423 230 335 0.0001341964402932946
424 249 348 0.035152312473869726
425 180 181 0.08797523615353371
426 142 143 0.007170875037595048
427 39 176 0.04333404042766572
428 290 314 0.054320375879117415
429 157 258 0.014257085716075053
430 103 273 1.869911115291383e-05
431 226 227 0.02262802001445867
432 315 316 0.0002397994985569003
433 18 122 0.022367664854319094
434 89 368 0.03208658698142044
435 258 259 0.01289613744696191
436 352 374 0.012058644743114758
437 316 317 0.0001974097574350605
438 105 106 0.00028110103566343896
439 109 196 0.029729682615193848
440 353 366 8.92034242806367e-05
441 259 260 0.05729834126498702
442 289 290 0.02006439322808638
443 362 384 0.01233608101928935
444 115 120 0.021516990613454724
445 149 150 0.01217215868947178
446 346 347 0.04313211724764892
447 18 19 0.055970377174304385
448 25 75 0.02922830619452
449 121 247 0.029363700763253422
450 233 234 0.05168560805727349
451 290 291 0.09491928472837295
452 7 38 0.11317524358135918
453 225 248 0.00029896904997483314
454 189 388 0.02120145409885189
455 98 170 0.09431402581262513
456 49 369 0.07284601881862413
457 264 265 0.05290816759455227
458 35 152 0.00020709744251125764
459 36 148 0.014539186380043758
460 53 131 0.01806816845730061
461 209 210 0.06462237958941389
462 9 61 0.027181419921109205
463 281 357 0.011992467641576755
464 167 333 0.013621012458235755
465 183 186 6.464274529771986e-05
466 294 377 0.08022573676058042
467 370 374 0.0744973598135093
468 4 107 0.00012068225937874564
469 109 200 0.019824227223669104
470 362 370 0.03896269163042746
471 54 66 0.06798789401954276
472 241 242 0.08257360508620322
473 55 58 0.047634290944174665
474 238 347 0.05411585554171349
475 116 161 0.07248934592353068
476 65 67 0.048421133065651434
477 187 188 0.037775825591032944
478 95 169 0.06437060744199745
479 38 319 0.0154831051990412
480 112 335 0.007135412379283061
481 340 372 0.06903561560739181
482 16 195 0.08482250016540523
483 35 147 0.00014513417379625023
484 83 86 0.07028788826591253
485 118 218 0.037901250352698736
486 22 58 0.10220614983537549
487 215 216 0.05058473319492129
488 302 367 0.04346541758860411
489 275 394 0.10066440276659668
490 163 229 0.024888151054614817
491 32 313 0.00515325144785096
492 190 281 0.036332117482386884
493 310 336 0.06931969899645471
494 338 351 0.04115777647522492
495 282 312 0.00027140729466346776
496 311 313 0.007360342360308354
497 55 62 0.0713844641971043
498 158 202 0.03814230623219057
499 1 398 0.0001499572067931012
500 395 397 6.148084780822949e-05
501 293 295 0.05087105447674889
502 240 351 0.0034549801023172405
503 73 74 6.986862079846308e-05
504 96 239 1.9398319286136033e-05
505 102 271 3.7710652921039327e-06
506 80 182 0.057612853832422234
507 50 51 0.00012403642346612518
508 323 325 0.03218516688020079
509 173 398 1.45416378478973e-05
510 28 100 0.032611335901475975
511 104 105 0.0001414583458110568
512 164 185 0.06603306832225928
513 396 397 0.03737837905170618
514 334 349 0.10096723958920026
515 122 353 0.07396288358795566
516 271 272 0.0530183410123979
517 7 8 0.010764839061337529
518 29 30 0.05974335335683682
519 300 302 0.022459806366807063
520 127 139 0.02737083557837496
521 214 215 0.04501686939080819
522 8 56 0.045567432291097346
523 25 77 0.01831576932852792
524 54 298 0.04052751490137706
525 176 201 0.07831028469832411
526 1 172 0.00026589357818191447
527 114 220 0.052855322620017214
528 124 251 0.04166899758610617
529 219 317 0.04687194807039286
530 329 354 0.05856372576324472
531 51 151 0.10503965585894695
532 247 248 0.07181392019205979
533 270 344 0.018070887952077726
534 379 381 0.03150493024310174
535 118 217 0.05394514214106867
536 333 352 0.0847977287150437
537 140 141 0.01838080836200578
538 302 366 0.05802793959545559
539 334 335 0.05497529439822667
540 44 141 0.021173162320582587
541 193 194 0.04597092717040002
542 221 222 0.00037692947565680243
543 213 218 0.006183591738013996
544 279 280 0.0003149503246319227
545 304 393 0.046236406316268755
546 253 254 0.006584099310812436
547 209 326 0.056094409118979664
548 311 312 0.057300132714058864
549 354 391 0.029905876061361393
550 47 49 0.009579626176187824
551 340 341 0.03546360376736442
552 76 397 3.4145638113458015e-05
553 199 200 0.00010977651608766813
554 144 145 0.007179742559238085
555 257 260 0.0001837723057151091
556 309 373 0.03724503254722921
557 341 342 0.006769267194608018
558 3 34 9.236243834869185e-05
559 134 281 0.07025156918644061
560 387 395 9.550363152938289e-05
561 97 189 0.09219795600598779
562 92 93 0.0003306517699637016
563 278 283 0.0855224386888269
564 188 346 0.05071401746305015
565 248 332 0.00012158417434714835
566 291 318 0.013881933915545496
567 46 193 0.05816324459871226
568 99 101 0.08380277357419778
569 261 262 0.03876103687583325
570 297 358 0.019530421984774515
571 354 386 0.0003018839136603147
572 52 115 0.0317502715152114
573 337 349 0.01891453142701743
574 82 84 0.055535893594139685
575 205 206 0.029884100169028687
576 101 282 0.06567720816619271
577 130 132 0.029921478838808753
578 266 277 0.020623415643448297
579 224 253 0.0001968187366683438
580 152 153 0.0003616911729459067
581 61 390 0.03903018524347476
582 231 380 0.0470046403434572
583 360 367 0.0526442883296631
584 182 184 2.242581582760221e-05
585 117 204 6.333351202960514e-05
586 322 323 0.00016869295324620974
587 44 133 0.0172094459618919
588 106 108 3.59125637574429e-05
589 265 331 8.405029481383553e-05
590 94 376 0.0626648282255576
591 14 15 0.028419432363344585
592 123 245 0.013465408188185903
593 318 348 0.044208375661097976
594 156 253 0.055469467247146374
595 303 307 0.0003089641072078528
596 39 197 0.09633022395949671
597 375 387 0.083894336697957
598 64 280 0.0001205598380962035
599 16 180 0.011024102457810941
