1422
0 208 320 0.00019271353243652196
1 64 155 0.03937461586957956
2 204 205 1.9591018994714797e-05
3 63 292 0.03524313656395663
4 374 381 0.08822712029232656
5 136 155 9.616556747603768e-05
6 21 24 0.020310229607162524
7 221 307 0.00035829244094876016
8 86 394 0.0514807558914049
9 321 322 0.03909275137372107
10 13 57 0.09184325591047351
11 2 191 0.06713024327951134
12 88 90 0.006330312045644651
13 40 43 0.011619489829232806
14 74 75 0.019307507591384
15 176 263 0.07984053266353873
16 182 183 0.03579013152482294
17 211 212 0.004450190171997183
18 235 342 0.04794865018654354
19 99 192 0.06527161754484778
20 298 299 0.02033405474453294
21 343 345 0.041558957494319045
22 224 332 0.000396730480798237
23 25 26 0.0851265579478765
24 8 399 0.03083348814101315
25 19 22 0.052931043278310656
26 23 91 0.09501702231654945
27 201 270 0.0406259999759367
28 213 216 0.03310315642858197
29 50 130 7.731348657966401e-05
30 328 329 0.020191909564809075
31 171 294 0.07484335480818632
32 279 332 0.06041638490672242
33 243 244 0.024662194879428754
34 6 108 0.01913366654142298
35 14 240 4.9806621263204324e-05
36 338 386 0.0552159204847454
37 297 361 0.04127791813211295
38 356 364 0.004530933327850247
39 359 360 0.059482388169610635
40 179 246 0.00017327017695915357
41 177 310 0.01741192481813828
42 71 301 6.853859426286796e-05
43 339 343 0.03898657287781087
44 274 275 0.06115602243973506
45 17 197 0.08284300650300774
46 305 306 6.184644217490885e-05
47 159 321 0.00018510857822332078
48 360 361 0.08729672395237724
49 32 33 0.03380501278437546
50 392 393 0.038474383318073804
51 166 334 0.05252497119432562
52 256 262 0.00010151120824109037
53 110 203 0.004449120241500251
54 11 124 0.023663465172029906
55 306 307 0.0003152020049692462
56 33 103 0.06674792735097113
57 110 212 3.32842128243404e-05
58 164 165 0.01994871120432806
59 284 314 0.00013235196257305266
60 219 236 0.018396968198042082
61 87 89 0.006314011769099198
62 187 339 0.017807842388698324
63 68 129 0.017660053468328434
64 296 364 0.07317646693900606
65 195 196 0.02136023339867741
66 0 9 0.045560697470879576
67 45 261 1.8300302446358984e-05
68 111 276 0.07177983964157622
69 356 359 6.732370089977555e-05
70 28 31 1.1605782782086671e-06
71 224 225 9.592419036791127e-05
72 45 138 0.038797282401108295
73 128 155 0.0659122168660527
74 170 293 0.050539212411775114
75 117 202 2.4190681500715175e-05
76 256 257 0.00027176487141751624
77 30 102 0.03613592870422204
78 14 350 0.0031186671726598355
79 41 43 0.12220820233871445
80 40 137 0.036820887822611316
81 353 383 0.0002721784337453814
82 52 267 0.05183940241653845
83 80 81 0.07125871550235342
84 287 288 0.0829306119259753
85 2 144 0.06211794936254315
86 318 328 0.061968424276190454
87 42 125 0.08352712040689701
88 31 32 0.01768517197670515
89 106 341 0.017121653405005176
90 70 72 0.044065516138516794
91 170 192 0.02700231102112426
92 126 128 3.153638676812995e-05
93 157 261 0.028135889254188324
94 233 276 0.00032345938187267883
95 6 342 0.00019512016308370712
96 58 59 0.06068912102016876
97 113 209 0.055511407521805584
98 359 377 0.004528061660135705
99 177 324 0.03900445280591937
100 206 321 0.056919776921453794
101 91 183 0.016416513340774836
102 203 211 7.854878316303023e-05
103 22 93 0.06593295160924753
104 37 388 0.09043866104216035
105 268 305 0.051655012308597675
106 87 88 0.00030244863007470403
107 133 135 0.026045172101952854
108 68 128 0.044935504585508886
109 325 327 0.00014134730858121806
110 146 255 0.06947209509724445
111 0 1 0.01847262179317134
112 226 370 0.025507243937688853
113 52 288 0.04934448624420305
114 355 366 0.0002839340712501787
115 228 323 0.019962520883514523
116 77 79 0.012268857175442379
117 65 66 0.11052461621096807
118 125 375 0.04802505284967154
119 221 305 0.00012542493433845484
120 70 92 0.0710746583784956
121 53 125 0.10463097274014395
122 56 283 0.00023911978015587877
123 85 275 0.06355346426074121
124 69 219 0.06035792515193144
125 54 204 0.06671326931984617
126 94 95 0.056438467058895804
127 373 392 0.04923242505721368
128 111 390 0.0339041019165949
129 177 178 0.017844968651869287
130 313 399 0.024522973129624745
131 210 230 0.006286933061502933
132 362 382 0.08778573759021582
133 16 97 0.029090741876521997
134 13 15 0.10642901258337438
135 349 350 0.03167412155382531
136 33 173 0.03156790915811619
137 13 20 0.11523123937812477
138 222 250 0.04471883085879107
139 293 294 0.03738052728429837
140 153 154 0.058897057060947944
141 142 154 0.06307196798519041
142 156 280 0.010601969535369146
143 350 351 3.9807618916858095e-06
144 225 263 0.00609107651385352
145 226 229 0.06263569879227206
146 73 81 0.00848108985348885
147 252 254 0.0955789827074511
148 237 238 0.00019752975943435568
149 369 390 0.01855824856312145
150 277 385 0.10317303935692003
151 10 238 0.01752821055186657
152 215 228 0.06611541194579368
153 48 49 1.7732412505471705e-05
154 212 389 0.05272227228587939
155 304 308 0.0343083314221692
156 268 269 0.024683069828630017
157 202 205 5.142324670937619e-06
158 237 344 0.03160230569565092
159 66 178 0.07889983744814845
160 220 303 0.0003177327791337507
161 357 393 0.10691618141873598
162 27 120 0.08394145245487326
163 10 12 5.001361171873386e-05
164 117 160 0.08745653588635922
165 87 189 0.13129883758333746
166 138 140 0.003036170306580502
167 36 372 0.0001343989635605648
168 340 388 0.06238303438515463
169 285 316 0.00025640624930680533
170 129 194 0.027024164082530205
171 181 241 0.03445785821726884
172 166 168 0.0658630134783467
173 59 115 0.10555607563833216
174 150 365 0.030374012469940485
175 278 319 0.06394271637382476
176 100 101 0.028890656850858967
177 308 309 0.05062951662633325
178 232 273 0.05240259144580351
179 114 223 0.04438830706771273
180 142 144 6.963643431488747e-06
181 21 59 0.05864022234075902
182 4 5 0.019438016233373538
183 44 258 0.019765556765317233
184 41 136 0.03420456076429301
185 242 328 0.04295079861135843
186 217 391 0.06784721684696236
187 254 263 1.8891820423538526e-05
188 369 389 0.03986829344440283
189 246 310 0.03814876184709807
190 26 27 0.0314270741008257
191 358 379 0.025689356741165344
192 76 77 0.11827375387268554
193 12 40 0.029256306093273957
194 112 210 7.525669065637611e-05
195 361 381 0.02990834756720313
196 112 217 0.06371568991778956
197 364 377 0.00016505248146031373
198 236 284 2.5559558456410087e-05
199 250 286 0.04340763179861664
200 84 165 0.06663508312767843
201 30 171 0.04610217223663073
202 19 72 0.01981054473934547
203 79 86 0.04080841013762546
204 82 83 0.046229149763354516
205 116 158 0.04060400179306832
206 214 249 0.07557337328127872
207 55 288 0.14641134522029045
208 246 279 0.0442307276682398
209 180 239 0.06048980122422243
210 330 339 0.04513413244293063
211 119 168 0.03530776334911532
212 264 266 0.07822508090136597
213 199 235 0.0755608368011457
214 206 299 0.061293145457447885
215 135 259 0.020500242077715083
216 285 315 0.0001628856440621585
217 131 132 0.07891901923800608
218 34 35 0.08620256952199283
219 60 61 0.02414576940872765
220 120 169 0.041622843030386505
221 104 107 0.00014452075406284085
222 82 184 0.02465058431625862
223 187 289 0.045892276113157104
224 234 324 0.09848192409922087
225 272 358 0.029142304835976324
226 235 385 3.7580083135070486e-05
227 37 195 0.02257583995538166
228 196 197 0.057595300900442424
229 71 382 9.888515196317864e-05
230 78 81 0.014359859723548142
231 158 159 0.0498887570891514
232 39 121 0.05307951558184382
233 62 245 0.08564194649707323
234 282 283 0.00037286197664757314
235 107 108 0.00022294409528538748
236 57 163 0.009506522710889097
237 347 376 0.0414159972028376
238 123 269 0.049385265689340395
239 89 90 8.148447330428439e-05
240 41 126 0.045216564554254914
241 172 173 3.9116889508120647e-05
242 124 270 0.024021874313006647
243 20 85 0.01853694453104132
244 267 289 0.06849437885607039
245 148 149 0.03181928772356277
246 345 346 0.01395545635035997
247 134 145 0.08037337635748906
248 140 157 0.017763326038635494
249 162 286 1.9393501662897088e-07
250 24 74 0.05790781618881566
251 34 104 0.022401117079446153
252 64 179 0.04435167049122541
253 218 329 0.06598792336836684
254 272 380 0.0016664158742457035
255 46 175 0.058117135176939186
256 127 129 0.00023152647853882127
257 149 363 4.552987537434257e-05
258 365 368 1.8721854772206315e-06
259 159 228 0.026346237306353593
260 21 23 0.04467431700960358
261 109 266 0.07137156566796946
262 57 167 0.0325417667671832
263 223 286 0.015793700812989964
264 337 338 7.57549146521262e-05
265 60 172 0.04809586583284744
266 319 320 0.027065908527929897
267 48 232 0.011069960879768798
268 301 371 3.331763650258986e-05
269 20 88 0.08437299358381467
270 169 267 0.01413329470581304
271 314 330 1.2233901088676009e-05
272 398 399 0.038044049015699355
273 249 287 0.02631116461318042
274 265 320 0.034858659489581695
275 113 118 0.00899834632445864
276 344 345 0.04950313609794555
277 271 273 0.0001513331101289312
278 326 327 0.00017045336730839034
279 130 255 0.00012887387462702616
280 394 396 0.08597919122113473
281 29 31 0.03143801526182712
282 375 376 0.08811607420136307
283 300 356 0.07995131771656762
284 36 105 0.07386617058696139
285 131 256 0.03642817420310088
286 113 216 0.020829263896246154
287 241 315 0.040882677047029053
288 213 348 0.0576671117374665
289 160 223 0.06693003052505878
290 75 78 6.842129191992115e-05
291 220 222 0.00021287500892457444
292 42 43 0.014807209234832147
293 147 153 0.00018703879151790986
294 70 384 0.046583715371300814
295 96 97 0.04729488128516986
296 208 336 0.007763376852241441
297 51 255 3.9446968382330265e-05
298 174 303 0.00016455208319625207
299 37 198 0.020757707784883103
300 143 146 0.07188460329831936
301 47 231 0.0032858156371545883
302 171 297 0.05863759989745351
303 198 200 0.00042601213081031736
304 45 53 0.051916495743681165
305 308 355 0.04869497145010519
306 229 333 0.0176519305518973
307 5 385 0.047913475937070245
308 65 114 0.052161770886076896
309 9 233 0.0718618107471304
310 239 240 0.07027887741882444
311 67 68 0.08201003148139609
312 242 386 0.05876232084784543
313 185 186 0.022378234887395664
314 234 298 0.01849278411061567
315 371 382 0.0001781020059569733
316 147 148 0.0635977821165135
317 28 311 0.016123118743225928
318 23 73 0.04383891533256323
319 243 378 0.04884083073043638
320 134 135 0.07159698001576786
321 231 232 0.00011362018941905927
322 141 193 0.0634797478434393
323 268 309 0.07012101825449475
324 260 262 0.0002049211024285508
325 178 179 0.04350889527399889
326 269 292 0.0671842484022461
327 2 152 0.06512922694987723
328 26 94 0.07026039986029305
329 78 79 0.03190955065586081
330 151 154 0.033160129820314715
331 161 162 0.07471009665474129
332 67 175 0.04653036399315297
333 126 127 0.05475384508074186
334 69 343 0.019904021268570316
335 47 244 0.08471858257486872
336 133 392 0.08207681248495402
337 76 387 3.905225485268156e-05
338 18 63 0.06270310883264849
339 207 208 0.03146648735222777
340 110 111 0.053342170376366536
341 227 384 0.0398394230477698
342 367 371 0.0910525863030776
343 71 72 0.05197609694834096
344 90 274 0.010213349456252118
345 168 244 0.06648443317306252
346 378 380 0.04119616262949815
347 50 396 0.061863247247190584
348 191 192 0.039196484068075896
349 24 27 0.0612685594263808
350 102 103 5.588733505213015e-05
351 295 296 0.0350872447248332
352 184 185 0.021129398579233072
353 276 299 0.04473242189327964
354 137 252 0.00018675259257024235
355 292 383 0.06362571982667381
356 287 291 0.0607254336774298
357 325 326 0.00013922435005841045
358 143 145 0.0002469576039085792
359 0 7 0.05376134978993549
360 198 199 0.0004224526413788808
361 211 327 0.037992290914772534
362 355 383 1.9129203007984066e-05
363 160 161 0.00028951736191235034
364 91 93 0.024119277952487826
365 190 191 0.07088077748703901
366 119 389 0.07676256539310661
367 122 301 0.050473666090948596
368 243 352 0.07497861350620065
369 162 245 0.060989349162123487
370 15 96 0.05878207757562481
371 3 99 0.1007327076259939
372 247 331 0.04679030002228819
373 274 365 0.026844453596590535
374 277 278 0.08195385286205291
375 98 100 0.016851843766013893
376 174 306 0.0002810987862285865
377 296 357 0.010113527793971762
378 236 330 0.0001433481578608246
379 11 12 0.013049651279698234
380 92 186 0.03508433096209832
381 136 156 0.03297249109685899
382 123 250 0.027563261221287015
383 95 188 0.03763490154020432
384 3 4 0.022484661141277795
385 378 379 0.009578430899001827
386 5 6 0.00020923706112904036
387 331 336 0.030488133074083643
388 56 312 0.00014372347581784433
389 284 285 0.05672179421000874
390 119 230 0.06956655135302554
391 137 251 0.000133996701840934
392 80 83 7.233034134107911e-05
393 363 368 0.036177111574917716
394 17 317 0.055869568354905454
395 121 264 0.024292494507149768
396 203 322 0.05171105443985271
397 11 237 0.0060436516069578075
398 174 175 0.05545386622065407
399 337 391 0.03709862565332386
400 17 181 0.015004629983051774
401 138 139 0.09424620049778973
402 29 98 0.017304123663750115
403 69 201 0.06363757683607119
404 10 42 0.03342234061726907
405 116 214 0.07857296400648636
406 163 165 0.08337302624570157
407 84 85 0.07455923084981751
408 48 60 0.05939870929443996
409 166 167 0.08318620199980552
410 38 207 0.0103371969232411
411 139 194 0.0002841573127551134
412 150 151 0.08373681937352988
413 251 252 0.00012963922497482035
414 207 324 0.05814888548043706
415 46 373 0.053329202298400005
416 300 304 0.04025719899884453
417 190 295 9.443926392902261e-05
418 164 227 0.06705743824091868
419 146 257 0.059862992698390134
420 132 395 0.06554147103712367
421 62 63 0.06727427606276999
422 363 372 0.04028071987350603
423 230 335 0.0002598158376447924
424 249 348 0.03448790817720332
425 180 181 0.08886771321607337
426 142 143 0.00635313448521066
427 39 176 0.04334387597659345
428 290 314 0.05439086396400965
429 157 258 0.014230657183905197
430 103 273 4.882625415517345e-05
431 226 227 0.022262553236702416
432 315 316 0.00014804252818447001
433 18 122 0.021795130429839746
434 89 368 0.032143138676419415
435 258 259 0.012733627317016553
436 352 374 0.011262303358614048
437 316 317 0.00022355725280911413
438 105 106 0.00023059622201151587
439 109 196 0.029276291413274595
440 353 366 3.205646106218394e-05
441 259 260 0.05731893778664139
442 289 290 0.020075365711732154
443 362 384 0.011666417850030728
444 115 120 0.021002500582316043
445 149 150 0.011956571022736798
446 346 347 0.04289488736131258
447 18 19 0.05606553068132207
448 25 75 0.028722913363869902
449 121 247 0.02882982489267632
450 233 234 0.05118589304130089
451 290 291 0.09581003948971904
452 7 38 0.11410758132772812
453 225 248 0.0001649910875816572
454 189 388 0.021116258685827866
455 98 170 0.09490622965242651
456 49 369 0.07312644788531894
457 264 265 0.05257535299419483
458 35 152 0.00020266822064837433
459 36 148 0.014480162644388058
460 53 131 0.017311728583602724
461 209 210 0.06487103863376041
462 9 61 0.026667647421858752
463 281 357 0.011810569590273389
464 167 333 0.013180772081149759
465 183 186 4.188665623051275e-05
466 294 377 0.08025928725889854
467 370 374 0.07522729442726363
468 4 107 7.045835576382851e-05
469 109 200 0.01923196555736243
470 362 370 0.03893880753989066
471 54 66 0.06831745464026193
472 241 242 0.08378211159696436
473 55 58 0.04739889842045809
474 238 347 0.054308740036508145
475 116 161 0.0728138609781663
476 65 67 0.04831773964193132
477 187 188 0.03773816611881119
478 95 169 0.06452839744770482
479 38 319 0.014802774130296285
480 112 335 0.0062831627309021115
481 340 372 0.06862027164911222
482 16 195 0.08542108813773155
483 35 147 0.0003059626649751459
484 83 86 0.0702471855695014
485 118 218 0.03747344292575493
486 22 58 0.10238684532651732
487 215 216 0.051104694744169676
488 302 367 0.043103138281456094
489 275 394 0.10116491662035354
490 163 229 0.02440372207934336
491 32 313 0.0046642320322793735
492 190 281 0.03576759091347278
493 310 336 0.06940091581172879
494 338 351 0.0412503047633561
495 282 312 0.00016237420783817938
496 311 313 0.007132482834905237
497 55 62 0.07232342327195412
498 158 202 0.037891610934769296
499 1 398 0.000311204813402351
500 395 397 6.346384425299926e-06
501 293 295 0.05080192373446756
502 240 351 0.0031160353320832074
503 73 74 0.00021732751914319793
504 96 239 0.0001120368263571053
505 102 271 0.00018071066960383033
506 80 182 0.05727675338781834
507 50 51 0.00013839108971122648
508 323 325 0.03212196823605787
509 173 398 0.0002532142377697877
510 28 100 0.03226003786154682
511 104 105 4.1882526013922954e-05
512 164 185 0.06627392123757601
513 396 397 0.0369317823493414
514 334 349 0.1013090876896382
515 122 353 0.07408732292182556
516 271 272 0.05309949299260835
517 7 8 0.010512694846001779
518 29 30 0.060304590194793346
519 300 302 0.022451628459899457
520 127 139 0.02701551889356629
521 214 215 0.044123485574906834
522 8 56 0.04521890576554468
523 25 77 0.018108932071500997
524 54 298 0.040492966467624104
525 176 201 0.07900563412640318
526 1 172 0.0002814317285361165
527 114 220 0.05229821448614542
528 124 251 0.041603436561617566
529 219 317 0.04699783538133511
530 329 354 0.0583282425606344
531 51 151 0.10536436590370542
532 247 248 0.07199330149625288
533 270 344 0.01724106425620555
534 379 381 0.031237793632564678
535 118 217 0.05400003163373578
536 333 352 0.08526740395357206
537 140 141 0.017866506248960252
538 302 366 0.057902174842721484
539 334 335 0.054783018543603186
540 44 141 0.020930194780780922
541 193 194 0.0459062067494837
542 221 222 0.00022615273956947364
543 213 218 0.005824494657661649
544 279 280 0.00024317218007499693
545 304 393 0.04631730217602576
546 253 254 0.006225583937963747
547 209 326 0.05645283475071019
548 311 312 0.05696018669960271
549 354 391 0.029491696520468878
550 47 49 0.00932103320357232
551 340 341 0.03547837249723361
552 76 397 2.0896472522888494e-05
553 199 200 0.0005102932559750034
554 144 145 0.006358674057592216
555 257 260 0.00024431067603899304
556 309 373 0.03723127794656237
557 341 342 0.006458910174270452
558 3 34 1.0210602844972698e-05
559 134 281 0.07065942237421811
560 387 395 1.3268827787810238e-05
561 97 189 0.09256355616886437
562 92 93 5.729446905765278e-05
563 278 283 0.08578210677474946
564 188 346 0.05078444941931538
565 248 332 0.00023079215987627255
566 291 318 0.014065815480965312
567 46 193 0.058257476341228555
568 99 101 0.08410681097857191
569 261 262 0.038613991767691126
570 297 358 0.01948203616530097
571 354 386 0.00022645679887134772
572 52 115 0.03128672317062469
573 337 349 0.018597151370035578
574 82 84 0.05548204865198018
575 205 206 0.029608554314687403
576 101 282 0.06536121368088782
577 130 132 0.029476790666463127
578 266 277 0.020278027175151373
579 224 253 0.00017033653529539505
580 152 153 8.929725602887702e-05
581 61 390 0.03921431033896617
582 231 380 0.04732028434392916
583 360 367 0.05289354722272605
584 182 184 0.00018181266089756026
585 117 204 2.822612246829861e-05
586 322 323 0.0002803206907391209
587 44 133 0.017137437710303283
588 106 108 1.103257578183705e-05
589 265 331 2.0663012903888216e-05
590 94 376 0.06267670119551683
591 14 15 0.02836570384891178
592 123 245 0.012799818537266795
593 318 348 0.04346085309249181
594 156 253 0.055435212487481664
595 303 307 0.00017490940710093776
596 39 197 0.09666922879693472
597 375 387 0.08435117987016832
598 64 280 0.00011280730368656528
599 16 180 0.010824848430637165
