1433
0 208 320 3.652361495163337e-05
1 64 155 0.03926108772925377
2 204 205 6.717704789184423e-05
3 63 292 0.03500235908069305
4 374 381 0.08852859439638022
5 136 155 9.643473909923363e-05
6 21 24 0.01998034612385163
7 221 307 0.00013127545809011205
8 86 394 0.05164771688420048
9 321 322 0.039012946665180355
10 13 57 0.09217866502978352
11 2 191 0.0673315055971826
12 88 90 0.005812663506174914
13 40 43 0.011489227006601793
14 74 75 0.019169080079795314
15 176 263 0.07971698739766085
16 182 183 0.03564430227803848
17 211 212 0.004235329051442369
18 235 342 0.04805675393736839
19 99 192 0.065123075616131
20 298 299 0.01997864552145308
21 343 345 0.04169717752565023
22 224 332 0.000207802485586151
23 25 26 0.08524778129567408
24 8 399 0.030661877764576257
25 19 22 0.053090019964443395
26 23 91 0.09534246043418909
27 201 270 0.04069706083694073
28 213 216 0.03278418345907133
29 50 130 6.800726778789922e-05
30 328 329 0.019906750740805203
31 171 294 0.0750612373051627
32 279 332 0.06047973810575335
33 243 244 0.02465831889757564
34 6 108 0.018848786656283482
35 14 240 6.179773875581979e-05
36 338 386 0.05515425467290497
37 297 361 0.040838529495757545
38 356 364 0.00414578810799288
39 359 360 0.05946623088125158
40 179 246 8.201511347358207e-05
41 177 310 0.017185750838463725
42 71 301 0.00012717341315580084
43 339 343 0.038889905012313326
44 274 275 0.061149324500963574
45 17 197 0.0831408888530971
46 305 306 0.00035511942314365606
47 159 321 0.00019147326327916445
48 360 361 0.08781871070388303
49 32 33 0.03391966949482077
50 392 393 0.03850308343193253
51 166 334 0.05261972368779794
52 256 262 0.00015659956684238498
53 110 203 0.0042255644620003315
54 11 124 0.023220905716358615
55 306 307 0.00032811091464924615
56 33 103 0.06674613866973272
57 110 212 8.673568017859937e-05
58 164 165 0.01969053870161709
59 284 314 0.00015669312000192556
60 219 236 0.01796137280190288
61 87 89 0.005779805583839646
62 187 339 0.017877124536172507
63 68 129 0.017586185068568384
64 296 364 0.07343739774318782
65 195 196 0.02112665930524286
66 0 9 0.04571711916109954
67 45 261 0.0001875176276622742
68 111 276 0.07177019619969865
69 356 359 6.882067920853412e-05
70 28 31 9.72913879403388e-05
71 224 225 8.341367591899511e-05
72 45 138 0.03862234305152226
73 128 155 0.06600794463371852
74 170 293 0.05071610774167985
75 117 202 6.043843202005416e-05
76 256 257 0.000166949380482335
77 30 102 0.03595880866683543
78 14 350 0.002946720873973714
79 41 43 0.1225679566464599
80 40 137 0.03657170572959213
81 353 383 0.0002561637054157049
82 52 267 0.051512952153871215
83 80 81 0.07132401534734942
84 287 288 0.0835054870246142
85 2 144 0.06210887488328248
86 318 328 0.06222674143447002
87 42 125 0.08397627565507784
88 31 32 0.017562759307602066
89 106 341 0.016582816758918772
90 70 72 0.04412028398365626
91 170 192 0.026798365448648907
92 126 128 9.859371794239905e-05
93 157 261 0.028028299825201112
94 233 276 0.00031173051659126957
95 6 342 0.00010507871158279804
96 58 59 0.060796562184405746
97 113 209 0.055625102932261694
98 359 377 0.004146764574009437
99 177 324 0.039019416513668255
100 206 321 0.05695963836671594
101 91 183 0.01624129701387038
102 203 211 0.00021635972715554157
103 22 93 0.06593090270083875
104 37 388 0.09036626417694538
105 268 305 0.051551341265071715
106 87 88 0.00020332508191378917
107 133 135 0.02553474004120441
108 68 128 0.045018698838514185
109 325 327 0.00013686248845326746
110 146 255 0.069380334666241
111 0 1 0.018349188303107236
112 226 370 0.02510186593851195
113 52 288 0.04940523420859442
114 355 366 0.00024171008726642785
115 228 323 0.01997605948787934
116 77 79 0.012048795538933175
117 65 66 0.11081578035088772
118 125 375 0.04765419311780824
119 221 305 0.00021366257017435002
120 70 92 0.07117481586492651
121 53 125 0.1051312359922741
122 56 283 0.0004325493182239
123 85 275 0.06315706026218182
124 69 219 0.06041524967161664
125 54 204 0.06659365817698684
126 94 95 0.0562288539159031
127 373 392 0.04918438799413869
128 111 390 0.033899955009826836
129 177 178 0.017585939955312956
130 313 399 0.024650344569236707
131 210 230 0.00579335665381451
132 362 382 0.08805427751939678
133 16 97 0.028726062824201707
134 13 15 0.10678200814388113
135 349 350 0.03173661390920366
136 33 173 0.03147137374885054
137 13 20 0.11540130879526043
138 222 250 0.04450345906911754
139 293 294 0.03739197673811532
140 153 154 0.058737107577861374
141 142 154 0.06322534938293728
142 156 280 0.01049135790607502
143 350 351 9.903986554476184e-05
144 225 263 0.005908737121678067
145 226 229 0.06285483424168718
146 73 81 0.008429389860584696
147 252 254 0.09588684327617236
148 237 238 0.0002526096584092352
149 369 390 0.018450971678840366
150 277 385 0.10322692856284979
151 10 238 0.017267366464639368
152 215 228 0.06620065422052582
153 48 49 8.007867444649494e-05
154 212 389 0.052669632778891216
155 304 308 0.034198276606805404
156 268 269 0.02448216169419915
157 202 205 2.889350205133769e-05
158 237 344 0.03133240707514929
159 66 178 0.07926757877962552
160 220 303 0.0002969082568590807
161 357 393 0.10710475260349075
162 27 120 0.08404695397109407
163 10 12 4.802939028045317e-05
164 117 160 0.08759627962014241
165 87 189 0.13162720729958036
166 138 140 0.0027855622022480934
167 36 372 0.0002818857846950265
168 340 388 0.06265651053446986
169 285 316 0.00011450712098162403
170 129 194 0.02680550768120093
171 181 241 0.03426006343717907
172 166 168 0.06556201932027682
173 59 115 0.10552111914931324
174 150 365 0.030427535709999495
175 278 319 0.0638974317134894
176 100 101 0.0287248954486006
177 308 309 0.050708926888257094
178 232 273 0.05227033977226189
179 114 223 0.04453406931434718
180 142 144 0.000138107610634904
181 21 59 0.05888176899741486
182 4 5 0.01896109557920511
183 44 258 0.019285367221802668
184 41 136 0.03409406383537367
185 242 328 0.04257225351238257
186 217 391 0.0679864594816883
187 254 263 0.00024299057212323394
188 369 389 0.040022495251630666
189 246 310 0.038122979805067334
190 26 27 0.03110772769713866
191 358 379 0.02525424949768568
192 76 77 0.1186028026482189
193 12 40 0.02901377205051947
194 112 210 6.752324511176262e-05
195 361 381 0.029650803068981317
196 112 217 0.06384909099492408
197 364 377 1.7789890381155363e-05
198 236 284 1.5504655944989574e-05
199 250 286 0.04328055365804157
200 84 165 0.06654422560135523
201 30 171 0.04609221335110018
202 19 72 0.019607739575231157
203 79 86 0.04076524794924205
204 82 83 0.04610304928764473
205 116 158 0.04024518048364563
206 214 249 0.07593430200467516
207 55 288 0.14630437784078806
208 246 279 0.044317125806385846
209 180 239 0.06028373722898698
210 330 339 0.04501542744631367
211 119 168 0.0353048393084182
212 264 266 0.07860895441009216
213 199 235 0.07582637488493035
214 206 299 0.06142499528546942
215 135 259 0.02028139732917081
216 285 315 0.00015526661129655674
217 131 132 0.07914208078192368
218 34 35 0.08639891746366316
219 60 61 0.024058491495486632
220 120 169 0.04156068564420302
221 104 107 0.00010801715344697589
222 82 184 0.024501571965825378
223 187 289 0.04564978141321243
224 234 324 0.09907724590440549
225 272 358 0.029117109848586856
226 235 385 1.189552474333421e-05
227 37 195 0.022397442898572654
228 196 197 0.057872750970480245
229 71 382 5.263645487440557e-05
230 78 81 0.01423182121161455
231 158 159 0.04994883607874963
232 39 121 0.053239966736875796
233 62 245 0.08588099560955077
234 282 283 0.0004997312491748737
235 107 108 0.0003488775616998226
236 57 163 0.0093306138844736
237 347 376 0.041500998312668666
238 123 269 0.04939032801457265
239 89 90 0.00027628284760877265
240 41 126 0.04525729441943196
241 172 173 6.696087257708555e-05
242 124 270 0.023901456237746685
243 20 85 0.01831318484017471
244 267 289 0.06880137858066548
245 148 149 0.03172243722385392
246 345 346 0.013784950128179046
247 134 145 0.08060658128013826
248 140 157 0.017468472833700923
249 162 286 0.00024176950237175912
250 24 74 0.0576919893926628
251 34 104 0.022181157482883004
252 64 179 0.04437272566391474
253 218 329 0.06615441587283516
254 272 380 0.0013818583257930526
255 46 175 0.058221674787383305
256 127 129 0.00012233116976947942
257 149 363 3.2206947835200934e-05
258 365 368 4.9088728110883714e-05
259 159 228 0.026215576792072186
260 21 23 0.04434196132368581
261 109 266 0.07156050124347396
262 57 167 0.03221602651156091
263 223 286 0.015421190340747149
264 337 338 0.00011085103996388265
265 60 172 0.04817413714588944
266 319 320 0.027012589381574678
267 48 232 0.010895804213312914
268 301 371 1.7881233172493318e-05
269 20 88 0.08462228289020679
270 169 267 0.013765625597425822
271 314 330 3.1899015184894155e-05
272 398 399 0.03804270916292363
273 249 287 0.02636886158880506
274 265 320 0.03483411989586006
275 113 118 0.00878117095320067
276 344 345 0.04977672885019742
277 271 273 5.3790938226854327e-05
278 326 327 0.00014354190602460068
279 130 255 9.406813036761985e-05
280 394 396 0.08617430866344913
281 29 31 0.031255889917225305
282 375 376 0.08824559266082392
283 300 356 0.0802146364118031
284 36 105 0.07379916824179512
285 131 256 0.0361484788716611
286 113 216 0.020657901850443253
287 241 315 0.04066098022482611
288 213 348 0.05791750706422703
289 160 223 0.06697011782701477
290 75 78 6.561989366918035e-05
291 220 222 0.00010207759548618675
292 42 43 0.01465017251014169
293 147 153 0.00021835365741739205
294 70 384 0.0466932473665884
295 96 97 0.0473357613952074
296 208 336 0.00779729075436482
297 51 255 6.0119045181939405e-05
298 174 303 0.00014794335617385304
299 37 198 0.020667837919537323
300 143 146 0.07222637971249661
301 47 231 0.003172437041168103
302 171 297 0.058673811277028795
303 198 200 0.00022894924285810986
304 45 53 0.05190970953473394
305 308 355 0.04856979223627726
306 229 333 0.017471024510146333
307 5 385 0.04809009223273485
308 65 114 0.052105238883660976
309 9 233 0.07218684767098238
310 239 240 0.0702737090445756
311 67 68 0.0821928703187352
312 242 386 0.0585316634942455
313 185 186 0.02222725029338121
314 234 298 0.018285169766172327
315 371 382 5.801316258770645e-05
316 147 148 0.0636441673643397
317 28 311 0.015913217085401304
318 23 73 0.043615995466744585
319 243 378 0.04893018543656705
320 134 135 0.0720403485216676
321 231 232 0.00010999193466761727
322 141 193 0.06382145670685882
323 268 309 0.0702836901117087
324 260 262 0.00039452577904567764
325 178 179 0.04341317075376063
326 269 292 0.06737840948472887
327 2 152 0.06515359422349114
328 26 94 0.07059614407720641
329 78 79 0.03174035510437956
330 151 154 0.03293073202452782
331 161 162 0.07472253605878473
332 67 175 0.046230458155686514
333 126 127 0.05483669853903793
334 69 343 0.019446250424709276
335 47 244 0.0846314775437158
336 133 392 0.08252304850742309
337 76 387 0.00013482657519821526
338 18 63 0.06288367333524598
339 207 208 0.03114156085618361
340 110 111 0.053493179050092717
341 227 384 0.03968672107070949
342 367 371 0.09129641885348536
343 71 72 0.05177353498427786
344 90 274 0.009989824512427428
345 168 244 0.06681717565786313
346 378 380 0.040941357424895804
347 50 396 0.06187611080636328
348 191 192 0.03930299887404148
349 24 27 0.061369880726540676
350 102 103 0.00033428944358639053
351 295 296 0.03483774739251719
352 184 185 0.02107645941657869
353 276 299 0.04465506674956254
354 137 252 0.00013616072237780959
355 292 383 0.06349607302874205
356 287 291 0.05998455999086169
357 325 326 0.0001699822304237623
358 143 145 2.3978034340809903e-05
359 0 7 0.05365978680687878
360 198 199 0.00023038448869994193
361 211 327 0.037991595863648475
362 355 383 0.00026959329436334993
363 160 161 1.0027717266434702e-05
364 91 93 0.024082311046563176
365 190 191 0.07092911980454453
366 119 389 0.07680444593764313
367 122 301 0.050382505094381955
368 243 352 0.07511094034273463
369 162 245 0.06074802573734408
370 15 96 0.05858449058265987
371 3 99 0.10121967939241307
372 247 331 0.04671127294653226
373 274 365 0.02695653143007219
374 277 278 0.08226031056654765
375 98 100 0.016600321668043257
376 174 306 8.147225292833955e-05
377 296 357 0.009948063528560069
378 236 330 0.00015149917838302263
379 11 12 0.012961617306989836
380 92 186 0.03490270646196893
381 136 156 0.0330028431193205
382 123 250 0.0272911736834725
383 95 188 0.03774061143007983
384 3 4 0.02228330371150732
385 378 379 0.009408708927685727
386 5 6 0.0002686702844894367
387 331 336 0.030421648435316317
388 56 312 7.934501497664958e-05
389 284 285 0.05670607364008704
390 119 230 0.06973514337957812
391 137 251 0.0001265911430035893
392 80 83 0.00016757343450342284
393 363 368 0.036182871843558194
394 17 317 0.05567158748151735
395 121 264 0.024053951096360975
396 203 322 0.05178650249330497
397 11 237 0.00601971972613365
398 174 175 0.05538562752464296
399 337 391 0.03704418701811186
400 17 181 0.01464780775142966
401 138 139 0.09464986343550713
402 29 98 0.01705455051628847
403 69 201 0.06382948685219476
404 10 42 0.033110336561417916
405 116 214 0.07883691457529682
406 163 165 0.08357819366543494
407 84 85 0.07504523292098576
408 48 60 0.059600931527165245
409 166 167 0.08378389406198718
410 38 207 0.010303063505192953
411 139 194 0.0002285414548101829
412 150 151 0.08387925435659303
413 251 252 0.0001856591259698635
414 207 324 0.05826498863455091
415 46 373 0.053367293930899666
416 300 304 0.04017125976981995
417 190 295 5.401848318032541e-05
418 164 227 0.06726650653100731
419 146 257 0.06005142610927914
420 132 395 0.06543695571023318
421 62 63 0.06715907569495845
422 363 372 0.04014883588104368
423 230 335 2.7709460046522594e-05
424 249 348 0.03410244175921039
425 180 181 0.08937984998677737
426 142 143 0.00588292916653568
427 39 176 0.043348517058298744
428 290 314 0.05437539139797055
429 157 258 0.014206558210528806
430 103 273 0.0002323992533775131
431 226 227 0.022052514368913773
432 315 316 0.00024085308785829984
433 18 122 0.021464810027000816
434 89 368 0.032084697314873546
435 258 259 0.012639158445965058
436 352 374 0.010802855906822924
437 316 317 0.00019545714106373476
438 105 106 0.0002881449501804173
439 109 196 0.029014041092187602
440 353 366 0.0002676451644127513
441 259 260 0.05725566774642646
442 289 290 0.020082066395726253
443 362 384 0.011278839078972017
444 115 120 0.020704765024169933
445 149 150 0.011854954381084491
446 346 347 0.042759855116850896
447 18 19 0.05611945714015839
448 25 75 0.028453105647701638
449 121 247 0.028524082115214486
450 233 234 0.050909408606906015
451 290 291 0.09632347979857774
452 7 38 0.11464501364137358
453 225 248 0.00015752519575705962
454 189 388 0.021064764846696383
455 98 170 0.09524799534667566
456 49 369 0.07331319287906528
457 264 265 0.05237527109926455
458 35 152 0.00017013914029657487
459 36 148 0.014447606376025303
460 53 131 0.016881039860929852
461 209 210 0.06494197632480422
462 9 61 0.026372162761116803
463 281 357 0.011707418332404764
464 167 333 0.012926596871430551
465 183 186 0.00028682647528313415
466 294 377 0.08031265142121319
467 370 374 0.0756497729915732
468 4 107 0.00030361021637717746
469 109 200 0.019136517648985784
470 362 370 0.03892285219702325
471 54 66 0.0685083339372477
472 241 242 0.08447558767736366
473 55 58 0.047261698281715524
474 238 347 0.05451531443648007
475 116 161 0.07307703694614526
476 65 67 0.04825548280462757
477 187 188 0.037714616448210746
478 95 169 0.06461935137080121
479 38 319 0.014411995423398938
480 112 335 0.005791654878439405
481 340 372 0.06838330174414073
482 16 195 0.08576662015475549
483 35 147 0.00014683828523238257
484 83 86 0.07020213881547949
485 118 218 0.03722567187282037
486 22 58 0.10249155033206557
487 215 216 0.05140622042217995
488 302 367 0.04289532244884192
489 275 394 0.10145220401654234
490 163 229 0.024123620079743193
491 32 313 0.0043912079980559515
492 190 281 0.03544783086028651
493 310 336 0.0694458345669621
494 338 351 0.04128289824011664
495 282 312 0.0001646384060689529
496 311 313 0.007010065817007532
497 55 62 0.07286779035292941
498 158 202 0.03771697396859078
499 1 398 0.00013920322162831947
500 395 397 7.603479089992026e-05
501 293 295 0.05078205613378064
502 240 351 0.0029603706142283756
503 73 74 0.000255777406107926
504 96 239 0.00019690715531526937
505 102 271 0.0002288534166288085
506 80 182 0.05713935015291206
507 50 51 9.522302385158955e-05
508 323 325 0.032095245355769374
509 173 398 0.00015809225953723467
510 28 100 0.03204322249516262
511 104 105 0.00012770394176106614
512 164 185 0.06641095680949155
513 396 397 0.036581574826479155
514 334 349 0.10149337541411789
515 122 353 0.0740517355930639
516 271 272 0.053263719805602586
517 7 8 0.010365887174315488
518 29 30 0.060625276698924854
519 300 302 0.022447392990130644
520 127 139 0.026819608325840134
521 214 215 0.04360847901172579
522 8 56 0.04501748545989886
523 25 77 0.017991978958357576
524 54 298 0.04047446099827238
525 176 201 0.07940723749679272
526 1 172 5.153798397528802e-05
527 114 220 0.05214958296518204
528 124 251 0.04146991768390763
529 219 317 0.04720380325637791
530 329 354 0.05821177417818005
531 51 151 0.1056579839239716
532 247 248 0.07212128534653738
533 270 344 0.01676112399336817
534 379 381 0.031082250012781053
535 118 217 0.05403439011603578
536 333 352 0.08553888790428904
537 140 141 0.01756936595017296
538 302 366 0.05774744932387473
539 334 335 0.05478044639563272
540 44 141 0.020788871084659894
541 193 194 0.04592374901899511
542 221 222 0.00023064371657498166
543 213 218 0.005617423495986545
544 279 280 0.00014339929352230306
545 304 393 0.04636267545895772
546 253 254 0.006014346863211546
547 209 326 0.05665135656498851
548 311 312 0.05688301725817807
549 354 391 0.029276039721961453
550 47 49 0.009185105578582356
551 340 341 0.03546201609673943
552 76 397 0.00015131106916650564
553 199 200 0.0002987733263894011
554 144 145 0.005885271463363771
555 257 260 0.00029646399482991393
556 309 373 0.03722341258687958
557 341 342 0.00625458679075728
558 3 34 6.556377751015852e-05
559 134 281 0.07089168908707962
560 387 395 0.00017624324459601098
561 97 189 0.09277481480569245
562 92 93 0.00020093268613186388
563 278 283 0.08590106199078484
564 188 346 0.05082594607837883
565 248 332 0.00012407386033224985
566 291 318 0.014171831635225476
567 46 193 0.05831119186357764
568 99 101 0.08427983834219385
569 261 262 0.03830089815483485
570 297 358 0.019454798825523027
571 354 386 0.00010672225814394281
572 52 115 0.03101788241321917
573 337 349 0.01840235130507265
574 82 84 0.055449164891662295
575 205 206 0.029410326893962287
576 101 282 0.06515712633733645
577 130 132 0.02934068022204903
578 266 277 0.02007809079656279
579 224 253 0.00014947674548838996
580 152 153 0.00010096117622320246
581 61 390 0.03932128158218086
582 231 380 0.04753679401451253
583 360 367 0.05304086769287973
584 182 184 3.5922977530167985e-06
585 117 204 4.3684832594842175e-05
586 322 323 3.550269175542079e-05
587 44 133 0.017095192208079996
588 106 108 0.0003000737196363746
589 265 331 0.0001157622167464762
590 94 376 0.06268540146377632
591 14 15 0.028347864256928524
592 123 245 0.012420719792963787
593 318 348 0.04303024438089
594 156 253 0.05541909252106747
595 303 307 0.00031153053127488397
596 39 197 0.09686601771226526
597 375 387 0.08448200115463567
598 64 280 9.988033541012127e-05
599 16 180 0.010715217933816665
