1460
0 208 320 0.00011820300351820533
1 64 155 0.03912406037489626
2 204 205 0.00022776774538046468
3 63 292 0.03441463727783444
4 374 381 0.08927154135034697
5 136 155 7.568053905184669e-05
6 21 24 0.019182531182955653
7 221 307 0.00037071572792194085
8 86 394 0.052053325924114914
9 321 322 0.03869892677838298
10 13 57 0.09299990340894308
11 2 191 0.06781375520832014
12 88 90 0.0045217851594349726
13 40 43 0.011166270418182774
14 74 75 0.01884648274080518
15 176 263 0.07957672001767042
16 182 183 0.03532280122773302
17 211 212 0.003703916233499414
18 235 342 0.04830903676852809
19 99 192 0.064764608835898
20 298 299 0.019122526100840264
21 343 345 0.042036860219339965
22 224 332 0.0004156047536186728
23 25 26 0.08553774629740397
24 8 399 0.030239020186482446
25 19 22 0.05348771924861247
26 23 91 0.09612061969574513
27 201 270 0.040866685600406266
28 213 216 0.03200378503058607
29 50 130 1.860363014558665e-05
30 328 329 0.01921616469535666
31 171 294 0.07559250095631552
32 279 332 0.06018303403030755
33 243 244 0.024651205536722072
34 6 108 0.017969844792529617
35 14 240 0.00015369358582333284
36 338 386 0.0549749485849878
37 297 361 0.03975899720666094
38 356 364 0.0032145831925301906
39 359 360 0.059307797009243775
40 179 246 8.400316214907543e-05
41 177 310 0.01663995526247573
42 71 301 0.0001828820827176215
43 339 343 0.03864795302046595
44 274 275 0.06113486216614146
45 17 197 0.08386049156152571
46 305 306 8.262455956058495e-05
47 159 321 0.00023320499408716126
48 360 361 0.08909044140210597
49 32 33 0.03419078139406601
50 392 393 0.03857675642186488
51 166 334 0.05286035605759802
52 256 262 0.0002675750680835471
53 110 203 0.0036880153360783095
54 11 124 0.022126445868716482
55 306 307 0.00027055911562297823
56 33 103 0.0670758785160532
57 110 212 0.0002478195391140767
58 164 165 0.019057083778126302
59 284 314 0.000169865894981449
60 219 236 0.016967339793529206
61 87 89 0.004504438889700901
62 187 339 0.018052187464291332
63 68 129 0.017362124840269475
64 296 364 0.07395453854815172
65 195 196 0.02055264105494728
66 0 9 0.04610254436203755
67 45 261 0.000134385702228202
68 111 276 0.07180200930745181
69 356 359 6.9500380363874395e-06
70 28 31 0.00027644969531668336
71 224 225 7.663827634733306e-05
72 45 138 0.038226294193894915
73 128 155 0.06619355456738994
74 170 293 0.051149970052459685
75 117 202 0.00012864803858870087
76 256 257 0.0004201689344181234
77 30 102 0.035775134089220194
78 14 350 0.0025704244402024877
79 41 43 0.12342548256703896
80 40 137 0.0357353151758919
81 353 383 0.00024909265234759176
82 52 267 0.05071531827612449
83 80 81 0.07157276286480241
84 287 288 0.08491924842087017
85 2 144 0.062230671307847395
86 318 328 0.06285811098117428
87 42 125 0.08507369899543889
88 31 32 0.017271096451068665
89 106 341 0.015533416373432387
90 70 72 0.044260038943600685
91 170 192 0.026300324049156477
92 126 128 0.00020929877848173653
93 157 261 0.02785951609463519
94 233 276 5.8283811519090565e-05
95 6 342 0.00022591044662898695
96 58 59 0.06105951488781035
97 113 209 0.05591255927605283
98 359 377 0.003214886976172148
99 177 324 0.039049135834241876
100 206 321 0.057047437242767736
101 91 183 0.01597486795378862
102 203 211 0.00019486715402034725
103 22 93 0.06602624465690646
104 37 388 0.09019695013275328
105 268 305 0.05151899255445296
106 87 88 0.0001911024239068951
107 133 135 0.024286894372280505
108 68 128 0.045185570663751465
109 325 327 0.00014076711523242444
110 146 255 0.0691832825256738
111 0 1 0.017328346586604083
112 226 370 0.024108705405416014
113 52 288 0.049557042519885616
114 355 366 0.00017436216598757886
115 228 323 0.019914934613733656
116 77 79 0.01150986928310252
117 65 66 0.11152950670816471
118 125 375 0.04674647179822839
119 221 305 0.0001880987009479215
120 70 92 0.07146769719280822
121 53 125 0.10634559322836502
122 56 283 6.25467008485572e-05
123 85 275 0.0621886791481795
124 69 219 0.060538089437286974
125 54 204 0.06622748136329522
126 94 95 0.055715179939595134
127 373 392 0.04906578118823527
128 111 390 0.033899754240976805
129 177 178 0.01697333196825124
130 313 399 0.024953075211867196
131 210 230 0.004605056762106786
132 362 382 0.08854703640063007
133 16 97 0.02783958913659681
134 13 15 0.10762202644014414
135 349 350 0.031872304064930364
136 33 173 0.03094093993058012
137 13 20 0.11582302960374027
138 222 250 0.04445585520575497
139 293 294 0.037420592315362204
140 153 154 0.058487375031265075
141 142 154 0.06374622543304577
142 156 280 0.010007270950981334
143 350 351 7.541350962915972e-05
144 225 263 0.005337766548839126
145 226 229 0.06338985759648544
146 73 81 0.008337385073574781
147 252 254 0.09682602118738876
148 237 238 3.548829128424797e-05
149 369 390 0.018194515989180864
150 277 385 0.10339573249214448
151 10 238 0.016950610866770893
152 215 228 0.06640466104750105
153 48 49 8.306213834212833e-05
154 212 389 0.052575687845779054
155 304 308 0.03393484827801191
156 268 269 0.023992111090083812
157 202 205 7.977057654439778e-05
158 237 344 0.030943646553097937
159 66 178 0.08015605979234278
160 220 303 0.0003229565129041976
161 357 393 0.10756267173143566
162 27 120 0.08431092708352991
163 10 12 0.0002019671518280368
164 117 160 0.08779431285243042
165 87 189 0.1323348059202679
166 138 140 0.0022058053719880987
167 36 372 0.00024697763181000287
168 340 388 0.06331262212649955
169 285 316 0.00026052088237708875
170 129 194 0.02637777934584417
171 181 241 0.03378307050039987
172 166 168 0.06482975709126614
173 59 115 0.10543771610720927
174 150 365 0.030557289299243406
175 278 319 0.06378988019927857
176 100 101 0.028310358065010217
177 308 309 0.05089962782595568
178 232 273 0.05209935396963105
179 114 223 0.04482083323775831
180 142 144 6.668431224544158e-05
181 21 59 0.05946952528192141
182 4 5 0.018224301999438863
183 44 258 0.018112154778331377
184 41 136 0.033862857512801055
185 242 328 0.0416615082991194
186 217 391 0.06828984248265157
187 254 263 0.0003031202809304317
188 369 389 0.0404015805865378
189 246 310 0.03800052813713233
190 26 27 0.030321187741722565
191 358 379 0.024190056386115207
192 76 77 0.11972632405481705
193 12 40 0.02837860153576314
194 112 210 0.0002564691067579884
195 361 381 0.029016086370833114
196 112 217 0.06421651710695735
197 364 377 3.110474776869933e-05
198 236 284 0.00015535495284567803
199 250 286 0.04314482951216703
200 84 165 0.06632465054909467
201 30 171 0.0460717523221306
202 19 72 0.019107957337321433
203 79 86 0.04066304315750486
204 82 83 0.045822907955598687
205 116 158 0.0393785976888382
206 214 249 0.07681581584006497
207 55 288 0.14604425039755498
208 246 279 0.04435711233135396
209 180 239 0.05983277152016991
210 330 339 0.044745753935228776
211 119 168 0.03530409433411781
212 264 266 0.07954110258448435
213 199 235 0.07635171657965437
214 206 299 0.06173530854879216
215 135 259 0.019742037855336906
216 285 315 0.00016276431511952398
217 131 132 0.07968689108953587
218 34 35 0.08672462441254296
219 60 61 0.023852094788635956
220 120 169 0.04140634248346131
221 104 107 0.00017128837356401413
222 82 184 0.024028015171755443
223 187 289 0.045061971679817486
224 234 324 0.10052781817336191
225 272 358 0.02904794585812738
226 235 385 1.6714762108287342e-05
227 37 195 0.021957811573387224
228 196 197 0.0585527255148198
229 71 382 0.0001903348251089382
230 78 81 0.013896189876447227
231 158 159 0.050086170285792604
232 39 121 0.05362370756809693
233 62 245 0.08645583824967917
234 282 283 4.001128163725437e-05
235 107 108 0.000158464546014598
236 57 163 0.008896608546650071
237 347 376 0.04169910027857514
238 123 269 0.04940159377072325
239 89 90 7.76722091144326e-06
240 41 126 0.04529566294143587
241 172 173 0.00016992579003879192
242 124 270 0.023613013444250312
243 20 85 0.017757743317963322
244 267 289 0.06955547845290452
245 148 149 0.03146987850074317
246 345 346 0.013370024472595195
247 134 145 0.08082706469933285
248 140 157 0.016770482598989472
249 162 286 1.2267815046149891e-05
250 24 74 0.05722598169927027
251 34 104 0.021789967011623914
252 64 179 0.044370156098219815
253 218 329 0.06655403644576931
254 272 380 0.0006829784818897529
255 46 175 0.05846851528734406
256 127 129 0.00010909292562204301
257 149 363 0.00022009226700189845
258 365 368 0.0002463030740605369
259 159 228 0.025895487438696598
260 21 23 0.0435417545579389
261 109 266 0.07202517773430268
262 57 167 0.031416076369249896
263 223 286 0.014768888220820713
264 337 338 0.00020169275404803403
265 60 172 0.048076525716706786
266 319 320 0.026792990755925734
267 48 232 0.01038045697331256
268 301 371 6.325286394938309e-05
269 20 88 0.08514470323727831
270 169 267 0.01286619902465486
271 314 330 8.2959867523839e-05
272 398 399 0.037824753404215504
273 249 287 0.026505274046076624
274 265 320 0.03470268363611833
275 113 118 0.008249461550638425
276 344 345 0.05045235267154803
277 271 273 4.446560595910761e-05
278 326 327 0.00017011993553762463
279 130 255 0.00011973383455529867
280 394 396 0.08664828385197051
281 29 31 0.030822337738787727
282 375 376 0.0885635056748025
283 300 356 0.08073953273959739
284 36 105 0.07386220406800659
285 131 256 0.035625947457629925
286 113 216 0.020231972280335166
287 241 315 0.04033239218061677
288 213 348 0.05853082577070971
289 160 223 0.06705782853551025
290 75 78 3.3271688453878094e-05
291 220 222 0.00021905673752486719
292 42 43 0.014269608611009657
293 147 153 0.0001254117151470127
294 70 384 0.04695990450313757
295 96 97 0.047432394082538194
296 208 336 0.007785950861567622
297 51 255 6.883751645097694e-06
298 174 303 0.00017750970019293812
299 37 198 0.020273143439424966
300 143 146 0.07271324380135884
301 47 231 0.00299175907113609
302 171 297 0.05876056201812717
303 198 200 4.403828164183454e-05
304 45 53 0.051987468779177336
305 308 355 0.048548742683999106
306 229 333 0.017026532193313598
307 5 385 0.048391531180996435
308 65 114 0.05196893436800894
309 9 233 0.07303855641069182
310 239 240 0.0701967452802298
311 67 68 0.08263489425460227
312 242 386 0.057923478594975715
313 185 186 0.02198066108323762
314 234 298 0.017793113151194646
315 371 382 7.344624480398417e-05
316 147 148 0.06371438258366209
317 28 311 0.015412910598289996
318 23 73 0.04312784309584544
319 243 378 0.04914420756462426
320 134 135 0.07313334786545223
321 231 232 9.619089941716435e-05
322 141 193 0.0646643542363363
323 268 309 0.07067856271931004
324 260 262 2.9320838570055646e-05
325 178 179 0.043026602976310946
326 269 292 0.0678563570933556
327 2 152 0.06523045667154598
328 26 94 0.07141933156124018
329 78 79 0.03124689777360358
330 151 154 0.032363635970067
331 161 162 0.07490493255598721
332 67 175 0.04549942493696914
333 126 127 0.054940564723884526
334 69 343 0.018327018068182595
335 47 244 0.0844129989433807
336 133 392 0.08361796927742275
337 76 387 6.829873461986703e-05
338 18 63 0.06332843930183832
339 207 208 0.030273222198169875
340 110 111 0.05388611992564849
341 227 384 0.03931210808460598
342 367 371 0.09181480642379651
343 71 72 0.05125305911694804
344 90 274 0.009695805913856975
345 168 244 0.06762974461585491
346 378 380 0.04031639984474315
347 50 396 0.06191585116660848
348 191 192 0.03956583977247847
349 24 27 0.061606352656650404
350 102 103 0.00037969906758047995
351 295 296 0.03419870736272979
352 184 185 0.020883733661174592
353 276 299 0.04449932869912466
354 137 252 0.00018716146845444
355 292 383 0.0635537256946553
356 287 291 0.058172552401705394
357 325 326 0.00013922033553155142
358 143 145 0.00031315514869515094
359 0 7 0.05340543430166816
360 198 199 4.5550346122908894e-05
361 211 327 0.037938580768945414
362 355 383 0.00016533375205379918
363 160 161 0.00010848676685316082
364 91 93 0.023996240904822535
365 190 191 0.07099237529912918
366 119 389 0.07689458805639386
367 122 301 0.050189667838456534
368 243 352 0.07543500025333068
369 162 245 0.06023146468026523
370 15 96 0.058167777448773744
371 3 99 0.10240294137802838
372 247 331 0.04654658248558186
373 274 365 0.027231545768154595
374 277 278 0.08299620208551209
375 98 100 0.01600217870156121
376 174 306 0.0002779079273337778
377 296 357 0.009539882489452131
378 236 330 0.0001044153344910682
379 11 12 0.01273331080298275
380 92 186 0.034671721126510686
381 136 156 0.03308280003701061
382 123 250 0.02665053977266423
383 95 188 0.03799893687919761
384 3 4 0.021807020811184505
385 378 379 0.008997723233403476
386 5 6 0.00011252313918960805
387 331 336 0.030267271305492068
388 56 312 9.944196733149447e-05
389 284 285 0.0563889421297751
390 119 230 0.06992711868826403
391 137 251 0.00013314859012669922
392 80 83 7.418985078944829e-06
393 363 368 0.03609127356260832
394 17 317 0.05546062261320427
395 121 264 0.023488347567103624
396 203 322 0.05188350157355347
397 11 237 0.005702795469333572
398 174 175 0.05551834962237799
399 337 391 0.0369326304853105
400 17 181 0.013792572444614843
401 138 139 0.09568513717329014
402 29 98 0.016458453163611834
403 69 201 0.0643004948315225
404 10 42 0.03231403327406235
405 116 214 0.07947357510083754
406 163 165 0.0840844363160753
407 84 85 0.0762381114268191
408 48 60 0.05998077952429342
409 166 167 0.08524784217847162
410 38 207 0.010235067924752785
411 139 194 0.00015026755456239786
412 150 151 0.08422247874072182
413 251 252 0.00012958326744441187
414 207 324 0.05853798267620974
415 46 373 0.05346642350956127
416 300 304 0.0399593510297838
417 190 295 0.00015937336004318473
418 164 227 0.06777509237846599
419 146 257 0.060378246757326996
420 132 395 0.06554071189081057
421 62 63 0.06687273860532947
422 363 372 0.03990990228935114
423 230 335 5.948442374015458e-05
424 249 348 0.03315393897034071
425 180 181 0.09062077964548032
426 142 143 0.00474394763940935
427 39 176 0.04335642886114852
428 290 314 0.05440508285695367
429 157 258 0.01412250936995607
430 103 273 0.000344337128073771
431 226 227 0.021541601437553726
432 315 316 0.0001482797578902847
433 18 122 0.020655945932802303
434 89 368 0.0321757206401215
435 258 259 0.012404954038112783
436 352 374 0.009679910693597428
437 316 317 0.00022281502592828343
438 105 106 0.00033294620593826767
439 109 196 0.028374891436426564
440 353 366 0.00026657020947811746
441 259 260 0.057457995795751685
442 289 290 0.02009939756013474
443 362 384 0.010327955215199393
444 115 120 0.01997430462920203
445 149 150 0.011519205477490701
446 346 347 0.04243601247007012
447 18 19 0.05624823241221067
448 25 75 0.02770615805793745
449 121 247 0.02778394240904238
450 233 234 0.05026619442808553
451 290 291 0.09757704289530533
452 7 38 0.11595715985028004
453 225 248 0.00018822096931354253
454 189 388 0.02093199834732332
455 98 170 0.09608286508539288
456 49 369 0.07369567973739177
457 264 265 0.051916912340007414
458 35 152 0.00035564163239354293
459 36 148 0.01438465599618612
460 53 131 0.01584498294560278
461 209 210 0.06515402660290869
462 9 61 0.025652215144358895
463 281 357 0.01146126907702782
464 167 333 0.012304852108205384
465 183 186 0.0001434040608311674
466 294 377 0.08032018967403781
467 370 374 0.07668646682374695
468 4 107 0.00018105180704134255
469 109 200 0.01873532350200737
470 362 370 0.038877266998045806
471 54 66 0.06897799431266663
472 241 242 0.08615988538517284
473 55 58 0.0469221304111429
474 238 347 0.054796998902285114
475 116 161 0.0735720667635
476 65 67 0.04809565809095344
477 187 188 0.03765158770787971
478 95 169 0.06484144391846908
479 38 319 0.013462352982236797
480 112 335 0.00460098627128305
481 340 372 0.06781141410753891
482 16 195 0.08661143531679454
483 35 147 0.000310994390168979
484 83 86 0.07017059204838569
485 118 218 0.03661708081836833
486 22 58 0.10274653015749625
487 215 216 0.05214769314292772
488 302 367 0.04239284360962145
489 275 394 0.10214980582654679
490 163 229 0.02343712630661479
491 32 313 0.0037516521229496278
492 190 281 0.034644843288414946
493 310 336 0.06954761201512583
494 338 351 0.041299603094599575
495 282 312 7.559413401473724e-05
496 311 313 0.006738121208339901
497 55 62 0.07420597758625795
498 158 202 0.03730495855607974
499 1 398 0.0003295390019856716
500 395 397 0.00022074212456820992
501 293 295 0.05067749777305375
502 240 351 0.0025493959548433236
503 73 74 8.36141927491386e-05
504 96 239 0.0002267712989733168
505 102 271 0.00014267947466698423
506 80 182 0.056726529716372466
507 50 51 0.00010143318063181604
508 323 325 0.032015336050529454
509 173 398 0.00011639805616219137
510 28 100 0.031530034654626796
511 104 105 9.135773426562003e-05
512 164 185 0.06673678349149323
513 396 397 0.03586972677742094
514 334 349 0.101907409676157
515 122 353 0.07421423267653456
516 271 272 0.05344280288962782
517 7 8 0.01000229496480915
518 29 30 0.06140020653159543
519 300 302 0.022437772832043984
520 127 139 0.026267617790436234
521 214 215 0.04235124603411235
522 8 56 0.044715268346625495
523 25 77 0.017713524566916716
524 54 298 0.040432162712903154
525 176 201 0.08039018926248742
526 1 172 0.0003073282911772257
527 114 220 0.05131347855040152
528 124 251 0.04134124813763048
529 219 317 0.04744065327055588
530 329 354 0.05788598022101457
531 51 151 0.10618625663220982
532 247 248 0.07250692977905211
533 270 344 0.015583740956653809
534 379 381 0.030697647213004282
535 118 217 0.05412619501590827
536 333 352 0.08620386004064563
537 140 141 0.016839692402697906
538 302 366 0.057680930772075416
539 334 335 0.054557945431032366
540 44 141 0.020440036925098683
541 193 194 0.045868039004108394
542 221 222 0.00021494030590138162
543 213 218 0.0051116862891100595
544 279 280 0.00016783692284005086
545 304 393 0.046469514973740626
546 253 254 0.005501595388213766
547 209 326 0.05714239917925499
548 311 312 0.056508151693696565
549 354 391 0.028734203616006357
550 47 49 0.00881353524997222
551 340 341 0.03533819385141715
552 76 397 0.00019526233395912728
553 199 200 6.631417624031966e-05
554 144 145 0.00474408270825263
555 257 260 0.00028920022138714227
556 309 373 0.03720434689069043
557 341 342 0.005766550612590301
558 3 34 0.00021945097125184273
559 134 281 0.07144974154099423
560 387 395 8.563509257423234e-05
561 97 189 0.09329021001899718
562 92 93 0.0002472419414252048
563 278 283 0.08674663018628177
564 188 346 0.050929852379893746
565 248 332 0.0003808464713484686
566 291 318 0.014430648238600137
567 46 193 0.0584404632658819
568 99 101 0.08469578565343057
569 261 262 0.037973232233014305
570 297 358 0.019390318431178534
571 354 386 2.8728398411017306e-06
572 52 115 0.03035666731168903
573 337 349 0.017945319430598204
574 82 84 0.05536095182902801
575 205 206 0.0290019539965314
576 101 282 0.06486480128729438
577 130 132 0.028763801643051118
578 266 277 0.019587426866618084
579 224 253 0.000272093304675907
580 152 153 0.0001036421620974835
581 61 390 0.03958524130484986
582 231 380 0.04799375444646028
583 360 367 0.05341073236835321
584 182 184 0.00017023275904625836
585 117 204 0.00021347230162717867
586 322 323 0.00010139999724879435
587 44 133 0.016989790545947268
588 106 108 0.00020465982838933612
589 265 331 0.0001767313090892203
590 94 376 0.06271244616109511
591 14 15 0.028257484870728256
592 123 245 0.011512256863321737
593 318 348 0.04197988064845065
594 156 253 0.05544021282892904
595 303 307 0.00016375311428760468
596 39 197 0.09735036131814617
597 375 387 0.08514474081674274
598 64 280 0.00012835900158605579
599 16 180 0.01046562419453364
