0 0.02875156824907442 -0.9502554417059441 0.3114716608429106
1 0.020932646517974232 0.9389424640712931 0.34407419136536305
2 0.05225931520709267 -0.8636947518648067 -0.5040152533417912
3 0.0827816354886276 0.1262754282739849 0.9919952198545221
4 0.08881150446146778 0.20542001022764023 0.9786739086120955
5 0.07067629614080599 0.1019742868751326 -0.9947870349056165
6 0.0668352138206656 -0.1984550119201256 -0.9801099980327631
7 0.008942457457180461 -0.35917663142799117 0.9332696006171213
8 0.015375055159644704 0.5570203023805379 -0.8304988758185613
9 0.03994293641674149 -0.8511168492420096 -0.5249762936898715
10 0.053319473458299176 -0.4253316211708843 0.9050375749283271
11 0.025956660197455843 0.4876092822773211 -0.8730619610525909
12 0.07557242653530992 -0.5128209963568676 -0.8584955595083469
13 0.011584107788432638 0.7461643988419461 -0.6657617365851218
14 0.011189594208582183 0.3402543906435373 -0.9403334247211439
15 0.07787396680690468 0.3211510278412893 -0.947027991833654
16 0.030496241551245664 -0.5841479416652181 0.8116472030681119
17 0.05374935719762276 -0.9487552980697718 0.3160116839367471
18 0.0350004611313423 -0.8262405119206082 0.5633175094572964
19 0.08909259670828523 -0.9251948792152104 -0.3794923391505451
20 0.058665141740955315 -0.6245958512297921 -0.7809481561707738
21 0.03429584769693871 0.7789809154520156 -0.6270476324503105
22 0.02702697341021744 -0.8401363854596453 -0.5423751965446082
23 0.08644161049204019 -0.9362585870576672 0.3513116254278823
24 0.06689187390410911 -0.7248121482904802 -0.6889465506775827
25 0.04476519163701934 -0.4550301760197978 -0.8904760181562398
26 0.02505493224415218 0.8850067071799403 0.46557827295366716
27 0.012894779993945036 0.9936045354771386 -0.11291601781527587
28 0.08467226573660219 -0.7642424487519743 0.6449290499935524
29 0.0815555071830327 -0.54644691551026 -0.837493742382188
30 0.06213994901415343 -0.6564278035413516 0.7543888511489794
31 0.03934933435933874 -0.791849386455511 0.610716422875651
32 0.043488335862551956 -0.10641678272209038 0.9943216121331565
33 0.0284553722009115 0.9998972940924703 0.014331827048772075
34 0.019415212653543616 -0.9755397736282188 -0.219822997134976
35 0.11379532316538939 0.945708495084719 -0.3250160647177245
36 0.01628330341080978 0.9981731896476445 -0.06041757582564536
37 0.08740374146480676 -0.7815223943883658 -0.6238771890921126
38 0.06708086820176114 0.2742178077174909 0.9616676109397744
39 0.04190111969507743 0.416338406647965 -0.9092097289128805
40 0.06619162582860325 -0.738242211836994 0.6745357193373994
41 0.06228474310009876 0.3804808326236238 0.9247888061638906
42 0.05587409890525512 -0.41036838774170936 0.9119198354802193
43 0.027083858337002276 0.07363833244234541 -0.9972850124187722
44 0.061861705721670275 -0.7518734721948093 0.6593074258718169
45 0.054771323144877974 -0.2500778727245524 -0.9682257265604765
46 0.03295195331249264 -0.5101591724630883 0.8600800071805976
47 0.03940071332800252 -0.7089169540575295 0.705291962416838
48 0.013455661385109296 0.9697634804445606 -0.24404670044082213
49 0.0323779352529486 -0.18743514848073572 -0.9822769798351199
50 0.04283032708963296 0.9810170737215949 -0.19392137857059208
51 0.05121324150248531 0.9234629460269589 -0.3836876168385031
52 0.029151969641087648 0.10061065697435852 -0.9949258744766808
53 0.0319785651447072 0.43792049318739756 -0.8990137049269641
54 0.05600301141167362 -0.8737408378775701 -0.4863917641418302
55 0.03333826657754254 -0.471757250555316 -0.8817284709866688
56 0.011932714970789808 -0.9345378635201599 -0.3558637121809064
57 0.07925415165676708 -0.856065920022421 -0.5168666564755032
58 0.027489067537883008 0.778026871388046 -0.6282309984377792
59 0.025701574194775714 0.4070222368433253 0.9134182496069673
60 0.05533282036899659 0.7116878578772377 0.7024958312688473
61 0.07188436446818833 -0.6542797964242728 -0.7562525689153142
62 0.028288598151822806 -0.6522239521270496 -0.7580263295372872
63 0.010908981819175802 0.899866787274276 0.43616483714379445
64 0.037490802234098446 0.43727701642443967 -0.8993268654426712
65 0.04814969913519827 0.9519599798791188 -0.3062224627759165
66 0.0412489388142984 0.5152857980000876 -0.857018404924546
67 0.08668780440815801 0.879802076272734 -0.47534020089425033
68 0.043338926071907875 0.4850815738869017 0.8744689054937325
69 0.06143409097901339 0.9347210289026344 -0.3553823266950687
70 0.04866150581819076 -0.4561386793265164 -0.8899087061166788
71 0.036172891966980834 -0.5949503077883548 0.8037624843587451
72 0.054227830583187746 -0.06679637993419042 -0.9977666278382372
73 0.01719624256540646 -0.9516314978442908 0.3072417489707926
74 0.03163940522376845 -0.6397881001452062 -0.7685513560671061
75 0.05722197711939711 -0.8215400220985272 -0.5701508502934566
76 0.04472495448375374 0.9667511567922009 0.2557189880336253
77 0.028936185912648082 0.5212753268342513 -0.8533885595869237
78 0.05215566798537144 0.725423652436754 0.6883026401847661
79 0.048086120028164606 0.4485612432419668 0.8937520970947264
80 0.046026890266806446 -0.9924935647674951 0.12229686788757133
81 0.05333097257833364 -0.9389846687239781 0.34395899741294916
82 0.09660717668572526 -0.357454197356705 -0.9339306702277604
83 0.03022561687847941 -0.900293818396438 0.435282713368176
84 0.020096913794592455 0.9653795310031802 -0.2608493073022812
85 0.05567309214710305 -0.9897806934607734 0.1425979623006958
86 0.020588970510845038 -0.9963450854575987 -0.0854193811994113
87 0.03913803847274962 0.9983758652750507 -0.05697044528783103
88 0.014955963155307584 0.5600767302966654 -0.8284407378806262
89 0.08807518941430609 0.3943719115533268 0.9189509210930554
90 0.040301266045878636 -0.670013579816718 0.7423488417591735
91 0.06304390905334753 -0.19847755950589005 0.9801054322737864
92 0.06898788766616375 -0.7804482857922647 -0.6252203397234575
93 0.021236878300507907 -0.12906001240823398 0.9916367849153169
94 0.024168730999706282 0.4915183711506224 -0.8708672061924475
95 0.048112608287469195 0.5386002138962468 0.8425614574563194
96 0.04681137001923868 -0.24063020357952533 -0.9706168683498532
97 0.058464188332854994 -0.7619583547992304 0.6476260229111012
98 0.06563891933007046 0.08412778163380581 0.9964549745760591
99 0.02877889103936652 -0.9414419627106644 -0.33717507447540074
100 0.044212071465060114 -0.15598614385261741 -0.9877592434019489
101 0.037374658955692495 0.9316225684217373 -0.3634272829704527
102 0.04248210267594264 -0.7263260978281699 -0.6873502743243096
103 0.05448230322487539 0.6280265729242486 -0.7781918938803098
104 0.11639169354357294 -0.9336419438236478 0.35820765029965573
105 0.017492517497678096 -0.8892916223370854 0.4573405847298867
106 0.04412219299194488 -0.6780447630679599 0.735020611463457
107 0.10395418982669268 0.8608455371325754 0.5088663490533912
108 0.05973259529387783 -0.6228828673630145 0.7823151114133161
109 0.028857051348805618 -0.9756393510461799 0.21938062058939678
110 0.02542264365903496 -0.22701818988136777 0.9738905182118713
111 0.011436031018336264 -0.9978298780103504 -0.06584477617738001
112 0.07390909355829639 -0.5068418566150215 0.8620390550218928
113 0.05023609723234045 -0.31624980938297054 0.9486759499772485
114 0.07462489347467668 0.989858742389409 -0.1420551657464724
115 0.01903282596209395 -0.8612751570408924 0.5081388627768851
116 0.04838368591996624 0.975583382623466 0.21962937770015162
117 0.08541901224877008 -0.9740790029108854 0.2262080813943993
118 0.09973007111579787 0.3580637042231709 0.9336971584609121
119 0.0307959662692068 0.9522801853115024 0.3052252425064001
120 0.058124545512117626 -0.40050775475447586 -0.916293369168155
121 0.0433492421929516 -0.7686261027778787 0.6396982993009203
122 0.09021494893747552 -0.08003793517321749 0.9967918182515383
123 0.12547142050626744 -0.7781641279584958 -0.6280609763061177
124 0.05067881648407542 -0.44086509032645155 0.8975733798032614
125 0.04768831795367225 0.09368929173865287 -0.9956014848389437
126 0.08625477722451355 -0.9659380487857843 0.25877342581476903
127 0.06075955085174117 0.66358076111135 0.7481046540978618
128 0.06647340901900793 -0.9873724059430897 -0.15841632486001692
129 0.08167284845240341 0.9152530049944966 -0.402879556255395
130 0.010040806640061793 0.8516714306191983 -0.5240761149556886
131 0.07997997960000593 -0.9184070842618182 0.39563673689093337
132 0.05666219320797334 -0.6421785381980398 0.7665551024406717
133 0.07971543756327346 -0.9485799149013173 0.3165377466366523
134 0.03885661325590133 0.9881930988162012 -0.15321357463369067
135 0.010655898506534475 -0.295532956980044 -0.955332544896609
136 0.03419196378556995 0.9060833642194153 -0.4230992047792414
137 0.10343792821730406 -0.6647972226551241 -0.7470238635746741
138 0.020846665439333157 0.019345062450775566 -0.999812866769965
139 0.029396259274766842 0.045324901930661916 -0.99897229854735
140 0.05383160358397621 -0.9921259950738558 0.1252438018375024
141 0.024992884830551548 0.6236284491143532 0.7817208948564869
142 0.06081346980563044 -0.5841605043980196 -0.8116381614373805
143 0.10059518891537002 0.7780869322996677 -0.6281566092818671
144 0.014447604102856426 0.29317494898811886 0.9560588105790427
145 0.021656080167683424 0.982748785912431 -0.18494546165733014
146 0.041793383722684166 0.4970018230519455 -0.8677494960430935
147 0.016093298804599806 -0.6600725210722105 -0.7512018816039908
148 0.05648005521540129 0.9550043626497086 0.2965917519419984
149 0.0376142799737068 0.6565648953053349 0.7542695395233024
150 0.09211503176788376 -0.8737343409758581 0.48640343481464315
151 0.013215688596925835 0.013581382743162677 0.9999077687680918
152 0.03243995395940231 -0.19902757521748443 0.9799938899314876
153 0.023931815667273204 -0.2049689236087786 -0.9787684814881703
154 0.02289199490764846 -0.9993344920903234 0.036477019047276814
155 0.0678978101330979 -0.8757123159678938 -0.4828332420848298
156 0.05133412338935309 -0.03778371441717095 -0.9992859405219517
157 0.042136307223708085 -0.5911522006253283 0.8065600260959079
158 0.03291816730009571 -0.7542951630050669 0.65653545758562
159 0.015222851798217365 -0.4125877286256176 0.9109178701658859
160 0.04016809558419548 0.9938834403488596 0.1104341749655189
161 0.07392623625275854 -0.7583977059718627 -0.6517920830883236
162 0.08528383401749004 -0.978490877367992 0.20629009406080834
163 0.05385585668324433 -0.5602227029913956 -0.8283420326489623
164 0.012371893178430186 0.9816800560755824 -0.190536787795537
165 0.08113892190945858 0.9181848574262222 -0.39615220256006134
166 0.05849473809024764 0.9437359852129934 -0.33069984912917744
167 0.03657973977435566 0.12004514079470825 0.9927684343146587
168 0.015577260880998142 0.53929994365398 0.8421137516837105
169 0.04357393653261229 -0.37653098625567716 -0.9264040243810079
170 0.09896179877883653 0.9986805097012117 0.05135406062745193
171 0.05274201120013515 0.4303855379324813 0.902645162142117
172 0.10949700566481553 0.21988449456404535 0.9755259140844564
173 0.1204911647316427 -0.9905625718527444 -0.1370612682141693
174 0.03798204477717007 0.17599760391428154 0.9843905949451324
175 0.07904165455319064 0.7019589288982442 -0.7122174261698668
176 0.03187793691465916 0.07001324736865219 0.997546061689833
177 0.02035401043014705 -0.9075419385858873 0.41996146216976804
178 0.0299000575628804 -0.38389234277857154 0.9233778582768701
179 0.010437335794615237 -0.5029306069204207 -0.8643267927252153
180 0.05860642295467002 0.3528130953489602 -0.9356938173089985
181 0.01843801373824194 -0.5966991813393331 0.8024650067068156
182 0.040333698571017866 0.7418266703406284 0.6705916724589835
183 0.08008103280596005 0.46795696312491386 0.8837512549710512
184 0.07202920701154288 -0.9628533560264237 -0.2700248410584718
185 0.09816251608993086 0.8571568450509873 0.5150554756356229
186 0.01618038533920711 -0.24598749527395203 -0.9692730018776172
187 0.046150230070433826 -0.9483512941672362 0.3172220402987918
188 0.019637838811528256 -0.0013127195620915287 -0.9999991383833045
189 0.012763990525772763 -0.9955411604116475 -0.09432813963091916
190 0.07090301924467415 0.11141407408309269 0.9937740709518472
191 0.094275334063304 -0.01327572712642169 -0.9999118736515058
192 0.05667986799111651 0.2803840110055102 0.9598879134422216
193 0.06228800682831959 0.2853289611162746 -0.9584296447566235
194 0.062112648677614735 -0.027224769301344865 0.9996293372728157
195 0.03826920281418364 0.49536398021750616 -0.8686855168028705
196 0.02241546099470033 0.6670911028911783 -0.7449761475667735
197 0.04922503504417077 0.905048106997406 -0.42530920989371
198 0.06123252774270509 -0.40585246857454116 0.9139386050233085
199 0.05952339090461768 -0.9978824229921899 0.06504359986375534
200 0.09829350175578318 -0.21315916308007996 0.9770174876607889
201 0.051362564767853225 -0.9724389475617461 -0.23315765753027226
202 0.03235369267825513 0.9858421171186974 0.1676762359874663
203 0.03676313513465294 0.9808691378237486 -0.1946682677400094
204 0.07976548477588799 -0.9334713560829156 -0.3586519585513546
205 0.0861690006173667 -0.8376348041059122 0.5462306609395431
206 0.02255792023615984 0.30571503270016886 -0.9521230586332498
207 0.16886596155013514 -0.9741488968935111 -0.22590689825933916
208 0.036829911456788475 0.6850357218351641 0.7285094781880161
209 0.07651810670470302 -0.6593898908987297 0.7518011517552772
210 0.019807028419750985 0.9183183021217662 -0.3958427667498756
211 0.035709822599642324 -0.9994366936146406 0.03356032563362676
212 0.022586423418948197 -0.9959863646767334 0.08950509135253096
213 0.029744216785826137 -0.9613858641640601 -0.2752039610643772
214 0.03938036728728535 -0.6603919079209031 0.7509211196607734
215 0.04230056714912692 -0.7784213028533585 0.6277422044630103
216 0.05398097200863994 -0.9901103015603155 -0.1402910928895381
217 0.05169703062691709 0.5046584569437378 0.863319084600338
218 0.02080350370248462 -0.998484849255458 0.055027318736291304
219 0.04461182852732071 0.8966062332417766 -0.44282870560973464
220 0.04854038030438977 -0.7492841438017096 -0.6622486480524811
221 0.026798308435025314 0.971470794491246 -0.23715921961953598
222 0.06253689058950605 -0.43416828739009433 0.9008317813136659
223 0.09788599685047895 -0.6895347696304936 0.7242525812661091
224 0.013272157782967578 0.11944351777691531 0.9928409973712184
225 0.012347432671427894 -0.9975717295125414 -0.06964656830998217
226 0.039582838923030515 -0.0034511106406493945 -0.9999940448999414
227 0.02908970471083556 0.7856708188648793 0.6186447804549796
228 0.012439216801988118 0.9172273122471528 0.3983642273948101
229 0.05246206323876067 0.8862118108100362 0.46328028922111125
230 0.05560046796656991 0.9963508304245974 0.08535234450333018
231 0.021425618176588442 -0.9854088421303933 -0.170204035942858
232 0.011216790912580174 -0.35252804789156766 -0.9358012478351162
233 0.06489252667753202 -0.5298003018781086 0.8481224204853124
234 0.037457056375602246 0.8920434683130426 0.4519496107311497
235 0.019198466393597773 0.24973577338061403 0.9683140211181426
236 0.008681668850004456 -0.9464009222285755 0.32299426373374146
237 0.014160062152494468 0.9482460787474623 0.31753641388045806
238 0.040549877890891435 0.8105709634767865 0.58564042992976
239 0.030798174647061655 -0.7026215632534549 0.711563727891797
240 0.052530271159331794 0.15342707654793555 -0.9881599729709527
241 0.017185693947787104 -0.5207613192314999 0.853702318371145
242 0.05863976441935547 -0.8585961661156152 0.5126525368430034
243 0.01823996571286045 -0.9878157770568975 0.15562773081131093
244 0.047269454955082335 -0.8854597315721213 -0.46471611093680293
245 0.04710498979407577 -0.640426072209229 0.7680198213813622
246 0.037012043514592065 0.9188264659862684 0.3946617860943529
247 0.021439294826449476 0.4298474274990739 0.9029015389689112
248 0.02962070648442161 0.9259595341012009 0.3776227498537224
249 0.06627062698912096 0.5265263641847634 0.8501588015296753
250 0.06073552796649794 0.8790377094975209 -0.4767522472745693
251 0.02915053757160549 0.529119297752781 0.8485474463726845
252 0.04907478023598611 -0.6512244747256981 -0.7588851583199124
253 0.04408003024889773 -0.1802647347264676 -0.983618129872562
254 0.0316549670989895 0.6123592806983585 -0.7905796046841765
255 0.028645738989988616 -0.8475790617651103 -0.5306691380298795
256 0.06729726706391279 -0.5685165961331937 -0.8226717935611547
257 0.04477776014206595 0.7444627882748391 0.6676639550507816
258 0.052679971648528646 0.9993138540200208 -0.037038104212452586
259 0.05730929064752288 -0.6919938995842313 -0.7219033473659814
260 0.09260649499928131 0.9743510581345458 -0.2250333653307679
261 0.03865163130943405 0.2232613725391942 -0.9747586160336902
262 0.07070937016041198 0.5056916257185786 0.8627143094200426
263 0.06515626564187574 0.2648444479389714 -0.9642911481476439
264 0.08335953890194316 0.5970646904148049 -0.802193091131975
265 0.015174856610621734 0.08959498142434058 0.9959782825461467
266 0.024846957885033674 0.9070822242192361 0.4209534873421094
267 0.041739295348789396 -0.9997479027005545 -0.02245286275383553
268 0.0664514487349126 0.9877589216859728 0.1559881810579387
269 0.0330393639004725 0.25743278230586036 -0.9662962085169658
270 0.061166875133259725 -0.8771786278604912 0.4801641956922506
271 0.08770916855209421 0.5150932222401249 -0.8571341624286628
272 0.012392998704738365 -0.16516367427095546 0.9862661713256304
273 0.009229480888145979 0.725621348146964 -0.6880942225548637
274 0.05376235378409116 -0.22548088135670766 -0.9742475928338763
275 0.0259435220437637 -0.17828593753428829 -0.9839787215572905
276 0.0252689490222345 0.12223851720486266 0.992500753103773
277 0.021716156548476008 0.9614854397348221 -0.2748558698262339
278 0.02248819488677011 -0.022947749889395786 0.9997366657150341
279 0.050715906897650716 0.876457563065625 -0.48147911703942686
280 0.053210553231425296 -0.3091940375768288 -0.9509989732523051
281 0.04223339430859754 0.9788378781594648 -0.2046372602442595
282 0.07945298898272672 -0.7873710721242173 0.6164793547086234
283 0.03623730897923212 0.9032367690959181 0.42914256250477784
284 0.03907719931744704 0.8648750446627942 -0.5019872081234041
285 0.041626349841270026 0.771823922586939 -0.635836325261864
286 0.022401397198042003 0.9482028067153919 0.31766560616008327
287 0.03212581537063566 0.9451593657027686 -0.32660951214614076
288 0.022278157632066403 0.992693912299335 -0.12065983790740094
289 0.08756289234027644 0.842845998305644 0.5381548319398073
290 0.011847629616938849 0.9197596808278027 -0.39248201171969477
291 0.06642713165676857 0.6963625391830028 -0.7176901936229872
292 0.01713153149177789 -0.8843051603409199 -0.4669093952732371
293 0.036728964561117794 -0.7130888940619181 -0.7010736260661575
294 0.028413505456046893 0.9999846366806932 0.0055431401373364185
295 0.02871583445686521 -0.08552387293633038 -0.9963361215764339
296 0.01482150539281324 0.8982003165303838 0.43958638671450967
297 0.06298389489119552 -0.5024451767193974 -0.8646090702689936
298 0.03997627056947223 -0.7752671693190587 -0.6316334508051438
299 0.01637427362280243 -0.10233300489552148 -0.9947501978431837
300 0.021222936918443347 -0.8638209996530075 0.503798849302456
301 0.0207933658528723 -0.5596058428116304 0.8287588917719585
302 0.05413178130383754 0.04237606199325572 -0.9991017312415907
303 0.04400434777572551 0.380536070839506 -0.9247660778759299
304 0.013867389158363396 -0.25340221036133753 0.9673610079923567
305 0.018200197686931135 0.41558083514324107 -0.9095562486518611
306 0.03760510326751161 0.7882405569876577 0.6153672272064764
307 0.031901129344291825 0.9518087561804598 0.3066921773671545
308 0.04158220317068205 0.2907769342317759 -0.9567908729282326
309 0.02619650515144895 0.9836573267513326 -0.1800507248761365
310 0.033998358346759856 0.22675099582488553 0.9739527636864237
311 0.04520134609177222 0.01574455228877018 0.999876046854422
312 0.06431161854717153 -0.7138533833961457 0.700295185628086
313 0.0465630120227531 -0.9415751884846018 0.3368028569210579
314 0.06644707615043663 0.4501445028040445 -0.8929557248796267
315 0.037206565166203916 0.1016877688696658 -0.9948163637889705
316 0.01170084665393935 0.09209228256779259 0.9957504765208269
317 0.029091741340453895 0.9880750441804426 -0.15397307254132578
318 0.047788519040819766 -0.016232665336503083 -0.9998682416078996
319 0.012017850845240883 -0.42789145971011106 0.903830127129623
320 0.010417485849636443 -0.9999702346122031 0.007715561523014232
321 0.015752990039816624 0.5024138113144427 0.8646272967010095
322 0.013088311104167524 -0.9071775438782324 -0.42074802897109087
323 0.05636149976742886 0.9099369695232735 0.4147465629692441
324 0.02993353382249588 -0.9245150012302357 -0.38114565785308024
325 0.04822131345214826 0.21814754483401444 0.9759157999965425
326 0.06043967750275266 0.9959923637197802 -0.08943831064977212
327 0.03901627437861626 0.2550428453864863 0.9669297528865087
328 0.021548354048481263 -0.8468243342696282 -0.5318726792088506
329 0.08198103188594737 0.4445849418485255 -0.895736696513849
330 0.05671043174549209 0.15293280722546138 -0.9882365893216765
331 0.026128367254008942 0.9598238181512423 0.28060334657585795
332 0.08884213849803843 0.9916375982632357 -0.12905376286928494
333 0.04327880129476088 0.7264798063688943 -0.6871878134383742
334 0.08669653086706712 0.7844475379974327 0.6201951790604039
335 0.0891389183967413 -0.21199525928292473 -0.9772706943531897
336 0.0441927699638618 0.49018233823489915 -0.8716199144596037
337 0.04265651830416018 -0.6092289851582501 -0.7929943528443621
338 0.04772395268670157 -0.9999961218514771 -0.002785010234383141
339 0.07532893159515404 0.3192168640155068 0.9476816943088567
340 0.018414472202172183 -0.019958964403455966 0.9998008000296567
341 0.07270824772973628 -0.5212305312860338 0.853415920436969
342 0.040292122261198576 -0.4677234904751324 -0.8838748420776319
343 0.03137311959000807 -0.28559643279612046 -0.9583499765608235
344 0.04370978240490229 -0.8898053275707121 -0.4563403105433245
345 0.019604227648458896 -0.6502288477194527 0.759738406027649
346 0.09315855147624562 0.037599049925479466 0.9992929057311981
347 0.02142835800444327 -0.3017939935240583 0.9533731617120343
348 0.017693529210463847 0.9500467091522913 -0.31210775451581074
349 0.02874549345666746 -0.8231342902029574 -0.5678467577543026
350 0.03473881733496457 0.936569935056929 -0.3504807508943392
351 0.07900275546137561 -0.9630150742595226 -0.26944752132637295
352 0.048287744216870876 0.552972763908885 0.833199329317402
353 0.034164491809639756 0.9997887480187575 -0.020553815584594775
354 0.053654817822163775 -0.9217698103871518 -0.3877375615784911
355 0.02049285554113666 0.7957396805458048 0.6056388039127452
356 0.16159371102680672 -0.40586980263896244 -0.9139309072932208
357 0.0320114706215688 -0.8633786840366958 -0.5045564863829057
358 0.09595331065590729 0.10284281952392173 -0.9946976196173237
359 0.0716353346477216 0.26162254824771836 0.965170265936726
360 0.041013141312466105 -0.76950739357083 -0.6386379030717075
361 0.02103344093850579 0.49135129510396824 -0.8709614829598684
362 0.042654707111587836 -0.0646198789977843 -0.9979099514677222
363 0.08524945249521232 0.3646527479326164 -0.9311435836782594
364 0.046416295192041664 0.37235423815312585 0.9280906859404447
365 0.060382890549519265 0.6759762386969729 0.7369234184887146
366 0.04911974055806273 0.7148288262373679 0.6992994703130462
367 0.018525449088721044 0.9311514095937323 -0.36463276376596393
368 0.03853512184235282 -0.6844867000583305 -0.7290253475999701
369 0.11281908225077182 0.990854218645805 -0.13493671624806655
370 0.11116125318340166 0.5075924993598373 -0.8615972693745225
371 0.010056242880204364 -0.012392965692534135 -0.9999232042518784
372 0.01799416310867746 -0.7653466664383438 -0.6436182720927945
373 0.01510486139000512 0.31366110987593443 -0.9495349957486543
374 0.024437833355129005 0.009688474846076699 -0.9999530656261607
375 0.050051471785154455 0.6832407510608216 0.7301931772413683
376 0.01168656508605573 0.29647738813120744 -0.9550398726372095
377 0.01183948267847538 -0.9119786271597685 0.41023771596939257
378 0.03108153117158681 0.9905605279627209 0.13707603890620562
379 0.03252620961278028 0.8453527557676499 -0.5342084970459006
380 0.03519233955850026 0.6460496251974384 -0.7632954092500815
381 0.015702102536469118 -0.9479397155836568 0.3184498321858184
382 0.03509415064354819 -0.7202737184853055 0.6936899671029925
383 0.01969937535713299 -0.6019775740125368 -0.7985129932480627
384 0.040032884516298925 0.46419902091070675 0.8857309235798089
385 0.03736232473128597 -0.7882422585315854 0.6153650476465375
386 0.03750807823752294 -0.6487104160531634 0.7610353448455148
387 0.04819118683690785 -0.07203760466878494 -0.997401916738475
388 0.03291569379497899 -0.9995511966838649 0.029956722248160803
389 0.027239526424047825 -0.8076991239064839 -0.5895948823053829
390 0.01992872622510757 0.5241998710007073 -0.8515952649250944
391 0.05400749143421587 -0.8237536403223629 0.5669479165281898
392 0.013050915409037349 0.5050129382183005 -0.8631117727340527
393 0.017031904327674447 -0.41007732027887706 0.9120507614123763
394 0.06344671083554242 0.9773801190704883 0.21149019562560864
395 0.10159338543027167 -0.7896609477063468 -0.613543468441735
396 0.02773266369386348 0.9347275685223538 -0.35536512581328006
397 0.024018339517164373 0.16271660756132247 0.986672846298982
398 0.03383482985100973 0.17307160087327428 0.9849092450429948
399 0.06260501535617997 0.859809015676092 0.5106157621559579
400 0.047932949481712894 -0.6488071755060583 0.7609528559719393
401 0.046677878397067905 -0.5717302577906263 -0.8204416568694353
402 0.040926879108894317 -0.2041560645857195 0.9789383541842007
403 0.03385074944769208 0.013747905309634337 -0.9999054930840201
404 0.10464532458597431 0.10888636685110913 -0.9940542033078306
405 0.04765415487258361 -0.13257319211630558 -0.9911732183287103
406 0.09025877598038022 -0.9882969140849812 -0.1525424846070868
407 0.019974508954073267 0.6188954842578381 -0.7854733474569688
408 0.014138939936636388 0.803302570644464 0.5955711376451984
409 0.012396319674755659 -0.9401531622215115 -0.3407521556276532
410 0.03191776204753699 0.9582813703226897 -0.2858265475641968
411 0.05036176452293738 0.35254513608388205 -0.9357948103209363
412 0.03344700705827681 -0.7834582527558402 -0.6214444192273078
413 0.051662894392223185 -0.09617199413873424 -0.9953647309119302
414 0.026848152694442056 0.6611699723233753 -0.7502361412901322
415 0.06815993186772128 0.7809063833089789 -0.6246480773261774
416 0.04276254364581038 -0.7665856619995272 0.6421420581279088
417 0.027211455659791006 0.240287023040388 -0.9707018834628828
418 0.02948845146516314 0.21861505975697285 0.9758111782755182
419 0.01962702594769018 -0.7730663624864567 -0.6343251525770979
420 0.052310506413379226 -0.4917066196345436 0.8707609317186723
421 0.06584218205066551 0.8507213919322844 0.5256168883405447
422 0.03355813578874323 0.9063865586906814 -0.422449294264843
423 0.07140851743495655 0.1204286417524283 -0.9927219863817187
424 0.0688845371919095 -0.790366422222657 -0.6126344086181879
425 0.023298584328328133 0.9981500265718898 0.06079904978316542
426 0.05360902119965369 -0.9925784287435541 -0.12160617909044522
427 0.03156070968564947 0.9865292439555062 0.16358499570736068
428 0.009733532648588313 -0.1087793523164537 -0.9940659195997078
429 0.01585151416349508 0.7475313152244992 -0.6642265673388338
430 0.026335418719846383 -0.5635993830382691 -0.8260482645940747
431 0.06423884751092158 -0.8066798614502256 -0.5909886641304085
432 0.04947143277452069 0.7487185452086499 -0.6628880298064244
433 0.06627003511522997 0.5511627511277711 0.8343977599258442
434 0.014667889399511065 -0.21482475733334133 -0.9766526115444892
435 0.028190647235590283 0.9950072130503961 0.09980303591416326
436 0.08985896731183317 -0.9959792369898249 -0.08958437076391239
437 0.027541727404105355 0.1091871253070973 -0.9940212128859083
438 0.020678471534897432 0.9379371534047194 0.34680527138878947
439 0.08414579718735632 0.39000027610495713 0.9208147395855787
440 0.05688322302807 0.46670139604658695 0.8844149517778218
441 0.057481304542500194 -0.05992137264612834 0.9982031001255225
442 0.013268256343946811 -0.9996377998198551 0.02691224946598292
443 0.05461625043604001 -0.6669137985855893 -0.7451348772243451
444 0.06330866455339465 0.15766163627240398 -0.9874931941273865
445 0.034458250316299684 -0.9570304813932693 0.2899873405584584
446 0.058042640676753396 0.8904690406551672 -0.45504383045445873
447 0.05217101482401554 0.687141183314702 -0.7265239116456328
448 0.0780680058441039 0.10023854654327155 0.994963433391847
449 0.09680774549488888 0.0767341317247302 -0.9970515899533242
450 0.09869043496204136 0.5346806698520822 0.8450541883728693
451 0.020411184836034307 -0.5498467043202442 0.8352655875517475
452 0.03811819275933398 0.8997727138753477 0.4363588699286306
453 0.03407315441246783 -0.6539370502931895 -0.7565489635534784
454 0.011566380859166428 0.24529880794725079 -0.9694475204051315
455 0.06917910502566074 -0.9968813186188824 0.07891537612327736
456 0.06567378293121501 0.48080028420505944 -0.8768301356068541
457 0.05725363589290923 0.7317929095326698 -0.6815270629679424
458 0.04957878390287378 -0.8123523131479036 -0.5831669737933128
459 0.03309182301742898 -0.8821978698363051 -0.4708788787536406
460 0.05906664876010361 0.9521921377873618 0.30549980807839117
461 0.03264764581747672 -0.9373203277685549 -0.34846894144507173
462 0.05903115230474053 -0.8303918065516933 -0.5571799059655822
463 0.023296318327106668 -0.051387061065582766 -0.9986788122089314
464 0.055052066912058356 -0.8241656137330492 0.5663488687549629
465 0.043640626243287683 0.618050303583558 0.7861385515545412
466 0.06517557570592541 -0.9179380530959926 -0.3967237460479755
467 0.018434958448336276 0.6733729055329551 0.7393030028980714
468 0.037427532784675435 -0.48483355393107186 0.8746064400532199
469 0.027025471127996907 -0.7698301179034114 0.6382488461163245
470 0.015869496194740634 0.9977248027259523 -0.06741823214427696
471 0.04647249335816591 0.5842471441953442 0.8115757971376332
472 0.012654424838062167 -0.14948484112681087 0.9887640174851086
473 0.05601150269013825 0.4912501299979154 -0.8710185473209117
474 0.020715778122058798 0.4833487306106307 0.8754278980116478
475 0.038928454751310446 0.6021408316771455 0.7983898914860805
476 0.03749642814561703 0.6802302058924135 0.7329985450132659
477 0.02664931961888049 0.9948114716530666 0.10173561749682274
478 0.04622451445954924 -0.22403598975766245 0.9745808716024056
479 0.0609479633192558 0.07831096883892417 0.9969289804993678
480 0.07035731240364934 -0.9458228200741599 0.32468321950320056
481 0.09184622626920083 -0.8897415660699053 -0.4564646159424325
482 0.054141355529394836 0.1945797029940204 -0.9808867106770072
483 0.046399697933814134 -0.6642823992084899 0.7474817015163733
484 0.06316045516293896 -0.26429563562475267 -0.9644417125932018
485 0.06943245664659811 0.742339171520815 -0.6700242939071613
486 0.09655636272464971 -0.9860531719546689 -0.16643059237452737
487 0.027778367286608367 -0.5111366928423811 -0.8594994364338777
488 0.08184315349251055 0.8914732493089462 -0.4530733337623717
489 0.05589641278721052 -0.9976850595949137 0.06800383710566167
490 0.07314820415186334 -0.4243496154531049 0.905498428416528
491 0.044090821712282624 0.9873222522216096 0.15872860570183386
492 0.0815283083323713 -0.9707365722410358 -0.24014684531287173
493 0.04378936190463292 -0.7121376390987108 0.7020398727842417
494 0.017698245522135576 -0.9129246428846585 -0.40812816175059363
495 0.07242479724735527 0.10677309275634347 -0.9942834136518849
496 0.04422718264514721 0.021867043562097795 -0.9997608876155605
497 0.01088887915413152 0.3222467130373137 0.9466557219689993
498 0.033557105165108736 0.1602263901207213 0.9870802925339369
499 0.03903672915001532 -0.8895184889665717 0.4568991768285725
500 0.05564586037752703 0.7720764200199344 0.6355297016262905
501 0.048053797537039825 -0.9022971593718287 0.4311146439052248
502 0.012886385620214248 0.6588001899272575 0.7523179578820444
503 0.0556883699701586 -0.8858306527784943 -0.4640086794425583
504 0.05759111627318003 0.865214420778677 0.5014020403594488
505 0.02814185026828094 -0.11324991587889607 -0.9935665335313096
506 0.07574245374775197 0.3643872798037799 0.9312475021803827
507 0.0495816650492474 0.6359314273310442 -0.7717455667075133
508 0.02477952241092546 -0.9752900663525536 -0.22092823829024594
509 0.046197544149907566 0.6324618508512494 0.7745915099055837
510 0.05639763932920162 -0.668366742282957 0.7438319015813097
511 0.01894042205824071 -0.15578374800879358 0.9877911843382349
512 0.01734285301173674 -0.9551464542072384 -0.29613383969978807
513 0.03642372381576965 -0.9632566025890202 -0.26858279462515533
514 0.05233384512720417 0.2617914572659283 -0.9651244649798189
515 0.022041742297643455 -0.3362761419656293 0.9417634290758544
516 0.03963017385540126 -0.8148743622683242 -0.5796376227590752
517 0.019469866951889247 -0.9470714400896454 0.32102287670277535
518 0.025245234384869877 -0.5990538838034968 -0.8007087137654658
519 0.027265490949908756 -0.04295220301584985 -0.9990771282819386
520 0.042932761058010645 0.9972992712986168 -0.07344496897165866
521 0.12144109960695007 -0.9895720530546654 0.1440387163688098
522 0.018869253146040266 -0.5817393432059209 0.813375274130179
523 0.013610859527526166 0.5853860864831386 -0.8107546668086194
524 0.05269780636575786 -0.9990701083057361 0.04311517934515546
525 0.026537248389885557 0.6472586185965334 0.7622704773585997
526 0.0639392032972995 -0.8600737750468025 -0.5101696791036705
527 0.025771548775664496 0.960117656020746 -0.2795962921736062
528 0.01417190404720376 0.28440435671639686 -0.9587044184109785
529 0.023607628871087503 -0.8841528787769792 0.4671976957888172
530 0.07254462151495726 -0.9833399385286729 -0.1817761406082379
531 0.05315927340104196 0.9891559849390057 -0.14686877632548576
532 0.026178881258604337 0.9990216431084009 -0.04422393696846638
533 0.08913591930984119 0.8790862762130992 0.4766626888836452
534 0.06526937823360256 -0.9658110229700728 0.25924711745649454
535 0.0601649932473898 -0.8955216920828751 -0.44501786369653096
536 0.06762245021690173 0.20003254766554848 0.9797892527857356
537 0.0796288929135026 -0.5276898897013653 -0.8494370961448298
538 0.010968875174522075 -0.8785980124738997 -0.47756207185758914
539 0.04891686557546408 0.6443408834932949 0.7647384035466508
540 0.04389182957224423 -0.9984082239646868 0.056400517016069844
541 0.012443942654702481 -0.8231447418198993 0.5678316070933805
542 0.032456629633076085 -0.48084118164105144 -0.8768077087013078
543 0.04611672569675329 -0.8464204607444608 -0.5325151675146302
544 0.0176656322273084 0.9981107398986685 -0.06144062905710306
545 0.042994709492346316 0.015120047314630222 0.999885685550705
546 0.028276093284256412 -0.06613270892019336 0.9978108361863369
547 0.014018782548976183 0.38039667434067864 0.9248234264715355
548 0.019155975005543734 0.737353262068544 0.6755073403871175
549 0.06767999103140732 -0.44502905930164016 0.8955161284851866
550 0.03414290039467295 0.9695112262784414 0.24504689779728425
551 0.009915509187173082 0.18312290360744418 -0.983090027502252
552 0.05822123932440616 0.9649522002923226 -0.2624257059645744
553 0.05043483385585048 0.9577736929599151 -0.28752313484992187
554 0.07949494214523065 -0.8053362991488417 -0.5928182227911413
555 0.031660678913847703 -0.3989460125792347 -0.9169744156993308
556 0.030309924879675175 -0.12388689432652118 0.9922963455612085
557 0.055481092003409296 0.4416498058166066 -0.8971875216598555
558 0.06452904390364513 -0.6356948966239189 0.7719404111758271
559 0.03517683119057152 0.5980282452970035 -0.8014750263276997
560 0.042660019359897224 0.9190207661814741 -0.39420912131407665
561 0.06488683590844319 -0.7429711439774085 -0.6693234488772233
562 0.02223372901521015 -0.9792273728721671 -0.20276526383449833
563 0.030004862524358952 -0.6740097115130881 -0.7387224842835393
564 0.06071727588711705 0.29244256640124805 -0.9562830885029033
565 0.027702836769236305 0.7615258944411456 -0.6481344861181306
566 0.003662727970194382 -0.9136967856878895 0.40639658441431187
567 0.04481988701624202 0.16117750506953799 0.9869254337889763
568 0.04825667948740218 0.7351775512287694 -0.677874596197018
569 0.02069770377791504 0.5566739549037223 0.8307310683559683
570 0.018217722877071022 0.820007088081377 -0.5723533659342808
571 0.04311486361660681 -0.4157110489838771 -0.9094967420242497
572 0.05189251763838797 0.877020937169206 -0.4804521576253432
573 0.04151507592574542 -0.9998478627851919 -0.01744280034524679
574 0.05959442037157121 0.9808742274270104 -0.19464262115339911
575 0.022627078782606534 -0.9995156705470164 0.031119516881663
576 0.07091818421913011 0.9954986022245089 0.09477622575862028
577 0.014363191523436056 -0.9905891191592756 -0.13686926975493943
578 0.03480172578268594 -0.7467389077063477 -0.6651172856854126
579 0.02835122678058781 0.9999993180505709 0.0011678606052087767
580 0.04138209076577895 -0.4044764121060839 0.9145484306748273
581 0.041302500667060336 0.00023776920021548604 -0.9999999717329033
582 0.03736158705376072 -0.9997715412858221 -0.021374406072954533
583 0.04098846196578475 -0.8736552002899785 -0.48654556930083914
584 0.026485809017906658 0.9929300248665693 0.11870116140322344
585 0.03853062018370117 -0.6951099847498882 0.7189034073510921
586 0.03896622059070594 0.1508424501157399 -0.9885578158322762
587 0.010713148165412568 0.8366855690293171 -0.5476835387138158
588 0.01982687758206349 0.7254708154769531 -0.6882529301726252
589 0.03268811547686396 0.9784354131705849 -0.2065530010764957
590 0.07441298688439646 -0.16538295203902675 -0.9862294252225782
591 0.007105659320245169 -0.8929840498646147 -0.45008830987639686
592 0.04404067865511156 -0.1766709516798337 -0.9842699705022713
593 0.11062141544476692 0.07043389177810176 0.9975164494327854
594 0.011771833869517228 -0.5714846229370746 0.8206127745450162
595 0.024188246682255173 0.7743233184447912 -0.6327901694184624
596 0.08650525272273868 -0.8216527050746812 0.5699884492193319
597 0.01558983755136878 0.9631220756299635 0.2690648015520253
598 0.050400181078728436 -0.7532133256793608 0.6577763191382288
599 0.03701874443808915 0.7326925088642147 0.6805598338531761
