1551
0 208 320 0.0002641438830305583
1 64 155 0.038424737506100815
2 204 205 0.00039537008535713854
3 63 292 0.03246756449622447
4 374 381 0.09180280209421421
5 136 155 4.926838619061058e-05
6 21 24 0.016609423382370512
7 221 307 4.927589201642661e-05
8 86 394 0.053383741929640204
9 321 322 0.0377923278652777
10 13 57 0.09574741854799068
11 2 191 0.0693265371654923
12 88 90 0.00022435696557186155
13 40 43 0.010053489369544052
14 74 75 0.017715089757043636
15 176 263 0.07924742355108529
16 182 183 0.034287866043076154
17 211 212 0.0019372770284978417
18 235 342 0.04942891044317141
19 99 192 0.06361547943839296
20 298 299 0.016398068644288038
21 343 345 0.04318132783125384
22 224 332 0.00028381065256076146
23 25 26 0.0864338255533631
24 8 399 0.02880295130528127
25 19 22 0.05489775636491229
26 23 91 0.09859367504813449
27 201 270 0.041397854949653444
28 213 216 0.02939839065150109
29 50 130 4.958554757550574e-05
30 328 329 0.0169771421732152
31 171 294 0.07734914809212612
32 279 332 0.05972294245093954
33 243 244 0.024650030126588514
34 6 108 0.01498883999665266
35 14 240 3.202904493654027e-05
36 338 386 0.05432187794326735
37 297 361 0.03611748332191181
38 356 364 0.00021346378625250567
39 359 360 0.05875919351538966
40 179 246 0.00014116911438204048
41 177 310 0.01489030700046398
42 71 301 0.00024697299726539036
43 339 343 0.037786274828885004
44 274 275 0.06111677258251728
45 17 197 0.0861802254631158
46 305 306 0.0001635072007000291
47 159 321 5.586637133455219e-05
48 360 361 0.09328572393699985
49 32 33 0.03499788615372442
50 392 393 0.038857358877439296
51 166 334 0.05374729883146973
52 256 262 0.00010164767343775822
53 110 203 0.0019380539658887931
54 11 124 0.018483154610893424
55 306 307 1.8287302233590036e-05
56 33 103 0.0683323835581831
57 110 212 5.300078149106267e-05
58 164 165 0.016927174291334376
59 284 314 0.00019385327499769423
60 219 236 0.013561823975480392
61 87 89 0.0002903905199372173
62 187 339 0.01869201137141314
63 68 129 0.016702534411518435
64 296 364 0.07554811225305688
65 195 196 0.01861087176511779
66 0 9 0.047402327265718434
67 45 261 2.472047890663482e-05
68 111 276 0.07166607109420059
69 356 359 0.0001032209842240437
70 28 31 4.369910108565595e-05
71 224 225 9.927942243628568e-05
72 45 138 0.03689761884260279
73 128 155 0.06682033447852713
74 170 293 0.05260844187440205
75 117 202 5.9431825040615146e-05
76 256 257 5.5123044150585835e-06
77 30 102 0.03501289574571747
78 14 350 0.0013060248662709938
79 41 43 0.12607410550515702
80 40 137 0.033157933956213
81 353 383 0.00032271140826041885
82 52 267 0.048064857714778045
83 80 81 0.07214146214966669
84 287 288 0.08971175041544646
85 2 144 0.06244591484510801
86 318 328 0.06495526580906305
87 42 125 0.08871216708428446
88 31 32 0.01639985704915112
89 106 341 0.012708469333440574
90 70 72 0.04476353085884302
91 170 192 0.024644408874786403
92 126 128 4.826418202394727e-05
93 157 261 0.027430547470534326
94 233 276 8.106183992735908e-05
95 6 342 5.725228908917506e-05
96 58 59 0.061938113455298364
97 113 209 0.05696736055890289
98 359 377 0.00031116030064045263
99 177 324 0.03907831460726631
100 206 321 0.057373263442967365
101 91 183 0.01501784145112877
102 203 211 4.501692440246345e-05
103 22 93 0.06636447214135088
104 37 388 0.0897090398653412
105 268 305 0.051073832051973175
106 87 88 1.4033587975947843e-05
107 133 135 0.020131676650367736
108 68 128 0.04586076007621687
109 325 327 0.0001383697493608701
110 146 255 0.06840963192005005
111 0 1 0.014759107490555815
112 226 370 0.02077986372413917
113 52 288 0.050094533632073446
114 355 366 0.00011127414956232949
115 228 323 0.019771127837623928
116 77 79 0.009702434459839501
117 65 66 0.11391859885800955
118 125 375 0.04372146736775058
119 221 305 0.00020447445417402926
120 70 92 0.07260368600290154
121 53 125 0.11031166842987307
122 56 283 0.0002533435762218882
123 85 275 0.058970240735496185
124 69 219 0.06078464179281403
125 54 204 0.0654715622106781
126 94 95 0.05399179985275205
127 373 392 0.0486595836177084
128 111 390 0.03400211711128409
129 177 178 0.015135713774643995
130 313 399 0.0258640739012102
131 210 230 0.0007396279451288225
132 362 382 0.09000724763398033
133 16 97 0.024913732801486312
134 13 15 0.11023081667780626
135 349 350 0.0325177063444031
136 33 173 0.029977671658135627
137 13 20 0.1172867829179935
138 222 250 0.04362411014509554
139 293 294 0.037523322000892104
140 153 154 0.057767966137567565
141 142 154 0.06533147862510998
142 156 280 0.008821332216744122
143 350 351 0.00010665516856537967
144 225 263 0.00358358002229892
145 226 229 0.06516587045997609
146 73 81 0.007911589759586212
147 252 254 0.10015209619462476
148 237 238 0.00012333345315187677
149 369 390 0.0173895125691353
150 277 385 0.10394255968625635
151 10 238 0.015626757263463853
152 215 228 0.06704677506314535
153 48 49 0.0002838601412613177
154 212 389 0.052497135730290474
155 304 308 0.03311447617669949
156 268 269 0.022360629229306307
157 202 205 0.0002570068052175628
158 237 344 0.029166737087204807
159 66 178 0.08301287701734743
160 220 303 0.00023554944780190945
161 357 393 0.10905646195966284
162 27 120 0.08525332137330793
163 10 12 4.846519460283639e-05
164 117 160 0.08870582066682281
165 87 189 0.1346981919224086
166 138 140 0.0006110025048263061
167 36 372 3.794950483754511e-05
168 340 388 0.0653466564200025
169 285 316 0.00010946626651243484
170 129 194 0.024721925131840856
171 181 241 0.03226920564680096
172 166 168 0.062431210391210495
173 59 115 0.10518013252444904
174 150 365 0.031041859430566022
175 278 319 0.06345706517532756
176 100 101 0.026847880276695067
177 308 309 0.05150189176729235
178 232 273 0.05153486177155778
179 114 223 0.045198390593527774
180 142 144 8.499455049008229e-05
181 21 59 0.061394220707876035
182 4 5 0.015103892416337214
183 44 258 0.014233702858282246
184 41 136 0.03306799363964029
185 242 328 0.03879021124023832
186 217 391 0.06896659856807759
187 254 263 4.2506063780167084e-05
188 369 389 0.041692036757768246
189 246 310 0.037507725678588705
190 26 27 0.027638660880915482
191 358 379 0.020727085061344006
192 76 77 0.12301655277931843
193 12 40 0.026473549395380463
194 112 210 6.252852862361233e-05
195 361 381 0.0268538889423846
196 112 217 0.06564553777078613
197 364 377 0.0002872934739998092
198 236 284 2.6099703187656753e-05
199 250 286 0.042542495203007416
200 84 165 0.06561997583006399
201 30 171 0.04604426226393201
202 19 72 0.01741879461544085
203 79 86 0.04035505762988516
204 82 83 0.044938420829770565
205 116 158 0.03662620201594472
206 214 249 0.07974166660899908
207 55 288 0.1451912362853129
208 246 279 0.044560483770263545
209 180 239 0.058287892806165045
210 330 339 0.043757011168717025
211 119 168 0.035361448038142805
212 264 266 0.08258458745614665
213 199 235 0.0776439793847376
214 206 299 0.06267265158281336
215 135 259 0.01791547477551414
216 285 315 0.0001563507124770845
217 131 132 0.08148649521264587
218 34 35 0.08861552930485324
219 60 61 0.023211058965770973
220 120 169 0.04086698996382927
221 104 107 0.00022104889472770488
222 82 184 0.02263965358781585
223 187 289 0.043152989271829444
224 234 324 0.10531071559066373
225 272 358 0.02844375311627708
226 235 385 1.7720289571162689e-06
227 37 195 0.02046102690543762
228 196 197 0.06084022608977178
229 71 382 0.00021437747938918484
230 78 81 0.012941616777212303
231 158 159 0.05054368580460428
232 39 121 0.054817956774649776
233 62 245 0.08826485339085699
234 282 283 0.00022661811251904735
235 107 108 0.00021447812978111626
236 57 163 0.0074130998847772725
237 347 376 0.042281755833125434
238 123 269 0.049424215530815545
239 89 90 0.00031586832847664196
240 41 126 0.045729378557305064
241 172 173 0.00012065810352841507
242 124 270 0.022699963259743414
243 20 85 0.015827123131818825
244 267 289 0.07210015953284012
245 148 149 0.03067601520358495
246 345 346 0.01201205647595636
247 134 145 0.08200356028356741
248 140 157 0.014609213924346803
249 162 286 3.427085861657073e-05
250 24 74 0.055506465379454833
251 34 104 0.020520993323383984
252 64 179 0.04461920611155695
253 218 329 0.06781706463420598
254 272 380 0.00022375936746409306
255 46 175 0.0592049448086571
256 127 129 5.2069608427548705e-05
257 149 363 0.00014505550388759918
258 365 368 0.00012954675788054778
259 159 228 0.024911571245476542
260 21 23 0.04100292290665099
261 109 266 0.0736182251567677
262 57 167 0.02871569203151183
263 223 286 0.012628098066115196
264 337 338 0.000320377167625579
265 60 172 0.04802818454325034
266 319 320 0.02607906771078003
267 48 232 0.008792695114068137
268 301 371 0.00017412360480030298
269 20 88 0.08693906699667805
270 169 267 0.009864647132353665
271 314 330 0.00034122225152654506
272 398 399 0.03698284963399116
273 249 287 0.026911377783427056
274 265 320 0.034361595297586374
275 113 118 0.00647283494909412
276 344 345 0.0527408468417566
277 271 273 6.301618236645095e-05
278 326 327 0.00014345757699643977
279 130 255 7.45477340766533e-05
280 394 396 0.08819930013354514
281 29 31 0.029509473348439057
282 375 376 0.08962911496139957
283 300 356 0.08254743582971293
284 36 105 0.07384214883950024
285 131 256 0.0343883923704188
286 113 216 0.018744002383655436
287 241 315 0.038956464812292486
288 213 348 0.060585880337054906
289 160 223 0.06785979802925991
290 75 78 0.00020080773028909697
291 220 222 5.204307960281332e-05
292 42 43 0.013043580664938964
293 147 153 0.0003404017911436893
294 70 384 0.047843483844717934
295 96 97 0.04779407580996299
296 208 336 0.00788384579211172
297 51 255 4.026072680234881e-05
298 174 303 0.00025296348128573006
299 37 198 0.018595683302841573
300 143 146 0.07482688255328827
301 47 231 0.002278436986566317
302 171 297 0.059025047773198884
303 198 200 0.0001974714515563352
304 45 53 0.05217873888013744
305 308 355 0.04852512155037744
306 229 333 0.015523692924814966
307 5 385 0.04950421435084661
308 65 114 0.05153187782662131
309 9 233 0.07571448670580727
310 239 240 0.07014391679559016
311 67 68 0.08403664365622858
312 242 386 0.055744963773734515
313 185 186 0.02111351221501406
314 234 298 0.016313982093761677
315 371 382 0.00013714729820478422
316 147 148 0.06360699006031745
317 28 311 0.01389834687090927
318 23 73 0.04128032065267806
319 243 378 0.04975977350518781
320 134 135 0.07686064400287815
321 231 232 0.0001021981930427279
322 141 193 0.06755425016695896
323 268 309 0.07197565655144948
324 260 262 7.192308068582034e-05
325 178 179 0.041706809769895006
326 269 292 0.06947645498787487
327 2 152 0.06565127416365421
328 26 94 0.07418639342277707
329 78 79 0.029626062047871316
330 151 154 0.030418163840062972
331 161 162 0.07530405062862605
332 67 175 0.04308656236295152
333 126 127 0.055417338259735736
334 69 343 0.0146058312913105
335 47 244 0.08365841311552133
336 133 392 0.08730189125319952
337 76 387 3.622783453829777e-05
338 18 63 0.06484207513801708
339 207 208 0.027331578404397
340 110 111 0.05528686907099632
341 227 384 0.03805010469293415
342 367 371 0.09339324059900317
343 71 72 0.0496440328620277
344 90 274 0.00855514329476572
345 168 244 0.07032504853256487
346 378 380 0.03785217139071792
347 50 396 0.062038290839410586
348 191 192 0.040469551470668316
349 24 27 0.062287394509672814
350 102 103 0.0004199532109005151
351 295 296 0.0321167932438372
352 184 185 0.020341729984646933
353 276 299 0.04377217865408934
354 137 252 0.00013408046316272014
355 292 383 0.06338279005258846
356 287 291 0.05213088784363812
357 325 326 0.00016846073641700856
358 143 145 4.224989016338599e-05
359 0 7 0.052514312026553045
360 198 199 0.00020435922205416204
361 211 327 0.03792015553367011
362 355 383 5.8126741841653305e-05
363 160 161 2.5266343406967296e-05
364 91 93 0.023829647222574014
365 190 191 0.07124115043700745
366 119 389 0.07707402226676717
367 122 301 0.049322697854857954
368 243 352 0.07652361339873456
369 162 245 0.05853573677590289
370 15 96 0.056969137894447505
371 3 99 0.10646639404933762
372 247 331 0.04602950789482633
373 274 365 0.028151169114933903
374 277 278 0.08531117586071732
375 98 100 0.014170309785280812
376 174 306 0.00016085878761269246
377 296 357 0.008147530922007975
378 236 330 0.00030081600101585843
379 11 12 0.01217961359718413
380 92 186 0.03386966216980512
381 136 156 0.03323448044238832
382 123 250 0.0247249279155131
383 95 188 0.0388584118833294
384 3 4 0.020565474334692694
385 378 379 0.0077376619289263975
386 5 6 8.309910418908441e-05
387 331 336 0.029816649814628726
388 56 312 0.00010680803431799816
389 284 285 0.055999289970706946
390 119 230 0.07056722713264162
391 137 251 0.00012683429300888792
392 80 83 0.00019178298469948695
393 363 368 0.03616322517707591
394 17 317 0.05441786740920202
395 121 264 0.021772483935904276
396 203 322 0.05227799329405476
397 11 237 0.004738597724135446
398 174 175 0.055793800308436906
399 337 391 0.03675929623800722
400 17 181 0.011112580007107933
401 138 139 0.09864602457962893
402 29 98 0.014616866013979452
403 69 201 0.06588681318404681
404 10 42 0.02979368006511401
405 116 214 0.08150137518206434
406 163 165 0.08581513022013434
407 84 85 0.08025530864150558
408 48 60 0.06133782145292697
409 166 167 0.09014758451133123
410 38 207 0.01017225431179561
411 139 194 0.00026776982400692867
412 150 151 0.08532988836874027
413 251 252 0.00018769373471518906
414 207 324 0.059327304407875016
415 46 373 0.05385390686691711
416 300 304 0.039238857041540606
417 190 295 0.0003283551427666085
418 164 227 0.06944426632315713
419 146 257 0.061897479629683484
420 132 395 0.06539655275059286
421 62 63 0.06588075007747118
422 363 372 0.03918226596295087
423 230 335 8.168248282412623e-06
424 249 348 0.029936152389881843
425 180 181 0.094641661847887
426 142 143 0.0010146545788671428
427 39 176 0.04334986977460999
428 290 314 0.054212331715654906
429 157 258 0.01364916007387213
430 103 273 0.00039074749497565475
431 226 227 0.01986428089268552
432 315 316 0.00024451645068824667
433 18 122 0.017959719012224866
434 89 368 0.03234380508970473
435 258 259 0.011563475408074859
436 352 374 0.0059417436149647685
437 316 317 0.00018887860942260376
438 105 106 0.00030653010946727656
439 109 196 0.026247078306168563
440 353 366 0.00040181273874836547
441 259 260 0.057648705886851184
442 289 290 0.02016928916746852
443 362 384 0.007126480836166844
444 115 120 0.017515008982981157
445 149 150 0.01065014141439693
446 346 347 0.041396172117351165
447 18 19 0.056645842320649856
448 25 75 0.025187284807705056
449 121 247 0.025382902200250624
450 233 234 0.04801120476331389
451 290 291 0.10173378357316289
452 7 38 0.12031158405650201
453 225 248 0.0001540813110529338
454 189 388 0.020419053810563914
455 98 170 0.098843549040811
456 49 369 0.07505326399440032
457 264 265 0.05043537277564876
458 35 152 0.00014051618885539831
459 36 148 0.014289655394339726
460 53 131 0.012556440501766316
461 209 210 0.06601212024754749
462 9 61 0.023273680859678847
463 281 357 0.010705070635871462
464 167 333 0.010230864172942718
465 183 186 9.610741583628607e-05
466 294 377 0.08018303333789026
467 370 374 0.0801783458006025
468 4 107 9.372084597427508e-05
469 109 200 0.016980416818385517
470 362 370 0.03866275380358421
471 54 66 0.07056511877662124
472 241 242 0.09164018584501574
473 55 58 0.04574990718579748
474 238 347 0.055817237566249456
475 116 161 0.07535034144162561
476 65 67 0.047492625290390805
477 187 188 0.03738895450071496
478 95 169 0.06557954465324617
479 38 319 0.010361246762325561
480 112 335 0.0007352600101583601
481 340 372 0.0660605810070098
482 16 195 0.08942237843971187
483 35 147 0.0003196495152562534
484 83 86 0.06988064169934632
485 118 218 0.034558973811441795
486 22 58 0.10359093612499322
487 215 216 0.05465703732726687
488 302 367 0.040758431139698695
489 275 394 0.10442580627072265
490 163 229 0.021132464920869055
491 32 313 0.0018792281567059108
492 190 281 0.031971494814701705
493 310 336 0.06978624278017401
494 338 351 0.041462209520996794
495 282 312 0.0001234225968808407
496 311 313 0.006073824670131206
497 55 62 0.07872978995587544
498 158 202 0.03632233577894123
499 1 398 0.00043466919416423357
500 395 397 4.999838494759299e-05
501 293 295 0.0504085380110752
502 240 351 0.0013255742551682018
503 73 74 0.00014657216146122227
504 96 239 0.0002009666104830096
505 102 271 0.0001623592440188916
506 80 182 0.05543270832658591
507 50 51 8.701703055197548e-05
508 323 325 0.03172159834892472
509 173 398 0.0002580549318134416
510 28 100 0.030011249051196072
511 104 105 5.154794706152747e-05
512 164 185 0.0677636056093647
513 396 397 0.033825668623792514
514 334 349 0.1029912750871242
515 122 353 0.0748054325899836
516 271 272 0.053793736577222744
517 7 8 0.008742202366329369
518 29 30 0.06389725942025451
519 300 302 0.022418211808948978
520 127 139 0.024718568512843313
521 214 215 0.03818526002119753
522 8 56 0.04303689804859877
523 25 77 0.016862941374935936
524 54 298 0.040322804060187664
525 176 201 0.08367061840977566
526 1 172 0.00038952889618034254
527 114 220 0.04911065865877194
528 124 251 0.04057497881046008
529 219 317 0.048722100374517435
530 329 354 0.05672671845650852
531 51 151 0.10808172124522837
532 247 248 0.07379171923911884
533 270 344 0.011651116808864975
534 379 381 0.0293662043255208
535 118 217 0.05450388967080616
536 333 352 0.08842976429298671
537 140 141 0.01434967679272651
538 302 366 0.05714595145988922
539 334 335 0.0538477808764531
540 44 141 0.019246851950514617
541 193 194 0.04576040853161527
542 221 222 0.0002480694581858056
543 213 218 0.0034324917135549115
544 279 280 0.0001230561895077979
545 304 393 0.046782556607863617
546 253 254 0.0036127253576792337
547 209 326 0.05870143386649579
548 311 312 0.05502028300231282
549 354 391 0.02703614370024156
550 47 49 0.007603614853558213
551 340 341 0.03444938070198692
552 76 397 4.93182809594127e-05
553 199 200 0.00020684796642227672
554 144 145 0.0010182549588242304
555 257 260 0.00015852351577484854
556 309 373 0.03714115631151104
557 341 342 0.004557407999104448
558 3 34 0.0002804095760594429
559 134 281 0.0732136738837208
560 387 395 4.0601612203999836e-05
561 97 189 0.09501989940503659
562 92 93 1.0176589254251647e-05
563 278 283 0.08848054945717111
564 188 346 0.05129770447298722
565 248 332 0.0002956173004983763
566 291 318 0.015287671451821246
567 46 193 0.05884928529325851
568 99 101 0.086024455395023
569 261 262 0.03678686026090574
570 297 358 0.019128173087211587
571 354 386 4.3143058482354115e-05
572 52 115 0.02811698405228467
573 337 349 0.016606601613573333
574 82 84 0.05500157839738685
575 205 206 0.02762947587529673
576 101 282 0.0631022333998934
577 130 132 0.02706867105209241
578 266 277 0.017935797235987518
579 224 253 0.00017779464446363816
580 152 153 4.109496544536094e-05
581 61 390 0.04049424275120664
582 231 380 0.049131137040799494
583 360 367 0.05474177254695653
584 182 184 7.924660912848977e-05
585 117 204 0.00017608359530136747
586 322 323 1.9808875898399195e-05
587 44 133 0.016614350826874333
588 106 108 2.29712649209742e-05
589 265 331 8.069311581320276e-05
590 94 376 0.06286223803338123
591 14 15 0.02826877944461872
592 123 245 0.008683602169528442
593 318 348 0.038505078517346955
594 156 253 0.055548784541582436
595 303 307 0.0003298611694592965
596 39 197 0.09899040620968473
597 375 387 0.08698166483035019
598 64 280 9.962983679615211e-05
599 16 180 0.009806273624382793
