1585
0 208 320 0.00027136971779452584
1 64 155 0.038197105745895854
2 204 205 3.790994341629016e-05
3 63 292 0.03175228038734845
4 374 381 0.09275791783891733
5 136 155 0.00012551406289834587
6 21 24 0.015689753977069443
7 221 307 0.00010433604789448011
8 86 394 0.05386717961116219
9 321 322 0.03742268319544834
10 13 57 0.09676657993822063
11 2 191 0.06985264881663539
12 88 90 0.0003183999355888534
13 40 43 0.00962861235586682
14 74 75 0.017412694289218416
15 176 263 0.07901717662608625
16 182 183 0.03384107083040887
17 211 212 0.0012945005276076892
18 235 342 0.04987446151625131
19 99 192 0.06320890287729328
20 298 299 0.015439011761178643
21 343 345 0.04360689088205925
22 224 332 5.9037348829469024e-05
23 25 26 0.08673511544036884
24 8 399 0.028262917550372843
25 19 22 0.05545078513133578
26 23 91 0.09946514334015796
27 201 270 0.04158420789774476
28 213 216 0.028434051198100548
29 50 130 6.997523749769384e-05
30 328 329 0.016169845593213127
31 171 294 0.07799902853230574
32 279 332 0.059678922659259594
33 243 244 0.02465562930815242
34 6 108 0.01369458367047386
35 14 240 0.0003063459266884538
36 338 386 0.05408706638753613
37 297 361 0.03476417384731709
38 356 364 0.0001455356940313986
39 359 360 0.05822678192263783
40 179 246 0.00014188099114137347
41 177 310 0.014269630121000253
42 71 301 0.00016078976128719476
43 339 343 0.0374482408440509
44 274 275 0.061165620022175834
45 17 197 0.0870114849707355
46 305 306 0.00016981536460171346
47 159 321 0.00021402930915877816
48 360 361 0.09482583650185257
49 32 33 0.03526272714170358
50 392 393 0.038974296127617755
51 166 334 0.05409986305661248
52 256 262 0.00019875551290760035
53 110 203 0.0013097202392190976
54 11 124 0.01713145939154051
55 306 307 6.424929676462607e-05
56 33 103 0.06895575674060378
57 110 212 0.00010785172211433848
58 164 165 0.01613433051118117
59 284 314 0.00015348237894964497
60 219 236 0.012180426489153294
61 87 89 0.00010116400200255837
62 187 339 0.018948870268022885
63 68 129 0.016497319800028172
64 296 364 0.07580937517386944
65 195 196 0.01788270043946836
66 0 9 0.04788800180816061
67 45 261 3.5396931768300406e-05
68 111 276 0.07162146951826914
69 356 359 5.652030637119882e-05
70 28 31 0.0003024103658210112
71 224 225 7.784889938956341e-05
72 45 138 0.03640925431285208
73 128 155 0.06703320297385526
74 170 293 0.05315230651110178
75 117 202 4.4368696886398136e-05
76 256 257 0.00011880708052363205
77 30 102 0.034726730715321015
78 14 350 0.0009016655436982688
79 41 43 0.12698168019357403
80 40 137 0.032154625819234305
81 353 383 0.00010312108264307502
82 52 267 0.04708933199624326
83 80 81 0.0723588171640772
84 287 288 0.09151291293649755
85 2 144 0.0622869597187006
86 318 328 0.0657260527823063
87 42 125 0.09004614113117915
88 31 32 0.016047733760875614
89 106 341 0.011781936482426276
90 70 72 0.0449641984144946
91 170 192 0.02403293077100699
92 126 128 0.00010957074651113967
93 157 261 0.027312820208583888
94 233 276 3.8906139425977155e-05
95 6 342 0.0001719015472285134
96 58 59 0.06226353884645198
97 113 209 0.057388501640637024
98 359 377 0.00010711292152722597
99 177 324 0.03906198269258732
100 206 321 0.05739752776874272
101 91 183 0.014636701855323715
102 203 211 0.00011039730676032376
103 22 93 0.06637713243479283
104 37 388 0.08955772864890683
105 268 305 0.050947122054727664
106 87 88 0.0002547891361289116
107 133 135 0.018598357925595298
108 68 128 0.046114868060861174
109 325 327 0.0001387052775784631
110 146 255 0.068058394935941
111 0 1 0.014012602352016734
112 226 370 0.019543026828666262
113 52 288 0.05030452898786311
114 355 366 4.024728340994012e-05
115 228 323 0.01971242758998141
116 77 79 0.009029863137279513
117 65 66 0.11480216389494483
118 125 375 0.042605993575094835
119 221 305 0.0002116625904886785
120 70 92 0.07293794493188341
121 53 125 0.11174837593552157
122 56 283 3.9609460065371155e-05
123 85 275 0.05778479155611025
124 69 219 0.06083097965733639
125 54 204 0.06521165892174342
126 94 95 0.05335066495017557
127 373 392 0.04850571198732935
128 111 390 0.03407586253538048
129 177 178 0.014533279593342774
130 313 399 0.026161733929112262
131 210 230 9.589823547159227e-05
132 362 382 0.09052038376716304
133 16 97 0.023843216779396537
134 13 15 0.11113286603880076
135 349 350 0.03276353686322199
136 33 173 0.02952460041949653
137 13 20 0.11784154411343067
138 222 250 0.04330785100542003
139 293 294 0.037558776226548296
140 153 154 0.05750278722652026
141 142 154 0.06569963742089446
142 156 280 0.008405450491232577
143 350 351 4.9185399009758743e-05
144 225 263 0.0029421694046615487
145 226 229 0.06581982388332851
146 73 81 0.007749750202634996
147 252 254 0.10131948146133117
148 237 238 0.00011223616066554712
149 369 390 0.017108463830397536
150 277 385 0.10414963863015142
151 10 238 0.015166103069609773
152 215 228 0.06727108960822296
153 48 49 8.373512348754228e-05
154 212 389 0.052400733598447595
155 304 308 0.03283294113077925
156 268 269 0.021756661906127565
157 202 205 0.00010625064880486382
158 237 344 0.028503058251241116
159 66 178 0.08402964457026263
160 220 303 0.00022185760094300204
161 357 393 0.10959638621309929
162 27 120 0.0856262660508767
163 10 12 0.000161054657163858
164 117 160 0.08901803407723322
165 87 189 0.13503064286005576
166 138 140 0.00015094475989991672
167 36 372 0.0001491394740201917
168 340 388 0.06603629042137718
169 285 316 0.0001077077341602032
170 129 194 0.024138677578018384
171 181 241 0.03173962736975224
172 166 168 0.06156249683053916
173 59 115 0.10509252516787329
174 150 365 0.031219322723825816
175 278 319 0.06334343538570422
176 100 101 0.02627890038661956
177 308 309 0.05171274906251723
178 232 273 0.05131676951223303
179 114 223 0.045170982754279894
180 142 144 3.6450277698615e-05
181 21 59 0.062090144376992604
182 4 5 0.013957750868043182
183 44 258 0.012817356868129359
184 41 136 0.03279449938942683
185 242 328 0.03779433780978617
186 217 391 0.0691131699187851
187 254 263 0.00017362432468644542
188 369 389 0.04217646997906537
189 246 310 0.037322626549594555
190 26 27 0.026622524782713014
191 358 379 0.019513609599563057
192 76 77 0.12415063153787989
193 12 40 0.025750644453823947
194 112 210 3.6020696782950386e-05
195 361 381 0.02603881496882193
196 112 217 0.06583261341179764
197 364 377 4.392483248868223e-05
198 236 284 0.00033486965587295524
199 250 286 0.04229383759626482
200 84 165 0.06537048359805042
201 30 171 0.0460505619314402
202 19 72 0.01678436528740784
203 79 86 0.04025441382783967
204 82 83 0.04464784217103522
205 116 158 0.03565644816223046
206 214 249 0.08081756600234694
207 55 288 0.14488110269327706
208 246 279 0.04463916451351596
209 180 239 0.05771953205587735
210 330 339 0.043569938693246234
211 119 168 0.03539931720974089
212 264 266 0.08368431427211116
213 199 235 0.07809872697330451
214 206 299 0.06298430894523012
215 135 259 0.01723293572924852
216 285 315 0.00015628017091121903
217 131 132 0.082142556850883
218 34 35 0.08928845862943643
219 60 61 0.022989453995450857
220 120 169 0.04065769226681832
221 104 107 0.0001466450310693166
222 82 184 0.022115698346136217
223 187 289 0.042466195725612256
224 234 324 0.10705900306660425
225 272 358 0.028178695105877533
226 235 385 2.0720091827029064e-06
227 37 195 0.019896378061361335
228 196 197 0.061695754765017194
229 71 382 0.00028095746112679704
230 78 81 0.012655052744342917
231 158 159 0.05061133899640449
232 39 121 0.05522795630843867
233 62 245 0.08889073346754808
234 282 283 4.713921210615824e-05
235 107 108 0.00031170244412269724
236 57 163 0.006851676006872316
237 347 376 0.04247023522029982
238 123 269 0.04942503429802453
239 89 90 0.00022959553549053687
240 41 126 0.045925939597933965
241 172 173 0.00011303027748506269
242 124 270 0.022378512478984144
243 20 85 0.015095359686229487
244 267 289 0.07305100082175374
245 148 149 0.030383673924742508
246 345 346 0.011521608436541994
247 134 145 0.0822120090881679
248 140 157 0.013855444014838654
249 162 286 3.7535967975714746e-05
250 24 74 0.05488561759205025
251 34 104 0.020041177113876246
252 64 179 0.044697697456247694
253 218 329 0.06826209742177312
254 272 380 0.0002238236631528902
255 46 175 0.05944660966950074
256 127 129 1.0887714822658315e-05
257 149 363 8.293119621884335e-05
258 365 368 8.141857882710656e-06
259 159 228 0.024518948406726776
260 21 23 0.040115499963863384
261 109 266 0.07422369961623143
262 57 167 0.027705074637554124
263 223 286 0.011886464319718614
264 337 338 0.00015537209673333125
265 60 172 0.04805669469046182
266 319 320 0.02580975965440436
267 48 232 0.008238126289742034
268 301 371 9.082584362699908e-05
269 20 88 0.08689743855035942
270 169 267 0.00875413147934877
271 314 330 9.109550865155961e-05
272 398 399 0.03683642225235677
273 249 287 0.027042285615272447
274 265 320 0.03426877281052072
275 113 118 0.005815543729673269
276 344 345 0.05359649743993575
277 271 273 8.456094848165207e-05
278 326 327 0.00014357210348642092
279 130 255 0.00012993931612611444
280 394 396 0.08876204381952578
281 29 31 0.02894985630932753
282 375 376 0.09002420540810722
283 300 356 0.08273115392454519
284 36 105 0.0738404530374069
285 131 256 0.033844002234831326
286 113 216 0.01816875495994275
287 241 315 0.03847345776681325
288 213 348 0.061349524508412315
289 160 223 0.06826530296389413
290 75 78 3.834865301468948e-05
291 220 222 6.504023166671911e-05
292 42 43 0.012609159244805735
293 147 153 0.0002566023219485193
294 70 384 0.048169065098519315
295 96 97 0.04793578867693585
296 208 336 0.007957059195325945
297 51 255 4.1631264789012516e-05
298 174 303 0.0002639712525341409
299 37 198 0.01794092599123657
300 143 146 0.07541339444201678
301 47 231 0.0020340160432143566
302 171 297 0.059105964363726685
303 198 200 0.0001501533443200999
304 45 53 0.0522106168366449
305 308 355 0.0484832903608665
306 229 333 0.014960338952833727
307 5 385 0.049876043563732333
308 65 114 0.05137713166603645
309 9 233 0.07672927841282752
310 239 240 0.07001735096490853
311 67 68 0.08453167759822501
312 242 386 0.0549004203249405
313 185 186 0.020776650192248943
314 234 298 0.01582858337100746
315 371 382 0.0002492280142643379
316 147 148 0.06369874261472686
317 28 311 0.013320264218028743
318 23 73 0.040634377724263905
319 243 378 0.04992644193587537
320 134 135 0.07826551465082665
321 231 232 0.00010398590909522034
322 141 193 0.06865389063388581
323 268 309 0.0724495745964752
324 260 262 8.3797222029887e-05
325 178 179 0.04123242795231556
326 269 292 0.07008444602360049
327 2 152 0.06586133068049624
328 26 94 0.07521825041902745
329 78 79 0.029061957441879463
330 151 154 0.029683622965496984
331 161 162 0.07543628693315325
332 67 175 0.04220272984490172
333 126 127 0.05560517799281509
334 69 343 0.013237244409735508
335 47 244 0.0833636513303608
336 133 392 0.08867505356792395
337 76 387 0.00018215143933163192
338 18 63 0.06541293422130774
339 207 208 0.026238346628560134
340 110 111 0.055693003535312126
341 227 384 0.037578186401743395
342 367 371 0.09410192881519744
343 71 72 0.049178929229226225
344 90 274 0.007376434338225157
345 168 244 0.07131547089436195
346 378 380 0.036905089489840275
347 50 396 0.06205852741086392
348 191 192 0.04081581908248763
349 24 27 0.06250140745854997
350 102 103 0.00011179009911560433
351 295 296 0.03140049846203164
352 184 185 0.02012679402430823
353 276 299 0.04348900096319211
354 137 252 0.000133217588266476
355 292 383 0.0632735732332769
356 287 291 0.04989834761821668
357 325 326 0.00016844392173654462
358 143 145 2.10464235867498e-05
359 0 7 0.052170379165376396
360 198 199 0.00017043740308438825
361 211 327 0.03792654702027759
362 355 383 0.00014691955473598227
363 160 161 0.00024133246831206334
364 91 93 0.023751521942759368
365 190 191 0.07142045049762986
366 119 389 0.07710401191579924
367 122 301 0.04916257016704442
368 243 352 0.07693211179968945
369 162 245 0.05793432529258468
370 15 96 0.05659817615047772
371 3 99 0.10796778767772265
372 247 331 0.045803479515571614
373 274 365 0.02843600374873671
374 277 278 0.08611443762497474
375 98 100 0.013550156313837486
376 174 306 0.00015690305319673997
377 296 357 0.007628525507241124
378 236 330 0.00039606772834822006
379 11 12 0.011985249938594969
380 92 186 0.03351738137643221
381 136 156 0.03326829598586905
382 123 250 0.024081176607585724
383 95 188 0.03917545093299314
384 3 4 0.02013679834408327
385 378 379 0.007348134252746583
386 5 6 9.30164755356472e-06
387 331 336 0.029659043496541675
388 56 312 0.00016474882841782947
389 284 285 0.05584144197037049
390 119 230 0.07048194972105745
391 137 251 0.00012682277817768322
392 80 83 0.00016209853924996495
393 363 368 0.03619238770648074
394 17 317 0.05406033359843206
395 121 264 0.021200955096985503
396 203 322 0.0524151370664649
397 11 237 0.004382892391319986
398 174 175 0.05589800727636154
399 337 391 0.03676656425974086
400 17 181 0.010185625659010749
401 138 139 0.09972374159901633
402 29 98 0.013991265997421109
403 69 201 0.0664791145996762
404 10 42 0.028841328426442287
405 116 214 0.08221598824532161
406 163 165 0.08647013482682753
407 84 85 0.0817535030955593
408 48 60 0.06188418914687814
409 166 167 0.09196417543740186
410 38 207 0.010211055109392077
411 139 194 0.00023634566560192197
412 150 151 0.08572449527586413
413 251 252 0.00018789280717949834
414 207 324 0.059572383095870846
415 46 373 0.05401743994911203
416 300 304 0.03897195244888636
417 190 295 3.8832507825057684e-05
418 164 227 0.07005147015177765
419 146 257 0.06244737767154226
420 132 395 0.06520080457761178
421 62 63 0.06550375966584507
422 363 372 0.038883734065596934
423 230 335 0.00018956859164533064
424 249 348 0.028727216043126128
425 180 181 0.09607742533511776
426 142 143 0.00014848866492687173
427 39 176 0.04333549892300731
428 290 314 0.0541315630615623
429 157 258 0.013419334057511488
430 103 273 0.0001588176840746716
431 226 227 0.0192535531456864
432 315 316 0.00024472383958627715
433 18 122 0.016961599281211926
434 89 368 0.031842263823879106
435 258 259 0.011225388792029334
436 352 374 0.004562003734497553
437 316 317 0.00018742129799537835
438 105 106 0.0002136648334664175
439 109 196 0.02546192496729298
440 353 366 0.00016391304112054774
441 259 260 0.05774895290091712
442 289 290 0.020200891881271534
443 362 384 0.005931987099637882
444 115 120 0.016596822834098978
445 149 150 0.010357649855580959
446 346 347 0.04102433266022113
447 18 19 0.056780140268499264
448 25 75 0.024276783810289512
449 121 247 0.024518830106482946
450 233 234 0.04718862358925822
451 290 291 0.10326075901051053
452 7 38 0.1219131973462469
453 225 248 3.9595720202040545e-05
454 189 388 0.020209726611540548
455 98 170 0.09985021630031375
456 49 369 0.07560885295215847
457 264 265 0.04985644684989668
458 35 152 0.00013643673715719166
459 36 148 0.01423276830728471
460 53 131 0.01140151415974324
461 209 210 0.06594003338227644
462 9 61 0.02240037204128641
463 281 357 0.010451813303548494
464 167 333 0.009464092969205437
465 183 186 0.0002317251268536676
466 294 377 0.0798108737569214
467 370 374 0.08148231674443837
468 4 107 0.00015203173299741023
469 109 200 0.016274167358797536
470 362 370 0.038560566239935486
471 54 66 0.07116097939335099
472 241 242 0.09361075491491198
473 55 58 0.04530173373379443
474 238 347 0.05620520869673412
475 116 161 0.07598378987452459
476 65 67 0.04724561084489875
477 187 188 0.037272782027476664
478 95 169 0.06585187598269333
479 38 319 0.009238237861102873
480 112 335 0.00020358443062012393
481 340 372 0.06541829516208757
482 16 195 0.09045767785590189
483 35 147 0.0001231926287767763
484 83 86 0.06977781584298177
485 118 218 0.03378637787037118
486 22 58 0.10390089169242882
487 215 216 0.05559693579870135
488 302 367 0.04017108112555028
489 275 394 0.1052480673662731
490 163 229 0.020274279813275623
491 32 313 0.0012748531406125523
492 190 281 0.03101009309321728
493 310 336 0.06984134390953667
494 338 351 0.041545486031556146
495 282 312 0.00016428139402764532
496 311 313 0.0059055887688894085
497 55 62 0.08042230280670429
498 158 202 0.03597723615628968
499 1 398 0.00010803674988834531
500 395 397 0.00021945667304122316
501 293 295 0.05041904067558255
502 240 351 0.000883907970866403
503 73 74 6.581932332227797e-05
504 96 239 9.532695597960406e-05
505 102 271 0.00017119091115319068
506 80 182 0.054942588234448135
507 50 51 0.00013415910580042855
508 323 325 0.03164148524187997
509 173 398 2.0299761298335323e-05
510 28 100 0.029393068166838867
511 104 105 6.863467110059622e-05
512 164 185 0.06812400311397841
513 396 397 0.032932625676921255
514 334 349 0.10330949777935222
515 122 353 0.07519402900708214
516 271 272 0.05386345356642758
517 7 8 0.008257517563262545
518 29 30 0.06479034112205778
519 300 302 0.02241083346524822
520 127 139 0.024136543119362155
521 214 215 0.03665644623553349
522 8 56 0.04259384022232512
523 25 77 0.016580242217945212
524 54 298 0.04029042224024245
525 176 201 0.08488208525975714
526 1 172 4.885120521022072e-05
527 114 220 0.04823010819975357
528 124 251 0.04028390453059576
529 219 317 0.049200724554856745
530 329 354 0.056280928584594596
531 51 151 0.10871872596516427
532 247 248 0.07441274345494496
533 270 344 0.010196496628002304
534 379 381 0.028847807059724166
535 118 217 0.054663706057038054
536 333 352 0.08925525779566933
537 140 141 0.013398638252672181
538 302 366 0.0570121091681241
539 334 335 0.05318742163687601
540 44 141 0.01879545481473455
541 193 194 0.04570719469991937
542 221 222 0.00025049411072288564
543 213 218 0.00281453602764825
544 279 280 0.00012428948943413865
545 304 393 0.046881197602938816
546 253 254 0.0029218139768317944
547 209 326 0.05925800900329494
548 311 312 0.05437388502843731
549 354 391 0.026451373403466094
550 47 49 0.007183323919204393
551 340 341 0.03405720244430201
552 76 397 0.00012859553134618026
553 199 200 0.00017938268736569917
554 144 145 0.00017879504650983059
555 257 260 5.528545507498657e-05
556 309 373 0.037117446156510185
557 341 342 0.0041036607134074836
558 3 34 0.00026748422224865423
559 134 281 0.07383177764286672
560 387 395 0.00022238875409798874
561 97 189 0.09565932659274975
562 92 93 0.0003058154951174808
563 278 283 0.08931843838818403
564 188 346 0.051440609854528016
565 248 332 3.606010499685181e-05
566 291 318 0.015601588250951547
567 46 193 0.058993673164162416
568 99 101 0.08650009471015088
569 261 262 0.03625373420922224
570 297 358 0.018986592041067153
571 354 386 0.00015033325672923626
572 52 115 0.02727694424445738
573 337 349 0.016189101104374295
574 82 84 0.05484503169250289
575 205 206 0.027381722297952212
576 101 282 0.06256184798377849
577 130 132 0.026363022990792826
578 266 277 0.017319663476999297
579 224 253 7.329304213899377e-05
580 152 153 4.397363104067411e-05
581 61 390 0.04084296798290001
582 231 380 0.04950325272126304
583 360 367 0.05526271735422871
584 182 184 0.0002267429019061849
585 117 204 0.0001161296543086063
586 322 323 5.5133197569646944e-05
587 44 133 0.01646411204596666
588 106 108 0.00025480022060614415
589 265 331 9.241012088518946e-05
590 94 376 0.06294073363921376
591 14 15 0.028237771609569542
592 123 245 0.007716636504142047
593 318 348 0.037231027784606414
594 156 253 0.055636503587532846
595 303 307 0.00038230627080545587
596 39 197 0.09960379931623817
597 375 387 0.0875452120691458
598 64 280 9.967718001772034e-05
599 16 180 0.009629681225332535
