1607
0 208 320 0.00014696583015876477
1 64 155 0.038064237272201075
2 204 205 0.00035647041895765135
3 63 292 0.03129390027726891
4 374 381 0.0933783541816931
5 136 155 3.443822547517967e-05
6 21 24 0.015105849866728499
7 221 307 0.00013582255976375555
8 86 394 0.05417650788526141
9 321 322 0.03715487377582699
10 13 57 0.09742423389278036
11 2 191 0.07018914325005951
12 88 90 6.562333868484817e-05
13 40 43 0.009350523915646523
14 74 75 0.0171027865617425
15 176 263 0.07889330717342026
16 182 183 0.0336023383571169
17 211 212 0.0009067363101880693
18 235 342 0.05011138935814796
19 99 192 0.06295220817248032
20 298 299 0.01483489483233449
21 343 345 0.04388116313435877
22 224 332 0.0002577705021728014
23 25 26 0.08692112577729952
24 8 399 0.027911359677753825
25 19 22 0.055816558208133187
26 23 91 0.10001328330096892
27 201 270 0.041702239682268195
28 213 216 0.0278125203364547
29 50 130 0.00019042904308003112
30 328 329 0.015654992117079457
31 171 294 0.07842295114623317
32 279 332 0.05955153628538913
33 243 244 0.0246601538611216
34 6 108 0.013061791661004872
35 14 240 0.00025600407237053984
36 338 386 0.05394913118499166
37 297 361 0.03389255563061099
38 356 364 0.00012122159436864062
39 359 360 0.05776414634764474
40 179 246 0.0001809862590947606
41 177 310 0.013876421561222776
42 71 301 0.00020239932934975854
43 339 343 0.03722733484452268
44 274 275 0.06125055729203961
45 17 197 0.0875404931261612
46 305 306 0.00040270584716523537
47 159 321 0.0001682721346675161
48 360 361 0.0958215684957959
49 32 33 0.03542311377384367
50 392 393 0.039053266794602914
51 166 334 0.05432212803675013
52 256 262 0.0001866237308064072
53 110 203 0.00088688085916322
54 11 124 0.016262945259150705
55 306 307 0.00014072952032808154
56 33 103 0.06905976942199712
57 110 212 0.00022854722646982331
58 164 165 0.015622386516923902
59 284 314 0.00029198714109186503
60 219 236 0.011632507893955646
61 87 89 5.744986291827087e-05
62 187 339 0.01911799390901855
63 68 129 0.016328833578569634
64 296 364 0.07588877532881791
65 195 196 0.01741079219739977
66 0 9 0.048204981432065745
67 45 261 5.1522860103964924e-05
68 111 276 0.07156055730613216
69 356 359 5.63964856562321e-05
70 28 31 8.567832096180577e-05
71 224 225 0.00030054108049934453
72 45 138 0.036073761587678645
73 128 155 0.06721190839963224
74 170 293 0.05350396861201343
75 117 202 0.0001372568496783163
76 256 257 8.313206999943408e-05
77 30 102 0.03458915610391437
78 14 350 0.0006192255357350437
79 41 43 0.12754811932842627
80 40 137 0.03150140455382442
81 353 383 0.0001084598293398558
82 52 267 0.04646230758211009
83 80 81 0.07248888660090301
84 287 288 0.09268131764230883
85 2 144 0.061878561616867465
86 318 328 0.0662210559792757
87 42 125 0.09090228739671165
88 31 32 0.015874366603304293
89 106 341 0.011029292103945187
90 70 72 0.045098345325819675
91 170 192 0.023638929925439995
92 126 128 7.932461752588399e-05
93 157 261 0.027241982347834245
94 233 276 0.00013245883978844393
95 6 342 0.00014742174959013094
96 58 59 0.06247333173625224
97 113 209 0.05766216144456502
98 359 377 0.00017686601193880357
99 177 324 0.0390438183888404
100 206 321 0.0574499037422818
101 91 183 0.014427394873910322
102 203 211 0.0001784363656722843
103 22 93 0.06647281358581615
104 37 388 0.08946807623168648
105 268 305 0.05074322608207663
106 87 88 0.00011590267913647242
107 133 135 0.017611612765335086
108 68 128 0.046286388956842395
109 325 327 0.0001384875305724579
110 146 255 0.06778875529772992
111 0 1 0.013355012119301471
112 226 370 0.01874460658006683
113 52 288 0.050442795153533136
114 355 366 0.0002568687798922503
115 228 323 0.01964962642078018
116 77 79 0.008594648900184165
117 65 66 0.1153706590537527
118 125 375 0.04188846633115209
119 221 305 0.0003958123569954102
120 70 92 0.07325013745268263
121 53 125 0.11266634031542773
122 56 283 1.9984474485129468e-05
123 85 275 0.05702367203846191
124 69 219 0.06085304029466845
125 54 204 0.06492294999749906
126 94 95 0.05293651830179741
127 373 392 0.04840567331816559
128 111 390 0.03413366266548524
129 177 178 0.014165560898833142
130 313 399 0.02634389271402433
131 210 230 0.00018851938541421953
132 362 382 0.0909708944459251
133 16 97 0.023156075918271183
134 13 15 0.11169910557370145
135 349 350 0.03293589387825119
136 33 173 0.029230352814999753
137 13 20 0.11819587702755106
138 222 250 0.04306918544357187
139 293 294 0.03757632989253078
140 153 154 0.05727197697574785
141 142 154 0.0657571286429054
142 156 280 0.00815075931928419
143 350 351 0.0001428085283259347
144 225 263 0.002520355131502392
145 226 229 0.06624048521259836
146 73 81 0.007641814239596723
147 252 254 0.1020985923954404
148 237 238 0.00018526662622699649
149 369 390 0.016931485647642762
150 277 385 0.1042689259228428
151 10 238 0.014865824185250147
152 215 228 0.0674113898687483
153 48 49 0.00011268254756194677
154 212 389 0.05233072455321138
155 304 308 0.03265754733989275
156 268 269 0.021368248000391544
157 202 205 0.0001914924252095418
158 237 344 0.028044018477568062
159 66 178 0.08467450848227305
160 220 303 0.00019677061891077186
161 357 393 0.10994141332066876
162 27 120 0.08587357475460433
163 10 12 2.0674256550847046e-05
164 117 160 0.08924366512555997
165 87 189 0.13532267299011771
166 138 140 5.583057464657265e-05
167 36 372 0.00023601341155084018
168 340 388 0.06646399513415545
169 285 316 0.00010696234518131381
170 129 194 0.023766975731574533
171 181 241 0.03140697442962691
172 166 168 0.06100782731541237
173 59 115 0.10503817359018874
174 150 365 0.03133897964822843
175 278 319 0.06327221235509817
176 100 101 0.025906295680325632
177 308 309 0.0518453871005419
178 232 273 0.05112192162315431
179 114 223 0.045118429911310945
180 142 144 0.00026012157181702845
181 21 59 0.06253358150595956
182 4 5 0.013335409768451864
183 44 258 0.011910151821359224
184 41 136 0.03265850343210993
185 242 328 0.03717203975376974
186 217 391 0.06918909230477702
187 254 263 0.000228882341689305
188 369 389 0.04249059383049153
189 246 310 0.037194945904513485
190 26 27 0.025960706973225983
191 358 379 0.01874841593732745
192 76 77 0.12507499417466011
193 12 40 0.025327115430975124
194 112 210 0.00012579001037576841
195 361 381 0.02550982939607828
196 112 217 0.06573635539660419
197 364 377 6.421366449691316e-05
198 236 284 1.1628443445068488e-05
199 250 286 0.04212740401997085
200 84 165 0.06521296482780914
201 30 171 0.0460597017365095
202 19 72 0.016372361469240385
203 79 86 0.04019377271385831
204 82 83 0.044466510741350385
205 116 158 0.03504408968343826
206 214 249 0.08150894437277632
207 55 288 0.14468268896172523
208 246 279 0.044687877501743946
209 180 239 0.05734408443147905
210 330 339 0.04325416853308364
211 119 168 0.03542019440391158
212 264 266 0.08438524181760604
213 199 235 0.07843038466806262
214 206 299 0.06317536216006024
215 135 259 0.01679162751701843
216 285 315 0.00015668604163076268
217 131 132 0.08256431802476938
218 34 35 0.08973983814941265
219 60 61 0.022850713390347045
220 120 169 0.04051997352315148
221 104 107 0.0002457384740452951
222 82 184 0.021803735336359993
223 187 289 0.04202885824914109
224 234 324 0.10817935338766324
225 272 358 0.028013696849864027
226 235 385 6.311502402988634e-05
227 37 195 0.01952960367612937
228 196 197 0.062250168003208796
229 71 382 0.00019857915452711674
230 78 81 0.012465920094056764
231 158 159 0.050686987697266955
232 39 121 0.055483519258448855
233 62 245 0.08928183770033624
234 282 283 9.32834315382671e-05
235 107 108 7.866007604191611e-05
236 57 163 0.006486594599351548
237 347 376 0.04258481046161561
238 123 269 0.049422907142907396
239 89 90 7.927717658582751e-05
240 41 126 0.046073276217199866
241 172 173 0.00021206497714437207
242 124 270 0.022175149095469818
243 20 85 0.014628221853999514
244 267 289 0.0736660170777238
245 148 149 0.03019871327408083
246 345 346 0.011209346012129856
247 134 145 0.08214730391690542
248 140 157 0.013343906493232421
249 162 286 7.708721637711489e-05
250 24 74 0.054457986649350844
251 34 104 0.01969831359326225
252 64 179 0.04475672274723246
253 218 329 0.06854333949191242
254 272 380 0.00017667055091637
255 46 175 0.059594233229482485
256 127 129 0.00015730545681640415
257 149 363 1.0378924324262073e-05
258 365 368 0.0002449124196744929
259 159 228 0.024295054986980945
260 21 23 0.03955877949734122
261 109 266 0.07461849475250355
262 57 167 0.02705066139779207
263 223 286 0.011425290242727903
264 337 338 8.37568011513003e-05
265 60 172 0.047988619224937364
266 319 320 0.02564727324767573
267 48 232 0.007875005913517887
268 301 371 0.00017991364931073465
269 20 88 0.08707265888919813
270 169 267 0.008038498544684145
271 314 330 0.00040499375441895876
272 398 399 0.036617966404554336
273 249 287 0.027121078462068945
274 265 320 0.034243227799102466
275 113 118 0.005391999996652604
276 344 345 0.05414899016075481
277 271 273 0.00020426335055102808
278 326 327 0.00014335618002723382
279 130 255 0.00022181709547675432
280 394 396 0.08912247959892557
281 29 31 0.028683237105174945
282 375 376 0.09027903336337612
283 300 356 0.08289047238620798
284 36 105 0.07369187006704903
285 131 256 0.033615033665774806
286 113 216 0.01779141409509903
287 241 315 0.03816338499815009
288 213 348 0.06184257933418401
289 160 223 0.06856859094305084
290 75 78 0.00011386212641509165
291 220 222 0.00015005548591072318
292 42 43 0.01233441474254567
293 147 153 0.00028600000938002607
294 70 384 0.04837817085560195
295 96 97 0.0480207815877418
296 208 336 0.008033575768264415
297 51 255 0.0001269802238412828
298 174 303 0.00027766229951029664
299 37 198 0.01756628448994273
300 143 146 0.0756688833205854
301 47 231 0.0018797706299760733
302 171 297 0.05915169845211655
303 198 200 0.00016634551464042428
304 45 53 0.05220455412395715
305 308 355 0.04842425117977152
306 229 333 0.014595292701748757
307 5 385 0.05014558676868286
308 65 114 0.05127841436918214
309 9 233 0.07735912389009779
310 239 240 0.06998852959567546
311 67 68 0.08484414920599817
312 242 386 0.05437336572502952
313 185 186 0.020584833580652082
314 234 298 0.015533470830042972
315 371 382 0.00016635556911428679
316 147 148 0.06368750991843782
317 28 311 0.013011632909883601
318 23 73 0.04010359078489883
319 243 378 0.0500175276056629
320 134 135 0.07917217278451691
321 231 232 0.00010104668030799788
322 141 193 0.06937545441376945
323 268 309 0.07275256412924824
324 260 262 0.00028463579919204863
325 178 179 0.04091646073702309
326 269 292 0.0704772305067718
327 2 152 0.06606061314171548
328 26 94 0.0758855792036453
329 78 79 0.0286660855233001
330 151 154 0.02921203563466741
331 161 162 0.07552573165600009
332 67 175 0.041635510122926586
333 126 127 0.05569330396349642
334 69 343 0.012358314499905706
335 47 244 0.08317046373256529
336 133 392 0.0895625293071524
337 76 387 4.899034241299674e-05
338 18 63 0.06578372538575163
339 207 208 0.025554271766606747
340 110 111 0.05593629736339515
341 227 384 0.037272580107295804
342 367 371 0.09440549571146155
343 71 72 0.04869948129765895
344 90 274 0.00680224827884847
345 168 244 0.07195189108331296
346 378 380 0.036301366517537244
347 50 396 0.06206456098005506
348 191 192 0.04104251121273198
349 24 27 0.06262936172308532
350 102 103 0.00035362288174169604
351 295 296 0.030876989320805993
352 184 185 0.020000135460264166
353 276 299 0.04328123832928268
354 137 252 0.0001329441280006226
355 292 383 0.0631698596321735
356 287 291 0.04846063873294
357 325 326 0.0001677012397401605
358 143 145 0.00013730890053681831
359 0 7 0.05194185436963956
360 198 199 0.000183300997143292
361 211 327 0.037852825778220106
362 355 383 0.0001731449928170222
363 160 161 0.0001438219533299648
364 91 93 0.023738567934474788
365 190 191 0.07142770458331431
366 119 389 0.0771219558713836
367 122 301 0.048847560790182605
368 243 352 0.07719778384730935
369 162 245 0.057554894503987826
370 15 96 0.05637143898297618
371 3 99 0.10891858636138967
372 247 331 0.04564373686937615
373 274 365 0.028555715119708707
374 277 278 0.08661741949305851
375 98 100 0.013165958166820282
376 174 306 0.00014125412825807647
377 296 357 0.007297597662174044
378 236 330 0.00024767836248422106
379 11 12 0.01189385759250216
380 92 186 0.03336296493452896
381 136 156 0.03329354539871265
382 123 250 0.023684442344574157
383 95 188 0.039379498878802946
384 3 4 0.019746408449756718
385 378 379 0.007119163270473655
386 5 6 7.314210392054064e-05
387 331 336 0.029560138784812964
388 56 312 6.403675279545306e-05
389 284 285 0.055706558779158075
390 119 230 0.07025846205529677
391 137 251 0.00012693222504284047
392 80 83 0.00016088175726783409
393 363 368 0.03620743774840057
394 17 317 0.05382883113169408
395 121 264 0.020850080261821776
396 203 322 0.052402689548603096
397 11 237 0.004131800167484147
398 174 175 0.05600550867885458
399 337 391 0.03677580419085044
400 17 181 0.009606010019558088
401 138 139 0.10039683127592747
402 29 98 0.013604115920834586
403 69 201 0.06686231970776697
404 10 42 0.02825759086352942
405 116 214 0.08266661884513984
406 163 165 0.08689607436409286
407 84 85 0.08272147135456202
408 48 60 0.06219909445186482
409 166 167 0.09313560575914386
410 38 207 0.010253544903979367
411 139 194 1.1676650911597943e-05
412 150 151 0.08597509808043796
413 251 252 0.0001883137854435141
414 207 324 0.05971663326142768
415 46 373 0.05412809673322844
416 300 304 0.0388041488291334
417 190 295 0.00025923908229504163
418 164 227 0.07043994317358043
419 146 257 0.06275772210427268
420 132 395 0.06521607613827854
421 62 63 0.06525902036998889
422 363 372 0.038696352374639316
423 230 335 9.629789638877311e-05
424 249 348 0.027943445364652368
425 180 181 0.096987293842471
426 142 143 0.00014308743165806803
427 39 176 0.043322856651015505
428 290 314 0.05405695445299319
429 157 258 0.013255412020300325
430 103 273 0.0004684486637981754
431 226 227 0.018862556308371265
432 315 316 0.0002452113754966276
433 18 122 0.016318566453087508
434 89 368 0.031527148231487584
435 258 259 0.011000472487606897
436 352 374 0.0036737725699056037
437 316 317 0.0001863710776115264
438 105 106 0.00042998008043025225
439 109 196 0.024956422775788783
440 353 366 0.00026625567772208897
441 259 260 0.05776646329626666
442 289 290 0.02022177829802636
443 362 384 0.00516001957207771
444 115 120 0.01600281805765809
445 149 150 0.010186263632589091
446 346 347 0.04078768246408164
447 18 19 0.056862962260772094
448 25 75 0.023651120671721166
449 121 247 0.02396907882171605
450 233 234 0.04664541440080274
451 290 291 0.1042426452880916
452 7 38 0.1229428398844121
453 225 248 9.362729079802387e-05
454 189 388 0.020075253045790224
455 98 170 0.10049370311957515
456 49 369 0.0759313625795267
457 264 265 0.049470517262960666
458 35 152 3.359621584716896e-05
459 36 148 0.01419569411925338
460 53 131 0.010671592140912407
461 209 210 0.0656848245133081
462 9 61 0.021839251422674184
463 281 357 0.01029523042546747
464 167 333 0.008970192421708663
465 183 186 0.00011715051428270036
466 294 377 0.07948516781316538
467 370 374 0.08232584888013757
468 4 107 0.00020563917051658826
469 109 200 0.015888796210934246
470 362 370 0.038488281336019545
471 54 66 0.07154679137749234
472 241 242 0.09486350831814978
473 55 58 0.045009011629693535
474 238 347 0.05643350114934979
475 116 161 0.07643834799797676
476 65 67 0.04708043138608346
477 187 188 0.03719290527352778
478 95 169 0.06602725794027858
479 38 319 0.008521288591645677
480 112 335 0.00014640947919398063
481 340 372 0.06501133331769948
482 16 195 0.091123164278981
483 35 147 0.00019939024625528916
484 83 86 0.06970511917154208
485 118 218 0.0332853224680551
486 22 58 0.10409926965091379
487 215 216 0.05620532372964634
488 302 367 0.03979557800287713
489 275 394 0.10577176944735626
490 163 229 0.019719654111697
491 32 313 0.0009086395174823077
492 190 281 0.03035196345542975
493 310 336 0.06986685062707969
494 338 351 0.04157567986430315
495 282 312 0.00014761641422468552
496 311 313 0.0058160563808310195
497 55 62 0.0815173605684028
498 158 202 0.035685790719354675
499 1 398 0.00018845817725995928
500 395 397 0.00021826847564146017
501 293 295 0.05031403899751631
502 240 351 0.00062794349456622
503 73 74 0.00015725995843545362
504 96 239 6.999658154292842e-05
505 102 271 8.47306419875357e-05
506 80 182 0.054653134303214085
507 50 51 0.000149959902853365
508 323 325 0.031531587391679265
509 173 398 4.2956937195224076e-05
510 28 100 0.02909627433996782
511 104 105 0.00033395598583122035
512 164 185 0.0683516888746505
513 396 397 0.03253356538823158
514 334 349 0.10350960019693431
515 122 353 0.07536408395934659
516 271 272 0.05403388757717777
517 7 8 0.007939798444738072
518 29 30 0.06535694201419766
519 300 302 0.022402923631207758
520 127 139 0.023762356529699224
521 214 215 0.03567504317385609
522 8 56 0.0421931597766141
523 25 77 0.016406361069714014
524 54 298 0.04027195156218436
525 176 201 0.0856616869115482
526 1 172 8.659329559625814e-05
527 114 220 0.04764275102652069
528 124 251 0.040087470442804266
529 219 317 0.04951466988172748
530 329 354 0.05602039623003649
531 51 151 0.10912362135023002
532 247 248 0.07466980992756245
533 270 344 0.009260218599006746
534 379 381 0.02850454012411865
535 118 217 0.0547652143393437
536 333 352 0.08978763055220976
537 140 141 0.012723110153105682
538 302 366 0.056757982922807045
539 334 335 0.052752845053815625
540 44 141 0.018497842233221085
541 193 194 0.0457106428394425
542 221 222 0.0002717057066118984
543 213 218 0.002417245294457055
544 279 280 0.00012523981665047603
545 304 393 0.046939996613881735
546 253 254 0.0025110943208307424
547 209 326 0.059616861817581024
548 311 312 0.05414927605819564
549 354 391 0.02611124519894232
550 47 49 0.006907276132174154
551 340 341 0.03380601073923315
552 76 397 8.699057148893527e-05
553 199 200 0.00018301423127937007
554 144 145 0.00023512522146205874
555 257 260 0.0002087440397590863
556 309 373 0.03710193001519134
557 341 342 0.003911684252358647
558 3 34 0.0002940047490113919
559 134 281 0.07422658817064816
560 387 395 0.00014635671930437677
561 97 189 0.0960675909842359
562 92 93 0.0001195218200827134
563 278 283 0.08988507295396556
564 188 346 0.051534298329608694
565 248 332 8.134772518977897e-05
566 291 318 0.015802834651685135
567 46 193 0.05908472410431647
568 99 101 0.08680253996841747
569 261 262 0.035897954277729786
570 297 358 0.01888483855982886
571 354 386 9.539122500537967e-05
572 52 115 0.026732741914132333
573 337 349 0.015923513741594317
574 82 84 0.05473847150614489
575 205 206 0.026985334536684984
576 101 282 0.062052951844850004
577 130 132 0.025880870587632925
578 266 277 0.01692130353862761
579 224 253 0.00012559551980161808
580 152 153 0.0001757313805317161
581 61 390 0.041071516319938835
582 231 380 0.04975756398970435
583 360 367 0.05559947680414622
584 182 184 0.0002224056752411511
585 117 204 0.0001784870042912558
586 322 323 0.00020913949075159624
587 44 133 0.01636332699984027
588 106 108 0.00012125243839157647
589 265 331 5.0733227423601175e-05
590 94 376 0.06299783317525973
591 14 15 0.02827390163922082
592 123 245 0.007115915723966309
593 318 348 0.03641323165732061
594 156 253 0.05551150075610864
595 303 307 0.000314423581829974
596 39 197 0.10000034224823809
597 375 387 0.08812880606159165
598 64 280 0.0001000489047687732
599 16 180 0.009534304924254774
