0 1.5700924586837751e-15 -0.7071067811865475 0.7071067811865476
1 0.03765650087621931 0.9991902447018965 0.0402349958688226
2 0.003574043434358342 -0.9990323213067225 0.043982052981889355
3 0.03140943377000023 -0.05479746990887563 0.9984974898774588
4 0.09315182570446798 0.09439544150310104 0.9955347812223512
5 1.6626487942454438e-06 -0.07860615970989131 -0.9969057486320676
6 0.015063238705005115 -0.23273883273385648 -0.9725392720798899
7 0.007691315685644211 -0.8226748850128992 -0.5685121226227396
8 0.05293373556527036 0.47913093061831197 -0.8777434427694862
9 0.04391849352964773 -0.9140762012368207 -0.4055424741410737
10 0.09779484610457863 -0.3622418750271751 0.9320841292376973
11 0.07050660053557375 0.3537103944086356 -0.9353549897698132
12 0.02977758665445293 -0.6788960186212663 -0.7342344284356279
13 0.011115271378982425 0.6911004233396776 -0.7227587459586486
14 0.021058655962421367 0.021454275826298004 -0.9997698305353934
15 0.07109606436143119 0.42078314018076046 -0.9071612585089922
16 0.038941476522215135 -0.3684662827735827 0.9296411127198594
17 0.017321089721765107 -0.7756409905431993 0.631174345002365
18 0.05326849260167438 -0.9986753525906392 -0.05145425276847813
19 0.0632872873224422 -0.8318178689435572 -0.5550486761593068
20 0.014818436120332595 -0.475333039874148 -0.8798059451970086
21 0.0437297373492118 0.8865572067284152 -0.46261897842383215
22 0.003783361482100844 -0.897012952631505 -0.4420042565533835
23 0.08716078925210138 -0.9884189809175236 0.15174952442088283
24 0.028366369330014157 -0.781978249618069 -0.623305717224109
25 0.05441140516791117 -0.42506835260676246 -0.9051612539278143
26 0.10070247902481584 0.8108228276285933 0.5852916727550227
27 0.043279368728389105 0.9883083139918741 -0.1524686082265429
28 0.02801335640099562 -0.30985340129054395 0.9507843444802198
29 1.2580975941132393e-10 -0.5699141050642178 -0.8217042733543812
30 0.015081294751522551 -0.6852259189663742 0.728330584265612
31 0.07893890692365631 -0.8122616060899226 0.5832933080982667
32 0.05715981514960627 -0.287052365615687 0.957914891519303
33 0.02477792173577696 0.9984893616586675 -0.05494537882721951
34 0.015040809903867034 -0.9683251359100221 -0.24969267343043386
35 7.696791682650819e-09 -0.34463345888070906 -0.9387373322819961
36 0.055743851819030764 0.9997713918951996 -0.02138139256305097
37 0.03456391851415137 -0.8001343842707183 -0.5998207791563398
38 0.01799261925526466 0.41084702154375896 0.9117042968466377
39 0.050578561060397834 0.20740257384404964 -0.9782556784209655
40 0.0 0.0 0.0
41 0.011619275151800508 0.06677535809210619 0.9977680349418251
42 0.0047381600296615015 -0.31166052964457475 0.950193514112606
43 0.03900676183840802 0.10368183225103436 -0.9946105155592657
44 0.05969771973163309 -0.6942016337740223 0.7197805857797764
45 0.08900118422631241 -0.22943813320379494 -0.9733232469390412
46 0.0030392832830468627 -0.49897453650210744 0.8666166464605368
47 6.206335383118183e-17 -0.4472135954999579 -0.8944271909999159
48 0.09766455838893169 0.9643859969324774 -0.26449886374151366
49 0.03635114117910503 -0.001097301416751332 -0.9999993979646192
50 0.03881768586748598 0.8957400514597346 -0.4445781823379462
51 0.05219409533851774 0.8905240300978382 -0.4549362063172203
52 0.0075776686313778945 -0.4443795876534754 -0.8958385915313802
53 0.017321089656088882 0.775641014046334 -0.6311743161197029
54 0.01866942265252901 -0.9394252690926873 -0.34275379471295725
55 0.008881250167639623 -0.7775615246144315 -0.6288068665649899
56 0.06100590269299701 -0.8595305198139633 -0.5110844211168425
57 1.322686939797687e-12 0.743471500680385 -0.6687676185911339
58 0.015581334573426399 0.7861622202104298 -0.6180201966876226
59 0.003508590072760309 0.9223153943114563 0.3864379813321965
60 0.01270645763445947 0.487381620240156 0.8731890724534294
61 0.029777586679823536 -0.6788960192978266 -0.7342344278100592
62 0.01727752492716511 -0.7671826312715367 -0.6414287257952214
63 0.011286212620257002 0.9215060797524494 0.38836393367468147
64 0.06915757010330525 0.15013848252258488 -0.988664976655801
65 0.01692336639758296 0.8143112845369851 -0.580428403746513
66 0.04467437162361872 0.527933550461524 -0.8492856800259201
67 1.5700924586837752e-16 0.7071067811865476 -0.7071067811865476
68 0.07262013356509991 0.6904324331052749 0.7233968864436244
69 1.8129299506306032e-14 0.9063395283826002 -0.4225501855297258
70 2.356196342201257e-12 0.933951478361797 -0.3573998266169331
71 0.0040333567431243686 -0.7876862959724623 0.616076536752685
72 0.03652060478612683 -0.35029484580609516 -0.9366394829397723
73 0.06304787017153907 -0.9092060507719405 0.41634643896602685
74 0.0492691652684032 -0.8006280639772896 -0.5991616669747634
75 0.003634627242181504 -0.00887020810440124 -0.9999606589302324
76 8.042237552133092e-12 0.6819069465293093 -0.7314389354382728
77 0.02476460317205 0.6186122340667226 -0.7856964451128555
78 0.007408711187494843 0.5137687998098605 0.8579286802187788
79 0.13465594684678295 0.22059659475642981 0.9753651328512146
80 0.024052107623148727 -0.9995415979386489 0.030275303305700472
81 0.0026367849032519377 -0.7946440598060459 -0.6070756280851384
82 0.046610152815803434 -0.3222801339481098 -0.9466443446524088
83 0.07126656998921009 -0.9940541830763698 -0.10888655154963335
84 0.09234433356212535 0.9938222523107891 -0.11098347089504028
85 0.058425777260673245 -0.9890029866013277 0.14789554588848894
86 0.0663731509171937 -0.9505469350978457 -0.3105809462540996
87 0.08477896039129829 0.9999851983434414 0.005440872542906467
88 0.015150347793077362 0.8523309710622714 -0.5230027875337239
89 0.010715084523077038 0.7243539263434497 0.6894283062007449
90 0.04226143836183146 -0.5889924749180444 0.808138518132824
91 0.02280433077687139 -0.15205841465616335 0.9883715083571836
92 4.409383818179018e-07 -0.6004753759439376 -0.7996432472577923
93 0.02809201433924285 0.007198643125746164 0.9999740894328953
94 1.5700924586837752e-16 -0.7071067811865475 -0.7071067811865476
95 0.0017419044052849704 -0.81355685685127 0.5814853744250859
96 0.06246070096118296 -0.2794929472094296 -0.9601477451206075
97 0.05556063521400926 -0.6921786974866571 0.7217261604969539
98 0.017992617830201344 0.41084701844730576 0.9117042982420118
99 0.039518629276025376 -0.9046786138552275 -0.4260945970473975
100 0.0553895696774361 -0.39918316003619325 -0.916871204010421
101 0.016258222693383523 0.8862241411771062 -0.4632567016189841
102 6.485234175575128e-10 -0.5476677292608481 -0.836695917479144
103 0.061643348483312654 0.6337415806183572 -0.7735448332161144
104 0.08904252802010745 -0.9529931722094107 0.302991771707161
105 0.051113669801485254 -0.9502620675500819 0.3114514456146312
106 3.737021803118523e-11 -1.0 1.2246467991473532e-16
107 0.019741284263301503 0.66870926857061 0.7435239835592123
108 0.04604933429885401 -0.7618893601557412 0.6477071891537682
109 0.001791593101987027 -0.9517280181224926 0.30694263229573093
110 0.06942238861725748 -0.07541628004080032 0.9971521371911147
111 0.009956916414040751 -0.9852649012421248 -0.17103530156182964
112 0.01931816746047476 -0.1757511181573864 0.9844346318910303
113 0.050386990872998444 -0.35114245007739686 0.9363220491655864
114 0.0033683986413586484 0.5704980595411286 -0.8212989492625733
115 0.023007329555256757 -0.9896410599408605 0.1435638271958862
116 0.00788353176431516 0.8159014471407908 0.5781909966036858
117 0.11407437003210995 -0.9796113132855061 0.20090215250973784
118 0.04125236690072817 0.29598638863512605 0.9551921574964569
119 0.002531792645768549 0.8273944331518509 -0.561621270955194
120 0.06955046260648644 -0.3942695224273492 -0.918994855091643
121 0.11080961484119212 -0.7407505026565324 0.6717802414585402
122 0.011216815134199977 0.02041569664458131 0.9997915779453818
123 0.06011326098045933 -0.4836306852292544 -0.8752721635609588
124 0.06310866723305279 -0.666353228808868 0.7456362212607408
125 0.06245646174033212 0.21910748682979936 -0.9757007272802093
126 0.05309830979460305 -0.911092953203238 0.41220095902775666
127 0.04821750638087276 0.8262367092077816 0.56332308700913
128 0.03198238211337372 -0.9578335828449257 0.2873235590313693
129 0.015101921422827326 0.9346623413348465 -0.3555366474647344
130 0.028979533193918966 0.9300342779981366 -0.367472776880798
131 0.015435226787459299 -0.9835315232608581 0.18073666687248624
132 0.08878596370035255 -0.6108310576495508 0.7917609607771345
133 0.024032066847355593 -0.9403316112006331 0.3402594024811385
134 0.10998645724150943 0.9765452371290351 -0.21531233090697954
135 0.03082138940958094 -0.5342336818061189 -0.8453368400962297
136 0.035977625376981785 0.8809279790945495 -0.4732503519791539
137 0.11399279782269377 -0.668395868083696 -0.7438057296960292
138 0.03480837290461083 -0.249846974845905 -0.9682853345787851
139 0.04052550850219483 0.019831459933733406 -0.9998033372603318
140 0.057213225372968135 -0.9933898419007388 0.1147894681947136
141 0.05979458837814183 0.5933063844453643 0.8049767289657319
142 0.007607829120406852 -0.6349535995357554 -0.7725502743748057
143 9.693412005451672e-13 -0.6716260293837126 -0.7408903270081668
144 0.010064311439325072 0.20556357905949574 0.9786437630538757
145 0.06608603424523488 0.9131728839032524 -0.40757242804662003
146 0.010015100404159536 0.6024726695862603 -0.7981395131188562
147 0.11241220502316088 -0.7112407015103347 -0.7029485504040015
148 0.00228285975239573 0.9482099831170344 0.31764418445360093
149 0.015447367859603496 0.7451919820880577 0.6668499905013661
150 0.09746427312087509 -0.8911249384367027 0.45375802372650414
151 0.0166521499735195 -0.6395351396320879 0.7687618650634057
152 0.06649779916869311 -0.39980460030259946 0.9166003936159305
153 6.385040009580626e-09 0.997128294152947 0.07573087217003334
154 0.04376501788887619 -0.9889878209156845 0.14799692591552685
155 0.03255404185128611 -0.8071480327443163 -0.5903490943814347
156 0.018979759669224952 0.058374457873395694 -0.9982947574078446
157 0.00699911921520682 -0.6850297045853564 0.728515136312005
158 0.03107227899228868 -0.8412149355226258 0.5407008713268958
159 0.0839977701768248 -0.3529106654437908 0.935657021678361
160 0.006209274831925142 0.7937871573683478 0.6081956500971359
161 0.1101186567597723 -0.8541901027988746 -0.5199608334100252
162 0.08575923510640077 -0.8991257446827674 0.43769041027724037
163 7.550332863779066e-16 -0.9557790087219501 -0.2940858488375232
164 0.08504193143048307 0.9679418563518006 -0.2511743671679698
165 0.12409282704986271 0.9730403552091071 -0.23063492175846784
166 0.0015043071482502455 0.8189815500862547 -0.573819850317428
167 5.898879588403604e-07 -0.9751124266013537 0.22171097286246283
168 0.06641923273074404 0.620862389571338 0.7839195706293907
169 0.0015885177596107261 -0.6249706268409212 -0.7806482662416321
170 0.037729885988639675 0.9996624310333112 -0.025981223615725163
171 0.033878036568615696 0.5913392518096902 0.8064228972872458
172 0.06088186136371422 0.2584932962940369 0.9660130515531574
173 0.1050457475761318 -0.92542666245657 -0.3789267639194857
174 0.031252543252428516 -0.08551875785331148 0.9963365606336178
175 0.06438851622365446 0.9040702768113286 -0.4273838258360834
176 0.03153088594768749 0.20851788836038593 0.9780185531132451
177 0.05121524888759565 -0.9274748061440456 0.37388565627483616
178 0.059248397487669094 -0.43453176128512155 0.9006565096830479
179 0.043398204176976755 -0.3811265975218825 -0.9245228589177192
180 6.473984269823657e-07 0.3840384143330586 -0.9233171157931331
181 0.06242027499261597 -0.6282741015869387 0.7779920650463763
182 0.017227790114010932 0.8900688988273443 0.4558260143303349
183 0.011437806781423891 0.24977780174604444 0.9683031807006077
184 0.030117393372156333 -0.9664698649074591 -0.256780061970858
185 0.037793143313822795 0.5456869270527596 0.8379891274018514
186 0.07077152163037348 -0.1675469780393783 -0.9858640931436098
187 0.0013974436697210676 -0.9834880553916638 0.1809730502089289
188 0.03990636700656468 0.27281125129104905 -0.9620675761967098
189 0.03579488797802152 -0.9275973806127307 -0.373581449593527
190 0.026172338516387072 -0.13196544440344007 0.9912543172583929
191 0.019454451531703342 -0.10869318775012163 -0.9940753446981354
192 0.12252059106654259 0.03319355182577447 0.9994489422262598
193 0.022144934121243874 -0.29418196250539574 -0.9557494299953696
194 5.721958498152797e-17 -0.242535625036333 0.9701425001453319
195 0.02553432847034829 0.5575384146223803 -0.8301511405884852
196 0.060501039322985804 0.7186647636091714 -0.6953567124480599
197 1.4263723928032754e-09 -0.4495178749933487 -0.8932713361915651
198 3.1031676915590914e-17 -0.8944271909999159 0.4472135954999581
199 0.040843914410160366 -0.967075032142033 -0.2544914187305455
200 0.06550806154162894 0.29001598374335436 0.9570218018276148
201 0.04841608369542132 -0.9674552747175973 -0.2530420744087796
202 0.018502166778233412 0.9981178883401738 0.06132439135737473
203 0.0421433858107092 0.9823036936058019 -0.1872950974489154
204 0.05106835669937127 -0.7359864777272339 -0.6769962367714164
205 0.03444916962916138 -0.768791020109848 0.63950009178925
206 0.08148381853245962 0.27260575513051444 -0.9621258245519252
207 0.14473480679341527 -0.8603305114739378 -0.5097366094631546
208 0.049592646650795456 0.5894001224475961 0.8078412564723089
209 0.05672487377198363 -0.5588095717140287 0.8292960041871562
210 0.04218768362464806 0.9391838553951477 -0.34341474308058795
211 0.033769242638401156 -0.9976977014534417 -0.06781811346918294
212 0.08487281060531518 -0.941772734774205 0.3362500796072991
213 0.07528019695026059 -0.7972726504944715 -0.6036193508938562
214 0.06278540265247155 -0.5389972433481066 0.8423075279630011
215 0.01416861945578079 -0.6250448180758054 0.780588864509726
216 0.003044073461859449 -0.9957302153422898 0.09231109496911592
217 0.07512853631255978 0.3722820810551678 0.9281196324425174
218 0.07797469561781528 -0.9997957894150404 -0.02020840092525901
219 0.022443584969274687 0.929297176187326 -0.36933285574162233
220 0.04055526622887085 -0.8320079922758885 -0.5547636440765068
221 0.0024137804654226817 0.9949851766375959 -0.10002248882852324
222 0.02080086975838057 -0.3247520593754153 0.9457991858377902
223 0.041601056604426305 -0.20878743938301178 0.9779610448048967
224 0.10749176929833494 0.1715751363375357 0.9851710372269152
225 0.02716003644907973 -0.968718660427372 -0.24816155411303714
226 0.0 0.0 0.0
227 0.019162024507385 0.8008488520882799 0.5988665261215427
228 0.062473867956957654 0.9703770219126199 0.24159560290699592
229 0.0 0.0 0.0
230 0.014203241128677931 0.3930107229321768 0.9195338882609644
231 0.04759681548142585 -0.9503973252038306 -0.31103846103883087
232 0.05594042000017051 -0.299374926867877 -0.9541355528240488
233 0.0891978003047225 -0.5990494645086758 0.8007120200620625
234 3.599669585287035e-08 0.9761514562308519 0.21709061356582715
235 0.004883356532709451 0.5321516508845575 0.8466490538947292
236 0.006724112980191475 -0.9570850774097097 0.2898070989462645
237 0.040736327629121404 0.9367225648719841 0.35007261598081557
238 0.049678417501154225 0.9237347559855933 0.38303276698506666
239 1.1857187100668868e-16 0.9363291775690445 0.3511234415883917
240 0.04417126942085883 0.6387882076437198 -0.7693826263799592
241 1.788553225032339e-12 0.3941065820514046 0.9190647430860133
242 0.023230123262123294 -0.6305182182621121 0.7761744497466866
243 0.02023836936571183 -0.9929040053370289 0.11891861160342024
244 0.07366133406453228 -0.8405154772522321 -0.5417875344629596
245 0.036230644316851274 -0.6620285138732785 0.7494786500086166
246 0.011214192772860246 0.8535333815067031 0.5210381623775104
247 0.0746633750279097 0.39801326836292605 0.9173796587057408
248 0.013331224929369447 0.8520413912817862 0.5234744191864565
249 1.8450121740477353e-05 0.14526435438885776 0.9893928781550777
250 0.05417207589537667 0.8354115380791198 -0.5496249285142362
251 0.02750682556657749 0.6410379878417242 0.7675091518306694
252 0.04968264098270698 -0.6384248426191014 -0.7696841692062892
253 0.06899187375632287 -0.17568721560476921 -0.9844460382738321
254 5.368474763095304e-05 -0.7934060869345432 -0.6086926820779235
255 0.06180287200462753 -0.8686860019836281 -0.4953631293886334
256 2.8587973411219836e-14 0.998067660216459 -0.06213650802904025
257 1.0810112233112883e-13 -0.7055645690533674 0.7086456370404999
258 5.1810314181509076e-11 -0.0045021509936528465 0.9999898652668587
259 0.028238975020641943 -0.6129639802219025 -0.790110852317903
260 0.039450464784234265 0.9898088291867044 -0.1424025339101993
261 0.07766784787141053 0.3000704903323218 -0.9539170303709437
262 0.02721298181976698 0.4174917639726058 0.9086807068574979
263 0.011181413001200634 0.7470280408096402 -0.6647925287216384
264 1.3717649059074761e-08 0.24567688792579115 -0.9693517765698365
265 0.04051339332536208 -0.05601505807375479 0.9984299240652765
266 0.02701138599693751 0.8486060190326102 0.52902535332593
267 0.013494955765448128 -0.9948996404804605 0.10086974458107026
268 0.0 0.0 0.0
269 0.07168972230248205 0.25649961152837086 -0.966544333843924
270 0.008194342837731133 -0.8652611997024822 0.5013213104281736
271 1.4946834900704544e-16 -0.9284766908852593 -0.37139067635410383
272 0.0421046641829432 -0.13316052183915242 0.9910944836005923
273 0.02715115748281826 0.7548060587184001 -0.6559480266926604
274 0.039226007827927886 -0.2754557539432633 -0.9613137508740569
275 0.005565524141046102 -0.26876979811801166 -0.9632044412374785
276 0.05295378362373619 -0.05712354403259383 0.9983671172054678
277 1.5700924586837752e-16 0.7071067811865476 -0.7071067811865476
278 0.002664820781439916 0.09192646781850779 0.9957657980240198
279 0.002808349706568437 0.7643056564707152 -0.6448541412496852
280 0.0875541759604657 -0.5243500519483332 -0.8515028027092925
281 0.027004276164248144 0.9999685221939374 0.007934394827140456
282 0.08911958372919483 -0.7489178829913711 0.6626628136056247
283 0.07529495629036781 0.8823156411103462 0.47065816624386625
284 0.07383840571756109 0.8603860097632404 -0.509642928140565
285 0.033983670150427796 0.6882059709098864 -0.7255153627622095
286 0.017874119748521124 0.9973238169699405 0.07311090277454144
287 0.031280892842416724 0.9929209541704936 -0.11877701279774791
288 0.0617040033269076 0.9266362173554327 -0.37595920082532275
289 0.06965352737163559 0.938171330335314 0.34617127976894224
290 1.1102230246251565e-16 6.123233995736766e-17 1.0
291 0.001218760160592634 0.5886205596104365 -0.8084094487349196
292 0.012412870085751997 -0.786147440771688 -0.6180389966402812
293 0.006624984903366943 -0.8642657815218253 -0.503035444964337
294 0.04906396717326259 0.9879046878111103 0.15506233521017526
295 0.04573920678729242 0.07661126529512556 -0.9970610382669056
296 0.006869063618547268 0.9252009856513213 0.3794774514379263
297 5.001261803536701e-10 -0.7125034378800117 0.7016686190853659
298 0.00587105084836866 -0.4650531142769068 -0.885282780190234
299 0.012450355132883511 0.17362188611137594 -0.9848123885609524
300 0.06968755514326544 -0.8925510908869635 0.45094628300551665
301 0.002804569648541295 -0.578884863566687 0.8154092927685936
302 0.05968809101103583 -0.07793257931736752 -0.9969586315795366
303 0.002358908411709935 0.6419149845145902 -0.7667758164259183
304 0.054646168673296996 -0.060201788742326214 0.9981862274306454
305 0.043263465162824366 0.1741434831590337 -0.9847202888502091
306 0.014764526958114924 0.8301050985788241 0.5576069631142
307 0.05320639069606646 0.9969626523401909 0.07788112633245349
308 0.05410815437402556 0.4074623738823682 -0.9132219959408255
309 0.07520793805518124 0.9850076978557444 -0.1725103914694027
310 0.06985628171896066 -0.095017982867278 0.9954755561699311
311 0.0857540003779373 0.045200470036387976 0.9989779364472919
312 0.05261089185682048 -0.8449925827698466 0.5347780241034069
313 0.022986484123026753 -0.7926405402576787 0.6096892437463656
314 0.015701297288040924 0.6516993788525354 -0.7584773692096684
315 0.0047381600296615015 0.3116605296445747 -0.950193514112606
316 0.062459732892490384 0.30140542468451625 0.9534960775854017
317 0.016604032555258528 0.9860936645213976 -0.1661905075230272
318 0.0389000056872453 0.06945393054466696 -0.9975851600399319
319 0.05025531900761111 -0.31429715202231384 0.9493246548102828
320 0.07687888572314694 -0.9985652276067257 -0.05354891422548242
321 0.0010031603632304552 0.7366236555611104 0.6763028833797669
322 0.06763962940019003 -0.7798441900142599 -0.6259736730094988
323 0.07497245518109227 0.7971088421194332 0.6038356513282539
324 7.447602459741819e-16 -0.8944271909999159 0.4472135954999581
325 0.03625994855981452 0.5478200918649625 0.8365961671852579
326 0.07058582762142694 0.8702664832889215 -0.4925812096131289
327 0.060934040387418995 0.5666461194216821 0.8239612705366368
328 0.07565077209833851 -0.787553907563908 -0.6162457648380388
329 0.026876459046176932 0.2157627513522358 -0.9764458178152607
330 0.03359042137689837 0.35285015419128085 -0.9356798430484592
331 0.07555681853926162 0.9753863489809106 0.22050276692524567
332 0.04021346953962517 0.8693725860617544 -0.4941571679175537
333 0.05211741369168242 0.8727322289610707 -0.4881991975952452
334 0.0126751567266659 0.8711955600836083 0.4909361425792646
335 0.08213704755649195 -0.4066381930064611 -0.9135892840814411
336 0.08934116693117841 0.06981363815083465 -0.9975600512892165
337 0.002364251053553356 -0.5921562851004379 -0.8058231406555962
338 0.06465163263841743 -0.9518131005439492 0.30667869445547424
339 0.027002748694423095 0.42507585252752916 0.9051577318887545
340 0.04752785107028764 -0.25300788904005256 0.967464215402046
341 0.03720044528203582 -0.7244072890864213 0.6893722358192721
342 0.08684372103200934 -0.13850846498344413 -0.9903612498113655
343 0.054139532369216314 -0.39873898526907386 -0.9170644588176936
344 0.006234933463588445 -0.9458997382271872 -0.32445906555640996
345 0.07183124556589449 -0.5896360925715379 0.8076690401005655
346 0.036215762720722626 0.6063208002845949 0.7952201501108032
347 0.06077476044946233 -0.40114764550349535 0.916013409567241
348 0.04038961550534743 0.9578795042059903 -0.28717042922641983
349 0.06287187517893733 -0.8765078528175336 -0.48138756106612984
350 1.7235296186091125e-15 0.25766265056033244 -0.9662349396012463
351 0.0424048555726695 -0.7971188933443979 -0.6038223827197882
352 0.022522212286625178 0.1718924431053395 0.9851157231530099
353 0.045682251493799717 0.9993063963094561 -0.03723877408036337
354 0.002885988611427415 -0.8389475132839946 -0.5442123390319276
355 0.05944962800726877 0.8556963347365798 0.517478292026229
356 0.048595682584988045 -0.5524977049627411 -0.8335144185980852
357 0.0028684528334992215 -0.6798357955442736 -0.733364364485134
358 2.220446049250313e-16 1.0 0.0
359 0.05685501535661841 0.1898246403610338 0.9818180105863836
360 0.0016994726321572428 -0.6183344270821138 -0.7859150948321543
361 0.02920283967052558 0.6971687697845782 -0.7169070416986137
362 0.006620066880081944 -0.20979675483147542 -0.9777450187355504
363 1.1252819501096777e-08 0.17452677576202713 -0.9846524282923955
364 0.026760790417103504 -0.01962510517248043 0.9998074090778529
365 0.05907047158444668 0.6524536987729668 0.7578285894300074
366 0.08128988353623315 0.5691019628344418 0.8222669614535085
367 0.05219864499863946 0.9725933656657111 -0.23251267720931795
368 0.07705886084245538 -0.6943228405199907 -0.7196636666751014
369 0.058079202010893255 0.9690716535575743 -0.24677951752766836
370 0.05828265853418612 0.39530517810692817 -0.9185498441357713
371 0.09755483780246178 -0.019904214309820367 -0.999801891502866
372 0.04004393143073357 -0.5483637986759958 -0.8362398844240999
373 0.025450953197348965 -0.13093433143720412 -0.991391043358317
374 0.08592359294985365 0.12002081055004178 -0.9927713760150979
375 0.012135708478922848 0.8656478281116552 0.5006534107399792
376 0.005883527574012065 -0.32860934731092484 -0.9444659320800767
377 0.008136177847519936 -0.8898159101369137 0.4563196753014445
378 0.0035085900727601393 0.9223153943114534 0.38643798133220325
379 0.017255980279578496 0.7483680201110691 -0.6632837299942148
380 0.037398356603718805 0.39931204840429263 -0.916815078409582
381 0.033957354593059284 -0.9847523160133482 0.17396228357418983
382 0.02647284954955314 -0.7181451741955568 0.6958933170965456
383 0.03922440012142836 -0.7955498035121656 -0.6058881993666444
384 0.029074362403467505 0.7085198958909151 0.7056908367881269
385 0.0069890472431885595 -0.9191576783218192 0.39388978456167567
386 0.0013227883450720158 0.9555512311987131 0.29482510841959075
387 0.03538276415986839 -0.12576081139219178 -0.992060592059768
388 4.762374727169482e-06 -0.9730059494214851 0.23078003031110464
389 0.059635625449817334 -0.9999907367442807 -0.004304233454472843
390 0.06433420160597163 0.5267896077876661 -0.8499957112403079
391 0.001240432968979977 -0.806055434812441 0.5918400425869533
392 1.2828438377191737e-08 0.7853399101175138 0.6190647991742183
393 0.036376523981300535 -0.315381538775487 0.9489649545687164
394 0.05467082220664954 0.8551209178132898 0.5184286025270567
395 0.019350544637104995 -0.896424138105725 -0.44319720737094925
396 0.044108511199391576 0.9502864058686846 -0.31137717774618245
397 0.0006385981604679082 0.15590137476220406 0.9877726263403207
398 0.05294757233025517 0.04365314011492524 0.9990467473337304
399 0.037497600632099753 0.8992653374632985 0.4374035354647008
400 0.007366663519201464 -0.6354417447063525 0.772148812784522
401 0.09294849432382649 -0.9188100217732714 -0.39470006826576626
402 0.014440057250732092 -0.34517613639286737 0.9385379240419072
403 0.06619203130623437 0.05916672057151515 -0.998248115037946
404 0.024140816393660572 0.45257270709467945 -0.8917275059080512
405 0.08273174976913594 -0.3255852573060765 -0.9455126864431466
406 0.08674323409291745 -0.8743261176170035 -0.4853388919639325
407 0.08142798832771164 0.49631735214740624 -0.8681411670675383
408 0.05706316179552052 0.8342661770865047 0.5513619009049036
409 0.09291213036210766 -0.940601072970958 -0.33951380167215967
410 0.010416399613120112 0.990502760638555 -0.13749284042233428
411 1.6105893415959206e-12 0.9989040306141247 -0.04680531618156032
412 0.0820164502389747 -0.7370880734746246 -0.6757966942368588
413 0.002707760581429453 -0.524911708407314 -0.8511566826248355
414 0.05971429466221725 0.6394031977792219 -0.768871608703108
415 0.05425959574930355 0.888989855242742 -0.45792689075385024
416 0.039993746491747674 -0.8754121230422567 0.4833773006985835
417 1.1102230246251565e-16 1.0 0.0
418 0.07053611989825179 0.13123935981815255 0.9913507101094554
419 0.04457307106308228 -0.8337876858667533 -0.5520852243059619
420 0.06399711819632388 -0.47661441217731726 0.8791124513421877
421 0.0654514319665115 0.8836426172177567 0.46816207133486704
422 0.04424048160749606 0.8348013585357299 -0.5505512617249185
423 0.0 0.0 0.0
424 0.028126360522386835 -0.8214859448775248 -0.5702287631895469
425 0.09752395898596193 0.9999754050176562 0.007013512655890056
426 0.013163129366741619 -0.9300983020176709 -0.3673106976169431
427 0.04562662571398545 0.9992176364055116 0.0395488950058366
428 0.04887399273411012 -0.5153075645692957 -0.8570053173100276
429 0.01379337959392239 0.8034639500593113 -0.5953534084517268
430 0.0030592266017184185 -0.12349881104260421 -0.9923447201809779
431 0.01887312883097077 -0.8733863930867342 -0.48702793387129717
432 0.0025432917817620588 0.8014412653474707 -0.5980734889612187
433 0.01931278388529874 0.663286426368675 0.7483656302871426
434 0.028775319320618293 -0.32076187825398994 -0.9471598690078527
435 0.014406402597002233 0.9552819702556571 0.29569639379686363
436 0.003942051013264974 -0.9213577419773898 0.38871572041573726
437 0.001008292100464654 0.3355995910743622 -0.9420047316604736
438 0.005605453525749204 0.9433791507537878 0.3317164118988723
439 0.02099394128051154 0.4753835992363935 0.8797786275973359
440 0.002431071464534861 0.4998734073585544 0.8660984797445085
441 0.06285826810281506 0.20061124952329545 0.979670927691897
442 0.019556394964663572 -0.9718607225899312 0.23555622659351821
443 0.006389270612259686 -0.3847972817490215 -0.9230011115695171
444 0.016152663857849935 0.04379146034930145 -0.9990406938661085
445 0.009427325455364798 -0.9334360494212823 0.3587438384708361
446 0.04303928077404588 0.8229083265545204 -0.5681741687961878
447 0.0585731742516221 0.4268127035708315 -0.9043400444913172
448 0.021723594071259636 0.516040069854576 0.8565644437545166
449 0.02280325889931959 0.5909722994803911 -0.8066918502419985
450 0.0484080736312379 0.8771622072073891 0.48019419222545917
451 0.10446497756375925 -0.38649085316623205 0.9222932399290575
452 0.12133208880072241 0.8182392625175079 0.5748778211714249
453 0.0030486689737629176 -0.7718771512174979 -0.6357717070052425
454 0.023825956868393307 0.26763962986726375 -0.9635190857084845
455 0.10126846852667017 -0.9401934660773444 0.3406409346298084
456 0.07087916836770754 0.9238186092022302 -0.38283048114231566
457 0.04420323677661961 0.2005225847393347 -0.9796890797643181
458 0.006624977896492375 -0.8642657278497546 -0.5030355371783726
459 0.013245617498306191 -0.977445539486142 -0.2111876353829573
460 0.021506889873098144 0.9542014212836903 0.29916491709454396
461 0.06099561861887907 -0.9462849151502805 -0.32333397495318433
462 0.022309770285944382 -0.6822493840985501 -0.7311195373515532
463 0.013175840550572578 -0.14671195766304745 -0.9891792564943304
464 0.00914286335604895 -0.8250525725307449 0.5650559729446277
465 5.264813490859205e-14 0.7612625073718868 0.648443825531455
466 0.07403807968095562 -0.8843101599771453 -0.4668999260668132
467 0.08185458654810576 0.7628511563618735 0.6465741359174154
468 0.000666243865802621 -0.8482904779348688 0.5295311747621965
469 0.01758539299879795 -0.9658552443200352 0.2590823170721713
470 0.03772556936187116 0.9960895163481179 -0.08834973356707196
471 0.06972149286642303 0.6504185855237399 0.7595759761902015
472 0.09189455573348648 -0.21525642472463813 0.976557561854275
473 0.0450835724323864 0.7307845804616633 -0.6826081577006465
474 0.052153191106260155 0.26194115335136314 0.9650838472282901
475 0.07378979546011458 0.8567905948873273 0.5156644999538167
476 0.047039434490760076 0.7727175864232505 0.6347499756850933
477 0.03776657897599691 0.9389498949809553 -0.34405391251263684
478 0.06601903965119142 -0.09615300403575895 0.9953665655500487
479 0.00879230130536525 -0.12810477094884812 0.9917606403059879
480 0.01543522678745932 -0.9835315232608575 0.18073666687248974
481 0.06706958841912279 -0.9978935177173859 -0.06487316315412069
482 0.09109022406545512 0.14243611836049389 -0.989803996853112
483 2.388144119051469e-12 0.798261687967572 0.6023107815099799
484 0.062246015570237685 -0.46956139423288573 -0.882899822769304
485 0.03344347096358917 0.7719858518429685 -0.6356397128517745
486 0.10465047020504287 -0.9829756838745473 -0.18373569307939636
487 0.05626116581322305 -0.5553109442677636 -0.8316428050409892
488 0.04052269905804444 0.831613224579431 -0.5553552418989137
489 0.10379273269254098 -0.9980494718946422 -0.06242797170200107
490 0.019814113898620853 -0.10107482340319032 0.9948788268296868
491 0.00492779533544098 0.8212227689965327 0.5706077143552019
492 0.04009920467137464 -0.975290133617771 -0.220927941347016
493 0.07223339496154368 -0.7873860857863285 0.6164601786896575
494 0.040173420315956304 -0.7994538624753834 -0.6007274937716691
495 0.011215803326303219 -0.02082755635222123 -0.999783082921688
496 0.002424486135444308 0.24202946026308234 -0.9702689010602994
497 0.08117877501897572 0.17950619503986573 0.9837568428947825
498 0.03453941421051157 0.2130530681462373 0.9770406287117618
499 1.3399616006513004e-16 -0.5599174655417698 0.8285483883161447
500 0.0018824349409767432 0.47623429182053123 0.8793184288380388
501 0.04537108780359504 -0.9091791387070693 0.4164052037857735
502 0.007408718748115718 0.5137686334531327 0.8579287798411361
503 1.7023609237203116e-12 -0.4947336224330624 0.8690446725193476
504 1.0480604564624757e-07 0.9540000792741866 0.29980635207554485
505 0.0030592266017199195 -0.12349881104243476 -0.9923447201809988
506 0.062395568825114614 0.49411369004026817 0.8693972977383756
507 0.002808350217079117 0.764305618888033 -0.6448541857941071
508 0.02244067766509238 -0.9635532688700537 -0.26751653789968577
509 0.006248092124873981 0.7925054975821727 0.609864768864404
510 0.028955229838801742 -0.741922607073057 0.6704855293844292
511 0.0020542298219833003 -0.14097212760945366 0.990013565178409
512 0.06511585574621113 -0.9280331968428751 -0.3724974973843361
513 0.030442993615168702 -0.9994758062578787 0.03237456880273925
514 0.10471418964751901 0.32728824479760105 -0.9449245498013614
515 0.0728603433704617 -0.3170613877029058 0.948405017082843
516 0.0591510499355092 -0.4277998395748594 -0.9038734962702052
517 0.004447350826566823 -0.9055904256186303 0.42415325181809926
518 0.062361229496048616 -0.44706419928214947 -0.8945018735140864
519 0.020105297578553206 -0.04216890942380626 -0.9991104959302584
520 0.03772988598705801 0.9996624310333336 -0.025981223614863404
521 0.03557442935057108 -0.9981104266053168 0.061445718335394105
522 0.04603872119408324 -0.212788513129134 0.9770982799495107
523 0.016142024353687678 0.6552461169427384 -0.7554154659731711
524 0.04243386179944525 -0.998560999979663 0.05362769172373058
525 0.0839839243312809 0.6420934192467194 0.7666264024673665
526 0.0062480921264350875 -0.7925054974969898 -0.6098647689750971
527 0.039368803901991635 0.998026977701247 -0.06278655732332042
528 0.025483628472130863 -0.00405637175360351 -0.9999917728902556
529 0.0540166492223872 -0.9831005341546576 0.1830664899560455
530 0.056637600883489236 -0.9665830247260448 -0.2563537717909571
531 0.10457300608808548 0.9878496863058643 -0.1554123459233708
532 0.0744052899340452 0.9993370818380849 -0.03640600037549991
533 0.00845109289319722 0.7273185336119758 0.6863000441967967
534 0.028603415413677485 -0.9133006740596868 -0.40728599136493954
535 0.05374282159586683 -0.9527097844865314 -0.303881665362731
536 0.08966316876330672 -0.11068500065536781 0.9938555381089956
537 0.011696053464390462 0.045753584165634485 -0.9989527564084291
538 0.05685699564854236 -0.8966954180955728 -0.4426480850138243
539 0.047613237227525605 0.7737247798487652 0.6335218741669303
540 0.019059437149367153 -0.9994624678040114 0.03278376810428405
541 0.03893662459229225 -0.8840204464689387 0.467448232668451
542 0.0054594346794204366 -0.8114681724605315 -0.5843966162492431
543 0.0025372049072281536 -0.8608991209818354 -0.5087756907446572
544 0.0018652511577865304 0.9889591478406213 -0.14818840677445783
545 0.0474246372667799 -0.0600539685966733 0.9981951316530199
546 0.011408529771448938 -0.00023163212247742602 0.9999999731732796
547 0.068283748068393 0.24235198979315295 0.9701883904908879
548 0.06371935832529393 0.6264892858182698 0.779430031981649
549 0.028178122984405148 -0.7811314905011207 0.6243665546355742
550 0.012643727457514055 0.9919196521523013 0.12686766205009686
551 0.034128769443707824 0.28279309918565426 -0.9591809334286064
552 0.0012969116516324984 0.7115363541017373 -0.7026492843457588
553 0.0026083278291247594 0.9834120789109252 -0.1813854543564399
554 0.013163141067695297 -0.9301163632711927 -0.3672649599065647
555 0.007577668628545214 -0.4443795885432181 -0.8958385910900245
556 0.03768430526787119 -0.09767683161482413 0.9952181854074459
557 0.005990416966963494 0.8993740654722497 -0.4371799290405697
558 8.43769498715119e-15 -1.0 1.2246467991473532e-16
559 0.0722806325949383 0.6507046834836643 -0.7593308994716496
560 0.0015721990372323566 0.9072170916782732 -0.4206627492027498
561 0.09288369255366968 -0.7644714031022103 -0.6446576407977632
562 1.021914455467917e-08 0.15778236229370618 -0.987473911629577
563 0.07183934405915539 -0.7452126740935304 -0.6668268668630334
564 0.05140338523081271 0.07137568461491403 -0.9974495033061835
565 0.003080251285079329 0.6936101324648497 -0.7203505980715874
566 0.015938111028411243 -0.9290817194915814 0.3698745172441143
567 0.060166764616138776 -0.037120515580662934 0.9993107961605467
568 0.08388157950351341 0.7524423140191815 -0.6586581541842926
569 0.047541464849154925 0.7835793732823291 0.6212916913708667
570 0.01841979059316202 0.8044974350378552 -0.5939561238151451
571 2.7755575615628914e-17 6.123233995736766e-17 -1.0
572 0.026875041770146192 0.9340888743118587 -0.35704057876774253
573 0.015768439451361204 -0.9925502377894686 0.12183605978555524
574 0.05117475356410537 0.9926187565105817 -0.12127656089857752
575 0.025848659704900336 -0.9938397796766945 -0.11082640629461639
576 0.07186588471912483 0.9939905493088974 0.10946592111061941
577 0.025232690042739907 -0.9987527582357915 -0.049929229078754245
578 0.017393902423477624 -0.773648758351491 -0.6336147084002992
579 0.0007245294757097362 0.37106535364238863 0.9286067538663765
580 7.040108164889489e-09 -0.9104223531858282 -0.41367999567247526
581 0.04090578603481295 0.20848223761227855 -0.9780261533313808
582 0.05035669166032345 -0.9999418285470217 0.010786080012612753
583 0.052512632945028545 -0.8392770452650028 -0.5437040015405868
584 1.5700924586837752e-16 0.7071067811865476 0.7071067811865476
585 0.0018130596988068578 -0.6928947571442635 0.7210387337182323
586 0.00119992314039469 0.05531787318472646 -0.9984687941574932
587 0.016089361876372367 0.7628599192372026 -0.6465637970234713
588 1.8848611002155206e-06 0.9991109608231113 -0.04215789324811174
589 1.2412670766236366e-16 0.44721359549995804 -0.8944271909999159
590 0.06338695664051618 -0.03687648348755712 -0.999319831167976
591 0.022916696604740654 -0.7157199247911048 -0.6983874206033606
592 0.006704949827229735 -0.3326275161961453 -0.9430582884791284
593 0.036433207855347136 -0.05331557209104291 0.9985777134367684
594 0.05503845250298882 -0.3528544665368938 0.935678216827219
595 0.008523267456416394 -0.7167145847457048 -0.6973666209482584
596 0.09981987308398478 -0.6684721110656024 0.7437372094547219
597 0.08855042305212579 0.9761080052819365 0.21728589927677985
598 0.0016753797933158692 -0.38442808541864054 0.9231549421095889
599 0.008760641629377444 0.638794736179954 0.7693772059456812
