0 0.06825185007968022 -0.7845018234548184 0.6201265104767453
1 0.039706818789126 0.182047865142186 0.9832896698314146
2 0.038115746163979614 -0.024494461333349593 0.9996999656716954
3 0.10743810340118547 0.7186424184736415 -0.6953798058402009
4 0.04267827734748375 -0.8947430300436469 0.44658135897987683
5 0.02719995217059038 -0.627362608281395 -0.7787272678739103
6 0.1486308769472826 0.7847242879780171 0.6198449740518949
7 0.03840517004825814 0.20935525166502914 -0.9778396487156125
8 0.07214394967837352 0.7934849519754106 0.608589870921773
9 0.0990407921072917 -0.08448800810870291 0.9964244961289459
10 0.09978064106435323 0.7490499171758562 -0.6625135633168902
11 0.10448271257239955 0.5272939293905781 0.8496829479446107
12 0.08892684688204307 -0.9844076452918078 0.17590221116017377
13 0.047837085696196706 0.993380927679829 -0.11486658575043641
14 0.07524479274831317 0.7519390206429658 0.6592326669958775
15 0.09685703767953734 0.11626374382346985 0.9932183757221523
16 0.09005231418852622 0.9998830304335574 0.015294621636568442
17 0.10838257605203146 -0.09318799835525164 0.9956485308393427
18 0.056404895351652426 0.2856160543310517 0.958344128958049
19 0.03032748142696396 -0.9062492267882695 0.4227438218894083
20 0.1742784993936802 -0.6082738571541846 -0.7937272294074147
21 0.17053797437126048 -0.034230184177638685 0.9994139755332446
22 0.09476146681620826 -0.3364204591476063 -0.9417118851681302
23 0.04970562703413773 -0.5041136828872094 -0.8636373050800285
24 0.06258229851966174 0.8887383987102973 -0.4584147234304944
25 0.04985888251394374 -0.11890247129702289 -0.9929059383040574
26 0.05246636260188682 -0.636974004021794 0.7708852821272718
27 0.14563141470844407 -0.962815806327229 -0.27015869981632623
28 0.055989257818595366 0.8810664698541535 -0.47299246896619834
29 0.06238669514112002 -0.45964788668627793 0.8881012443774857
30 0.0703371221642425 0.9100880692047598 -0.41441489631907824
31 0.11288713620395126 -0.9748764359936456 -0.22274634574853866
32 0.1042579530344618 0.1688530732352124 -0.985641232730766
33 0.03530933433365536 0.9881753971341031 0.15332770297261242
34 0.05418909609577001 0.23221971718805648 -0.9726633554057124
35 0.038787621052516374 -0.4691751333898515 -0.8831051433485229
36 0.06525742376174853 -0.6787874920144098 -0.7343347606403959
37 0.026224622455215403 0.5959534773821864 0.8030189616665847
38 0.10239266915701023 0.6060354258197774 -0.7954376547859933
39 0.09287941271400657 -0.013921678284872596 -0.9999030887409702
40 0.04230998897047326 0.5251219382332606 0.8510269972134513
41 0.09488709286782003 -0.7891597284948966 0.6141880191943352
42 0.07624979130890638 -0.08404554757645838 -0.996461913939802
43 0.08224758411437415 -0.6881418144633128 0.7255762145957787
44 0.043358030886834646 -0.9432091691633687 -0.3321994328805328
45 0.10906767158288166 0.39903489164572065 -0.9169357421593336
46 0.1378754797819448 -0.8552505854551905 -0.5182146621609176
47 0.06775038881034035 -0.985660392802852 -0.16874119253972203
48 0.03986601895136162 0.9996929228170093 0.024780235462663513
49 0.04899973420585008 -0.7203063330036673 0.6936561011299547
50 0.09684986809254122 0.20637978288289693 0.9784719644513113
51 0.04919729684611203 -0.5756159317607478 0.8177201838668323
52 0.08589081376303861 0.9757736960178401 0.21878229855197073
53 0.02974817888964014 0.9813408705866178 -0.19227609241998628
54 0.08769511103742082 -0.5764384064391093 -0.817140602088735
55 0.10207706319229518 0.44086807142238715 -0.8975719155590292
56 0.032920923341651295 -0.9605461298980945 -0.27812071540572614
57 0.05502491034535163 -0.5883524870231831 0.8086045702403835
58 0.04144756394460044 0.03504336149804133 0.9993857927822056
59 0.051816213677742924 0.6562509023039509 0.7545427444653154
60 0.011834087661888775 0.45985919085716603 -0.8879918493906307
61 0.04773592765816515 0.18154654967193193 -0.9833823520392344
62 0.1215717506294938 -0.017258996718766982 -0.9998510524234405
63 0.062297544704519196 -0.861935950988804 -0.5070171756390764
64 0.026633179577521916 0.41630057006671556 -0.9092270538001648
65 0.134490815417771 -0.8438685587055206 0.5365499563211867
66 0.04258667550747467 0.9999557907646879 -0.009403005698597481
67 0.138598458210248 0.5357442478934572 0.844380305815498
68 0.07145991895744884 -0.4419246295166065 0.8970521845615282
69 0.061905615542242075 -0.9876439479100696 0.15671449249068076
70 0.14330586348173632 -0.19975476127920078 -0.9798459242892678
71 0.052723600517676474 -0.9787426062758504 -0.20509244418153416
72 0.0690105445243544 0.74160775257716 -0.6708337657851263
73 0.07700357378533729 0.9921103846021913 -0.12536739912948716
74 0.048904235058748066 0.5478328227688293 0.8365878305934986
75 0.11405557768965464 -0.7956744383579535 0.6057245150592432
76 0.04683758955066522 0.0024211698844352637 -0.9999970689638998
77 0.038743209763853564 -0.9893624642057012 -0.1454713525778279
78 0.12414541261556321 -0.9320500121990455 0.3623296492970996
79 0.12602134993189545 0.9710944119640209 -0.2386957122619767
80 0.13282655149844774 -0.1594918499931944 0.9871992452315532
81 0.04001077711509332 -0.7628669791664353 -0.646555467146847
82 0.013799169540113098 -0.8806310169275406 0.4738027142441943
83 0.020488900979648277 -0.7551017815033471 0.6556075804705674
84 0.14770812715341772 -0.32639386639792484 -0.9452338567665748
85 0.05924805867664718 -0.861957362180196 0.5069807745697645
86 0.03008930759191963 0.5165117872179514 0.8562800789840422
87 0.08834265037050086 -0.9747566444008546 -0.22326998050876845
88 0.056422141364854995 0.1938243805887929 0.9810362426992036
89 0.0285447405672294 0.6231781615444355 0.7820799057475505
90 0.09428408998932078 0.3596089301477365 -0.9331031118574198
91 0.027673481324325986 0.1414008417400905 -0.9899524240867305
92 0.14371925888570758 -0.7446325129384167 -0.6674746592006462
93 0.1218825679425838 -0.8949300973784005 -0.44620636571690303
94 0.11441578820255871 0.7501331897384598 -0.6612867741402393
95 0.0832192088483648 -0.902835632436235 -0.42998583791034733
96 0.07685657118017417 0.9661521274158273 0.2579729960477856
97 0.15391920598669984 -0.5741429647845183 -0.8187550647101021
98 0.08068546241260866 0.8800674979251417 -0.4748486065008306
99 0.05511169202176894 -0.10864794859788666 0.9940802901503837
100 0.08723946779795166 0.9760969828755344 -0.21733540903699716
101 0.1637567200164575 0.8478852595473197 0.5301797682318463
102 0.09810477148901946 0.8984048124276421 0.4391682969054723
103 0.04378422713195486 0.7328971929264758 0.6803394039745838
104 0.039634273175958246 -0.8980643685279863 -0.4398640585231183
105 0.04390473559358429 0.7690444084626387 -0.6391953518388178
106 0.035769211182123145 -0.37165279517221333 -0.9283718004337922
107 0.031742704599859145 -0.24987067743496655 -0.9682792182827177
108 0.05285494657532685 -0.9992862518335814 -0.03777548009479317
109 0.06529049641799853 -0.13594649586292204 -0.9907161804788456
110 0.031750038331563105 0.73913291931288 0.6735595946818808
111 0.07338157147683384 0.2081846345786703 -0.978089544942254
112 0.08215817339059582 -0.6516388490859154 0.7585293734338727
113 0.07783430090433208 0.48505065036695644 -0.874486058538724
114 0.040300558981497245 -0.34692488643900266 -0.9378929166857404
115 0.17414922572761832 0.06897792777461319 0.9976181862215224
116 0.0786788574978448 0.7939183990431553 -0.608024321602971
117 0.07414100700187246 0.4351128763071846 -0.9003759130894655
118 0.06716757114349581 -0.9998755716283448 -0.015774703195012476
119 0.017967034875840452 0.4784257374323989 0.8781280167277806
120 0.04223722830140129 0.7952500561913843 -0.6062815749530907
121 0.03318497429185213 -0.9847551933494776 0.17394599498474522
122 0.08816163824407862 0.9552792679783307 -0.29570512368030505
123 0.12379914270826153 -0.5593246293455638 -0.8289487071028265
124 0.03093620384434702 0.9999610557448882 -0.008825360818033406
125 0.04085342109992859 -0.38842539052892855 0.9214801766681958
126 0.05890658033520859 -0.5094722592749981 0.8604870812680625
127 0.03939156604186899 0.44284327838799714 0.8965990356823784
128 0.07944366338074155 -0.9294194921293752 -0.36902494177219797
129 0.048126805385148734 -0.1847660648426811 0.9827825300047566
130 0.05656681251590689 0.6799607150083259 -0.7332485431593889
131 0.0674202695171349 0.8431371528587734 0.5376985600401041
132 0.03553386439845662 -0.9781951460661772 -0.20768788171814503
133 0.14724621728487564 -0.21705823115418818 0.9761586573340498
134 0.04237571566800056 0.9742246557143468 0.22557996408870737
135 0.13351022492037568 -0.081161611591168 0.9967009545515266
136 0.023327118441835826 -0.6867005509405677 -0.7269404056302833
137 0.1513256798347459 -0.940488901772696 -0.3398244041301159
138 0.07840224213974799 0.0822158234658148 -0.9966145485451424
139 0.07655049753010335 0.3997798163172485 -0.9166112035456184
140 0.06092416393979258 0.12117022867303065 0.992631742230383
141 0.07604724035127669 -0.5153707580191794 0.8569673166339171
142 0.03690229139751808 -0.4178731234605675 -0.9085053949698424
143 0.06720467396979954 0.27327930106481274 0.9619347293915151
144 0.04024823579907676 0.4643867616960514 -0.8856325059309051
145 0.04172353148577919 0.7789701633372004 -0.6270609895619528
146 0.1388469200784133 0.041083573756917076 -0.9991557135738953
147 0.1022420242671037 -0.980631964287681 0.19585951755603903
148 0.05005158997326644 0.20379298833572612 0.979014002915788
149 0.05238952625936083 -0.9722288790229519 0.2340320636019229
150 0.06569803255584934 -0.28121082457273866 -0.9596460139776127
151 0.03228201146897543 0.9756006267034297 0.21955276626787273
152 0.0824003846825468 -0.9851421315226317 0.17174102800159827
153 0.052093103468674413 -0.9590809612707388 0.283131965217627
154 0.13533420932971355 0.9822195742872224 0.18773573950377057
155 0.04655773429467574 -0.7615396228014168 0.6481183556291827
156 0.06987406757759027 0.9821422895008883 0.1881396374344153
157 0.05355723548234403 0.36088912914474836 0.9326087263505233
158 0.032398136865983036 0.7099570528084799 0.7042449738319027
159 0.06868445574993075 0.9942020693816923 0.10752788120836694
160 0.06431800357582731 0.9395818189427634 0.3423244155946347
161 0.11410368674337942 -0.6308685881202768 0.7758896986834718
162 0.050683851041141086 0.44095007797761987 0.8975316310479152
163 0.050523817433692 0.8621101944567701 0.5067208428846303
164 0.09053047774958878 0.9989640864163551 0.045505538677581954
165 0.03883340384753851 0.9094254419211674 0.41586700468598065
166 0.13166424047762393 -0.7460024993797487 0.6659431439088235
167 0.088456761196185 0.5480102717547455 0.8364716026568325
168 0.05261291582918846 -0.8626181742727518 0.5058555973935096
169 0.10033012835663237 0.7261030228015191 -0.6875859221061006
170 0.08048922085435259 0.9962431636157315 -0.08659999393140196
171 0.041054714121771224 0.8865007588850713 0.4627271382750235
172 0.06999314902560377 0.9830138678905453 0.18353129306706656
173 0.11989188189555482 -0.7764190069554532 0.630217046451703
174 0.044641646531284676 -0.9975407613987807 -0.07008872482747158
175 0.09167133734513827 0.4524017547219926 -0.8918142476572474
176 0.052816498118388844 -0.87607025541732 0.48218347915812265
177 0.05494824708965831 0.5994769335758127 -0.8003920327630334
178 0.1042053397757488 -0.9934404239613464 0.11435088123622143
179 0.04747626988410468 -0.823301178309574 -0.5676047654786445
180 0.12523598592592794 0.9712286136530165 0.23814907100729918
181 0.03881393616391185 -0.7295119539988679 0.6839680613689162
182 0.06469527664577082 -0.8769196070458776 -0.4806370801119112
183 0.028854572873785622 -0.34685864577448955 0.9379174163280514
184 0.03354693776105841 0.9822204445537048 0.1877311862763416
185 0.03156759775328206 0.9888363017124767 -0.14900593416234048
186 0.0871921651781099 0.8064316177036773 -0.591327359393957
187 0.040373191320635306 -0.9998262636268571 -0.01863981121037562
188 0.07332884548331799 0.3159613559584271 -0.9487720598441504
189 0.033805062766942395 0.18754415691360166 -0.9822561729037728
190 0.041050211057384656 -0.48154116600656066 0.8764234738076349
191 0.10333266016977596 -0.9439237048273772 0.33016365557850014
192 0.09849036057106016 0.8561055031369009 -0.5168010908451274
193 0.07706807255763487 -0.8600788500081393 -0.510161123341123
194 0.05213071920898886 0.9831378839550234 -0.18286580088261126
195 0.03339398377273588 -0.9975687991798972 0.06968852777020074
196 0.047207146920533585 0.3110426583117902 -0.9503959515435316
197 0.07539548175016837 -0.7348917439589048 0.6781844326295314
198 0.05502262580848987 0.2672730128298969 0.9636208469168929
199 0.10257658361092274 0.0007673529937125349 -0.9999997055846482
200 0.11292677927020159 0.5039464920658987 0.8637348743303556
201 0.15816378895250696 -0.755261414055974 0.6554236770503264
202 0.06039428287863073 -0.21902120935822858 0.9757200981076791
203 0.10333629335729344 -0.6587734397033166 -0.7523413820477115
204 0.027774677712319024 -0.5148583569652009 -0.8572752604986883
205 0.08301198281376795 -0.012696026831069213 0.99991940220335
206 0.1216188200494561 0.7229703820738433 -0.6908790246085063
207 0.007796690704305262 -0.8606167645500182 -0.5092531635399611
208 0.03040278020813228 -0.9865872672540816 -0.16323469022276912
209 0.043943443043313074 0.8767035487031327 0.4810310672829083
210 0.037573970500319596 -0.3813956778917971 -0.9244118870316719
211 0.08473932080758761 0.9824257370398102 -0.18665388075736794
212 0.06471927512480728 0.6092789221210172 -0.792955985574894
213 0.06275480610612001 0.9924082075125648 0.12298759962572704
214 0.09551796222949573 0.423699554608239 -0.9058027861652778
215 0.046846559338193254 0.9275193108029579 -0.37377523739221413
216 0.09638148095326549 0.8280970564183584 -0.5605847528708305
217 0.047150566178163635 -0.28893416833692126 -0.9573489679147577
218 0.05654827251893745 0.5823840956410052 0.8129137501263024
219 0.037243658247287134 0.6667908089691584 0.7452449376374557
220 0.05752718109363228 0.6223838797643505 0.7827121477334272
221 0.057617785424732657 0.14890052847393428 -0.9888521793575534
222 0.07061515987696404 0.9967890144130052 0.08007284649336398
223 0.05401217560581833 0.8747830984996969 0.4845147372157729
224 0.04981792503039623 -0.9998773311143885 0.01566278147608474
