1681
0 208 320 8.233022209331944e-05
1 64 155 0.03760755111172991
2 204 205 5.842355742399669e-05
3 63 292 0.029768462693186334
4 374 381 0.09547839130532107
5 136 155 4.193357380740404e-05
6 21 24 0.013200282214802583
7 221 307 0.00010570321696859958
8 86 394 0.055198192405708196
9 321 322 0.036414845741086235
10 13 57 0.09962839107241435
11 2 191 0.07130935797849428
12 88 90 0.00023281382601656885
13 40 43 0.008398148021540697
14 74 75 0.016385167180092055
15 176 263 0.07858822059194943
16 182 183 0.03276845760451525
17 211 212 0.0002407225539384791
18 235 342 0.051044046937233585
19 99 192 0.062124628702317164
20 298 299 0.012888587288854156
21 343 345 0.044795218232780126
22 224 332 0.00029643901329557353
23 25 26 0.08749019181444116
24 8 399 0.026716164761592418
25 19 22 0.057088355602349664
26 23 91 0.1017806090097598
27 201 270 0.04208832288862814
28 213 216 0.025735075721952393
29 50 130 6.261330616985492e-05
30 328 329 0.013960199351620484
31 171 294 0.07986530619264186
32 279 332 0.05911353089206567
33 243 244 0.024677050817288677
34 6 108 0.01048914087096283
35 14 240 7.229440216211402e-05
36 338 386 0.05344385384116731
37 297 361 0.030989138265409135
38 356 364 0.00019996494417948342
39 359 360 0.0563473208627038
40 179 246 0.00010833774688221782
41 177 310 0.012599088639101603
42 71 301 0.00015658007121838584
43 339 343 0.03646680397761546
44 274 275 0.06176039207885444
45 17 197 0.08927408342519884
46 305 306 0.00016926006894413508
47 159 321 0.00019211776932732003
48 360 361 0.09916185594922898
49 32 33 0.03580667999301374
50 392 393 0.03933673976488881
51 166 334 0.05502881166833479
52 256 262 5.718732696450647e-05
53 110 203 8.61544469469641e-05
54 11 124 0.013366850480907558
55 306 307 6.900804117428797e-05
56 33 103 0.07004989548159148
57 110 212 0.00026935233460116534
58 164 165 0.013907325186252742
59 284 314 6.006556139535955e-05
60 219 236 0.009169396408516777
61 87 89 0.0001879564292201138
62 187 339 0.019708330351020032
63 68 129 0.01594068822237069
64 296 364 0.07614040224643866
65 195 196 0.015819376466621283
66 0 9 0.04926804072366954
67 45 261 6.377268104151315e-05
68 111 276 0.07141539241606588
69 356 359 0.00011920079783765229
70 28 31 3.4771108682059954e-07
71 224 225 0.00024325798422196966
72 45 138 0.034953182654353335
73 128 155 0.06768285293535821
74 170 293 0.05468603973415499
75 117 202 6.933579862232373e-05
76 256 257 0.00011275398202277965
77 30 102 0.03372846062320195
78 14 350 0.000216042114695255
79 41 43 0.12934482453663904
80 40 137 0.029280452274743886
81 353 383 0.00023373376178107523
82 52 267 0.04437694583779541
83 80 81 0.07288772359124361
84 287 288 0.09662775266340103
85 2 144 0.06079475598326223
86 318 328 0.0678649586361893
87 42 125 0.093740890089257
88 31 32 0.015110776725407659
89 106 341 0.008891497520587465
90 70 72 0.04556675150718398
91 170 192 0.02232125108846945
92 126 128 0.00026130944341202724
93 157 261 0.027192256469698906
94 233 276 0.00018413211149006896
95 6 342 0.00021080583191498555
96 58 59 0.06317469486665894
97 113 209 0.05858396441975447
98 359 377 0.00017607399540162284
99 177 324 0.03894045660089247
100 206 321 0.057563480655361106
101 91 183 0.013682451259175365
102 203 211 0.00018209205213513393
103 22 93 0.06660758955715232
104 37 388 0.08921015683364816
105 268 305 0.050561081576552154
106 87 88 0.00020880413962032156
107 133 135 0.014323720759809724
108 68 128 0.04685799754505259
109 325 327 0.00013898657084384283
110 146 255 0.06703107453823279
111 0 1 0.011253467055957348
112 226 370 0.016069384703907258
113 52 288 0.050920393976703754
114 355 366 0.0001676919532006249
115 228 323 0.01958678299154197
116 77 79 0.007135071251400556
117 65 66 0.11726179497663532
118 125 375 0.03950281352920049
119 221 305 0.00020871070854390763
120 70 92 0.07414736229539566
121 53 125 0.11569107670126116
122 56 283 0.00013202765755074438
123 85 275 0.054507008174217546
124 69 219 0.0608941894682642
125 54 204 0.06426418859112745
126 94 95 0.05154707943338924
127 373 392 0.048067176291023236
128 111 390 0.03437282632010646
129 177 178 0.013050925081173963
130 313 399 0.026803513255694994
131 210 230 0.00020449887930989424
132 362 382 0.09230853769105411
133 16 97 0.020877463383155263
134 13 15 0.11352436496160499
135 349 350 0.033362957511863356
136 33 173 0.028550091254058295
137 13 20 0.11936450841458661
138 222 250 0.04235133536258335
139 293 294 0.03761035624016751
140 153 154 0.05668478127966229
141 142 154 0.06579780173809897
142 156 280 0.007369196516018728
143 350 351 0.00012688202978480468
144 225 263 0.0011431901345461159
145 226 229 0.06764249671630272
146 73 81 0.0072981236438111954
147 252 254 0.10486649990094778
148 237 238 0.0001803881044631086
149 369 390 0.016360384614099225
150 277 385 0.10469490259592983
151 10 238 0.013931316583583361
152 215 228 0.06787480020166912
153 48 49 7.257582361260818e-05
154 212 389 0.05193437669789133
155 304 308 0.032099342174707265
156 268 269 0.020064662504457056
157 202 205 9.903137434172404e-05
158 237 344 0.02656387409774745
159 66 178 0.08677164288659353
160 220 303 0.00022377393213226802
161 357 393 0.11108210016014794
162 27 120 0.08673953689944139
163 10 12 0.00010697865901651659
164 117 160 0.08994510809479975
165 87 189 0.13604470791979384
166 138 140 3.1023391627448946e-05
167 36 372 0.00015809865097639027
168 340 388 0.06780721285172697
169 285 316 0.00010372561316527619
170 129 194 0.022526429670228994
171 181 241 0.03034259467148183
172 166 168 0.05917849513861823
173 59 115 0.10486812169843164
174 150 365 0.03175729549177148
175 278 319 0.06305228203653467
176 100 101 0.024628230411482068
177 308 309 0.05227508815752778
178 232 273 0.05079158595274424
179 114 223 0.04479229506975653
180 142 144 0.0001363978720906675
181 21 59 0.06398524273596874
182 4 5 0.01082921173870691
183 44 258 0.008899701601527928
184 41 136 0.03212772556323501
185 242 328 0.03520046352406769
186 217 391 0.06935917813854986
187 254 263 5.993465020614149e-05
188 369 389 0.04354163749860706
189 246 310 0.03680766854700412
190 26 27 0.023708590191343717
191 358 379 0.016278266018144093
192 76 77 0.12763796154452947
193 12 40 0.02383584057972897
194 112 210 0.0003120695842105224
195 361 381 0.023723641886006012
196 112 217 0.06536337465482203
197 364 377 0.00013508211466162892
198 236 284 0.00014861075458131966
199 250 286 0.04153118340004835
200 84 165 0.06470519106728857
201 30 171 0.046110630614586735
202 19 72 0.014981812669338202
203 79 86 0.04001115016043709
204 82 83 0.04389932869589239
205 116 158 0.03306039844770429
206 214 249 0.08380811533963274
207 55 288 0.14402723888629773
208 246 279 0.044880616215286946
209 180 239 0.0560558459246301
210 330 339 0.04259330645485144
211 119 168 0.03546287937931763
212 264 266 0.08668377262645287
213 199 235 0.07945503276276761
214 206 299 0.0637595799424115
215 135 259 0.01531022109097646
216 285 315 0.00015701397014033963
217 131 132 0.08395729437904433
218 34 35 0.09106646168505518
219 60 61 0.02240271271697163
220 120 169 0.04004347008143837
221 104 107 0.000205130897962471
222 82 184 0.020811504059816282
223 187 289 0.040595483340923534
224 234 324 0.1118915148764397
225 272 358 0.027402380191065737
226 235 385 0.00018460522698139387
227 37 195 0.018288366367096163
228 196 197 0.06412210793801824
229 71 382 0.00011924360885715774
230 78 81 0.011927412264336109
231 158 159 0.050859978155671316
232 39 121 0.05629053729720022
233 62 245 0.09052387598706238
234 282 283 0.00022161295799288816
235 107 108 0.00017232308708211308
236 57 163 0.005249345812398369
237 347 376 0.042933397139460476
238 123 269 0.04939819443417775
239 89 90 0.00013448953510308595
240 41 126 0.04660112176720129
241 172 173 2.315864496075187e-05
242 124 270 0.021515033658831832
243 20 85 0.013091993748152054
244 267 289 0.07573246439881379
245 148 149 0.02956784994200749
246 345 346 0.010188705576715865
247 134 145 0.0818132069022773
248 140 157 0.011688840441678805
249 162 286 0.00017272377945856028
250 24 74 0.05309539799417471
251 34 104 0.01879363496667991
252 64 179 0.04492475950449942
253 218 329 0.06945749021437624
254 272 380 0.00027213296205062944
255 46 175 0.06004628806697875
256 127 129 7.79103930953365e-05
257 149 363 6.05795172661308e-05
258 365 368 0.00020832353766323832
259 159 228 0.02353875978509666
260 21 23 0.037783417158543636
261 109 266 0.07596411878870545
262 57 167 0.0248467268772024
263 223 286 0.009960244800182304
264 337 338 6.984642942102765e-07
265 60 172 0.04800158027244462
266 319 320 0.02504513535030795
267 48 232 0.006683322564434879
268 301 371 0.0001337376332549622
269 20 88 0.08706006502775697
270 169 267 0.005647153576480705
271 314 330 0.00024394468664339018
272 398 399 0.03607871422989893
273 249 287 0.02735271784431495
274 265 320 0.03413087917555397
275 113 118 0.003975352340990707
276 344 345 0.055995600271584754
277 271 273 3.420913936839848e-05
278 326 327 0.00014303108385489905
279 130 255 0.00028459399210932257
280 394 396 0.09031883760840868
281 29 31 0.02752421632892033
282 375 376 0.09112851940830939
283 300 356 0.08327726168481782
284 36 105 0.07382158822461124
285 131 256 0.03261731122859022
286 113 216 0.01649567937045728
287 241 315 0.037137843069745685
288 213 348 0.0634954891217603
289 160 223 0.06965052365072064
290 75 78 5.3633224160772504e-05
291 220 222 6.139209980452039e-05
292 42 43 0.01144751166137404
293 147 153 0.00022993326034374687
294 70 384 0.049076333536396476
295 96 97 0.04828125003280922
296 208 336 0.008266560175613722
297 51 255 0.00016408992482270292
298 174 303 0.00026717372355737314
299 37 198 0.016195314626873472
300 143 146 0.07602755769457575
301 47 231 0.0013846884281898172
302 171 297 0.0592648189938377
303 198 200 0.0001224411642964876
304 45 53 0.052197597711395136
305 308 355 0.04834571365399523
306 229 333 0.013364519239343741
307 5 385 0.051045643079884684
308 65 114 0.050957731684528634
309 9 233 0.07953978843529089
310 239 240 0.06979024164285785
311 67 68 0.08585982775164537
312 242 386 0.052551146249886924
313 185 186 0.019912886299384824
314 234 298 0.014640170755875237
315 371 382 0.00018032703061287927
316 147 148 0.06367706608208289
317 28 311 0.011904997155996093
318 23 73 0.03852190508731365
319 243 378 0.050230855816978386
320 134 135 0.08219192454396752
321 231 232 0.00010180795600025706
322 141 193 0.0719037111661573
323 268 309 0.07376112103075459
324 260 262 0.0001833807167422458
325 178 179 0.0399328259971359
326 269 292 0.07180211824077837
327 2 152 0.06630829533621917
328 26 94 0.07812928918856259
329 78 79 0.027410922994996235
330 151 154 0.027656255466760957
331 161 162 0.07587498898551714
332 67 175 0.03975095003446589
333 126 127 0.05610123148644122
334 69 343 0.009441117638754834
335 47 244 0.08250298101519997
336 133 392 0.09254193078148686
337 76 387 0.00023081594010299108
338 18 63 0.06703877886191907
339 207 208 0.023188962875845903
340 110 111 0.05655016060143493
341 227 384 0.03624249635179898
342 367 371 0.09574104460831846
343 71 72 0.04744127409291951
344 90 274 0.004425116019434478
345 168 244 0.07407086342727304
346 378 380 0.03425286454610404
347 50 396 0.06214414363057435
348 191 192 0.04181958078907119
349 24 27 0.06300606936279861
350 102 103 0.0003580683220646039
351 295 296 0.02924578128813749
352 184 185 0.019590992099696197
353 276 299 0.04259421246722236
354 137 252 0.00013213020645694943
355 292 383 0.06303706592849498
356 287 291 0.04366281072752468
357 325 326 0.0001668884316403647
358 143 145 0.00031550833560777176
359 0 7 0.05116257366748222
360 198 199 0.00014605044324621181
361 211 327 0.03746002471669551
362 355 383 0.00011858768888003275
363 160 161 0.00027999069465585176
364 91 93 0.02366218028103885
365 190 191 0.07168359604625292
366 119 389 0.07718936643378739
367 122 301 0.04825035032934583
368 243 352 0.07810205123587433
369 162 245 0.05632625644787543
370 15 96 0.05566297685254833
371 3 99 0.11215587614741764
372 247 331 0.04511965798654772
373 274 365 0.028742143737293505
374 277 278 0.08821490509057194
375 98 100 0.011960224279062511
376 174 306 0.00015603684281016524
377 296 357 0.006208436377880845
378 236 330 0.0002202826024221241
379 11 12 0.011561299211569728
380 92 186 0.032754068682777235
381 136 156 0.03332267396459955
382 123 250 0.022445487372720584
383 95 188 0.04005992833874533
384 3 4 0.018809830083147686
385 378 379 0.006481326323664546
386 5 6 0.00022555795168429664
387 331 336 0.029250036750998538
388 56 312 8.586662992248076e-05
389 284 285 0.05545837200263519
390 119 230 0.06953064644538687
391 137 251 0.00012706815869555782
392 80 83 0.00021254940311054692
393 363 368 0.036364363871787715
394 17 317 0.05304559034414784
395 121 264 0.019772049494097704
396 203 322 0.05248999272358277
397 11 237 0.003338947789614457
398 174 175 0.056210943374111436
399 337 391 0.03682993957911533
400 17 181 0.007766801658561576
401 138 139 0.10238438714463689
402 29 98 0.012396103290501304
403 69 201 0.0681515581284063
404 10 42 0.026239067515317172
405 116 214 0.08411940091479973
406 163 165 0.08833965245910012
407 84 85 0.085964939863541
408 48 60 0.06328078285087578
409 166 167 0.09705480441765615
410 38 207 0.010484971535373944
411 139 194 8.05553685600067e-05
412 150 151 0.08677897219656486
413 251 252 0.00018966421734138182
414 207 324 0.06012793191563523
415 46 373 0.054525449167117164
416 300 304 0.03826249516129756
417 190 295 8.168819629785369e-05
418 164 227 0.0717228013722167
419 146 257 0.06386013602497768
420 132 395 0.06517532991809939
421 62 63 0.0644354272550625
422 363 372 0.0381165216924169
423 230 335 0.0001557566585932763
424 249 348 0.02530030462704979
425 180 181 0.09993627595523469
426 142 143 0.0001465162777985648
427 39 176 0.04326398565746134
428 290 314 0.054056942482790096
429 157 258 0.012581216530568456
430 103 273 0.00018910609382146042
431 226 227 0.017569401036547493
432 315 316 0.000245969635406405
433 18 122 0.014165593468280396
434 89 368 0.030335136260420933
435 258 259 0.010219398175880932
436 352 374 0.0007106811280646957
437 316 317 0.00018321755415787977
438 105 106 0.00036868262572672657
439 109 196 0.023269046484256446
440 353 366 0.00011284949320355557
441 259 260 0.05778268532425651
442 289 290 0.020298683733533763
443 362 384 0.0025671105310019118
444 115 120 0.014005197064727566
445 149 150 0.00959140964692627
446 346 347 0.040009605327834305
447 18 19 0.05711816712450109
448 25 75 0.02160936490161123
449 121 247 0.02216866862333883
450 233 234 0.04486996755259405
451 290 291 0.10750839325984617
452 7 38 0.12637106975740936
453 225 248 8.474839972145693e-05
454 189 388 0.01962959746713175
455 98 170 0.10261142711433917
456 49 369 0.077039298378817
457 264 265 0.048193980679321166
458 35 152 0.00035038632974338185
459 36 148 0.014161836796803535
460 53 131 0.008319300869355188
461 209 210 0.06496274466458883
462 9 61 0.01996950019820174
463 281 357 0.009802428715191833
464 167 333 0.007321221139684263
465 183 186 5.211210359901887e-06
466 294 377 0.07842801723154395
467 370 374 0.08516149915135486
468 4 107 7.204476838199993e-05
469 109 200 0.014442182448656367
470 362 370 0.03821383207067728
471 54 66 0.07285000313944623
472 241 242 0.09895209541910918
473 55 58 0.04400986906834147
474 238 347 0.05725618369350567
475 116 161 0.0778969031770053
476 65 67 0.046498297611566194
477 187 188 0.03689958403591492
478 95 169 0.06661306930039558
479 38 319 0.006156243152778961
480 112 335 0.0003458926587835458
481 340 372 0.06374330591145455
482 16 195 0.09333644136696123
483 35 147 0.00013674961755595158
484 83 86 0.06943110797317648
485 118 218 0.03159403919302439
486 22 58 0.10475694302381387
487 215 216 0.05825114515443525
488 302 367 0.038560774317737787
489 275 394 0.10748149931213594
490 163 229 0.0178572363592373
491 32 313 0.00015815922419409715
492 190 281 0.028228981319833656
493 310 336 0.06991283728203043
494 338 351 0.041524607636456774
495 282 312 0.00018580385564285926
496 311 313 0.005531786627694848
497 55 62 0.08519693555259174
498 158 202 0.03505790854168376
499 1 398 0.00020749287942620697
500 395 397 0.00023962792462658741
501 293 295 0.05023459038929287
502 240 351 0.00018829211732805475
503 73 74 5.566168060339342e-05
504 96 239 0.00015186294185596337
505 102 271 0.00026763331523004766
506 80 182 0.05372960744413196
507 50 51 0.0002586393740482026
508 323 325 0.031346316476531244
509 173 398 7.487755692143107e-05
510 28 100 0.02785886010740488
511 104 105 2.8390437720638186e-05
512 164 185 0.06908882150347495
513 396 397 0.03064585771676313
514 334 349 0.10416664102190254
515 122 353 0.07582094255471947
516 271 272 0.05420153209264446
517 7 8 0.006852057184825031
518 29 30 0.06721139795228288
519 300 302 0.02235527065089226
520 127 139 0.022532628356484216
521 214 215 0.03241768918075482
522 8 56 0.0409159991192097
523 25 77 0.015876691681384034
524 54 298 0.040217064672361386
525 176 201 0.0882560687939229
526 1 172 0.0001645097144285883
527 114 220 0.04579647248209415
528 124 251 0.03937932505927557
529 219 317 0.05058782262220432
530 329 354 0.05509529596851875
531 51 151 0.11057790941058007
532 247 248 0.07562347484361688
533 270 344 0.006141940879622614
534 379 381 0.027299522253195155
535 118 217 0.055092820042417286
536 333 352 0.09156844052936189
537 140 141 0.010393584630061445
538 302 366 0.05645161665186115
539 334 335 0.051103952351718225
540 44 141 0.017411643719726592
541 193 194 0.04557802890657662
542 221 222 0.0002485473790093323
543 213 218 0.001094675419068433
544 279 280 0.0001287062969291934
545 304 393 0.0471109423119599
546 253 254 0.0011080070313826838
547 209 326 0.060822315687239836
548 311 312 0.05261170982900264
549 354 391 0.025001744139367107
550 47 49 0.005990604734063079
551 340 341 0.032980046763958944
552 76 397 0.00018113141814838458
553 199 200 0.0001516634478019352
554 144 145 0.00019426522245195556
555 257 260 0.00026796458940513184
556 309 373 0.0370481985159946
557 341 342 0.0031741358871928828
558 3 34 0.0001332084397145952
559 134 281 0.07554472710799767
560 387 395 0.00014829793406998556
561 97 189 0.09741009062521604
562 92 93 0.0001410714704125002
563 278 283 0.09146132491867026
564 188 346 0.051855024476363934
565 248 332 6.427338979522172e-05
566 291 318 0.016468755999371972
567 46 193 0.059379733188692704
568 99 101 0.08779930820017932
569 261 262 0.035081088289155696
570 297 358 0.018492856786747492
571 354 386 0.00012117015500235749
572 52 115 0.02489975651763132
573 337 349 0.015045431964997625
574 82 84 0.05435236170388207
575 205 206 0.02625036065979028
576 101 282 0.0605113715038358
577 130 132 0.02459353093537973
578 266 277 0.015582947139149197
579 224 253 5.24098272401437e-05
580 152 153 0.00013524711619534454
581 61 390 0.0418575401362094
582 231 380 0.050527044608427385
583 360 367 0.05673434340840361
584 182 184 0.00011482656502422011
585 117 204 0.00011657259999756683
586 322 323 0.00012139432758242936
587 44 133 0.016001609000629777
588 106 108 0.000152495688546908
589 265 331 9.82958716750187e-05
590 94 376 0.06322488895158018
591 14 15 0.028168070364316757
592 123 245 0.005229139504513533
593 318 348 0.03369839206866794
594 156 253 0.05556253926130635
595 303 307 0.00038982236893593487
596 39 197 0.10132996888676189
597 375 387 0.08944540297335075
598 64 280 0.00010018546299010215
599 16 180 0.009318874246598132
