1696
0 208 320 0.0003134570597720584
1 64 155 0.03755950285506267
2 204 205 0.0002075803902168102
3 63 292 0.029463469043406843
4 374 381 0.09590646972982704
5 136 155 0.00025437960456456665
6 21 24 0.012824249859132376
7 221 307 0.0003715130446289559
8 86 394 0.05540190273424081
9 321 322 0.0363475355334597
10 13 57 0.10007407545264392
11 2 191 0.07153419441406314
12 88 90 3.556901460140914e-05
13 40 43 0.008202604860655254
14 74 75 0.016189266254784323
15 176 263 0.07840773453317945
16 182 183 0.03258881710960266
17 211 212 0.00015717593813966796
18 235 342 0.05126964114322532
19 99 192 0.06196342841729042
20 298 299 0.012509689592971244
21 343 345 0.0449786126965282
22 224 332 0.00015651377099827618
23 25 26 0.08759533234434592
24 8 399 0.026465660836958595
25 19 22 0.057353596863971026
26 23 91 0.10212631790049845
27 201 270 0.042164999206067845
28 213 216 0.025316281086875076
29 50 130 3.42141765512675e-05
30 328 329 0.01362318608431746
31 171 294 0.08016069943789848
32 279 332 0.05902883953022313
33 243 244 0.024680397396350175
34 6 108 0.010016950488929468
35 14 240 0.00010997445833871964
36 338 386 0.0533445331137125
37 297 361 0.030406382776260323
38 356 364 0.00035247169860758235
39 359 360 0.05595846920662303
40 179 246 1.5737238033519512e-05
41 177 310 0.012347745120652029
42 71 301 0.00014773772920824522
43 339 343 0.03631016976394756
44 274 275 0.061896462312538814
45 17 197 0.08961759809524365
46 305 306 7.056706285477896e-05
47 159 321 0.0002553964548588814
48 360 361 0.09983645812302862
49 32 33 0.03585470001547793
50 392 393 0.03939734517772374
51 166 334 0.05516443842224092
52 256 262 6.282914074255809e-05
53 110 203 0.00027692316478520717
54 11 124 0.012780409978700545
55 306 307 0.0004017351759714695
56 33 103 0.07024623434517395
57 110 212 0.00026799921986053315
58 164 165 0.013561078113211684
59 284 314 0.00013004712373533426
60 219 236 0.008736739572066658
61 87 89 2.6967296014571346e-05
62 187 339 0.019831328125460804
63 68 129 0.015894903114974414
64 296 364 0.07634486700398381
65 195 196 0.015496050994267874
66 0 9 0.04948298099457767
67 45 261 5.5551880592377e-05
68 111 276 0.07140001860548528
69 356 359 0.00045699143393591597
70 28 31 9.378685298563808e-05
71 224 225 4.9366280433709594e-05
72 45 138 0.03474245381545221
73 128 155 0.06775667620528732
74 170 293 0.0549258690905797
75 117 202 0.0002610563541444426
76 256 257 8.676143541788518e-05
77 30 102 0.033788235037081546
78 14 350 0.0001909861993925409
79 41 43 0.12969013598204404
80 40 137 0.028754594982772264
81 353 383 0.00015145811042229635
82 52 267 0.04395860935223722
83 80 81 0.07295774758581666
84 287 288 0.09743066828627084
85 2 144 0.06063288319951425
86 318 328 0.06819432727544113
87 42 125 0.09430783929951182
88 31 32 0.014933488837680095
89 106 341 0.008512245303828813
90 70 72 0.04566476973201536
91 170 192 0.022055293906612317
92 126 128 0.00021608753948645947
93 157 261 0.02718575110110736
94 233 276 0.00014237228530317004
95 6 342 0.00018671957252702854
96 58 59 0.06331607655678263
97 113 209 0.05877096775456905
98 359 377 0.00044512046394987707
99 177 324 0.0389118276664944
100 206 321 0.05756901302895222
101 91 183 0.013518254287490565
102 203 211 0.00010157013465855298
103 22 93 0.06667652787460918
104 37 388 0.0891660057564635
105 268 305 0.05047575638252514
106 87 88 6.363591408019159e-06
107 133 135 0.013663011951508795
108 68 128 0.046975522292574644
109 325 327 0.00014137158074314932
110 146 255 0.06701479559987587
111 0 1 0.01085464050387658
112 226 370 0.01552897157878366
113 52 288 0.051019374260177455
114 355 366 0.0001020578420364816
115 228 323 0.019482169484059914
116 77 79 0.006839524503727311
117 65 66 0.11764082506226209
118 125 375 0.039024272971763266
119 221 305 0.00015513314051896707
120 70 92 0.07437824102995227
121 53 125 0.11629301828771997
122 56 283 0.00044435597080405326
123 85 275 0.054006065808272254
124 69 219 0.06089944148175117
125 54 204 0.0639842593303581
126 94 95 0.05126604000640069
127 373 392 0.047998304802716066
128 111 390 0.034427074532066934
129 177 178 0.012846513007535644
130 313 399 0.026874922911948363
131 210 230 0.00016780223776422342
132 362 382 0.09242924987933644
133 16 97 0.020421776038278477
134 13 15 0.11388246067070114
135 349 350 0.03337233813291679
136 33 173 0.02829859886240892
137 13 20 0.1195974175540941
138 222 250 0.04224194647567801
139 293 294 0.03761274338921585
140 153 154 0.05662459611317445
141 142 154 0.06579778950878579
142 156 280 0.00716023013603867
143 350 351 0.0001692309841354586
144 225 263 0.000864449464132366
145 226 229 0.06792446437805365
146 73 81 0.007206178263520241
147 252 254 0.10531611128382774
148 237 238 0.000135377878137615
149 369 390 0.016248812542070744
150 277 385 0.10479572115596095
151 10 238 0.013752047685791524
152 215 228 0.06796592601729132
153 48 49 0.00021917289635287263
154 212 389 0.051816926040009724
155 304 308 0.031992723754708706
156 268 269 0.019802200107468887
157 202 205 0.00029721805171103
158 237 344 0.02627837750367605
159 66 178 0.08718421881384224
160 220 303 0.0002597336558381132
161 357 393 0.11130995554536786
162 27 120 0.08692138810381751
163 10 12 9.733245606406303e-05
164 117 160 0.09001652561624202
165 87 189 0.13632020676331216
166 138 140 2.4782513205772713e-05
167 36 372 0.00025592975904497765
168 340 388 0.0680633066076764
169 285 316 0.00028085041055535796
170 129 194 0.022294192609157482
171 181 241 0.030136402438650317
172 166 168 0.05881365888566742
173 59 115 0.10483595377630009
174 150 365 0.031847404952411576
175 278 319 0.06301066103988837
176 100 101 0.024365127608048303
177 308 309 0.052358415797962694
178 232 273 0.05068308802032432
179 114 223 0.04470471198450975
180 142 144 2.3278764387011996e-05
181 21 59 0.06427200832493601
182 4 5 0.010207449558065535
183 44 258 0.008295915152812316
184 41 136 0.031995330814439095
185 242 328 0.03482347010244895
186 217 391 0.06938033064183721
187 254 263 0.0002981277371760918
188 369 389 0.043750690507140796
189 246 310 0.03669979592998069
190 26 27 0.023247058091024043
191 358 379 0.015795479953859683
192 76 77 0.12826381055121597
193 12 40 0.023580125326859276
194 112 210 0.00028736806857108395
195 361 381 0.023360643996529526
196 112 217 0.06545086536975647
197 364 377 0.0002445329321470728
198 236 284 4.128801775922986e-05
199 250 286 0.04139810706676397
200 84 165 0.06460631878999094
201 30 171 0.04612491284540404
202 19 72 0.014698854357485707
203 79 86 0.039978392194531774
204 82 83 0.04379119165568663
205 116 158 0.032672372078113424
206 214 249 0.08426941912012935
207 55 288 0.14389645352578592
208 246 279 0.044895983019448665
209 180 239 0.055812649313598875
210 330 339 0.042503882871285634
211 119 168 0.0354665745132808
212 264 266 0.08713916587131978
213 199 235 0.07968704093503479
214 206 299 0.06386931602790025
215 135 259 0.015010503646876217
216 285 315 0.0001621642171913573
217 131 132 0.08423651910146408
218 34 35 0.09137239605790513
219 60 61 0.022314545320147237
220 120 169 0.039944390171278765
221 104 107 0.00017964529509758353
222 82 184 0.020620333702893998
223 187 289 0.040311605826894754
224 234 324 0.11263368210768915
225 272 358 0.027327719763798594
226 235 385 0.00018426121375613393
227 37 195 0.01803500953162482
228 196 197 0.06450319387468087
229 71 382 0.0003076916644412616
230 78 81 0.011799825300742924
231 158 159 0.05087387712099884
232 39 121 0.05644475310220269
233 62 245 0.09076283559490417
234 282 283 0.00040394605179222917
235 107 108 0.0001798096299902763
236 57 163 0.004996985723161821
237 347 376 0.04299781317878758
238 123 269 0.04938961339691205
239 89 90 1.1374656734389787e-05
240 41 126 0.04672327529944647
241 172 173 0.00024043278843613924
242 124 270 0.02138571686768367
243 20 85 0.012786972262654185
244 267 289 0.07615078524527567
245 148 149 0.029435426577432266
246 345 346 0.009987404714584902
247 134 145 0.08181738839710499
248 140 157 0.011352715816326124
249 162 286 0.00021559711364480636
250 24 74 0.05278776435961363
251 34 104 0.018545810759427687
252 64 179 0.044921897553016274
253 218 329 0.06963729028939908
254 272 380 2.958153208822151e-05
255 46 175 0.060130060912285475
256 127 129 0.00011815770785609706
257 149 363 2.8182421727431893e-06
258 365 368 0.0001788595172205441
259 159 228 0.023384787873205824
260 21 23 0.037441134700105294
261 109 266 0.07623982697574572
262 57 167 0.024399486892832077
263 223 286 0.009669738537132377
264 337 338 1.3864612354757804e-05
265 60 172 0.047894513370002924
266 319 320 0.024887451183306736
267 48 232 0.006431554906967584
268 301 371 0.00013702747425193917
269 20 88 0.0872143827634021
270 169 267 0.005165211455495465
271 314 330 7.430282230188985e-05
272 398 399 0.03589213206492049
273 249 287 0.027393516677438976
274 265 320 0.034045360852909004
275 113 118 0.0036894223931730557
276 344 345 0.05636727217197662
277 271 273 9.712887324976905e-05
278 326 327 0.0001677612968976601
279 130 255 0.00011243006220980673
280 394 396 0.09055819157931753
281 29 31 0.027267764669774586
282 375 376 0.09129946599864829
283 300 356 0.08327963556829948
284 36 105 0.07371547770317867
285 131 256 0.032409919912590325
286 113 216 0.01622850609403814
287 241 315 0.03700959120708368
288 213 348 0.06382958368302999
289 160 223 0.06990906010776164
290 75 78 0.00020663875596398389
291 220 222 0.00011292218069094653
292 42 43 0.011275762131575339
293 147 153 7.238461805430812e-05
294 70 384 0.04921714686103619
295 96 97 0.04834569501628754
296 208 336 0.008269199997826611
297 51 255 4.958948325627457e-05
298 174 303 0.0002317453356535536
299 37 198 0.015920268956382055
300 143 146 0.07627079281194941
301 47 231 0.0013063233719340104
302 171 297 0.059279982080382605
303 198 200 0.0001737500666540127
304 45 53 0.05216076083429975
305 308 355 0.048322974316999924
306 229 333 0.013114520874484652
307 5 385 0.051330335710678104
308 65 114 0.050893876869504105
309 9 233 0.07999367644911512
310 239 240 0.0696062922965864
311 67 68 0.08605966665605753
312 242 386 0.05221218785128205
313 185 186 0.019767359318720663
314 234 298 0.014477093930369951
315 371 382 0.00033410250272536656
316 147 148 0.06372463218637767
317 28 311 0.011718346992139184
318 23 73 0.03816749629146729
319 243 378 0.05025739398996158
320 134 135 0.08279915809219507
321 231 232 9.962663011962077e-05
322 141 193 0.07243072098725938
323 268 309 0.07396256897739378
324 260 262 0.00020059696009971226
325 178 179 0.039711694823663185
326 269 292 0.07206994535573395
327 2 152 0.0663601197212544
328 26 94 0.078584069976729
329 78 79 0.02710699129978352
330 151 154 0.027346310602590313
331 161 162 0.07593763609307637
332 67 175 0.0393732524129412
333 126 127 0.056242396343848665
334 69 343 0.008857220709857642
335 47 244 0.08236393396119915
336 133 392 0.09314489762201233
337 76 387 5.107612868706778e-05
338 18 63 0.06729457513152955
339 207 208 0.022677767549667625
340 110 111 0.05654339656648818
341 227 384 0.03603324271106623
342 367 371 0.09602219311961259
343 71 72 0.04720828978825546
344 90 274 0.004088468695166431
345 168 244 0.07449676272083941
346 378 380 0.03388181523554583
347 50 396 0.06224340052184055
348 191 192 0.041979953227381815
349 24 27 0.06307321911192795
350 102 103 0.00016207267160592298
351 295 296 0.02889672132895072
352 184 185 0.019509511945342742
353 276 299 0.04245726038175732
354 137 252 0.00019024644058513742
355 292 383 0.06301504798631773
356 287 291 0.042697206193935695
357 325 326 0.00014174947228998424
358 143 145 4.9597942942218976e-05
359 0 7 0.051002694124805216
360 198 199 0.00015186388109329074
361 211 327 0.03739051181009138
362 355 383 0.00015113229880858698
363 160 161 7.576602482379702e-05
364 91 93 0.02366674445699359
365 190 191 0.0716985170029243
366 119 389 0.07720659820169778
367 122 301 0.048052876042764696
368 243 352 0.07828769177052967
369 162 245 0.05608172774461594
370 15 96 0.05553821500047566
371 3 99 0.11276174363508941
372 247 331 0.04494722952121716
373 274 365 0.02873907503570582
374 277 278 0.08852205071290271
375 98 100 0.01173127968057566
376 174 306 0.00037543916066860286
377 296 357 0.00599204458460504
378 236 330 0.00021718761494893472
379 11 12 0.011528974817324069
380 92 186 0.032641732226406345
381 136 156 0.03331331459149232
382 123 250 0.022211830850664666
383 95 188 0.040196803937005615
384 3 4 0.018578947413531187
385 378 379 0.0063762457299324895
386 5 6 3.780396117487974e-05
387 331 336 0.029172456855764292
388 56 312 0.00011607499967489065
389 284 285 0.0552680358475785
390 119 230 0.06951902470586412
391 137 251 0.00012927924195041906
392 80 83 0.0002575071683981754
393 363 368 0.03638687580704424
394 17 317 0.052974742224582795
395 121 264 0.019571443980097664
396 203 322 0.05222768850397444
397 11 237 0.003188108605555103
398 174 175 0.05622765908869911
399 337 391 0.03684765042095322
400 17 181 0.007413854353609037
401 138 139 0.10272269140315567
402 29 98 0.012169400183499214
403 69 201 0.0684130564802296
404 10 42 0.025862289565359943
405 116 214 0.08440252114049122
406 163 165 0.08863412828520473
407 84 85 0.08661954966584381
408 48 60 0.06345679807708365
409 166 167 0.09784557645323629
410 38 207 0.010547383611159873
411 139 194 0.00010280609932355019
412 150 151 0.08693482400680086
413 251 252 0.0001295650199784009
414 207 324 0.060198192796464454
415 46 373 0.05461030737999633
416 300 304 0.038156294908803845
417 190 295 0.0001809267735587532
418 164 227 0.07197861560815526
419 146 257 0.06408391586373309
420 132 395 0.065212638366036
421 62 63 0.06426901293392254
422 363 372 0.03796639499110403
423 230 335 0.00015033306648691574
424 249 348 0.024763538863474068
425 180 181 0.10051318531061836
426 142 143 0.00010305516091457239
427 39 176 0.04324900348081488
428 290 314 0.05402460024966672
429 157 258 0.01243075068386101
430 103 273 0.00022103862932933014
431 226 227 0.01731109805383674
432 315 316 0.0001501135635295711
433 18 122 0.013731606555153228
434 89 368 0.030240797404504624
435 258 259 0.010057729669667692
436 352 374 0.00011444646812735284
437 316 317 0.00022366984848897064
438 105 106 0.0003706020202436894
439 109 196 0.022929649737251045
440 353 366 0.0001674957720335709
441 259 260 0.057779396114202776
442 289 290 0.020314900249258656
443 362 384 0.002042176171582063
444 115 120 0.013600316207275318
445 149 150 0.009461286942605248
446 346 347 0.03985476060724189
447 18 19 0.057165552573518984
448 25 75 0.021140553907709338
449 121 247 0.021811932237191255
450 233 234 0.044519046999584394
451 290 291 0.10816426280590458
452 7 38 0.12705980488009935
453 225 248 0.00010319087643967368
454 189 388 0.019540210686914652
455 98 170 0.10303172868471355
456 49 369 0.07723553792658482
457 264 265 0.04787299911859686
458 35 152 0.0003699567862406815
459 36 148 0.01414306717003198
460 53 131 0.007860456119707128
461 209 210 0.06484791966031853
462 9 61 0.019593569190925482
463 281 357 0.009708787862367934
464 167 333 0.006989182382045045
465 183 186 4.407029545173701e-05
466 294 377 0.07825651827689831
467 370 374 0.08573587938907588
468 4 107 0.00037829313819028103
469 109 200 0.014134584378623052
470 362 370 0.03815274050706647
471 54 66 0.07311495587074085
472 241 242 0.09975750053839427
473 55 58 0.04380479811520291
474 238 347 0.05742901669993908
475 116 161 0.07824260012221271
476 65 67 0.04637591972275272
477 187 188 0.03683583554741578
478 95 169 0.06673113909341531
479 38 319 0.005685106826622363
480 112 335 0.00014332020479538175
481 340 372 0.06348445730818236
482 16 195 0.0937803913454793
483 35 147 0.0001318330064071539
484 83 86 0.0693650438455294
485 118 218 0.03125019406274505
486 22 58 0.10488861325560021
487 215 216 0.05866547230429735
488 302 367 0.038314413969372005
489 275 394 0.10781795154373139
490 163 229 0.01748020530687018
491 32 313 0.0001002353308408246
492 190 281 0.027788023411580594
493 310 336 0.06991639136390868
494 338 351 0.04140615225033477
495 282 312 6.292143312243473e-05
496 311 313 0.005472930006810049
497 55 62 0.0859416245663491
498 158 202 0.03476849207937638
499 1 398 0.0002602126996841761
500 395 397 1.3781495227789868e-05
501 293 295 0.0501832068788639
502 240 351 0.00033043557723521895
503 73 74 0.00017094707936056143
504 96 239 3.505683576864748e-05
505 102 271 2.187118140357891e-05
506 80 182 0.0535467936001849
507 50 51 0.000168379228760063
508 323 325 0.03142300546663686
509 173 398 1.3722877821050912e-05
510 28 100 0.027596515787051402
511 104 105 0.00011888623784748997
512 164 185 0.0692341984040316
513 396 397 0.030410839720687574
514 334 349 0.10429963233974965
515 122 353 0.07592157113802894
516 271 272 0.05439360081512172
517 7 8 0.0066279030115025265
518 29 30 0.06757672469213263
519 300 302 0.022343372949985885
520 127 139 0.022270304294141674
521 214 215 0.031765390376964756
522 8 56 0.04062162593686831
523 25 77 0.01577924179966175
524 54 298 0.0402073197214371
525 176 201 0.0887766243248068
526 1 172 6.39067136091432e-05
527 114 220 0.04533613998285703
528 124 251 0.039295219351910514
529 219 317 0.05071453286018058
530 329 354 0.05494697298984784
531 51 151 0.11092423808702583
532 247 248 0.0758505895043171
533 270 344 0.005515743395481726
534 379 381 0.027045284568587836
535 118 217 0.055156701870143675
536 333 352 0.09192760840192404
537 140 141 0.009930907360993342
538 302 366 0.056373733725349505
539 334 335 0.05089821084840941
540 44 141 0.017181625102434848
541 193 194 0.045506072236257945
542 221 222 0.0002583879761612593
543 213 218 0.0008290015965698382
544 279 280 0.00017246742935599443
545 304 393 0.04714087181363236
546 253 254 0.0009397395374434273
547 209 326 0.06106789617627074
548 311 312 0.05219025712321873
549 354 391 0.024800108556244534
550 47 49 0.00579535960499391
551 340 341 0.032813449375860476
552 76 397 0.00011303290806035236
553 199 200 0.00017540077573968853
554 144 145 0.00016021342226182347
555 257 260 0.0002824589130000196
556 309 373 0.03703692435087109
557 341 342 0.002947620673541159
558 3 34 0.0002343866791413472
559 134 281 0.07580911859818094
560 387 395 0.00010870992392205812
561 97 189 0.09767688799170307
562 92 93 4.779108852171905e-05
563 278 283 0.09159389566489845
564 188 346 0.051920892560914894
565 248 332 8.694782401722733e-05
566 291 318 0.01660163976695099
567 46 193 0.05943691047201217
568 99 101 0.08799811035172393
569 261 262 0.03486467575608312
570 297 358 0.01840515758110651
571 354 386 3.5734943573151504e-06
572 52 115 0.024527914567432203
573 337 349 0.014871805253207894
574 82 84 0.05426967072514008
575 205 206 0.025989535928414468
576 101 282 0.060254326546366456
577 130 132 0.024380650705501213
578 266 277 0.01531198683040928
579 224 253 0.00023200286497354839
580 152 153 0.000262580348806023
581 61 390 0.04202027005701521
582 231 380 0.05075496650167587
583 360 367 0.05696510923576144
584 182 184 7.972300529588478e-05
585 117 204 0.000280495708093173
586 322 323 0.0001284761276194082
587 44 133 0.01592377032181789
588 106 108 4.156325386018111e-05
589 265 331 0.0002518158915559892
590 94 376 0.06327725792130627
591 14 15 0.028164995983868686
592 123 245 0.004870301536106289
593 318 348 0.033154523201683106
594 156 253 0.05546109043790986
595 303 307 0.0002224025495717756
596 39 197 0.10159841866552613
597 375 387 0.08983938135083894
598 64 280 0.00012311082080046425
599 16 180 0.009294309366665822
