1704
0 208 320 0.00018702546467332508
1 64 155 0.037519958369320365
2 204 205 0.00028145565633029676
3 63 292 0.02930089095333072
4 374 381 0.09607515669645765
5 136 155 0.00010012992495827474
6 21 24 0.012625182648466047
7 221 307 0.00037660118036064537
8 86 394 0.05551007535150932
9 321 322 0.03629955508903436
10 13 57 0.10031166751598686
11 2 191 0.07165377120432773
12 88 90 0.00029935296734333685
13 40 43 0.008097884318300054
14 74 75 0.016099372354350258
15 176 263 0.07841875712896569
16 182 183 0.03247167857162825
17 211 212 0.00033740792901870524
18 235 342 0.051426660462140734
19 99 192 0.061878348005020775
20 298 299 0.012309726397808075
21 343 345 0.04507612798706766
22 224 332 0.00021343294289695078
23 25 26 0.08765050936514174
24 8 399 0.026330266158334368
25 19 22 0.057496168105227764
26 23 91 0.10230835586430033
27 201 270 0.042205724352229745
28 213 216 0.025093222468557563
29 50 130 8.672140928285123e-05
30 328 329 0.013443971054058958
31 171 294 0.08031892326169128
32 279 332 0.058924782372068114
33 243 244 0.024681413090394937
34 6 108 0.009748397991846158
35 14 240 8.964900289993344e-05
36 338 386 0.053228017671283594
37 297 361 0.030096412443483656
38 356 364 3.982721450546362e-05
39 359 360 0.05603909787908345
40 179 246 3.781310266081958e-05
41 177 310 0.012214835596611169
42 71 301 3.8407940361743626e-05
43 339 343 0.03622670294317285
44 274 275 0.06196860224287707
45 17 197 0.08979977593381416
46 305 306 9.304745097239988e-05
47 159 321 4.730043687541309e-05
48 360 361 0.10019596832177556
49 32 33 0.035857544862958585
50 392 393 0.03943007571173586
51 166 334 0.05523629202208964
52 256 262 0.0001428560622302425
53 110 203 0.00017678947902958063
54 11 124 0.012472150502633126
55 306 307 0.000287273445503579
56 33 103 0.07036934356254335
57 110 212 0.00027617685569108715
58 164 165 0.013376614711433142
59 284 314 0.0001709437467578897
60 219 236 0.008495484516574376
61 87 89 0.00026615492857327974
62 187 339 0.019897016256245424
63 68 129 0.015818684531664847
64 296 364 0.07636417954699291
65 195 196 0.015323511601077908
66 0 9 0.049598161843208505
67 45 261 5.4539179805170604e-05
68 111 276 0.07139994611084474
69 356 359 2.058682481380078e-05
70 28 31 8.588309936919754e-05
71 224 225 0.0002718766154415003
72 45 138 0.03461746885500449
73 128 155 0.06786371853173045
74 170 293 0.055053891604879494
75 117 202 0.00021273529829229617
76 256 257 0.00011282022460346642
77 30 102 0.0336206297001549
78 14 350 0.00027419887659475373
79 41 43 0.12987151803789734
80 40 137 0.028511112538369954
81 353 383 0.0001332386304059491
82 52 267 0.04373608818232886
83 80 81 0.07305152997676409
84 287 288 0.09785928457950875
85 2 144 0.060498210763579745
86 318 328 0.0683694777474454
87 42 125 0.09460922938248043
88 31 32 0.01482645920146711
89 106 341 0.00836473074127106
90 70 72 0.04571780316028587
91 170 192 0.02191357741969968
92 126 128 4.299361389495804e-05
93 157 261 0.027191594735785987
94 233 276 8.779948252668673e-05
95 6 342 7.410780717094445e-05
96 58 59 0.06339137405350273
97 113 209 0.05887101763424212
98 359 377 4.3934877520373386e-05
99 177 324 0.03889553247162813
100 206 321 0.057616157410189384
101 91 183 0.013402096539825074
102 203 211 7.751666107081158e-05
103 22 93 0.0666230387225649
104 37 388 0.0891432118915784
105 268 305 0.05047817938636274
106 87 88 0.0001691932800426815
107 133 135 0.013311410129755147
108 68 128 0.04705124974077153
109 325 327 0.0001411677576624
110 146 255 0.06680038016474181
111 0 1 0.01071859113722438
112 226 370 0.015241709093116151
113 52 288 0.05107244224278805
114 355 366 0.00016158911455985616
115 228 323 0.019470179910221194
116 77 79 0.006681665429535934
117 65 66 0.11784234510017408
118 125 375 0.038769820753441264
119 221 305 0.00016855879747250887
120 70 92 0.07441051710888301
121 53 125 0.11661255601689119
122 56 283 0.00025069978982826215
123 85 275 0.05374024687901685
124 69 219 0.06090246977425866
125 54 204 0.06383549587827796
126 94 95 0.05111622689431817
127 373 392 0.04796155241499033
128 111 390 0.03445662029548635
129 177 178 0.012740454595773778
130 313 399 0.026890428871353338
131 210 230 0.00013830857840888502
132 362 382 0.09278241654929185
133 16 97 0.02017944849611293
134 13 15 0.11407188362617833
135 349 350 0.03338389669791452
136 33 173 0.028157478726608204
137 13 20 0.11972105646632807
138 222 250 0.042137555166505296
139 293 294 0.0376131006576155
140 153 154 0.05659938347108517
141 142 154 0.0655990816372149
142 156 280 0.007083673216504944
143 350 351 1.567794964198494e-05
144 225 263 0.0007149173366749996
145 226 229 0.06807457101654656
146 73 81 0.0071613127259805755
147 252 254 0.10568821974040003
148 237 238 2.787136254974693e-05
149 369 390 0.01618969821403699
150 277 385 0.10485521179288952
151 10 238 0.013689849958819224
152 215 228 0.06801375652536013
153 48 49 0.0002624036748872249
154 212 389 0.051662020938775276
155 304 308 0.03193668786828351
156 268 269 0.019662003246988205
157 202 205 6.827077558761955e-05
158 237 344 0.026168603992308973
159 66 178 0.08740251988466276
160 220 303 0.00021992805390741034
161 357 393 0.11143102676759618
162 27 120 0.08701923342279176
163 10 12 0.0001351503860429493
164 117 160 0.09008826069027369
165 87 189 0.13644661387370807
166 138 140 0.0001136779461239977
167 36 372 6.113842859751502e-05
168 340 388 0.06819749771463056
169 285 316 0.00028173559448593674
170 129 194 0.022150329896705442
171 181 241 0.030027746175996736
172 166 168 0.05861981686535199
173 59 115 0.1048191045803631
174 150 365 0.031894979089135585
175 278 319 0.06298800776765831
176 100 101 0.024224381010608736
177 308 309 0.052402394412094586
178 232 273 0.050609206439106366
179 114 223 0.04465456949579578
180 142 144 0.0002704092419726918
181 21 59 0.06442392414179116
182 4 5 0.009955207243788438
183 44 258 0.007974728742782718
184 41 136 0.03196807165641133
185 242 328 0.03462501530225157
186 217 391 0.06939001383055834
187 254 263 4.354991141993117e-05
188 369 389 0.04386132056648964
189 246 310 0.03665070148263272
190 26 27 0.02300020358232667
191 358 379 0.015540322667406643
192 76 77 0.12848651058047506
193 12 40 0.023383184758948808
194 112 210 0.0001581059547335029
195 361 381 0.02316646211963579
196 112 217 0.06547643885537809
197 364 377 2.076424892306958e-05
198 236 284 3.27028401432667e-05
199 250 286 0.0413640824749554
200 84 165 0.06455413431503768
201 30 171 0.04613385875699108
202 19 72 0.014547505338666453
203 79 86 0.03996189330209089
204 82 83 0.043742545164360935
205 116 158 0.03246709732001968
206 214 249 0.08451481989802025
207 55 288 0.14382696815084153
208 246 279 0.04491422835777142
209 180 239 0.05569061815042658
210 330 339 0.04248723882468869
211 119 168 0.035467967646735744
212 264 266 0.08738023498170891
213 199 235 0.07981004228167021
214 206 299 0.0639255385234034
215 135 259 0.01485069277383477
216 285 315 0.0001621232551675411
217 131 132 0.08438430243793098
218 34 35 0.0915748541376122
219 60 61 0.022268076443430554
220 120 169 0.039891205415390055
221 104 107 8.628572035485012e-05
222 82 184 0.02052443638955649
223 187 289 0.04016106655798653
224 234 324 0.11302810207055605
225 272 358 0.02725926207563068
226 235 385 0.00013087304317343726
227 37 195 0.017899966518149787
228 196 197 0.064706696795709
229 71 382 6.407281738226983e-05
230 78 81 0.011737749243301104
231 158 159 0.05092523876248797
232 39 121 0.05652576632938305
233 62 245 0.09088850101758124
234 282 283 0.00021883429340437976
235 107 108 0.00028307105596419804
236 57 163 0.004862196827797758
237 347 376 0.04303153068366244
238 123 269 0.049384522962260986
239 89 90 0.00043231871859183925
240 41 126 0.04681560842163198
241 172 173 0.00022111135249629161
242 124 270 0.021317239159153612
243 20 85 0.012625235912250512
244 267 289 0.07637380334258792
245 148 149 0.029354557549621782
246 345 346 0.009880813582008905
247 134 145 0.08167066155047056
248 140 157 0.011161646056248616
249 162 286 8.084736884539377e-06
250 24 74 0.05263117462501586
251 34 104 0.018467191395332334
252 64 179 0.04494415365333044
253 218 329 0.06973282934511042
254 272 380 4.049388335828971e-06
255 46 175 0.06017390597171835
256 127 129 0.00012409112700952765
257 149 363 0.0001994321246246558
258 365 368 7.153536817898303e-05
259 159 228 0.023329250560824237
260 21 23 0.037261202772749365
261 109 266 0.07638761279045447
262 57 167 0.024160903219080442
263 223 286 0.009573072826435637
264 337 338 0.00016133244206487332
265 60 172 0.047939953461581496
266 319 320 0.02483864107944645
267 48 232 0.006298049967689138
268 301 371 0.0001113334333806665
269 20 88 0.08716121111364651
270 169 267 0.004908539779692997
271 314 330 5.782759818144328e-05
272 398 399 0.035836298910014566
273 249 287 0.027414442884792143
274 265 320 0.034066392965391455
275 113 118 0.0035370703928069413
276 344 345 0.05656460161108949
277 271 273 8.02275015067721e-05
278 326 327 0.00016730923866235508
279 130 255 0.00025965872986063657
280 394 396 0.09068596585932566
281 29 31 0.02714114245077245
282 375 376 0.09139039409814384
283 300 356 0.08348747584445596
284 36 105 0.07381965489347093
285 131 256 0.03222682581009997
286 113 216 0.01608543990575233
287 241 315 0.036901621274727216
288 213 348 0.0640076456884456
289 160 223 0.0700493337572801
290 75 78 0.0002933481019939297
291 220 222 9.914330449476242e-05
292 42 43 0.011185072519757916
293 147 153 0.00013182488424359979
294 70 384 0.04929208004948468
295 96 97 0.0483851261533492
296 208 336 0.008323549958438493
297 51 255 0.0002443324382444802
298 174 303 0.00037060161211584263
299 37 198 0.015772271862676802
300 143 146 0.07630448860784166
301 47 231 0.0012549034326684591
302 171 297 0.05928700573388414
303 198 200 0.00014750528955365151
304 45 53 0.05215035516114994
305 308 355 0.048305717262879105
306 229 333 0.012981781285193523
307 5 385 0.051401796295133695
308 65 114 0.05086001263644303
309 9 233 0.08024290983733968
310 239 240 0.06961081249005331
311 67 68 0.08616604289785855
312 242 386 0.0519632088573217
313 185 186 0.01966913139161703
314 234 298 0.014392537123924918
315 371 382 0.00014631591556187103
316 147 148 0.06368480722526247
317 28 311 0.011627081790467855
318 23 73 0.03798414754608532
319 243 378 0.05027022524034049
320 134 135 0.08312211941853154
321 231 232 0.00010136105177094733
322 141 193 0.07271289995956859
323 268 309 0.07407002959913166
324 260 262 0.00011628886948175081
325 178 179 0.03959734263202438
326 269 292 0.0722131430840888
327 2 152 0.06655014944934223
328 26 94 0.07882663273361526
329 78 79 0.026955778273044153
330 151 154 0.027181556985681945
331 161 162 0.07601751595078265
332 67 175 0.03917219190011954
333 126 127 0.05624904000597235
334 69 343 0.00854684844164212
335 47 244 0.08228935513017675
336 133 392 0.09346636414005995
337 76 387 0.0003091244826100866
338 18 63 0.06743119549908994
339 207 208 0.022438221692713957
340 110 111 0.05663659464277144
341 227 384 0.035921565696047784
342 367 371 0.09619574544997529
343 71 72 0.047145316058725545
344 90 274 0.0037458139548464534
345 168 244 0.07472345397203996
346 378 380 0.033659384712076204
347 50 396 0.062219717898757285
348 191 192 0.042065925566164314
349 24 27 0.06310770399296542
350 102 103 4.445807880447544e-05
351 295 296 0.02871443129114198
352 184 185 0.01946881181771681
353 276 299 0.04238819305952642
354 137 252 0.000190099714297095
355 292 383 0.06301272402515842
356 287 291 0.042183143484277826
357 325 326 0.00014156077479970526
358 143 145 0.00013658733229346114
359 0 7 0.05091645436260613
360 198 199 0.00012406531813013028
361 211 327 0.03724809236888168
362 355 383 0.00021587801024580705
363 160 161 9.209581576350189e-05
364 91 93 0.023638637971207313
365 190 191 0.07171394974721541
366 119 389 0.07721654259471672
367 122 301 0.04815425338818196
368 243 352 0.0783156597660364
369 162 245 0.05596455029474789
370 15 96 0.055477438728623936
371 3 99 0.11315861493672998
372 247 331 0.044904052435727586
373 274 365 0.028738030907282924
374 277 278 0.08868350355325852
375 98 100 0.011610778739193353
376 174 306 0.0004335894005170491
377 296 357 0.005877592900433612
378 236 330 0.00012582590023714593
379 11 12 0.011471070938145495
380 92 186 0.03252191747261803
381 136 156 0.03332007130254878
382 123 250 0.022089538081927967
383 95 188 0.04026966693755109
384 3 4 0.018571920594101034
385 378 379 0.006323386923391622
386 5 6 2.9447218499194352e-05
387 331 336 0.02914497954408261
388 56 312 0.00013665581592714408
389 284 285 0.055244040422939594
390 119 230 0.06943774507432471
391 137 251 0.00012925059905526568
392 80 83 3.731411177028051e-05
393 363 368 0.03636437067972172
394 17 317 0.05288931881946111
395 121 264 0.01946724453411716
396 203 322 0.05225638998220729
397 11 237 0.0031214429595753327
398 174 175 0.05610731433815672
399 337 391 0.03683992397013433
400 17 181 0.007228274512643705
401 138 139 0.10293476201612954
402 29 98 0.012050731296574572
403 69 201 0.06855255177505236
404 10 42 0.025617738253014468
405 116 214 0.08455205365097458
406 163 165 0.08879141825856035
407 84 85 0.08696822838342277
408 48 60 0.0635668599205736
409 166 167 0.09826684075092706
410 38 207 0.01058394957685548
411 139 194 6.828536950516251e-05
412 150 151 0.0870178957294605
413 251 252 0.00012942292441024954
414 207 324 0.06023274104314047
415 46 373 0.0546561130496856
416 300 304 0.03810012487783919
417 190 295 0.00020460883306210493
418 164 227 0.07211449752626596
419 146 257 0.06416578721678766
420 132 395 0.06515071544737175
421 62 63 0.06418039094676363
422 363 372 0.03792425929042977
423 230 335 0.00011144033634187024
424 249 348 0.024477159356264967
425 180 181 0.10081814498328542
426 142 143 0.0003242806027750453
427 39 176 0.043240361215707936
428 290 314 0.05396841912889539
429 157 258 0.012348882209766102
430 103 273 0.00020530705897505445
431 226 227 0.017173823738184768
432 315 316 0.00015086910693469166
433 18 122 0.013500470204689193
434 89 368 0.029933717782304765
435 258 259 0.009971170945747473
436 352 374 0.00019399655334207275
437 316 317 0.0002235811535403874
438 105 106 0.00025083511855663687
439 109 196 0.022748604630693076
440 353 366 7.730209097465997e-05
441 259 260 0.05781169522491661
442 289 290 0.0203237734616282
443 362 384 0.0017624180548385803
444 115 120 0.013384382768775406
445 149 150 0.009359474178700372
446 346 347 0.039772338467914004
447 18 19 0.057190222694699214
448 25 75 0.020898011858628954
449 121 247 0.021623139508579976
450 233 234 0.044335671418039534
451 290 291 0.10851313528595762
452 7 38 0.12742633307447793
453 225 248 8.192455629485526e-05
454 189 388 0.019492621011131767
455 98 170 0.10325465333814669
456 49 369 0.07733800130386932
457 264 265 0.04774489838062034
458 35 152 0.0002760817440228276
459 36 148 0.014169294167654594
460 53 131 0.007618074011687501
461 209 210 0.06472007446770586
462 9 61 0.01939345598133852
463 281 357 0.009659830727487348
464 167 333 0.006811818085354643
465 183 186 0.00023252414456046352
466 294 377 0.07816855794443309
467 370 374 0.08595286817544984
468 4 107 0.0001244708508766034
469 109 200 0.013980713048129537
470 362 370 0.038118790146668066
471 54 66 0.07325621380616316
472 241 242 0.10018412442784294
473 55 58 0.04369509862459441
474 238 347 0.057536861871079745
475 116 161 0.0784339785095947
476 65 67 0.04631011458763781
477 187 188 0.03680128977301859
478 95 169 0.06679402687779479
479 38 319 0.005435991157597702
480 112 335 0.00013261700244809337
481 340 372 0.06337166025447276
482 16 195 0.0940165273879519
483 35 147 0.0002794034094988683
484 83 86 0.06937659361909268
485 118 218 0.03106668066000123
486 22 58 0.10495850810134737
487 215 216 0.05888636195017149
488 302 367 0.03818370830385363
489 275 394 0.10799597698171715
490 163 229 0.017279174057676448
491 32 313 0.00015351762909807717
492 190 281 0.027555589298125942
493 310 336 0.06991379184931167
494 338 351 0.04138338396653204
495 282 312 0.0001725127032161087
496 311 313 0.005427219933856177
497 55 62 0.08633858120993872
498 158 202 0.03482502835152298
499 1 398 0.0002207704843669313
500 395 397 0.00029854381638279553
501 293 295 0.05016435366372373
502 240 351 0.00023609518326247501
503 73 74 0.00020037954521722053
504 96 239 8.419399427888596e-05
505 102 271 0.00014601886740791024
506 80 182 0.05349293493449965
507 50 51 0.00012929283711313826
508 323 325 0.03140314920031029
509 173 398 0.00037078771397166957
510 28 100 0.027467505275611363
511 104 105 8.079948309624658e-05
512 164 185 0.0693108948077926
513 396 397 0.03023708819725858
514 334 349 0.10436810962797469
515 122 353 0.07611598260127528
516 271 272 0.054377391861777966
517 7 8 0.006508534380680731
518 29 30 0.0677695454481183
519 300 302 0.022336402513547876
520 127 139 0.02214967397209042
521 214 215 0.031418573403826075
522 8 56 0.0405316569926707
523 25 77 0.015728017947710067
524 54 298 0.04020247548945169
525 176 201 0.08905373050598936
526 1 172 1.8134380470468342e-05
527 114 220 0.04516789044537521
528 124 251 0.03921287115549981
529 219 317 0.050830504558055455
530 329 354 0.05478159937938484
531 51 151 0.11109581837148999
532 247 248 0.07589458790726163
533 270 344 0.0051832130551050905
534 379 381 0.026908959095432824
535 118 217 0.05519059210831475
536 333 352 0.09202204877969145
537 140 141 0.009653719871805985
538 302 366 0.05644296731694466
539 334 335 0.050612495130264015
540 44 141 0.01705859072918376
541 193 194 0.04552214842152294
542 221 222 0.0002340517051178661
543 213 218 0.0006876198804110037
544 279 280 0.00017246060905474385
545 304 393 0.04715620859987334
546 253 254 0.0007653938931406147
547 209 326 0.06119832940663942
548 311 312 0.05195441018189989
549 354 391 0.02463236984081438
550 47 49 0.0057036333150030745
551 340 341 0.03272630780840392
552 76 397 7.12710180178752e-05
553 199 200 0.0001535560130616665
554 144 145 0.0002132120848828476
555 257 260 0.00026231553305256964
556 309 373 0.037030853353975365
557 341 342 0.0028481177292180083
558 3 34 4.905252842859884e-05
559 134 281 0.07594986785157469
560 387 395 6.044511871367979e-05
561 97 189 0.09781862963514129
562 92 93 0.00022136743562206016
563 278 283 0.09189181647180908
564 188 346 0.05195611929346407
565 248 332 0.00020182269531401816
566 291 318 0.016672218948232887
567 46 193 0.05946713800011908
568 99 101 0.08810396209673434
569 261 262 0.03469696630962901
570 297 358 0.0183573351748553
571 354 386 0.0003148002549996344
572 52 115 0.024329577831431626
573 337 349 0.01474542878828864
574 82 84 0.054224723977972934
575 205 206 0.025982277859443088
576 101 282 0.060111249016707946
577 130 132 0.02420870481253392
578 266 277 0.015167530016957764
579 224 253 5.025144421699489e-05
580 152 153 7.380535511453869e-05
581 61 390 0.042107552781587725
582 231 380 0.050833914034157664
583 360 367 0.057088321700668146
584 182 184 3.633623177584715e-05
585 117 204 0.0004591963658002724
586 322 323 0.00013267557926032787
587 44 133 0.015881600083178796
588 106 108 7.148409091066018e-05
589 265 331 0.00016807217595884506
590 94 376 0.06330603526012886
591 14 15 0.028059324053239125
592 123 245 0.004682207650362251
593 318 348 0.03286531051207282
594 156 253 0.05549232425364997
595 303 307 0.00021083877971777302
596 39 197 0.10174141634945495
597 375 387 0.08993066321335448
598 64 280 0.00012333903585058108
599 16 180 0.009283614521267254
