1706
0 208 320 5.557194341302486e-05
1 64 155 0.0375017544609085
2 204 205 0.000106279334194887
3 63 292 0.029260308139368262
4 374 381 0.09613258417735591
5 136 155 0.00026177034117480887
6 21 24 0.012575587176768037
7 221 307 0.00041557132174790224
8 86 394 0.05553722070625115
9 321 322 0.03622948668748998
10 13 57 0.10037105518331854
11 2 191 0.07168356859737487
12 88 90 0.00016865472931234014
13 40 43 0.008071640730115794
14 74 75 0.016116844500364994
15 176 263 0.07838816972721795
16 182 183 0.032424131448653394
17 211 212 0.0001885005335919255
18 235 342 0.05139373164461515
19 99 192 0.06185711050337974
20 298 299 0.01225978967418932
21 343 345 0.04510047456060247
22 224 332 0.000364479082421714
23 25 26 0.08766350632988704
24 8 399 0.026295631306828195
25 19 22 0.05753200346475262
26 23 91 0.1023529952376496
27 201 270 0.04221588565023033
28 213 216 0.025037489779034257
29 50 130 6.211940712686117e-05
30 328 329 0.013399532906153358
31 171 294 0.08035835282680123
32 279 332 0.05888672166006829
33 243 244 0.024681484946650897
34 6 108 0.009629756815212494
35 14 240 0.00031868667659123057
36 338 386 0.05325055343478132
37 297 361 0.030019014140265872
38 356 364 2.4785312412347837e-05
39 359 360 0.055808485294486516
40 179 246 0.00014425152764994292
41 177 310 0.012181518175265527
42 71 301 0.00010152730839370533
43 339 343 0.03620587040327479
44 274 275 0.061983225005114856
45 17 197 0.0898452116358113
46 305 306 0.00013512331702947422
47 159 321 0.00029653221972058923
48 360 361 0.10028568640961619
49 32 33 0.03587219426866447
50 392 393 0.039438301919275554
51 166 334 0.055254087112681836
52 256 262 4.910632153113454e-05
53 110 203 0.00028192448323790577
54 11 124 0.012393878724382471
55 306 307 0.0001868618313758834
56 33 103 0.0703845116571433
57 110 212 6.661597885621639e-05
58 164 165 0.01333052137538395
59 284 314 0.00023213673402235627
60 219 236 0.008433203228155446
61 87 89 0.00015152527932898638
62 187 339 0.019913423940657985
63 68 129 0.01584311355535758
64 296 364 0.07633252732033166
65 195 196 0.015280366016280227
66 0 9 0.049627685124573225
67 45 261 0.0002542711851086925
68 111 276 0.07142406706501132
69 356 359 0.0002654182103230391
70 28 31 0.000286129474730017
71 224 225 0.0002321294523437293
72 45 138 0.034586444980559
73 128 155 0.06783834317369855
74 170 293 0.05508592138455091
75 117 202 9.892169991875644e-05
76 256 257 9.194324459092484e-05
77 30 102 0.03351373457378155
78 14 350 0.0003507852922115818
79 41 43 0.1299167410266824
80 40 137 0.02845000446082111
81 353 383 0.00011878606231823228
82 52 267 0.04368052187769332
83 80 81 0.07300299306796482
84 287 288 0.0979664811508375
85 2 144 0.06044945184880173
86 318 328 0.06841321069007879
87 42 125 0.09468448323028252
88 31 32 0.014795103947831605
89 106 341 0.008289835844000996
90 70 72 0.04573120505593874
91 170 192 0.021878161910584035
92 126 128 9.194429381658521e-05
93 157 261 0.027171773121292982
94 233 276 2.589387765655884e-05
95 6 342 0.0003203071350741248
96 58 59 0.06341018688385817
97 113 209 0.05889598435803512
98 359 377 0.00036957579443560977
99 177 324 0.0388913455701747
100 206 321 0.057570738032881694
101 91 183 0.013409404823890716
102 203 211 7.363492762661797e-05
103 22 93 0.06665822271629313
104 37 388 0.08913767269267041
105 268 305 0.050520899822126715
106 87 88 0.00021035366282415858
107 133 135 0.013223594469902308
108 68 128 0.047059177808110295
109 325 327 0.00014139948692699051
110 146 255 0.06694936597603884
111 0 1 0.010571578954078995
112 226 370 0.015170091692638528
113 52 288 0.05108573896971779
114 355 366 0.0002538110067602433
115 228 323 0.019496668415385682
116 77 79 0.006642654556032902
117 65 66 0.1178926552475409
118 125 375 0.03870609951166814
119 221 305 0.000266139956353719
120 70 92 0.07446782165701367
121 53 125 0.11669241380607573
122 56 283 8.805536104350074e-05
123 85 275 0.05367393957735145
124 69 219 0.0609024225857526
125 54 204 0.0639712425836573
126 94 95 0.051078781487681336
127 373 392 0.047952362457394426
128 111 390 0.03446405260589576
129 177 178 0.012714038405433593
130 313 399 0.026909785442416803
131 210 230 9.94309682945708e-05
132 362 382 0.09273604620096902
133 16 97 0.020118909137427827
134 13 15 0.11411935171940915
135 349 350 0.03338221762401963
136 33 173 0.028228351124397602
137 13 20 0.1197518363688335
138 222 250 0.042159882637188346
139 293 294 0.03761327492794639
140 153 154 0.05647201816889415
141 142 154 0.06577138983306388
142 156 280 0.007064764744488943
143 350 351 2.1488469733871078e-05
144 225 263 0.0006652227073946905
145 226 229 0.068112075883738
146 73 81 0.0071675430882184735
147 252 254 0.10564392166670443
148 237 238 0.0002033707992791046
149 369 390 0.016175103343823334
150 277 385 0.10491795171300791
151 10 238 0.01361618123411814
152 215 228 0.06802606821914371
153 48 49 6.83837877204978e-05
154 212 389 0.051753048535536875
155 304 308 0.03192267003875848
156 268 269 0.019626761268579047
157 202 205 0.00015061612874924063
158 237 344 0.0260461550871149
159 66 178 0.08745708828188388
160 220 303 0.0002927193164318012
161 357 393 0.11146123977712263
162 27 120 0.0870437878538448
163 10 12 0.00010726073824002423
164 117 160 0.09018612519149606
165 87 189 0.13629355980186314
166 138 140 9.029420067173544e-05
167 36 372 0.00031350897537481883
168 340 388 0.06823096730639827
169 285 316 0.00028205168231092555
170 129 194 0.022132801064631138
171 181 241 0.030000717345846917
172 166 168 0.05857143485054564
173 59 115 0.10481492539882535
174 150 365 0.03190505270419792
175 278 319 0.0629824637507116
176 100 101 0.024189579998221574
177 308 309 0.05241342930328997
178 232 273 0.05063606211192569
179 114 223 0.04464169224346008
180 142 144 4.2780319635368426e-05
181 21 59 0.06446179062696965
182 4 5 0.009897524814156627
183 44 258 0.007894515864606601
184 41 136 0.031927902252593524
185 242 328 0.03457607609336821
186 217 391 0.06939171497474601
187 254 263 0.0003090545943356221
188 369 389 0.04388885186148038
189 246 310 0.036626269846263076
190 26 27 0.022938413103738668
191 358 379 0.0154768386071083
192 76 77 0.1285466263557113
193 12 40 0.023388056040821444
194 112 210 7.807998910925457e-05
195 361 381 0.023117788602329343
196 112 217 0.06556433749523381
197 364 377 0.0002850090301345776
198 236 284 5.635542717875359e-05
199 250 286 0.041309647470766715
200 84 165 0.06454114713699788
201 30 171 0.04613616253881768
202 19 72 0.014509620571694358
203 79 86 0.03995715437973244
204 82 83 0.04371953695585426
205 116 158 0.03241609024075328
206 214 249 0.08457610259392075
207 55 288 0.14380962528919555
208 246 279 0.04491309680973696
209 180 239 0.05563342602968813
210 330 339 0.04241087183847118
211 119 168 0.035468254433202534
212 264 266 0.08744034983721799
213 199 235 0.07989088981856227
214 206 299 0.06393999418109844
215 135 259 0.01481083480521979
216 285 315 0.00016200612100141632
217 131 132 0.08442110230642665
218 34 35 0.09160434566134326
219 60 61 0.02225679086376421
220 120 169 0.03987787209453804
221 104 107 0.0001348042862440505
222 82 184 0.020444662178989666
223 187 289 0.04012352362941697
224 234 324 0.11312670691710756
225 272 358 0.027208273923594473
226 235 385 8.271431597074892e-05
227 37 195 0.017866137035876337
228 196 197 0.06475760118201504
229 71 382 9.345267562795865e-05
230 78 81 0.011742317138131626
231 158 159 0.05088333895279841
232 39 121 0.056545885779978135
233 62 245 0.09091972944238128
234 282 283 9.188405888490141e-05
235 107 108 0.0002780689933430056
236 57 163 0.0048284786995517305
237 347 376 0.04303982386498344
238 123 269 0.049383191752195285
239 89 90 0.00016918409307823017
240 41 126 0.046817362871041705
241 172 173 0.0001954645721874441
242 124 270 0.021300211942796587
243 20 85 0.012584988410695061
244 267 289 0.07642954795856509
245 148 149 0.029347234028907414
246 345 346 0.009854248093354471
247 134 145 0.08175277051692692
248 140 157 0.011123978761757755
249 162 286 0.00023522711137810958
250 24 74 0.05261381103612771
251 34 104 0.01842461318018267
252 64 179 0.04495525786453892
253 218 329 0.06975634355429272
254 272 380 0.00030064808205364576
255 46 175 0.06018480435593529
256 127 129 0.00011659784806354319
257 149 363 4.7509069103255916e-05
258 365 368 0.00014491185821603804
259 159 228 0.023281423275013056
260 21 23 0.03721651618604657
261 109 266 0.07642456277601847
262 57 167 0.024101262847179155
263 223 286 0.009480028590734412
264 337 338 6.433043134623445e-06
265 60 172 0.047820970428775915
266 319 320 0.024839676694617032
267 48 232 0.006271263894869231
268 301 371 0.0003249875508582063
269 20 88 0.08710876637915863
270 169 267 0.004844410884958297
271 314 330 0.00024179698201369317
272 398 399 0.03578219271307417
273 249 287 0.027419584318075577
274 265 320 0.03410241185423332
275 113 118 0.0034989976929142236
276 344 345 0.05661376113638443
277 271 273 7.27912953935009e-05
278 326 327 0.0001673084466383324
279 130 255 7.654316349457572e-05
280 394 396 0.09071729568425156
281 29 31 0.02707595074357527
282 375 376 0.0914132795490358
283 300 356 0.08346777729544375
284 36 105 0.07382479716546263
285 131 256 0.03228397374050715
286 113 216 0.01604961226323874
287 241 315 0.03687473876201486
288 213 348 0.06405214818128334
289 160 223 0.07007056458544142
290 75 78 0.00011160544567386196
291 220 222 0.00014349700194743673
292 42 43 0.011162488497238065
293 147 153 0.00026173799977594167
294 70 384 0.04931073074655943
295 96 97 0.048375674900842255
296 208 336 0.008357179914685257
297 51 255 2.7157830210268524e-05
298 174 303 0.00018378108043477084
299 37 198 0.01573370541665421
300 143 146 0.07631491560584933
301 47 231 0.0012443514993728218
302 171 297 0.05928864793320418
303 198 200 0.0001732683129424485
304 45 53 0.05211459859150962
305 308 355 0.04812457685194967
306 229 333 0.01294874153138207
307 5 385 0.05142671263904883
308 65 114 0.05085161391435686
309 9 233 0.0803273698681139
310 239 240 0.06953241836614767
311 67 68 0.08619257274377401
312 242 386 0.051934010981790936
313 185 186 0.019669872256194015
314 234 298 0.014371469997448266
315 371 382 0.00039569682564142303
316 147 148 0.06366789859321043
317 28 311 0.011588848111205939
318 23 73 0.03795811074197437
319 243 378 0.050273365507028434
320 134 135 0.0832027917635139
321 231 232 0.00010333371534824713
322 141 193 0.07278360828501607
323 268 309 0.07409705247385559
324 260 262 0.00019012882945916828
325 178 179 0.03955462997629398
326 269 292 0.07224892907802416
327 2 152 0.06655257960595225
328 26 94 0.07888727511607006
329 78 79 0.02695089597832441
330 151 154 0.02714038799724713
331 161 162 0.075988393625675
332 67 175 0.03912193944713583
333 126 127 0.056312696343410636
334 69 343 0.008469368842451875
335 47 244 0.0822686910977186
336 133 392 0.09354671870279033
337 76 387 0.0002053848674329772
338 18 63 0.06746537031117986
339 207 208 0.022392088269896693
340 110 111 0.05661781146939387
341 227 384 0.03589364066555426
342 367 371 0.09604131133095102
343 71 72 0.046989146384666065
344 90 274 0.0036838598948868645
345 168 244 0.07478007620908124
346 378 380 0.03355308442708584
347 50 396 0.06226135101316691
348 191 192 0.042087475546807335
349 24 27 0.06311617242241903
350 102 103 0.00028961219080410485
351 295 296 0.028682781450710234
352 184 185 0.019421651130051943
353 276 299 0.042385513025624585
354 137 252 0.00019049977222974397
355 292 383 0.06291273062230267
356 287 291 0.04205472784710741
357 325 326 0.00014183055159863893
358 143 145 6.811177133730075e-05
359 0 7 0.0508941275580018
360 198 199 0.00015113888632176095
361 211 327 0.03724761576507332
362 355 383 0.0004804986031629746
363 160 161 6.539686275055289e-05
364 91 93 0.023648857906258078
365 190 191 0.07174396112642543
366 119 389 0.07721900906960409
367 122 301 0.04804662906503956
368 243 352 0.07834085952316396
369 162 245 0.05592066419525015
370 15 96 0.055446701500579884
371 3 99 0.11316335157076719
372 247 331 0.044926526937899544
373 274 365 0.028742333263600654
374 277 278 0.08872366358295128
375 98 100 0.011580497571589193
376 174 306 0.00023435255333541355
377 296 357 0.005848965113560296
378 236 330 0.00010901043065877568
379 11 12 0.011491100429944702
380 92 186 0.03254169899809216
381 136 156 0.03331391909007461
382 123 250 0.022059277279980503
383 95 188 0.04028786795434998
384 3 4 0.018562663855538102
385 378 379 0.006310556286837371
386 5 6 0.00014374201230177422
387 331 336 0.029148856739905853
388 56 312 5.6558168526099464e-05
389 284 285 0.05520678909294224
390 119 230 0.0695005692245218
391 137 251 0.00012921834821020943
392 80 83 0.0002824987714532988
393 363 368 0.036400349936552126
394 17 317 0.05286791324800945
395 121 264 0.019441449111913568
396 203 322 0.05219651780820129
397 11 237 0.0030757519235430847
398 174 175 0.056226533812612264
399 337 391 0.03685597290258611
400 17 181 0.007182164264366427
401 138 139 0.10296153940041336
402 29 98 0.012020974296150845
403 69 201 0.06858742902865286
404 10 42 0.025595189622599067
405 116 214 0.08458932051444824
406 163 165 0.08883076594365072
407 84 85 0.0870553480200401
408 48 60 0.06364378080694225
409 166 167 0.09837209571659665
410 38 207 0.010593198833416211
411 139 194 8.881834129211648e-05
412 150 151 0.08703803857405684
413 251 252 0.0001296633756436698
414 207 324 0.06024130264237003
415 46 373 0.054667622513171574
416 300 304 0.038086070701932644
417 190 295 0.00011017596004087809
418 164 227 0.07214840839487059
419 146 257 0.06423046106691169
420 132 395 0.06501297939889572
421 62 63 0.06415825235135265
422 363 372 0.037878543979348506
423 230 335 3.4270396375192714e-05
424 249 348 0.02440555399225672
425 180 181 0.1008941165781349
426 142 143 0.00015723837919928853
427 39 176 0.04323828247148184
428 290 314 0.05389679104322938
429 157 258 0.01232870289836071
430 103 273 0.00014151459713157314
431 226 227 0.01713955281744026
432 315 316 0.000150911908288857
433 18 122 0.013442687479805544
434 89 368 0.030015917939674362
435 258 259 0.009949388482709886
436 352 374 0.00011320223147485894
437 316 317 0.00022363050358271405
438 105 106 0.00019984326259776228
439 109 196 0.022703425088376084
440 353 366 0.00024859217694573113
441 259 260 0.0577955874864474
442 289 290 0.020325992880997252
443 362 384 0.0016925209583293097
444 115 120 0.013330399680122975
445 149 150 0.00937563469093946
446 346 347 0.039751832684369895
447 18 19 0.05719632515229507
448 25 75 0.020874907543785622
449 121 247 0.021576057166864254
450 233 234 0.04430046879639459
451 290 291 0.10860027371101784
452 7 38 0.12751787789566604
453 225 248 4.543789811185039e-05
454 189 388 0.01948074378309361
455 98 170 0.10331025014330811
456 49 369 0.0774037929381364
457 264 265 0.04774784299762933
458 35 152 0.0001383059670354667
459 36 148 0.014121295145414069
460 53 131 0.007557613765481645
461 209 210 0.06473717748317631
462 9 61 0.01934339049207785
463 281 357 0.00964772963557848
464 167 333 0.006767372698388794
465 183 186 7.854761505212993e-05
466 294 377 0.07794209279755003
467 370 374 0.08602972794907054
468 4 107 9.213067462219856e-05
469 109 200 0.01393974735324179
470 362 370 0.03811006397070919
471 54 66 0.0732916598080537
472 241 242 0.10029018519993976
473 55 58 0.043667638729742275
474 238 347 0.057529420880175534
475 116 161 0.07844793799412661
476 65 67 0.04629360704916492
477 187 188 0.036792595757667516
478 95 169 0.06680974008999521
479 38 319 0.005373736882438749
480 112 335 4.165884132261548e-05
481 340 372 0.0633030683718264
482 16 195 0.09407549317107962
483 35 147 0.00010052037331464911
484 83 86 0.0693221307932482
485 118 218 0.031020788384189566
486 22 58 0.10497587379079634
487 215 216 0.058941574452856554
488 302 367 0.03815117532045706
489 275 394 0.10804033038804367
490 163 229 0.01722891761193954
491 32 313 0.00011367642041348721
492 190 281 0.027506249311214315
493 310 336 0.06991357485754754
494 338 351 0.04140492161263495
495 282 312 6.40404682435769e-05
496 311 313 0.0054232965637524486
497 55 62 0.08643779621701199
498 158 202 0.034811436428538935
499 1 398 0.00017619747346413195
500 395 397 0.0002661629951298131
501 293 295 0.0501876614057744
502 240 351 0.00026880058083169337
503 73 74 0.00010794011157541784
504 96 239 8.565290245968222e-05
505 102 271 0.00017497614838208524
506 80 182 0.05336013409765154
507 50 51 0.00016513446322646502
508 323 325 0.031381423111885035
509 173 398 0.0001477751542941455
510 28 100 0.027401878359899892
511 104 105 0.0001358316476285536
512 164 185 0.06933025004088501
513 396 397 0.030134957702565707
514 334 349 0.10438548682325408
515 122 353 0.07594850826446449
516 271 272 0.05434358271929537
517 7 8 0.006478596020584552
518 29 30 0.06781792184110348
519 300 302 0.022334583566497757
520 127 139 0.022101529988052548
521 214 215 0.031331985145552826
522 8 56 0.04059120342836693
523 25 77 0.01571603656086522
524 54 298 0.040201136856182915
525 176 201 0.08912280543364241
526 1 172 0.0002132651245537363
527 114 220 0.045094882320970385
528 124 251 0.03919182100044478
529 219 317 0.05086022674144389
530 329 354 0.054782696260470984
531 51 151 0.11113966171696116
532 247 248 0.07602053542962352
533 270 344 0.005100335108175506
534 379 381 0.026874889257610834
535 118 217 0.0551989949344797
536 333 352 0.09207018284380461
537 140 141 0.009598704337078379
538 302 366 0.05627695836448702
539 334 335 0.050636771749871946
540 44 141 0.017027738615952654
541 193 194 0.045486597401337085
542 221 222 0.00020791298071471347
543 213 218 0.0006523075690329674
544 279 280 0.00017232435938115451
545 304 393 0.04715997602722872
546 253 254 0.0007352029268430538
547 209 326 0.06123089470315301
548 311 312 0.05198050161269895
549 354 391 0.02462692802427503
550 47 49 0.005690479422787217
551 340 341 0.032708739888737126
552 76 397 0.00012861046639327004
553 199 200 0.00017564079583667663
554 144 145 0.00020790485562372245
555 257 260 0.00027554278503430025
556 309 373 0.03702932940425648
557 341 342 0.0028183193225727945
558 3 34 0.0003030363548691604
559 134 281 0.07598497376706603
560 387 395 0.00038956902836655074
561 97 189 0.09785402506305398
562 92 93 8.789391768647413e-05
563 278 283 0.09204321223825926
564 188 346 0.05196493623879441
565 248 332 0.00019254811011041773
566 291 318 0.01668983180311479
567 46 193 0.0594746677583961
568 99 101 0.08813039026391054
569 261 262 0.034702210868703086
570 297 358 0.01834521638295735
571 354 386 0.00019051369129326375
572 52 115 0.02427999184642041
573 337 349 0.014753460328611231
574 82 84 0.05421415070050288
575 205 206 0.025940020238702767
576 101 282 0.060132955720897004
577 130 132 0.02422401702402668
578 266 277 0.015131393773964408
579 224 253 8.611414248860975e-05
580 152 153 0.00011456207621549863
581 61 390 0.04212942715873933
582 231 380 0.05078436559943291
583 360 367 0.057119264659567466
584 182 184 0.0003270109091794558
585 117 204 0.0001723124571754727
586 322 323 6.920876870087778e-05
587 44 133 0.01587098574687311
588 106 108 2.0719105325849902e-05
589 265 331 5.3173724863511426e-05
590 94 376 0.0633133204240879
591 14 15 0.027993253003476083
592 123 245 0.004635532741218774
593 318 348 0.03279309882293591
594 156 253 0.05552722180439593
595 303 307 0.00013657008318452616
596 39 197 0.10177714609262883
597 375 387 0.08993270262916614
598 64 280 0.00012304927989576146
599 16 180 0.009281169419705469
