173
0 208 320 0.02730656713450582
1 64 155 0.02210158411808335
2 204 205 0.050319082281196345
3 63 292 0.08027627072206121
4 374 381 0.08669077745546373
5 136 155 0.06823819536875633
6 21 24 0.06567876913967179
7 221 307 0.009476278141719275
8 86 394 0.017142225288491127
9 321 322 0.03970159509852148
10 13 57 0.0541604424752943
11 2 191 0.027139873085024434
12 88 90 0.07396394711742757
13 40 43 0.012413472616346895
14 74 75 0.01256723825669815
15 176 263 0.07820872973229977
16 182 183 0.030958578125417344
17 211 212 0.05219887878328194
18 235 342 0.035057527111056024
19 99 192 0.08834379153958657
20 298 299 0.05802010355349389
21 343 345 0.03399875710621487
22 224 332 0.025415902012750447
23 25 26 0.08479677520213827
24 8 399 0.06517285111576931
25 19 22 0.04462929417307543
26 23 91 0.027177432842332244
27 201 270 0.014163652534962944
28 213 216 0.08239080046553444
29 50 130 0.07818064075019353
30 328 329 0.06069432129738986
31 171 294 0.04059704083631151
32 279 332 0.04367774135355004
33 243 244 0.028337030552484353
34 6 108 0.020071766285701922
35 14 240 0.10981647097787386
36 338 386 0.01829267080436625
37 297 361 0.08629823969542755
38 356 364 0.0650438423254184
39 359 360 0.04282041629726319
40 179 246 0.0634571461084846
41 177 310 0.06084332794504957
42 71 301 0.0532158773312329
43 339 343 0.028327051080512856
44 274 275 0.061482156739571
45 17 197 0.05480831836733479
46 305 306 0.030051909163566204
47 159 321 0.03754755516297756
48 360 361 0.015490614402341686
49 32 33 0.031862061041851596
50 392 393 0.04264885113705364
51 166 334 0.05078737111636566
52 256 262 0.02714429280922357
53 110 203 0.03148542119010635
54 11 124 0.05547437193913095
55 306 307 0.029175084377683097
56 33 103 0.014469243525227634
57 110 212 0.07487945037806781
58 164 165 0.028812520794976038
59 284 314 0.025370096294528178
60 219 236 0.05463190102439865
61 87 89 0.0695359483668752
62 187 339 0.027696604324811656
63 68 129 0.012319700349710881
64 296 364 0.037932443015930115
65 195 196 0.0472559422124391
66 0 9 0.040833069601083724
67 45 261 0.08342405117086321
68 111 276 0.04483482175440763
69 356 359 0.05896428333847522
70 28 31 0.04688997322070987
71 224 225 0.032905142653447156
72 45 138 0.05317008573712188
73 128 155 0.019015098436510613
74 170 293 0.03216997168378382
75 117 202 0.05488962444285881
76 256 257 0.04163409468639941
77 30 102 0.029801006422563947
78 14 350 0.05056203068253991
79 41 43 0.04989817753662285
80 40 137 0.046679463470241774
81 353 383 0.05197655460539299
82 52 267 0.09515268342885307
83 80 81 0.031636584432819276
84 287 288 0.02156599551014323
85 2 144 0.05545627579998414
86 318 328 0.02215557138766404
87 42 125 0.039565556291741445
88 31 32 0.01585669628648976
89 106 341 0.08565795262136112
90 70 72 0.040685815006378495
91 170 192 0.0617188430692292
92 126 128 0.0663788042797586
93 157 261 0.022217604684727586
94 233 276 0.02446645071205004
95 6 342 0.046586626115246894
96 58 59 0.047205248918204094
97 113 209 0.05794716284804816
98 359 377 0.06377531471744265
99 177 324 0.029391075027728336
100 206 321 0.04427041682995399
101 91 183 0.03663064224176313
102 203 211 0.04064793369440109
103 22 93 0.05417156720986039
104 37 388 0.11505198563493332
105 268 305 0.0194379563912662
106 87 88 0.04278588575270685
107 133 135 0.10087919915467303
108 68 128 0.059183976283039945
109 325 327 0.02437787536466793
110 146 255 0.02708207228594293
111 0 1 0.013067903635928958
112 226 370 0.07270646277997121
113 52 288 0.05006885578302187
114 355 366 0.07140054019404449
115 228 323 0.019740909239556462
116 77 79 0.0469492766979305
117 65 66 0.08549652292766372
118 125 375 0.09818536823505729
119 221 305 0.0284749042577746
120 70 92 0.05774999672732507
121 53 125 0.044901304904914584
122 56 283 0.08723588685559837
123 85 275 0.12315240244859808
124 69 219 0.050149227729795375
125 54 204 0.04806436080476706
126 94 95 0.08512425565084271
127 373 392 0.05953773066052147
128 111 390 0.06380388435487673
129 177 178 0.07947564591137078
130 313 399 0.010673976038862177
131 210 230 0.07821479084349452
132 362 382 0.056408452963439826
133 16 97 0.07873646601692125
134 13 15 0.04062568432924292
135 349 350 0.01181784403362949
136 33 173 0.03425034712812108
137 13 20 0.10354039957221937
138 222 250 0.021536904184880867
139 293 294 0.030010601210322074
140 153 154 0.05374555783417536
141 142 154 0.026291961301762656
142 156 280 0.058590541039379815
143 350 351 0.09723210113609769
144 225 263 0.015369916802731313
145 226 229 0.02348609485751431
146 73 81 0.039581894963982005
147 252 254 0.018775000486748666
148 237 238 0.054516680287275965
149 369 390 0.037356398406608156
150 277 385 0.09219713752595998
151 10 238 0.01451951946242013
152 215 228 0.033448800914846734
153 48 49 0.023004616353163528
154 212 389 0.024567563342521286
155 304 308 0.06642721346551232
156 268 269 0.049960053313421585
157 202 205 0.03977262475148422
158 237 344 0.0328432530067713
159 66 178 0.017245235876679456
160 220 303 0.0397346909567751
161 357 393 0.07515932975539327
162 27 120 0.08455922080669931
163 10 12 0.04999037326767095
164 117 160 0.014825395098975147
165 87 189 0.08200598980439075
166 138 140 0.05568401789912608
167 36 372 0.03596914344735942
168 340 388 0.017087759301517742
169 285 316 0.03996868788922414
170 129 194 0.09523284837230692
171 181 241 0.05225175876916908
172 166 168 0.10800349004737163
173 59 115 0.1194549323114554
174 150 365 0.03760538702790409
175 278 319 0.0779793454942844
176 100 101 0.03259439695765851
177 308 309 0.02195695974374315
178 232 273 0.03053645698161437
179 114 223 0.011995672207995696
180 142 144 0.05698539949195245
181 21 59 0.020069583118004317
182 4 5 0.03926924954728984
183 44 258 0.07804219556771841
184 41 136 0.07061004782782772
185 242 328 0.09619185671535942
186 217 391 0.01827929912995661
187 254 263 0.044076378232582605
188 369 389 0.020747099481505698
189 246 310 0.014352941828854852
190 26 27 0.06967031801804098
191 358 379 0.09129902925254628
192 76 77 0.05687302747506638
193 12 40 0.06175491099399205
194 112 210 0.059516467884758055
195 361 381 0.03916034777181262
196 112 217 0.02388435728547193
197 364 377 0.047904792321474265
198 236 284 0.05843661765947734
199 250 286 0.057984316065163743
200 84 165 0.09591825709974144
201 30 171 0.05107653251877683
202 19 72 0.03267094440159321
203 79 86 0.03767633695297544
204 82 83 0.07833728771917847
205 116 158 0.08501936374412117
206 214 249 0.0242990428062368
207 55 288 0.16772382568723837
208 246 279 0.0369680565173055
209 180 239 0.07501507579708387
210 330 339 0.021183663089159303
211 119 168 0.03599071189521398
212 264 266 0.024191240460124185
213 199 235 0.032060498030948015
214 206 299 0.03993113648646456
215 135 259 0.041742699290232096
216 285 315 0.04969044318825862
217 131 132 0.05185827954283766
218 34 35 0.022903626922201464
219 60 61 0.04390642642632496
220 120 169 0.048364965150942955
221 104 107 0.025129699824156845
222 82 184 0.060654476789354456
223 187 289 0.09540269928237209
224 234 324 0.016003852281395024
225 272 358 0.013162143010970356
226 235 385 0.03824103425808123
227 37 195 0.029724081277279036
228 196 197 0.014315388257815313
229 71 382 0.050029394247724235
230 78 81 0.05243155648276819
231 158 159 0.02280486944633055
232 39 121 0.01276842118267618
233 62 245 0.06500762440469056
234 282 283 0.036856896142131806
235 107 108 0.018202507298706344
236 57 163 0.009799821770848783
237 347 376 0.015504842355130001
238 123 269 0.041364197711470686
239 89 90 0.027802080098870464
240 41 126 0.05248920053693744
241 172 173 0.01700158439475435
242 124 270 0.0574715637411557
243 20 85 0.019221631872034375
244 267 289 0.046998937519932296
245 148 149 0.046447947396454754
246 345 346 0.0361719127008714
247 134 145 0.023388094104007214
248 140 157 0.030449753834255584
249 162 286 0.06460860659493796
250 24 74 0.060951630010467245
251 34 104 0.02882993705700156
252 64 179 0.04828653148261197
253 218 329 0.044645020867000104
254 272 380 0.031247849950658352
255 46 175 0.02998515432860626
256 127 129 0.06389822661944469
257 149 363 0.042489283717478676
258 365 368 0.04988847122227538
259 159 228 0.056162978730177254
260 21 23 0.09157511746025648
261 109 266 0.03992867237240016
262 57 167 0.06952810051181758
263 223 286 0.06329258778567597
264 337 338 0.08001906591245309
265 60 172 0.016491103006653858
266 319 320 0.02533130849795731
267 48 232 0.04016483664496993
268 301 371 0.06369460334814583
269 20 88 0.03479742192958973
270 169 267 0.060132173569192766
271 314 330 0.08342745832983103
272 398 399 0.013847213747894225
273 249 287 0.00997320429016797
274 265 320 0.05167364947826251
275 113 118 0.0261602376341382
276 344 345 0.025782064008130285
277 271 273 0.020649024337395645
278 326 327 0.019506647699232847
279 130 255 0.04887149399841013
280 394 396 0.05395612367900808
281 29 31 0.04166339891059557
282 375 376 0.07923651412757772
283 300 356 0.03710376437765705
284 36 105 0.039794063984549516
285 131 256 0.04172257847873347
286 113 216 0.02315124272368339
287 241 315 0.03345156550678098
288 213 348 0.023403925648167522
289 160 223 0.08607228881815968
290 75 78 0.011923509508154071
291 220 222 0.062360536702709086
292 42 43 0.018275910103673788
293 147 153 0.03568498115720136
294 70 384 0.029167218473316103
295 96 97 0.029768873665628956
296 208 336 0.015477050782373145
297 51 255 0.061251136754117405
298 174 303 0.03679335450198085
299 37 198 0.018119239086834025
300 143 146 0.022531009390041292
301 47 231 0.02075011341292129
302 171 297 0.0542104918445016
303 198 200 0.04022958320218892
304 45 53 0.015436556321047163
305 308 355 0.018989765624369017
306 229 333 0.03733982662457179
307 5 385 0.03282724722378966
308 65 114 0.042277219257858926
309 9 233 0.027407333774355638
310 239 240 0.03481516067427231
311 67 68 0.045523691556662096
312 242 386 0.06474445668094976
313 185 186 0.045727272345317344
314 234 298 0.06407884152176352
315 371 382 0.037050724193238495
316 147 148 0.0138819879408284
317 28 311 0.028737285344869287
318 23 73 0.04791458917254113
319 243 378 0.013793229183743195
320 134 135 0.012457092612429865
321 231 232 0.015886191728582372
322 141 193 0.01551463135718098
323 268 309 0.05650568228848155
324 260 262 0.026693939483801762
325 178 179 0.04819288571153371
326 269 292 0.05904304689564071
327 2 152 0.040277736380920824
328 26 94 0.02331214360086422
329 78 79 0.07829148521096793
330 151 154 0.0559284662806358
331 161 162 0.027905487165577787
332 67 175 0.08709423081462658
333 126 127 0.04286487259425889
334 69 343 0.08418316530910022
335 47 244 0.0890270395208623
336 133 392 0.043929586553670755
337 76 387 0.04212953048075504
338 18 63 0.04763344056575947
339 207 208 0.07313284219780046
340 110 111 0.018858587006796997
341 227 384 0.07100768184326237
342 367 371 0.04114941359178112
343 71 72 0.032698903794901556
344 90 274 0.04270665757668256
345 168 244 0.021147057510796825
346 378 380 0.09046180083528572
347 50 396 0.022756187889161214
348 191 192 0.018862792146287517
349 24 27 0.03031214781881902
350 102 103 0.03182804834420135
351 295 296 0.0771217445647539
352 184 185 0.047294207876798416
353 276 299 0.034937565012696445
354 137 252 0.04973269925477421
355 292 383 0.02248094674965754
356 287 291 0.15861681673640815
357 325 326 0.027346754475674577
358 143 145 0.09265185457197239
359 0 7 0.07085901532967659
360 198 199 0.0371285896370389
361 211 327 0.022805331332873813
362 355 383 0.041771390883448986
363 160 161 0.08314465055707888
364 91 93 0.04571669355773233
365 190 191 0.060814651563014036
366 119 389 0.05005306733235833
367 122 301 0.019930574037442205
368 243 352 0.04058494614145314
369 162 245 0.11035138740467083
370 15 96 0.10931079336302313
371 3 99 0.012353766432596775
372 247 331 0.01995689250804952
373 274 365 0.015757534325719774
374 277 278 0.026324120870137704
375 98 100 0.04962287181568774
376 174 306 0.012187368036318461
377 296 357 0.012724374017365144
378 236 330 0.029633606817249945
379 11 12 0.03145086734462729
380 92 186 0.035205916047294186
381 136 156 0.016703076128535135
382 123 250 0.03568229566419456
383 95 188 0.020522110515078087
384 3 4 0.0399638595305035
385 378 379 0.0368120092301393
386 5 6 0.03500773178429133
387 331 336 0.04805939809557594
388 56 312 0.030823591960382674
389 284 285 0.028568896353632443
390 119 230 0.0215379260490296
391 137 251 0.04962382825676864
392 80 83 0.01386408998837724
393 363 368 0.017994481389897222
394 17 317 0.0628170068307701
395 121 264 0.0981276289024484
396 203 322 0.028583320092891207
397 11 237 0.0238393959232053
398 174 175 0.03477133140633054
399 337 391 0.06076099431065005
400 17 181 0.04803817668410241
401 138 139 0.04738017130409487
402 29 98 0.0406460988757812
403 69 201 0.03507239529245105
404 10 42 0.1008207461553923
405 116 214 0.048258898375732946
406 163 165 0.088066782639616
407 84 85 0.02127887908026596
408 48 60 0.016254145932366598
409 166 167 0.014366114678616966
410 38 207 0.03128251944610435
411 139 194 0.04865159170876892
412 150 151 0.03506182178952934
413 251 252 0.047755224723912595
414 207 324 0.02802555830143518
415 46 373 0.06692447566716204
416 300 304 0.04279061805651737
417 190 295 0.02489760912255426
418 164 227 0.03080495552256453
419 146 257 0.02154081279597101
420 132 395 0.051951160921409646
421 62 63 0.06661876701454346
422 363 372 0.03385375516158923
423 230 335 0.06978408285480533
424 249 348 0.0684552008625852
425 180 181 0.02479710916695763
426 142 143 0.052836584608965544
427 39 176 0.03202189194101072
428 290 314 0.011644803594097117
429 157 258 0.01609329987757468
430 103 273 0.02455424273513837
431 226 227 0.06252002799810609
432 315 316 0.04527634718939852
433 18 122 0.06499126643873847
434 89 368 0.015924746388751305
435 258 259 0.02799631159642032
436 352 374 0.08646557358944308
437 316 317 0.02843419758742096
438 105 106 0.02047525265578837
439 109 196 0.08159485313745901
440 353 366 0.05479358127726982
441 259 260 0.05556064591936953
442 289 290 0.013974121594328941
443 362 384 0.05369682362748012
444 115 120 0.06172779629530421
445 149 150 0.03449032839723067
446 346 347 0.05805044197494052
447 18 19 0.051648401988027774
448 25 75 0.07530112972251392
449 121 247 0.09392779359040725
450 233 234 0.09638968987619656
451 290 291 0.022668462227379105
452 7 38 0.04010272527449476
453 225 248 0.03186383175146969
454 189 388 0.012497092446935004
455 98 170 0.06864412534906772
456 49 369 0.06438808792778161
457 264 265 0.05725911568915151
458 35 152 0.047307341595682714
459 36 148 0.032566508654512445
460 53 131 0.05859526439976138
461 209 210 0.03337478006650479
462 9 61 0.05842553675924806
463 281 357 0.02356390547711507
464 167 333 0.05309180810669122
465 183 186 0.04103173429433166
466 294 377 0.06519697478991954
467 370 374 0.020101578912469796
468 4 107 0.036420678173445666
469 109 200 0.028042770566879864
470 362 370 0.017361624861611295
471 54 66 0.047046716663847306
472 241 242 0.014114758146055862
473 55 58 0.0560408044018373
474 238 347 0.02169542889737483
475 116 161 0.0397430034311505
476 65 67 0.0384617073434632
477 187 188 0.027269394117401737
478 95 169 0.04700788645685468
479 38 319 0.06048432572539958
480 112 335 0.06826222314914492
481 340 372 0.09106013043155652
482 16 195 0.05414314591776507
483 35 147 0.043957259054809315
484 83 86 0.06321662712683868
485 118 218 0.0684842946652812
486 22 58 0.09610747725396203
487 215 216 0.02789922748701216
488 302 367 0.08041022696021156
489 275 394 0.05715877826566387
490 163 229 0.07085814303893495
491 32 313 0.04304674756634414
492 190 281 0.08003016206049587
493 310 336 0.04388559609340913
494 338 351 0.01779954347596586
495 282 312 0.06967528237614377
496 311 313 0.042753768000400955
497 55 62 0.012676605184826871
498 158 202 0.033985591436347135
499 1 398 0.036341456734872955
500 395 397 0.052428250376620834
501 293 295 0.048444259044354225
502 240 351 0.013228171237109006
503 73 74 0.0532925744969693
504 96 239 0.0557439565682121
505 102 271 0.026261421236021182
506 80 182 0.07449947580559801
507 50 51 0.04863054444466524
508 323 325 0.026984674331103006
509 173 398 0.044469406489337865
510 28 100 0.05556012260534521
511 104 105 0.018731395790148226
512 164 185 0.019305369307801752
513 396 397 0.03759772573720978
514 334 349 0.05327206109487025
515 122 353 0.023842205586380737
516 271 272 0.04002671002802126
517 7 8 0.0195620545086097
518 29 30 0.025942247969830617
519 300 302 0.027295981683031465
520 127 139 0.04360911322225359
521 214 215 0.11880842206369098
522 8 56 0.020152922895129117
523 25 77 0.015370349013517741
524 54 298 0.05199396818739546
525 176 201 0.02834976380131379
526 1 172 0.060684176144281746
527 114 220 0.027608300714260146
528 124 251 0.016294608709200957
529 219 317 0.02492843229411328
530 329 354 0.07171374320854791
531 51 151 0.05360565708988304
532 247 248 0.02711763136544185
533 270 344 0.08677674143927461
534 379 381 0.06311653692467917
535 118 217 0.0597944634516134
536 333 352 0.06681548208951417
537 140 141 0.07637724047831405
538 302 366 0.013033263760550055
539 334 335 0.04864279770456374
540 44 141 0.04289908119434122
541 193 194 0.014162012077368443
542 221 222 0.032326985752438274
543 213 218 0.044310128530466994
544 279 280 0.01794896472205501
545 304 393 0.042870387365041424
546 253 254 0.027808593271740262
547 209 326 0.016306583656314048
548 311 312 0.020996706117588304
549 354 391 0.06635087803681174
550 47 49 0.032667176504884626
551 340 341 0.010683951172302034
552 76 397 0.05414576948415055
553 199 200 0.04593097034144145
554 144 145 0.07744910016323328
555 257 260 0.03116379746503802
556 309 373 0.030919681802016194
557 341 342 0.05448676142028671
558 3 34 0.062442031519324134
559 134 281 0.03594951819463656
560 387 395 0.04184259243616063
561 97 189 0.06530282034984923
562 92 93 0.02223769985843636
563 278 283 0.03100486330863691
564 188 346 0.05957324890277973
565 248 332 0.026875823922662953
566 291 318 0.0038219430848754183
567 46 193 0.04524037866857051
568 99 101 0.04947584379402253
569 261 262 0.0221196775178246
570 297 358 0.01885046643022049
571 354 386 0.042705917532937274
572 52 115 0.051889008453564735
573 337 349 0.04154300801512923
574 82 84 0.05899142321315144
575 205 206 0.02346215238864859
576 101 282 0.07030206248404372
577 130 132 0.015638254214669415
578 266 277 0.03514936206713064
579 224 253 0.028160929339661054
580 152 153 0.039530555958046734
581 61 390 0.04011194199420281
582 231 380 0.03660980506913143
583 360 367 0.04158366479675378
584 182 184 0.026098190776938143
585 117 204 0.037454929534530175
586 322 323 0.03760715235765123
587 44 133 0.011541062347275158
588 106 108 0.019206177577415964
589 265 331 0.031422463145727726
590 94 376 0.07354058550358518
591 14 15 0.008311967593038276
592 123 245 0.044117331444235984
593 318 348 0.1082988653976027
594 156 253 0.01355767682412823
595 303 307 0.021627865587370815
596 39 197 0.08607324341991669
597 375 387 0.018032125248932083
598 64 280 0.04844393796566124
599 16 180 0.03637058378593419
