1755
0 208 320 2.55267465289925e-05
1 64 155 0.03719321963930305
2 204 205 6.924875487136324e-05
3 63 292 0.028272545219591102
4 374 381 0.09726037952901108
5 136 155 1.6851871455225827e-05
6 21 24 0.011376993373750331
7 221 307 0.0001434879895917472
8 86 394 0.05619338049900879
9 321 322 0.03572509321245952
10 13 57 0.10182509067106255
11 2 191 0.07241159146892458
12 88 90 0.00031844469060553384
13 40 43 0.007423789521800615
14 74 75 0.015656355347005466
15 176 263 0.07785006711826167
16 182 183 0.031911889145088614
17 211 212 0.0002818302054490991
18 235 342 0.052064195127339875
19 99 192 0.061350170075788586
20 298 299 0.011067477676112712
21 343 345 0.04569269794067531
22 224 332 5.695975508856798e-05
23 25 26 0.08797787139319928
24 8 399 0.025442971015798302
25 19 22 0.05842199778706449
26 23 91 0.10344161985453487
27 201 270 0.04246282065814779
28 213 216 0.023634172414788154
29 50 130 7.190976111254897e-05
30 328 329 0.012317817481383385
31 171 294 0.0813333572777779
32 279 332 0.05854477084650823
33 243 244 0.02466150274870256
34 6 108 0.008014914141896682
35 14 240 0.0002931821550683441
36 338 386 0.052887751870921165
37 297 361 0.02813621169043787
38 356 364 9.05514499102258e-05
39 359 360 0.054976650544912284
40 179 246 6.990198225195628e-05
41 177 310 0.011383199899787642
42 71 301 0.0001916797898575126
43 339 343 0.035688633869246394
44 274 275 0.06248143896650681
45 17 197 0.09094520469696028
46 305 306 0.0003734526420814117
47 159 321 0.00015985111692437375
48 360 361 0.10248253871901725
49 32 33 0.03594943464959483
50 392 393 0.03964507188273226
51 166 334 0.05567698791368798
52 256 262 0.00021532830237118764
53 110 203 0.0002754473638166129
54 11 124 0.010503649319253676
55 306 307 0.000329333432418827
56 33 103 0.07091563527975048
57 110 212 9.954813772189669e-05
58 164 165 0.012204022800206172
59 284 314 0.00011469319082925738
60 219 236 0.0069521702718742225
61 87 89 0.00016433634176832708
62 187 339 0.020323722978300162
63 68 129 0.01561350240084021
64 296 364 0.07647613493854452
65 195 196 0.014221992157222363
66 0 9 0.05033641344352232
67 45 261 4.99139849016784e-05
68 111 276 0.07126804468357323
69 356 359 0.000204487082175688
70 28 31 8.705602013836376e-05
71 224 225 0.0002497880278653709
72 45 138 0.03396764590881914
73 128 155 0.06823104914004223
74 170 293 0.05587075069933333
75 117 202 9.874046161159372e-05
76 256 257 5.737780297510656e-05
77 30 102 0.0331111885387764
78 14 350 0.0003671574844323399
79 41 43 0.13098992362906312
80 40 137 0.027020245875015222
81 353 383 8.606550237803465e-06
82 52 267 0.042327045445765835
83 80 81 0.07331283268724931
84 287 288 0.10059798830280646
85 2 144 0.05971881848485549
86 318 328 0.0694779278049786
87 42 125 0.09651326431344513
88 31 32 0.014305720381785068
89 106 341 0.00688748669240804
90 70 72 0.04606266139534201
91 170 192 0.021011893491952555
92 126 128 3.947350451351127e-05
93 157 261 0.027241663121406863
94 233 276 0.00030376635007550956
95 6 342 0.00013013180431760987
96 58 59 0.06386966828615676
97 113 209 0.05950764452266738
98 359 377 0.00010880601987881066
99 177 324 0.03877504567315914
100 206 321 0.057636074148364115
101 91 183 0.012927954582098836
102 203 211 0.0003521449541024376
103 22 93 0.06674396481215493
104 37 388 0.08901383960932073
105 268 305 0.050294338051542174
106 87 88 0.00020971839079188004
107 133 135 0.011082369844599477
108 68 128 0.047451037358375844
109 325 327 0.00014001872243302012
110 146 255 0.06654144458636231
111 0 1 0.009294932757528114
112 226 370 0.013438467825888893
113 52 288 0.05141507208068856
114 355 366 1.0022042170786406e-05
115 228 323 0.0194925622705406
116 77 79 0.005677249540814603
117 65 66 0.1191162731941483
118 125 375 0.0371595661712207
119 221 305 0.00022610722232833732
120 70 92 0.07509882557932931
121 53 125 0.11862686479936778
122 56 283 0.00023786913095810147
123 85 275 0.05206847015405444
124 69 219 0.06091924434000201
125 54 204 0.0634470227908897
126 94 95 0.050162284339226655
127 373 392 0.04772709427274106
128 111 390 0.034654446738670595
129 177 178 0.012109308193831795
130 313 399 0.027165233287135604
131 210 230 0.00019236155785645422
132 362 382 0.09362048569940809
133 16 97 0.018647739777278675
134 13 15 0.11525934555677435
135 349 350 0.03354020545134244
136 33 173 0.027879686420322375
137 13 20 0.12049997720664984
138 222 250 0.04148015295632672
139 293 294 0.037607679024504195
140 153 154 0.05615011730772412
141 142 154 0.06582279193886235
142 156 280 0.006684020698791074
143 350 351 2.5607209227106534e-05
144 225 263 0.00021527946245200827
145 226 229 0.06903051648546649
146 73 81 0.00691383031399132
147 252 254 0.10732112776655828
148 237 238 3.464727521284537e-05
149 369 390 0.015820166762286404
150 277 385 0.10514393097000325
151 10 238 0.013084598276618646
152 215 228 0.06831319664423975
153 48 49 0.0001395050221562262
154 212 389 0.05130435974902619
155 304 308 0.03158994399733448
156 268 269 0.01877030637208773
157 202 205 0.000180137749492752
158 237 344 0.02511670059266226
159 66 178 0.08876847433661564
160 220 303 0.0002756818257089349
161 357 393 0.1121958698473363
162 27 120 0.0876568602219919
163 10 12 5.8358932371714516e-06
164 117 160 0.09064151794516437
165 87 189 0.1367283439859869
166 138 140 0.00010929420594003335
167 36 372 0.00020170303816786448
168 340 388 0.06902206145024146
169 285 316 0.00010067286924662642
170 129 194 0.02131090161118124
171 181 241 0.02935477467641052
172 166 168 0.057395205652765804
173 59 115 0.10471660432429124
174 150 365 0.032209418747464476
175 278 319 0.06285029015450777
176 100 101 0.02332714728414906
177 308 309 0.05267772694414572
178 232 273 0.050386818314404384
179 114 223 0.04430337463103302
180 142 144 7.385125218149705e-05
181 21 59 0.06537568336086991
182 4 5 0.008249393819971152
183 44 258 0.005940274790698371
184 41 136 0.03165575827333364
185 242 328 0.03340970195065888
186 217 391 0.06942682313630247
187 254 263 8.139308006572572e-05
188 369 389 0.04455411492902166
189 246 310 0.036341389043417736
190 26 27 0.021414901985472478
191 358 379 0.013949040735950031
192 76 77 0.13032795946950657
193 12 40 0.022428630087000197
194 112 210 0.0001882400270639412
195 361 381 0.021910811325864792
196 112 217 0.0652723113324464
197 364 377 0.00014347680129683647
198 236 284 0.000143359321506645
199 250 286 0.040874870526677924
200 84 165 0.0642302285871513
201 30 171 0.046194029373000774
202 19 72 0.01358032845305206
203 79 86 0.03986351184870013
204 82 83 0.0434023782552289
205 116 158 0.031184924074036603
206 214 249 0.0860692897139383
207 55 288 0.1433881356409158
208 246 279 0.04505979364851814
209 180 239 0.054800586458772664
210 330 339 0.04194370585203746
211 119 168 0.03546565169420172
212 264 266 0.08889461367623305
213 199 235 0.08048089201935157
214 206 299 0.06426432965659401
215 135 259 0.013834105118849775
216 285 315 0.00015745794694766344
217 131 132 0.08531310596163796
218 34 35 0.092542353112378
219 60 61 0.021980269454578292
220 120 169 0.03954658711218163
221 104 107 6.268590341357809e-05
222 82 184 0.019879473634024623
223 187 289 0.039215017678081415
224 234 324 0.11552120863504722
225 272 358 0.02680752289560715
226 235 385 0.00027832204202767237
227 37 195 0.017036412854997143
228 196 197 0.06600854907626187
229 71 382 0.00018428145001505677
230 78 81 0.011437493946446494
231 158 159 0.05096579833434417
232 39 121 0.057022794865750064
233 62 245 0.09166440661571224
234 282 283 0.00010490074862116819
235 107 108 0.0003223779380196083
236 57 163 0.003999890901020716
237 347 376 0.043233837229250005
238 123 269 0.04934311282972656
239 89 90 0.000329197986639713
240 41 126 0.04725223083531845
241 172 173 6.365155918971976e-05
242 124 270 0.020890100312167897
243 20 85 0.011609573583594409
244 267 289 0.07779395265294572
245 148 149 0.02893648373634613
246 345 346 0.009213741018477183
247 134 145 0.08158241592224852
248 140 157 0.010069052131777674
249 162 286 0.00021095982534235857
250 24 74 0.0516752717769294
251 34 104 0.017821127072049484
252 64 179 0.04511776932109342
253 218 329 0.07020444899696857
254 272 380 0.00028124598675772946
255 46 175 0.0604380189869383
256 127 129 1.1868709804257634e-05
257 149 363 3.4615615083703466e-05
258 365 368 1.5650540735822578e-05
259 159 228 0.02282964885830708
260 21 23 0.03615209287355538
261 109 266 0.07733767912163574
262 57 167 0.022643413243575362
263 223 286 0.008599282650231074
264 337 338 0.00017214970802887825
265 60 172 0.047872891419842266
266 319 320 0.024436235718954744
267 48 232 0.005530414347034855
268 301 371 0.00014848994901624454
269 20 88 0.08711867274682124
270 169 267 0.00327797097815455
271 314 330 0.00012186908380888841
272 398 399 0.03553325148862807
273 249 287 0.027534447983987364
274 265 320 0.03406623478418393
275 113 118 0.002573495227526743
276 344 345 0.0578150816505656
277 271 273 7.762042148182539e-05
278 326 327 0.00014397373677677263
279 130 255 0.00012056439649436736
280 394 396 0.09148922570885089
281 29 31 0.026309065614404246
282 375 376 0.09196671900422121
283 300 356 0.08378586511057975
284 36 105 0.07374761466850507
285 131 256 0.03160751191818826
286 113 216 0.015172499819446149
287 241 315 0.03614262206199846
288 213 348 0.0650263488575581
289 160 223 0.07087751069108482
290 75 78 0.00010495556502964349
291 220 222 0.00010959103682207442
292 42 43 0.010623514833574342
293 147 153 0.0002764233439321473
294 70 384 0.049766539201557033
295 96 97 0.04855208519738619
296 208 336 0.008555552372085893
297 51 255 4.5093875843075234e-05
298 174 303 0.0001632835617596699
299 37 198 0.014833956440114877
300 143 146 0.07661937057079492
301 47 231 0.0009466359644761536
302 171 297 0.059314516116521
303 198 200 0.00014314038835639784
304 45 53 0.05206349109038719
305 308 355 0.04831167717732252
306 229 333 0.01215429176727506
307 5 385 0.05208879172529481
308 65 114 0.050647886299384555
309 9 233 0.08170689756910338
310 239 240 0.06928246074712605
311 67 68 0.08683167029889925
312 242 386 0.050700504927736034
313 185 186 0.019235661453538576
314 234 298 0.01389046751342124
315 371 382 0.00020289073551734186
316 147 148 0.06352734417823323
317 28 311 0.011116257435922065
318 23 73 0.03684306087940353
319 243 378 0.050345225575163785
320 134 135 0.08517020360199583
321 231 232 0.00010018280049135554
322 141 193 0.07452634827731627
323 268 309 0.07475048095063103
324 260 262 5.014590397360461e-05
325 178 179 0.038892087102704365
326 269 292 0.07312491955393466
327 2 152 0.06676045704280356
328 26 94 0.08037335058968043
329 78 79 0.026106470310244236
330 151 154 0.02614535404302926
331 161 162 0.07627304295569792
332 67 175 0.03789917501071887
333 126 127 0.05656943385211763
334 69 343 0.006585192045020233
335 47 244 0.0818007207954833
336 133 392 0.09551405872745031
337 76 387 0.00016299644148711704
338 18 63 0.0683050575022376
339 207 208 0.020836100251742706
340 110 111 0.05672137657394527
341 227 384 0.035209889764309533
342 367 371 0.09706741232690261
343 71 72 0.046121251525728504
344 90 274 0.002139428211640363
345 168 244 0.07616021797968897
346 378 380 0.03223113830462347
347 50 396 0.062442324586078554
348 191 192 0.042620109259096206
349 24 27 0.06330927247129862
350 102 103 6.295416698469194e-05
351 295 296 0.02757009544360941
352 184 185 0.019181237042842348
353 276 299 0.04185548626280386
354 137 252 0.000130967377439542
355 292 383 0.06295820229464534
356 287 291 0.03892083917023552
357 325 326 0.000167240885333
358 143 145 0.00016055021557227292
359 0 7 0.05035758098996841
360 198 199 0.000165401282952563
361 211 327 0.0367463087377146
362 355 383 7.646980696548853e-05
363 160 161 4.144221936026786e-05
364 91 93 0.023628663881078888
365 190 191 0.0718637098039468
366 119 389 0.07729028489884676
367 122 301 0.04756842208100938
368 243 352 0.07862786951032465
369 162 245 0.05515112353035949
370 15 96 0.055037869497998715
371 3 99 0.11522694481548398
372 247 331 0.0445264193777463
373 274 365 0.028657178331077858
374 277 278 0.08967855540402685
375 98 100 0.010865639215163146
376 174 306 8.077978088636689e-05
377 296 357 0.005156557492928364
378 236 330 8.915866665069243e-05
379 11 12 0.011313406281368647
380 92 186 0.032176418918136676
381 136 156 0.033320348482573446
382 123 250 0.02134345111962994
383 95 188 0.04073200980847316
384 3 4 0.017892434178012784
385 378 379 0.006039386963734161
386 5 6 3.296637493296858e-05
387 331 336 0.028958302239103208
388 56 312 0.0004259425730877523
389 284 285 0.05511259305469207
390 119 230 0.06897080640167431
391 137 251 0.00012677216774725712
392 80 83 2.237330073851413e-05
393 363 368 0.03656631296831949
394 17 317 0.05225196508076287
395 121 264 0.018839953881646415
396 203 322 0.051972001009886235
397 11 237 0.00258092775685946
398 174 175 0.05635762838005804
399 337 391 0.03690273297265083
400 17 181 0.006087393450523645
401 138 139 0.10416820881521459
402 29 98 0.011328925965987691
403 69 201 0.06944249485085313
404 10 42 0.024276894767779552
405 116 214 0.08548233521587388
406 163 165 0.08979785510992996
407 84 85 0.08918317409026047
408 48 60 0.06432569953858265
409 166 167 0.10094131223106312
410 38 207 0.010847236056513516
411 139 194 0.00011520226808968782
412 150 151 0.08752236254348508
413 251 252 0.0001905098346776144
414 207 324 0.060427409156462296
415 46 373 0.05495651463020503
416 300 304 0.03775046350708663
417 190 295 0.00017299486383164672
418 164 227 0.07297212068781779
419 146 257 0.06495469892835672
420 132 395 0.06508755693348817
421 62 63 0.06361837797027288
422 363 372 0.037522870259509775
423 230 335 0.00013596105408645798
424 249 348 0.022648166658558042
425 180 181 0.10271688461228168
426 142 143 0.0002103476979421386
427 39 176 0.04318354486557641
428 290 314 0.0539169612944136
429 157 258 0.01182351388359561
430 103 273 7.533385040418429e-05
431 226 227 0.01630434287751729
432 315 316 0.00024603122718736605
433 18 122 0.012028820302144163
434 89 368 0.029379807923129393
435 258 259 0.00941279304812348
436 352 374 5.155235792847831e-05
437 316 317 0.0001799906275202065
438 105 106 0.000296363261730984
439 109 196 0.021598248420292298
440 353 366 6.883667035877221e-05
441 259 260 0.05793605318029977
442 289 290 0.020382284111201108
443 362 384 1.8243892371881607e-05
444 115 120 0.012007835498627708
445 149 150 0.009035522594465455
446 346 347 0.039252643059026385
447 18 19 0.057337786934449374
448 25 75 0.019488378156537672
449 121 247 0.020439564928943353
450 233 234 0.04311521171899385
451 290 291 0.11072399739890444
452 7 38 0.12974994634076728
453 225 248 0.000153401998753693
454 189 388 0.019191319776320815
455 98 170 0.10465616312359403
456 49 369 0.07810561156453985
457 264 265 0.04685770993104798
458 35 152 0.0002070633119749087
459 36 148 0.01413130416873258
460 53 131 0.006109735043554076
461 209 210 0.06417695568307279
462 9 61 0.018123476409119252
463 281 357 0.009359663224717719
464 167 333 0.0056670815058924235
465 183 186 3.893088736629998e-05
466 294 377 0.07746808011190771
467 370 374 0.08748344229109552
468 4 107 0.00010751207968562128
469 109 200 0.013025821590474468
470 362 370 0.03787084065528967
471 54 66 0.0741591951000489
472 241 242 0.10285153737606789
473 55 58 0.04299067301735456
474 238 347 0.05808145608173358
475 116 161 0.07945544970904599
476 65 67 0.04588265986611237
477 187 188 0.036572530520053194
478 95 169 0.06719369454544069
479 38 319 0.003863599351184417
480 112 335 0.0002436008347823877
481 340 372 0.06251676800398576
482 16 195 0.0955117113076513
483 35 147 0.00023675269439896128
484 83 86 0.06917577257013674
485 118 218 0.029827815500651406
486 22 58 0.10539965827805325
487 215 216 0.060286689803121525
488 302 367 0.037358212717212964
489 275 394 0.10910764136411351
490 163 229 0.015996563772848676
491 32 313 0.0001258656717743986
492 190 281 0.02608312068233207
493 310 336 0.06989275902997488
494 338 351 0.041210968161268985
495 282 312 0.0003726276721295622
496 311 313 0.005147875806106328
497 55 62 0.08886519770175089
498 158 202 0.03439720342340734
499 1 398 8.96375224511181e-05
500 395 397 0.00014659480759351685
501 293 295 0.050108546131851985
502 240 351 0.00022992588847924972
503 73 74 0.0001784090804531804
504 96 239 7.951340120287443e-06
505 102 271 0.00020233839480146307
506 80 182 0.05289847077250333
507 50 51 7.408691585035655e-05
508 323 325 0.03117826773580047
509 173 398 2.5473921083800745e-05
510 28 100 0.02663823317160953
511 104 105 8.339088082972489e-05
512 164 185 0.0697914704715111
513 396 397 0.028983063921384715
514 334 349 0.10481321366507583
515 122 353 0.07640570047900462
516 271 272 0.05448502835660944
517 7 8 0.00573947705853998
518 29 30 0.06898411145700714
519 300 302 0.022286054364190858
520 127 139 0.021310368409899222
521 214 215 0.029224816145012406
522 8 56 0.03975501953964066
523 25 77 0.015424207986180065
524 54 298 0.04017317207148613
525 176 201 0.09080319088986392
526 1 172 1.9704022259050227e-05
527 114 220 0.04395870491661093
528 124 251 0.0385932083200268
529 219 317 0.051660284983240407
530 329 354 0.054134369263280704
531 51 151 0.11211544037587687
532 247 248 0.07659734970947495
533 270 344 0.0030774996479490052
534 379 381 0.026039013133382163
535 118 217 0.05539413329144617
536 333 352 0.09278402772447164
537 140 141 0.008106956466344703
538 302 366 0.056121157107862356
539 334 335 0.04946749921354481
540 44 141 0.01627420076566121
541 193 194 0.04537167138223018
542 221 222 0.0002484315408776575
543 213 218 0.00017395741990663746
544 279 280 0.00013263524982556974
545 304 393 0.04724424828326414
546 253 254 0.0001705859385560225
547 209 326 0.06202785110206515
548 311 312 0.050612596404209974
549 354 391 0.023940219758803984
550 47 49 0.005092493468547118
551 340 341 0.032222012806862585
552 76 397 0.00022590665478533414
553 199 200 0.0001664731634814469
554 144 145 0.00016134266567031073
555 257 260 0.0001387157786252466
556 309 373 0.03699110387346018
557 341 342 0.0023387001533194574
558 3 34 0.00027971519119212744
559 134 281 0.0768423503920045
560 387 395 0.0002185599454498356
561 97 189 0.09871126441409105
562 92 93 1.3602003839086099e-05
563 278 283 0.09325266178058549
564 188 346 0.05218206299615855
565 248 332 8.632282270671274e-05
566 291 318 0.017117302709560144
567 46 193 0.059654688384275706
568 99 101 0.08877324191674674
569 261 262 0.034045890108187815
570 297 358 0.018036361659976175
571 354 386 0.00033162873293085613
572 52 115 0.023065043001070554
573 337 349 0.014164524717408873
574 82 84 0.05392904154004508
575 205 206 0.025428048986041
576 101 282 0.059197519703612374
577 130 132 0.02332105484128684
578 266 277 0.014246855552587097
579 224 253 0.0002224827158531422
580 152 153 9.178999475064508e-05
581 61 390 0.04267222533261493
582 231 380 0.0513221256924007
583 360 367 0.05787306252741651
584 182 184 3.4443112664357872e-06
585 117 204 0.00022308384939773878
586 322 323 0.00013029669089322895
587 44 133 0.015601614731531963
588 106 108 6.709203528193365e-05
589 265 331 9.831570047393295e-05
590 94 376 0.06350300563184147
591 14 15 0.0278270526311808
592 123 245 0.003530860975694197
593 318 348 0.031037193731285283
594 156 253 0.05543052976565478
595 303 307 0.0003054278117769857
596 39 197 0.10264984124117785
597 375 387 0.09093070821301862
598 64 280 0.00010109959340336756
599 16 180 0.009254958474216831
