1811
0 208 320 0.00010142709422352871
1 64 155 0.036894257100367
2 204 205 0.0003645270585298189
3 63 292 0.027158102896053297
4 374 381 0.09852232460854615
5 136 155 6.200250050544768e-06
6 21 24 0.01004583223094655
7 221 307 0.00013011369346016354
8 86 394 0.0569316348584813
9 321 322 0.03524266103143208
10 13 57 0.10348574725559867
11 2 191 0.07323490374865553
12 88 90 4.884487281851851e-05
13 40 43 0.006673405537410838
14 74 75 0.015156282867121267
15 176 263 0.07694375288196706
16 182 183 0.031193295559570153
17 211 212 0.00020390446436055094
18 235 342 0.052807783089532864
19 99 192 0.06079792445293619
20 298 299 0.009766362486310272
21 343 345 0.046358677759465845
22 224 332 0.00018141383451177395
23 25 26 0.08829420912756299
24 8 399 0.024428413545833444
25 19 22 0.059471887979695305
26 23 91 0.10462939874445926
27 201 270 0.04274042044484866
28 213 216 0.021978442142882807
29 50 130 7.692078632912882e-05
30 328 329 0.011124011274124483
31 171 294 0.08245997622272445
32 279 332 0.05791852478315101
33 243 244 0.024590725339775178
34 6 108 0.006198145447057016
35 14 240 0.00029545236592040414
36 338 386 0.052531280802231434
37 297 361 0.02602076439480413
38 356 364 2.867430887116201e-05
39 359 360 0.05408469347792476
40 179 246 4.543180805237198e-05
41 177 310 0.010497959565596762
42 71 301 0.0001385411977363901
43 339 343 0.03509453394777393
44 274 275 0.06308630693040397
45 17 197 0.09217310652324875
46 305 306 0.00030421812222397707
47 159 321 0.00026690167645334207
48 360 361 0.10497217956620158
49 32 33 0.03612461212109606
50 392 393 0.03989276814178666
51 166 334 0.05613569998448262
52 256 262 7.022159442808087e-05
53 110 203 0.00013494450688458095
54 11 124 0.00836435212378137
55 306 307 0.00033837512555758107
56 33 103 0.07144975404218724
57 110 212 6.735503914120854e-05
58 164 165 0.010924405095686153
59 284 314 0.00015833956920630865
60 219 236 0.005181527959234216
61 87 89 5.5346085457498704e-05
62 187 339 0.0208003668837647
63 68 129 0.01536768578257543
64 296 364 0.07678881537497086
65 195 196 0.013009463313070575
66 0 9 0.051137724284200166
67 45 261 0.00018124949873607997
68 111 276 0.07124667329647918
69 356 359 2.7884433802477653e-05
70 28 31 0.0002471280332951135
71 224 225 0.0004923744288927595
72 45 138 0.03317918574092324
73 128 155 0.0686095630119028
74 170 293 0.056770308793807324
75 117 202 0.00010547114157019398
76 256 257 0.00011112011664962103
77 30 102 0.032532547731227025
78 14 350 0.00037186319435175843
79 41 43 0.13214805750852493
80 40 137 0.02528488997389653
81 353 383 0.00015063123707080708
82 52 267 0.04079837148250007
83 80 81 0.07352315664698307
84 287 288 0.10361710161580753
85 2 144 0.05895724687045566
86 318 328 0.07068268307854778
87 42 125 0.09856746211889435
88 31 32 0.013624677621793443
89 106 341 0.005250590839362135
90 70 72 0.04650163208203099
91 170 192 0.020024428406540645
92 126 128 1.9378635772762432e-05
93 157 261 0.02732531550401494
94 233 276 5.956823579742454e-05
95 6 342 0.00012748808196121536
96 58 59 0.06439140625788321
97 113 209 0.06019736318582099
98 359 377 3.695000249058279e-05
99 177 324 0.03861106504602511
100 206 321 0.05764164431167964
101 91 183 0.012323460275883965
102 203 211 3.427414889093931e-05
103 22 93 0.06676421412323626
104 37 388 0.0889030749006252
105 268 305 0.05008634784486998
106 87 88 5.17488240555017e-06
107 133 135 0.008658635838307224
108 68 128 0.04789059162329084
109 325 327 0.00013995184910137642
110 146 255 0.06593754020792353
111 0 1 0.007666232866578416
112 226 370 0.011584636517602349
113 52 288 0.05179923956742126
114 355 366 0.0003116521082812927
115 228 323 0.019384194020037875
116 77 79 0.004575805782324104
117 65 66 0.12049260521437825
118 125 375 0.035415057215630916
119 221 305 0.0001536865439668185
120 70 92 0.07572012389287705
121 53 125 0.12079443030184522
122 56 283 0.0003776175996322789
123 85 275 0.05027932141900313
124 69 219 0.060940616673150295
125 54 204 0.06285050341633748
126 94 95 0.04911672832625257
127 373 392 0.0474698756446648
128 111 390 0.03489001717822714
129 177 178 0.011500740196258264
130 313 399 0.027307621296376615
131 210 230 5.545991177289808e-05
132 362 382 0.09426181469448339
133 16 97 0.016992221262852596
134 13 15 0.11652291897613355
135 349 350 0.033738000058630174
136 33 173 0.02735947674074955
137 13 20 0.12133846620640266
138 222 250 0.040792002038106304
139 293 294 0.037585778271233064
140 153 154 0.05570339535566852
141 142 154 0.06579529703748875
142 156 280 0.006213752222302177
143 350 351 2.728543736135125e-05
144 225 263 0.00021702268487947687
145 226 229 0.07008300406405168
146 73 81 0.006631166880578934
147 252 254 0.10888346287603404
148 237 238 9.113800558325775e-05
149 369 390 0.015425705587069922
150 277 385 0.10555685572820475
151 10 238 0.012485198874954813
152 215 228 0.06863449109034317
153 48 49 0.00016026767908911073
154 212 389 0.05080911879221956
155 304 308 0.03123043733761541
156 268 269 0.017796238804747094
157 202 205 0.0002595890617462337
158 237 344 0.023956334712064684
159 66 178 0.09022055243678
160 220 303 0.0002563813009093755
161 357 393 0.1130221859049026
162 27 120 0.08838399731043174
163 10 12 0.00012912147944130198
164 117 160 0.09115441864369687
165 87 189 0.1374088818168643
166 138 140 6.407907591603082e-05
167 36 372 0.0002163941347337139
168 340 388 0.06987013739836745
169 285 316 9.72068347632616e-05
170 129 194 0.020403776458121442
171 181 241 0.028651730838622103
172 166 168 0.056070146568192876
173 59 115 0.10461355790112671
174 150 365 0.032584387581824255
175 278 319 0.0627106797436968
176 100 101 0.022338238333905226
177 308 309 0.05296938480879472
178 232 273 0.04997925731104849
179 114 223 0.04386372415841504
180 142 144 0.00019742939461871194
181 21 59 0.06638802609617961
182 4 5 0.006392799846366575
183 44 258 0.003732223988037347
184 41 136 0.031295508487555045
185 242 328 0.032164853480294305
186 217 391 0.06941931721943613
187 254 263 0.00013562911516119003
188 369 389 0.04529064699521764
189 246 310 0.036006676823242184
190 26 27 0.019650896224912694
191 358 379 0.012263690437702167
192 76 77 0.1324214821041687
193 12 40 0.02136429083759576
194 112 210 2.6606503532725528e-05
195 361 381 0.020503237826439043
196 112 217 0.06528744765997295
197 364 377 3.014321858283508e-05
198 236 284 6.467132810518242e-05
199 250 286 0.040362411089768464
200 84 165 0.06389139197119055
201 30 171 0.04627288585645842
202 19 72 0.012511409675666841
203 79 86 0.039772682063896926
204 82 83 0.043051673558686054
205 116 158 0.029826046417237215
206 214 249 0.08775576272277491
207 55 288 0.14291385855394678
208 246 279 0.04519953204192205
209 180 239 0.053814404937548396
210 330 339 0.04143088350169975
211 119 168 0.03544478822566781
212 264 266 0.09051274793289033
213 199 235 0.08132533695067438
214 206 299 0.06459435580330679
215 135 259 0.012721743742696504
216 285 315 0.0001574589336486352
217 131 132 0.08631408142715943
218 34 35 0.09372221451713522
219 60 61 0.02167383990317142
220 120 169 0.03915722490029512
221 104 107 0.00025875737984600115
222 82 184 0.019177747544202227
223 187 289 0.03820148262422725
224 234 324 0.11821709022538295
225 272 358 0.026370410090126743
226 235 385 5.147035659831692e-05
227 37 195 0.01608226354858015
228 196 197 0.06744784964111065
229 71 382 6.754690349847635e-05
230 78 81 0.011113735165448524
231 158 159 0.05097183138860282
232 39 121 0.0575332485332751
233 62 245 0.09247026474003565
234 282 283 0.0004934738409495156
235 107 108 0.0001733820698341782
236 57 163 0.003047404968363853
237 347 376 0.04343532540557391
238 123 269 0.049279483527608026
239 89 90 1.0078476609091495e-05
240 41 126 0.04776011334862057
241 172 173 5.6189651263563715e-05
242 124 270 0.020442268771863333
243 20 85 0.010523379806319833
244 267 289 0.0793498927740547
245 148 149 0.02844786774252574
246 345 346 0.008505625862157822
247 134 145 0.08131930234416127
248 140 157 0.008971648198154216
249 162 286 1.769088455717237e-05
250 24 74 0.05060209750415091
251 34 104 0.01708895176484933
252 64 179 0.04525894328376669
253 218 329 0.07051198938080719
254 272 380 7.9298389537438e-05
255 46 175 0.06070094017820009
256 127 129 0.00011286495184954062
257 149 363 0.00019461119118988142
258 365 368 0.0001200400156249989
259 159 228 0.022308435266968296
260 21 23 0.035008230571477644
261 109 266 0.07839562407379984
262 57 167 0.020992351914866612
263 223 286 0.0076679141138250445
264 337 338 0.00017820142124047497
265 60 172 0.04781783069958207
266 319 320 0.02394377589169982
267 48 232 0.00468037967214404
268 301 371 3.937394724141195e-05
269 20 88 0.08721235582208364
270 169 267 0.001498209007229755
271 314 330 3.3010436353656486e-05
272 398 399 0.03523166862753536
273 249 287 0.027641715699612743
274 265 320 0.03401262470304438
275 113 118 0.0015805550424900533
276 344 345 0.059167650972175474
277 271 273 0.0003245169738824343
278 326 327 0.00014366586069831773
279 130 255 0.00018982646467512944
280 394 396 0.09235994965277462
281 29 31 0.025344851911591096
282 375 376 0.09259283797570982
283 300 356 0.08410265709088818
284 36 105 0.07363153353616285
285 131 256 0.031025434980316756
286 113 216 0.01424401543632669
287 241 315 0.03541238613507772
288 213 348 0.06597899252987666
289 160 223 0.07182310758892597
290 75 78 0.00020311625560457227
291 220 222 0.00019024990892640588
292 42 43 0.0100437586463397
293 147 153 0.00015138461570483826
294 70 384 0.04973369115246654
295 96 97 0.04872120513723562
296 208 336 0.008758663537576258
297 51 255 0.00038956857963737203
298 174 303 9.640727532966166e-05
299 37 198 0.013800366904615533
300 143 146 0.07710574477488069
301 47 231 0.0006627513032582162
302 171 297 0.05931128069449763
303 198 200 0.00014063382128556194
304 45 53 0.05189726926355481
305 308 355 0.04799523271828203
306 229 333 0.011273279827958328
307 5 385 0.052818086125376466
308 65 114 0.050418766080738454
309 9 233 0.08341913086577608
310 239 240 0.06893283143489011
311 67 68 0.0875411304717272
312 242 386 0.0493151580634485
313 185 186 0.018697547329910733
314 234 298 0.013409889402960704
315 371 382 0.00011284761673821583
316 147 148 0.06361260412625146
317 28 311 0.010638253729230893
318 23 73 0.03554964811295866
319 243 378 0.05041071881044811
320 134 135 0.08739721214968206
321 231 232 0.00013593823129460925
322 141 193 0.07653887581021548
323 268 309 0.07548811254936307
324 260 262 0.00019384020894522384
325 178 179 0.03812683265144517
326 269 292 0.07412416040460101
327 2 152 0.06724583688169108
328 26 94 0.08207297599355946
329 78 79 0.02512825785050888
330 151 154 0.025029242736644405
331 161 162 0.07667067517645747
332 67 175 0.036516573303570325
333 126 127 0.056881574127524426
334 69 343 0.004465197241079264
335 47 244 0.08124237048898163
336 133 392 0.09775997249981044
337 76 387 4.493680541213573e-05
338 18 63 0.06927047331813514
339 207 208 0.01903146209550367
340 110 111 0.05692675166573647
341 227 384 0.03402908059396044
342 367 371 0.09805246303479398
343 71 72 0.04513619562836707
344 90 274 0.0008493385113419417
345 168 244 0.0777186951855263
346 378 380 0.030755236610849855
347 50 396 0.06249894859397865
348 191 192 0.043241216577247096
349 24 27 0.06349649236242054
350 102 103 0.0001028170951372765
351 295 296 0.026312458667517587
352 184 185 0.01885167333913252
353 276 299 0.041318405561926785
354 137 252 0.00013047587896457296
355 292 383 0.06280591404893315
356 287 291 0.035367263060737224
357 325 326 0.0001663244782293606
358 143 145 0.0001409609356032171
359 0 7 0.04974544540968861
360 198 199 0.00016325549598459
361 211 327 0.03630537158835539
362 355 383 0.0003252057920206154
363 160 161 0.00017552581839772648
364 91 93 0.023599264393134072
365 190 191 0.07198870820224916
366 119 389 0.07738694924380568
367 122 301 0.04719357708268475
368 243 352 0.07893206943117008
369 162 245 0.05429147711298681
370 15 96 0.05457465945259569
371 3 99 0.11760645010786543
372 247 331 0.04406007609829882
373 274 365 0.028479120712101624
374 277 278 0.09070368497084239
375 98 100 0.010092898254559866
376 174 306 0.00010884811388883818
377 296 357 0.004381914634925926
378 236 330 0.00012345005076529918
379 11 12 0.011136922711364529
380 92 186 0.03169711962104652
381 136 156 0.033307618593952766
382 123 250 0.020589549389754346
383 95 188 0.04123564552988824
384 3 4 0.017155737789589804
385 378 379 0.005830732666942534
386 5 6 4.57954796831135e-05
387 331 336 0.02874989806192334
388 56 312 4.229043734851826e-05
389 284 285 0.055003281152613576
390 119 230 0.06863515603692756
391 137 251 0.00012642924249900593
392 80 83 0.0002700173874724956
393 363 368 0.03667423752794278
394 17 317 0.05164273035266594
395 121 264 0.01822145660237101
396 203 322 0.051744033699947393
397 11 237 0.0019791015501790317
398 174 175 0.056692686710063035
399 337 391 0.03698435779131794
400 17 181 0.004915500434740548
401 138 139 0.10561055591255081
402 29 98 0.010607833509923203
403 69 201 0.07042147585404032
404 10 42 0.022783210350957716
405 116 214 0.08646004384308514
406 163 165 0.09091034819901973
407 84 85 0.09159821411027823
408 48 60 0.06511553285882632
409 166 167 0.10385014979981787
410 38 207 0.011195015372009998
411 139 194 3.855158193494786e-05
412 150 151 0.08804122390605632
413 251 252 0.0001913305518065001
414 207 324 0.060589251369330466
415 46 373 0.05530155642627482
416 300 304 0.037379322695469265
417 190 295 0.00023812523134143912
418 164 227 0.07383375741188154
419 146 257 0.06572571254304967
420 132 395 0.0651293427432396
421 62 63 0.06300884525406471
422 363 372 0.03706491690585343
423 230 335 2.050565227876921e-05
424 249 348 0.020617907972525534
425 180 181 0.10471299938850404
426 142 143 0.00024454359979607154
427 39 176 0.04312803697567358
428 290 314 0.05370005310599951
429 157 258 0.011240997115935685
430 103 273 0.00016333639835550742
431 226 227 0.015432350789491785
432 315 316 0.0002442288715372535
433 18 122 0.010418499280731575
434 89 368 0.02878002389084599
435 258 259 0.008789193790640241
436 352 374 0.00031268705562086346
437 316 317 0.0001780216307378763
438 105 106 0.0003725353784314815
439 109 196 0.020342932478053844
440 353 366 0.00018255486676683417
441 259 260 0.05786966184248925
442 289 290 0.020448517031355782
443 362 384 0.000211741088468792
444 115 120 0.01049635690570249
445 149 150 0.008603975029635853
446 346 347 0.03868915061866538
447 18 19 0.05748038697080388
448 25 75 0.017876380981091716
449 121 247 0.019185291741014767
450 233 234 0.04183559893013678
451 290 291 0.11312814067834841
452 7 38 0.13227782700111718
453 225 248 0.000220536375884026
454 189 388 0.018862949304477118
455 98 170 0.10615714898765939
456 49 369 0.07891491241089106
457 264 265 0.04584516455758
458 35 152 4.472695368590071e-05
459 36 148 0.01412884188503949
460 53 131 0.004524084979612958
461 209 210 0.06367680587964185
462 9 61 0.01673944077661371
463 281 357 0.00905454686827118
464 167 333 0.00438849644845891
465 183 186 0.0001673258565028789
466 294 377 0.0766333380259014
467 370 374 0.0890193145313351
468 4 107 0.00010921314269862833
469 109 200 0.011947160209792454
470 362 370 0.03724250931529794
471 54 66 0.07515341398047112
472 241 242 0.10568184829450801
473 55 58 0.04220788218353483
474 238 347 0.05864071102964653
475 116 161 0.08059178732715794
476 65 67 0.04539976102306333
477 187 188 0.0363058355424381
478 95 169 0.06763037513648301
479 38 319 0.002168382056552025
480 112 335 5.4469758146902045e-05
481 340 372 0.061618352771190245
482 16 195 0.09713371260853847
483 35 147 6.1996348469305e-05
484 83 86 0.06889214093258315
485 118 218 0.028349910690016362
486 22 58 0.10587491179423561
487 215 216 0.06175684461718814
488 302 367 0.03646584789864213
489 275 394 0.11028220001434669
490 163 229 0.014581098373689483
491 32 313 2.2404322167761443e-05
492 190 281 0.024474019166022248
493 310 336 0.06984778447356246
494 338 351 0.04104845983458228
495 282 312 0.00018134980692628003
496 311 313 0.004930796472529661
497 55 62 0.09163017027571492
498 158 202 0.03399879927596706
499 1 398 5.54154051903713e-05
500 395 397 0.00012612746755846115
501 293 295 0.05001845377783424
502 240 351 0.0002304556444884792
503 73 74 0.00023455851381621313
504 96 239 0.00016644470737088522
505 102 271 0.0002458190514862438
506 80 182 0.052212411803410276
507 50 51 0.00035011507965214894
508 323 325 0.031095010625008284
509 173 398 0.00019804634908819583
510 28 100 0.025703943656709072
511 104 105 6.377700205846537e-05
512 164 185 0.07030127016383723
513 396 397 0.02776146734682647
514 334 349 0.10529622131085667
515 122 353 0.0766072128085815
516 271 272 0.05470036885295845
517 7 8 0.004887746414437211
518 29 30 0.07027659974275188
519 300 302 0.02222315597380818
520 127 139 0.02040191416699184
521 214 215 0.026847269672671654
522 8 56 0.038849399825745826
523 25 77 0.015129127034278388
524 54 298 0.04014610517521727
525 176 201 0.0926802798858697
526 1 172 0.0001906517364330527
527 114 220 0.042603225981528076
528 124 251 0.03793920134122942
529 219 317 0.05246338161672651
530 329 354 0.053399645975570606
531 51 151 0.11302751842370631
532 247 248 0.07720521681131103
533 270 344 0.0008002056056276009
534 379 381 0.025074057123429996
535 118 217 0.055562158453274
536 333 352 0.09352891443983201
537 140 141 0.00633027570139735
538 302 366 0.05578944557499992
539 334 335 0.048368428713427974
540 44 141 0.015423922910080773
541 193 194 0.04525056563198069
542 221 222 0.0003020272751772613
543 213 218 0.00019876574011066568
544 279 280 0.00013722275536267654
545 304 393 0.047322525696740524
546 253 254 0.00015727322850239052
547 209 326 0.06293872268927561
548 311 312 0.04941878255033662
549 354 391 0.023222936648334667
550 47 49 0.004421244271601924
551 340 341 0.03172306574573526
552 76 397 0.0001654517887022609
553 199 200 0.0001649126542593542
554 144 145 0.00014863939523545832
555 257 260 0.00028524624911623736
556 309 373 0.03694510832190123
557 341 342 0.001772233501003217
558 3 34 9.500143072110189e-05
559 134 281 0.0778127379026803
560 387 395 8.131977414205341e-05
561 97 189 0.09967084174375128
562 92 93 0.00011415824359549669
563 278 283 0.09432154394885134
564 188 346 0.052432355659800055
565 248 332 0.0002015170508993196
566 291 318 0.017595318332235606
567 46 193 0.05985035530860031
568 99 101 0.08949968375641622
569 261 262 0.03335642952580213
570 297 358 0.017654748904872217
571 354 386 0.0003330970017900112
572 52 115 0.021676815671565174
573 337 349 0.013547797988817039
574 82 84 0.0535876951353559
575 205 206 0.024709567361451277
576 101 282 0.05773171973422153
577 130 132 0.022369644072495712
578 266 277 0.013236886424806091
579 224 253 0.00016112810012833145
580 152 153 8.584937446001452e-05
581 61 390 0.043309037840558874
582 231 380 0.05194614577421904
583 360 367 0.05873939265504253
584 182 184 5.403123507593908e-05
585 117 204 0.00014473197416353222
586 322 323 7.769010444067091e-05
587 44 133 0.015270434813450334
588 106 108 0.00012707529894350698
589 265 331 0.00019847747348256695
590 94 376 0.06374509841585159
591 14 15 0.027691357847634157
592 123 245 0.0023551889364189006
593 318 348 0.02907685283069306
594 156 253 0.055062765091277506
595 303 307 0.00032445623115740256
596 39 197 0.10363987398445136
597 375 387 0.0921256652762935
598 64 280 0.00010131414378348463
599 16 180 0.009298796448609769
