1835
0 208 320 3.47446737900436e-07
1 64 155 0.03677532130552311
2 204 205 0.00027604818475233147
3 63 292 0.026684869225688065
4 374 381 0.09913523737101304
5 136 155 0.00011486632292548007
6 21 24 0.009487206779867578
7 221 307 0.00010424278909925158
8 86 394 0.05724400056614787
9 321 322 0.035063612739421955
10 13 57 0.1041975066366707
11 2 191 0.07358461194731244
12 88 90 8.48366876325719e-05
13 40 43 0.006348673594760205
14 74 75 0.014981930873103093
15 176 263 0.076566657072549
16 182 183 0.03089439639510298
17 211 212 0.0002578010277273662
18 235 342 0.05311563894773265
19 99 192 0.06056967342769818
20 298 299 0.00922792872456249
21 343 345 0.046640995795064394
22 224 332 0.00021144634266753484
23 25 26 0.0884155962393107
24 8 399 0.02398199721224264
25 19 22 0.059931789774436806
26 23 91 0.10512359684868375
27 201 270 0.042737215633939514
28 213 216 0.021288748009019656
29 50 130 3.142640871796979e-05
30 328 329 0.010626062765267395
31 171 294 0.0829470057769425
32 279 332 0.057764839694457046
33 243 244 0.0245457336551485
34 6 108 0.005333001901086714
35 14 240 8.933604652531405e-05
36 338 386 0.05242270713676289
37 297 361 0.02512735736685459
38 356 364 0.00016424131512299804
39 359 360 0.05349415100509129
40 179 246 3.851082525982572e-06
41 177 310 0.01012698625499254
42 71 301 0.0001094709574370024
43 339 343 0.0348384708171614
44 274 275 0.0633606177657791
45 17 197 0.09269037860356122
46 305 306 0.00015883177271644062
47 159 321 1.9588197838812054e-05
48 360 361 0.1060318197558049
49 32 33 0.03614516500106424
50 392 393 0.04000229128567257
51 166 334 0.05632494694438319
52 256 262 0.00023691833945515897
53 110 203 0.0001504778874260681
54 11 124 0.007459595520788934
55 306 307 6.322656852350886e-05
56 33 103 0.0715663905223385
57 110 212 0.00016944041116506307
58 164 165 0.01037954904777635
59 284 314 0.00021495410851127053
60 219 236 0.0045058923179952925
61 87 89 0.00014848881037038603
62 187 339 0.021007601035977326
63 68 129 0.015294060192211393
64 296 364 0.07681924376119496
65 195 196 0.012488891499303574
66 0 9 0.05148873419179802
67 45 261 0.0002451240575074391
68 111 276 0.07119719027242724
69 356 359 0.0002846323579051673
70 28 31 0.0001025137690752614
71 224 225 0.0004653048552982732
72 45 138 0.0328665187669146
73 128 155 0.06880663140699247
74 170 293 0.05715707074967223
75 117 202 0.00018820273779063807
76 256 257 6.147428357681989e-05
77 30 102 0.03207172778350427
78 14 350 0.00033761636600738797
79 41 43 0.1326233447445243
80 40 137 0.024534599836308138
81 353 383 0.0001434421091787289
82 52 267 0.04014898242622223
83 80 81 0.07363056997962977
84 287 288 0.10491459106145963
85 2 144 0.05847930224815512
86 318 328 0.07119678520307367
87 42 125 0.09943636075181832
88 31 32 0.013326075005920675
89 106 341 0.004660964139124783
90 70 72 0.04671525605112125
91 170 192 0.01960179460835581
92 126 128 0.00010555358283348828
93 157 261 0.027367344165548917
94 233 276 0.0001322571901906641
95 6 342 0.00017587043432548208
96 58 59 0.0646138908121701
97 113 209 0.06048714066880419
98 359 377 0.00018677102953793817
99 177 324 0.038531077167656934
100 206 321 0.05768592327595713
101 91 183 0.012114598522287506
102 203 211 2.927827787516027e-05
103 22 93 0.06680156836619083
104 37 388 0.08886509907983757
105 268 305 0.049903509481208336
106 87 88 3.806565320049892e-05
107 133 135 0.00762723507197234
108 68 128 0.04809061688483882
109 325 327 0.00014036708990015293
110 146 255 0.06582839988947935
111 0 1 0.007081168601761243
112 226 370 0.010842182374504822
113 52 288 0.05196621210135976
114 355 366 0.000145672649210888
115 228 323 0.019368570571235387
116 77 79 0.004104599454238281
117 65 66 0.12107490074134267
118 125 375 0.03467487437565821
119 221 305 0.00020435738567461633
120 70 92 0.07600220923687441
121 53 125 0.121710147275917
122 56 283 3.5163392301843255e-05
123 85 275 0.04952789604212938
124 69 219 0.06095462632793937
125 54 204 0.06255297092408856
126 94 95 0.048669134283143886
127 373 392 0.0473599057215848
128 111 390 0.03499676634113409
129 177 178 0.011265710877008261
130 313 399 0.027311829391015376
131 210 230 0.000126401099522504
132 362 382 0.09439447026367738
133 16 97 0.016290739073291635
134 13 15 0.11705267467900389
135 349 350 0.0338101769179289
136 33 173 0.027275865177957232
137 13 20 0.12169211278139987
138 222 250 0.040610123521410746
139 293 294 0.03757137591238807
140 153 154 0.055419279918757815
141 142 154 0.06599718914131004
142 156 280 0.00602408864069326
143 350 351 0.0001161587912148555
144 225 263 0.0002254958998160216
145 226 229 0.07053359523520687
146 73 81 0.0065188052190871685
147 252 254 0.10941152955729037
148 237 238 6.724053987918014e-05
149 369 390 0.015259253404489408
150 277 385 0.1056637795987007
151 10 238 0.01224492635782811
152 215 228 0.06876983086380993
153 48 49 0.0001317799895418281
154 212 389 0.050553656328830056
155 304 308 0.031082764638642853
156 268 269 0.017379833872622156
157 202 205 0.00027214738215109097
158 237 344 0.023434667323094613
159 66 178 0.09082837617294047
160 220 303 0.00021762263815494837
161 357 393 0.11337204982708034
162 27 120 0.08870404398573956
163 10 12 0.00014760551271335192
164 117 160 0.09135808037863133
165 87 189 0.1375783472735551
166 138 140 0.00011603413050498631
167 36 372 0.00029088969649265745
168 340 388 0.07021634464713003
169 285 316 9.66483398042168e-05
170 129 194 0.020020478965113355
171 181 241 0.028360903829086764
172 166 168 0.05550776793597725
173 59 115 0.10457235563404896
174 150 365 0.03271270401266245
175 278 319 0.06265315605238597
176 100 101 0.02191380022706561
177 308 309 0.05309122622479677
178 232 273 0.04985002208642435
179 114 223 0.04366144814041567
180 142 144 0.0003152183740804222
181 21 59 0.06681161367809785
182 4 5 0.005617970454573871
183 44 258 0.0027941451685731195
184 41 136 0.03116424463571064
185 242 328 0.031657550215489695
186 217 391 0.06940211400731292
187 254 263 0.0001384168735056527
188 369 389 0.04559910958345557
189 246 310 0.03586736927156975
190 26 27 0.018887405807070913
191 358 379 0.011558774032056877
192 76 77 0.13321776421840428
193 12 40 0.020916041998707252
194 112 210 5.262467498175142e-05
195 361 381 0.01989270862568362
196 112 217 0.06516486134654091
197 364 377 7.132560534750823e-05
198 236 284 0.00023261274668558716
199 250 286 0.04012238080065758
200 84 165 0.06375126743741537
201 30 171 0.046309841971457155
202 19 72 0.012050290118930765
203 79 86 0.03973924372909616
204 82 83 0.04291389618069679
205 116 158 0.029257186238985874
206 214 249 0.08847151375144288
207 55 288 0.1427128006130119
208 246 279 0.04525999325675421
209 180 239 0.053410389790242783
210 330 339 0.041171913647213225
211 119 168 0.03543035199421383
212 264 266 0.09119198555686298
213 199 235 0.08160503467208485
214 206 299 0.06472271487904072
215 135 259 0.012246360369451901
216 285 315 0.00015763611411414278
217 131 132 0.0867370896053767
218 34 35 0.0939866706870537
219 60 61 0.021546202712786615
220 120 169 0.0389869030899273
221 104 107 5.276288393238267e-05
222 82 184 0.018850240590127482
223 187 289 0.037774605869277375
224 234 324 0.11935973590754338
225 272 358 0.02614580806080469
226 235 385 0.00027403575576613484
227 37 195 0.015671638074818847
228 196 197 0.06806807633708988
229 71 382 0.00026272941627312503
230 78 81 0.011008365156450338
231 158 159 0.051018136311790065
232 39 121 0.05774197445010475
233 62 245 0.09280243068132495
234 282 283 8.102952722586325e-05
235 107 108 0.0002496141781454535
236 57 163 0.002637470259673286
237 347 376 0.0435157605333229
238 123 269 0.04924623004255689
239 89 90 8.239061142937226e-05
240 41 126 0.04800491055408237
241 172 173 8.670671008642294e-05
242 124 270 0.02022740160782749
243 20 85 0.010067730117621137
244 267 289 0.08001552209619196
245 148 149 0.028254620830431534
246 345 346 0.008209055482833922
247 134 145 0.08137192491652043
248 140 157 0.008484887761924928
249 162 286 5.840300115905024e-07
250 24 74 0.0501479683290936
251 34 104 0.016847074181363532
252 64 179 0.04531774499643019
253 218 329 0.070694809240089
254 272 380 0.0003193642002470588
255 46 175 0.060806132814270074
256 127 129 3.759710476504276e-05
257 149 363 2.0207451665522787e-05
258 365 368 3.456291898912894e-05
259 159 228 0.022121968917526696
260 21 23 0.03454083630913575
261 109 266 0.07885387571717464
262 57 167 0.020290964120102166
263 223 286 0.007264654625439821
264 337 338 0.00029060725433544633
265 60 172 0.04773173891429623
266 319 320 0.023751741761510174
267 48 232 0.00432277338291926
268 301 371 0.00020539234731275444
269 20 88 0.08716094045039176
270 169 267 0.000738626886414447
271 314 330 0.00026444152680522523
272 398 399 0.03505911383984928
273 249 287 0.027680865474773646
274 265 320 0.03402613827089293
275 113 118 0.0011784962143464566
276 344 345 0.0596179387963917
277 271 273 0.00012971722345145702
278 326 327 0.00014366294865737558
279 130 255 0.0001580186152206167
280 394 396 0.09273001799709296
281 29 31 0.024958642246285027
282 375 376 0.09285905248864831
283 300 356 0.08417995394081697
284 36 105 0.07356592864135005
285 131 256 0.030683295605079312
286 113 216 0.013873259993079411
287 241 315 0.0351047288639221
288 213 348 0.06644352202803994
289 160 223 0.07226154793251643
290 75 78 2.8194195556223544e-06
291 220 222 7.203490754985238e-05
292 42 43 0.009807393008717283
293 147 153 0.00016952006483481904
294 70 384 0.04970741439708523
295 96 97 0.048805500966342064
296 208 336 0.008883639532659806
297 51 255 1.3863448217710127e-05
298 174 303 0.00025703214921474833
299 37 198 0.013355837630468107
300 143 146 0.07733646988750763
301 47 231 0.0005391898867153527
302 171 297 0.05929959503528078
303 198 200 0.00013549041292283448
304 45 53 0.05181364381391304
305 308 355 0.04824273387080921
306 229 333 0.010902957711291707
307 5 385 0.053058642883723195
308 65 114 0.0503221231160698
309 9 233 0.08411381268162514
310 239 240 0.06884074660283979
311 67 68 0.08783867445042536
312 242 386 0.04877768043279327
313 185 186 0.018501043296680134
314 234 298 0.01322516810576472
315 371 382 0.0002573269763030607
316 147 148 0.06352615624688177
317 28 311 0.01047217290498746
318 23 73 0.034990789586888074
319 243 378 0.05043284146098545
320 134 135 0.0883450323738349
321 231 232 0.0001649502747390203
322 141 193 0.07740401041298824
323 268 309 0.07580188893065111
324 260 262 8.582129660921666e-05
325 178 179 0.03780373811205315
326 269 292 0.07455178529920477
327 2 152 0.06725734960942642
328 26 94 0.08280196239856065
329 78 79 0.02475111460389675
330 151 154 0.02455642354824591
331 161 162 0.07682974221528291
332 67 175 0.03592818295486973
333 126 127 0.05704775006237106
334 69 343 0.0035675179231407905
335 47 244 0.08099900571897378
336 133 392 0.09872197326548462
337 76 387 0.00016525349758722479
338 18 63 0.06968606901398959
339 207 208 0.018280225065669158
340 110 111 0.05695447544342508
341 227 384 0.03352989910212891
342 367 371 0.09839975575646462
343 71 72 0.04475343747576058
344 90 274 0.0002557025133614398
345 168 244 0.07837992451714766
346 378 380 0.03008193256377516
347 50 396 0.06258035153307297
348 191 192 0.04351151849482619
349 24 27 0.06356657954657714
350 102 103 0.0003017092880278725
351 295 296 0.02577712804392067
352 184 185 0.018684732373769292
353 276 299 0.04105786314990548
354 137 252 0.00013016934722203755
355 292 383 0.06282993974954287
356 287 291 0.03385310913406974
357 325 326 0.00016611091670506772
358 143 145 4.912951902551593e-05
359 0 7 0.04947234582637783
360 198 199 0.00015855326964662198
361 211 327 0.03609768740180844
362 355 383 5.786930386496762e-05
363 160 161 0.00011033227263980516
364 91 93 0.023600268483596032
365 190 191 0.07204651503710974
366 119 389 0.07743256598499006
367 122 301 0.04703551191748332
368 243 352 0.0791514467299372
369 162 245 0.05392481117765279
370 15 96 0.0543941200412561
371 3 99 0.11853058376332698
372 247 331 0.04384752224849826
373 274 365 0.028383495647899326
374 277 278 0.09112293974751969
375 98 100 0.009774918137293214
376 174 306 0.00016165617709372772
377 296 357 0.004056378373070423
378 236 330 5.641542188485617e-05
379 11 12 0.011079366929163665
380 92 186 0.031549761235698685
381 136 156 0.03330468251984566
382 123 250 0.02028514399775879
383 95 188 0.04145028812770798
384 3 4 0.016932795826588517
385 378 379 0.005773335805280897
386 5 6 0.0003055568517398819
387 331 336 0.02866324234619598
388 56 312 7.82339265686419e-05
389 284 285 0.05489789283143124
390 119 230 0.06838170755249316
391 137 251 0.00012628873940836207
392 80 83 0.0002844241279358866
393 363 368 0.036805876456164795
394 17 317 0.05138036921039634
395 121 264 0.017977611063023792
396 203 322 0.05162021074665427
397 11 237 0.0017345445516051617
398 174 175 0.05676662053349215
399 337 391 0.03701247424832588
400 17 181 0.0044381043888284955
401 138 139 0.10622428892986559
402 29 98 0.010320507028724958
403 69 201 0.07084284048288467
404 10 42 0.022159900126522934
405 116 214 0.08686583965023165
406 163 165 0.09138967644421656
407 84 85 0.09262729758949508
408 48 60 0.06545890364562373
409 166 167 0.10508708126662179
410 38 207 0.011362354009823968
411 139 194 0.00012089642635995467
412 150 151 0.08825150776057629
413 251 252 0.00019160322360707303
414 207 324 0.06064219040527964
415 46 373 0.05545377012807155
416 300 304 0.03722416243769645
417 190 295 0.00024333660859793155
418 164 227 0.07416873694318994
419 146 257 0.06609513466905825
420 132 395 0.06504555752797711
421 62 63 0.06275060597483002
422 363 372 0.03688988887827306
423 230 335 6.185775627330373e-05
424 249 348 0.019741028613930497
425 180 181 0.10554100877543181
426 142 143 0.00013409063701874026
427 39 176 0.04310742817361754
428 290 314 0.053552749194350345
429 157 258 0.010993968930196876
430 103 273 6.806729118985764e-05
431 226 227 0.015096489475409126
432 315 316 0.0002445023556146224
433 18 122 0.009729274552309158
434 89 368 0.028413285259432375
435 258 259 0.008519221407379146
436 352 374 3.153852737044884e-05
437 316 317 0.00017660981466407295
438 105 106 0.0003916613572936564
439 109 196 0.019806997111663463
440 353 366 0.00022518827039709043
441 259 260 0.057989410088481234
442 289 290 0.020478089527955684
443 362 384 0.0003529271497795983
444 115 120 0.009848587534802743
445 149 150 0.008488954320921966
446 346 347 0.038449481048601235
447 18 19 0.057535372301565926
448 25 75 0.01722728700328734
449 121 247 0.01866254852758188
450 233 234 0.041274193377015336
451 290 291 0.11415096327275001
452 7 38 0.1333539417174113
453 225 248 0.000238787555309799
454 189 388 0.018722869114571456
455 98 170 0.10678864887399106
456 49 369 0.07926850631675617
457 264 265 0.04540365426154012
458 35 152 0.0002663038764299307
459 36 148 0.014119869348655865
460 53 131 0.0038651414930542445
461 209 210 0.06337872107888094
462 9 61 0.016149220058382485
463 281 357 0.00893229097692116
464 167 333 0.0038351023091434773
465 183 186 9.705291035706088e-06
466 294 377 0.07628508341985192
467 370 374 0.08974969011132097
468 4 107 7.45659792497841e-05
469 109 200 0.011482253744635143
470 362 370 0.03694962099608327
471 54 66 0.07558046745808196
472 241 242 0.10686430571785616
473 55 58 0.04186971186552742
474 238 347 0.058881033570752826
475 116 161 0.08113905341500974
476 65 67 0.04518927910023586
477 187 188 0.03618704785045974
478 95 169 0.06781692241961115
479 38 319 0.0014519877443028395
480 112 335 0.00015297975449017934
481 340 372 0.06123142520670919
482 16 195 0.09782277221815924
483 35 147 0.0001945803783984838
484 83 86 0.06878248129841043
485 118 218 0.0277392412449564
486 22 58 0.10607602458073509
487 215 216 0.062364284395616934
488 302 367 0.03608747630176946
489 275 394 0.11077079436631818
490 163 229 0.013970885983450074
491 32 313 0.00022727461270305005
492 190 281 0.02378794899508182
493 310 336 0.06981902664697903
494 338 351 0.04098801402062984
495 282 312 0.00011490583754687604
496 311 313 0.004795905983398955
497 55 62 0.09281171944898128
498 158 202 0.033783289404914124
499 1 398 6.845571390207834e-05
500 395 397 0.0001276066903369391
501 293 295 0.049988822299435194
502 240 351 0.0002218054885322542
503 73 74 0.00023060991234180107
504 96 239 9.132845926135418e-05
505 102 271 0.000419961034427573
506 80 182 0.0518918619865152
507 50 51 0.0001392183165715899
508 323 325 0.031037618909406966
509 173 398 1.5087318485177644e-05
510 28 100 0.025336387594717735
511 104 105 0.00019064946447280083
512 164 185 0.07051582782673149
513 396 397 0.0272362084323656
514 334 349 0.10550265802781356
515 122 353 0.07686850036749242
516 271 272 0.05476414884065885
517 7 8 0.004520687742220002
518 29 30 0.07081825687759623
519 300 302 0.022194117885666553
520 127 139 0.020015215254376103
521 214 215 0.025836999958407016
522 8 56 0.038503946384540466
523 25 77 0.015015287210374161
524 54 298 0.0401358068973865
525 176 201 0.09346881976831364
526 1 172 2.3255666943431455e-05
527 114 220 0.04195017830714822
528 124 251 0.03763993729200505
529 219 317 0.052801055684869196
530 329 354 0.05314820848457066
531 51 151 0.11363250506400478
532 247 248 0.07748328393456909
533 270 344 0.00022914396043036142
534 379 381 0.024655465699722816
535 118 217 0.055616489888188445
536 333 352 0.09395702169312264
537 140 141 0.005559166238911203
538 302 366 0.05562321118223813
539 334 335 0.04780157945688353
540 44 141 0.015068324957142654
541 193 194 0.04521716201651292
542 221 222 0.00024819750838562935
543 213 218 3.379575745925559e-05
544 279 280 0.0001398347898292416
545 304 393 0.04735052104004506
546 253 254 0.0003152578368794986
547 209 326 0.06332916078841587
548 311 312 0.0489295865381214
549 354 391 0.022994567331002736
550 47 49 0.004141829409798014
551 340 341 0.03151454739476982
552 76 397 0.00016941540516859032
553 199 200 0.00016155628250709488
554 144 145 0.00021819019660675518
555 257 260 0.00011093493498653152
556 309 373 0.03692455104282731
557 341 342 0.0015598977570226396
558 3 34 0.00029204876230413875
559 134 281 0.07822465922357974
560 387 395 0.00015673395959810518
561 97 189 0.10007587675894236
562 92 93 2.5510829829360376e-05
563 278 283 0.09519649723978571
564 188 346 0.05254017080489068
565 248 332 6.7043964935439e-05
566 291 318 0.017796194128341266
567 46 193 0.05993137422465828
568 99 101 0.0898089530799507
569 261 262 0.03295423817860982
570 297 358 0.017482450776311602
571 354 386 3.948686274920097e-05
572 52 115 0.021082125189684806
573 337 349 0.013267261976649484
574 82 84 0.053437023885374246
575 205 206 0.024489349817570207
576 101 282 0.057341665851505665
577 130 132 0.021924509141242776
578 266 277 0.012804321571936807
579 224 253 8.81735209035449e-05
580 152 153 0.00012753859704349254
581 61 390 0.043587419966226365
582 231 380 0.05213299113354534
583 360 367 0.059111247520157936
584 182 184 0.00026920405490474714
585 117 204 0.00023186568979711566
586 322 323 8.615357807038378e-05
587 44 133 0.01512027428715235
588 106 108 4.826420416434111e-05
589 265 331 0.0002748299626643922
590 94 376 0.06385674536785793
591 14 15 0.027703780067959788
592 123 245 0.001877195435357153
593 318 348 0.02825123531211481
594 156 253 0.054836898307110686
595 303 307 0.0003816781812443478
596 39 197 0.10406138718584983
597 375 387 0.09255024758117629
598 64 280 0.00010080491845352697
599 16 180 0.009340088889677335
