1838
0 208 320 0.00018305663413749348
1 64 155 0.03680181028161847
2 204 205 2.2803065938169304e-05
3 63 292 0.026625798481981953
4 374 381 0.09916982931092547
5 136 155 8.003432443189037e-05
6 21 24 0.009417903848981116
7 221 307 0.0003383112934918452
8 86 394 0.05728276690323743
9 321 322 0.03507084489591158
10 13 57 0.10428648913087613
11 2 191 0.07362832045736319
12 88 90 0.0001561595821070627
13 40 43 0.006307382364733377
14 74 75 0.014972502777106518
15 176 263 0.07645964930658769
16 182 183 0.030856500518406063
17 211 212 0.0003197230684544097
18 235 342 0.05315616592643079
19 99 192 0.06054157154522898
20 298 299 0.009161155644358775
21 343 345 0.04667668654395663
22 224 332 0.00020585752655159182
23 25 26 0.08842977124838436
24 8 399 0.02392550433035878
25 19 22 0.05998963185561835
26 23 91 0.10518407757072443
27 201 270 0.042754145890367586
28 213 216 0.021169208755621
29 50 130 9.60406776646746e-05
30 328 329 0.010564252954527955
31 171 294 0.08300801303715832
32 279 332 0.057673103779318204
33 243 244 0.02453946583430625
34 6 108 0.005275542908411472
35 14 240 3.398817672330374e-05
36 338 386 0.05240096362966072
37 297 361 0.02501626219501198
38 356 364 0.000137713128757959
39 359 360 0.053497361010406384
40 179 246 6.241128047162562e-05
41 177 310 0.01008115676730422
42 71 301 0.0001489684476898988
43 339 343 0.03480642800001262
44 274 275 0.06336303783076228
45 17 197 0.09275469050294036
46 305 306 7.107295988741745e-05
47 159 321 0.00018922255654595275
48 360 361 0.10616388577546088
49 32 33 0.03615124884808485
50 392 393 0.04001611451537971
51 166 334 0.0563482277139966
52 256 262 0.0001776313180252038
53 110 203 0.0001830216002401107
54 11 124 0.007352187342495133
55 306 307 0.000375820332757818
56 33 103 0.07160138646468946
57 110 212 0.000187001824801318
58 164 165 0.010311618771653775
59 284 314 0.0001876579941341776
60 219 236 0.004381330918994555
61 87 89 0.00010978740678421376
62 187 339 0.021033605320005914
63 68 129 0.015274300367774453
64 296 364 0.0768243813272356
65 195 196 0.012423783162180338
66 0 9 0.0515332337224111
67 45 261 0.00010197535477292555
68 111 276 0.0712384798572022
69 356 359 8.759731463974428e-05
70 28 31 0.00018244026810628586
71 224 225 5.600954564233071e-05
72 45 138 0.03283541048479405
73 128 155 0.06882855848541279
74 170 293 0.05720551222139391
75 117 202 3.0411149201404e-05
76 256 257 6.470380454980322e-05
77 30 102 0.032206252824008
78 14 350 0.0002568788079108925
79 41 43 0.1326820599701595
80 40 137 0.02436674684919727
81 353 383 0.0001053641506848716
82 52 267 0.040068047167602455
83 80 81 0.07369834519222462
84 287 288 0.1050769218357006
85 2 144 0.05849468384244948
86 318 328 0.0712609902368195
87 42 125 0.09954478366056516
88 31 32 0.013321560576158175
89 106 341 0.00449916081831028
90 70 72 0.04674332325327845
91 170 192 0.019548983868925306
92 126 128 0.0001136872244271051
93 157 261 0.027404197059829452
94 233 276 5.9933815095366626e-05
95 6 342 0.0001336901027550239
96 58 59 0.06464165375195312
97 113 209 0.06052296372347258
98 359 377 0.00017946264436249616
99 177 324 0.038520677357063424
100 206 321 0.057654599004450635
101 91 183 0.012051496583011393
102 203 211 0.00012676229315093445
103 22 93 0.06675839376298869
104 37 388 0.08886124529916913
105 268 305 0.0498629275124474
106 87 88 5.727647446911544e-05
107 133 135 0.0074986121463244786
108 68 128 0.04810935623443904
109 325 327 0.00014134441517396596
110 146 255 0.06583017050291023
111 0 1 0.006912927705164316
112 226 370 0.0107521752493526
113 52 288 0.051987176732443026
114 355 366 0.00013098794832055798
115 228 323 0.019302299538797314
116 77 79 0.004046042851494138
117 65 66 0.12114736135236968
118 125 375 0.03458268430672927
119 221 305 0.00015755321228298964
120 70 92 0.07598806381383771
121 53 125 0.12182395295924132
122 56 283 0.00027611291438662145
123 85 275 0.04943478657982126
124 69 219 0.06095509151743193
125 54 204 0.06262586131471899
126 94 95 0.04861320330465934
127 373 392 0.04734617573204291
128 111 390 0.03501042765075368
129 177 178 0.011237605064905556
130 313 399 0.02735867804677755
131 210 230 0.0003082245124179185
132 362 382 0.09450996723625167
133 16 97 0.01620348391772239
134 13 15 0.11711851303384084
135 349 350 0.033851027346473904
136 33 173 0.027196118941408307
137 13 20 0.12173603050488963
138 222 250 0.04062917673673822
139 293 294 0.037569376747975315
140 153 154 0.055352734054981305
141 142 154 0.06596352324679332
142 156 280 0.005943152685658287
143 350 351 0.00022798985517446523
144 225 263 0.00027665608134408247
145 226 229 0.07058985005085247
146 73 81 0.006530183897121133
147 252 254 0.10955269231284563
148 237 238 0.00012279832805918764
149 369 390 0.015238443824260229
150 277 385 0.10575707487464826
151 10 238 0.012193087123868294
152 215 228 0.06878697931078187
153 48 49 0.00023131699764094798
154 212 389 0.05051772462423491
155 304 308 0.031064319485495748
156 268 269 0.01732793971252175
157 202 205 9.689448751575935e-05
158 237 344 0.023328802853523276
159 66 178 0.09090358448866345
160 220 303 0.00024523439215397226
161 357 393 0.11341559842049298
162 27 120 0.08874439847655412
163 10 12 0.00015377542448644568
164 117 160 0.09151112107021088
165 87 189 0.13758430275119682
166 138 140 9.827463469545827e-05
167 36 372 4.673222801007134e-05
168 340 388 0.07025879483674558
169 285 316 0.000290885584831627
170 129 194 0.01996560544813493
171 181 241 0.028324866333129108
172 166 168 0.05543768357819969
173 59 115 0.1045673283982945
174 150 365 0.03273264203461235
175 278 319 0.06264571709101452
176 100 101 0.02186036838452436
177 308 309 0.05310655991387981
178 232 273 0.049837514286468015
179 114 223 0.043635423324020144
180 142 144 0.00010405689310226846
181 21 59 0.06686413408881475
182 4 5 0.005537874490409072
183 44 258 0.0026772249151479897
184 41 136 0.031139182149631277
185 242 328 0.03159528906140282
186 217 391 0.06939899061180561
187 254 263 0.0001165982363349358
188 369 389 0.04563772105507115
189 246 310 0.035856016439515415
190 26 27 0.01879165356902305
191 358 379 0.011472041922595565
192 76 77 0.13346105530482957
193 12 40 0.02088342861315307
194 112 210 0.00026301342676775106
195 361 381 0.019816102249643718
196 112 217 0.06518903726487896
197 364 377 1.0590400758365138e-05
198 236 284 2.3042875503566624e-05
199 250 286 0.04007573865882652
200 84 165 0.06373395739040767
201 30 171 0.046314643069486516
202 19 72 0.011992482337322403
203 79 86 0.03973513446287038
204 82 83 0.042903024929460985
205 116 158 0.02918640077790592
206 214 249 0.08856067595629259
207 55 288 0.14268775574580375
208 246 279 0.04525418171531121
209 180 239 0.053354117374069386
210 330 339 0.04112361603531671
211 119 168 0.03542835941701489
212 264 266 0.09127613195247641
213 199 235 0.08174359124492307
214 206 299 0.06473852369865941
215 135 259 0.012187132548149422
216 285 315 0.00016167766049554657
217 131 132 0.08678991139679043
218 34 35 0.09413890072356208
219 60 61 0.0215301393623043
220 120 169 0.038965469292187804
221 104 107 0.0001616494172968465
222 82 184 0.018846753783134506
223 187 289 0.03772155105981462
224 234 324 0.11950228090895099
225 272 358 0.026140728427771907
226 235 385 4.8677385211659976e-05
227 37 195 0.015619737847690763
228 196 197 0.0681457528659412
229 71 382 5.324057990306944e-05
230 78 81 0.010982599052584318
231 158 159 0.050988116955234045
232 39 121 0.05776767119692872
233 62 245 0.09284333196394273
234 282 283 0.0002936441544277741
235 107 108 0.00022329819350440226
236 57 163 0.0025861568307147986
237 347 376 0.04352564958799119
238 123 269 0.04924181990209271
239 89 90 0.00024740746911746796
240 41 126 0.04802959590991971
241 172 173 0.00021619026148627976
242 124 270 0.020205083904413106
243 20 85 0.010011254519874977
244 267 289 0.08009867195453935
245 148 149 0.02821963127725116
246 345 346 0.008171717820983486
247 134 145 0.08128038486447174
248 140 157 0.00843291005535941
249 162 286 0.00011685798377657408
250 24 74 0.05012270060116826
251 34 104 0.016762312066792708
252 64 179 0.04528112310011292
253 218 329 0.07060515820362301
254 272 380 0.00014412112421380242
255 46 175 0.06081880596710559
256 127 129 7.865294298178252e-05
257 149 363 0.00020030079055793207
258 365 368 9.875236140678272e-05
259 159 228 0.022075928750582112
260 21 23 0.034483420151489086
261 109 266 0.07891079591945566
262 57 167 0.020203557450405377
263 223 286 0.007186531482712513
264 337 338 5.2203279669841743e-05
265 60 172 0.04756237356553449
266 319 320 0.02370221553703402
267 48 232 0.004273874521136448
268 301 371 5.289796209568276e-05
269 20 88 0.08718258542882648
270 169 267 0.0006438068388712993
271 314 330 3.674652889340699e-05
272 398 399 0.03481558377016346
273 249 287 0.02768549467459211
274 265 320 0.03401058880754944
275 113 118 0.0011284977581117552
276 344 345 0.059690702772874665
277 271 273 3.09932577459647e-05
278 326 327 0.0001662718367058122
279 130 255 0.00012271132592906096
280 394 396 0.09277637967016404
281 29 31 0.024895261453297193
282 375 376 0.09289222091490666
283 300 356 0.08419668161209225
284 36 105 0.07367033182742026
285 131 256 0.03060943835556354
286 113 216 0.01382691436355763
287 241 315 0.03514796907166193
288 213 348 0.06639726397676454
289 160 223 0.07230636531401338
290 75 78 0.00011857421975712707
291 220 222 9.7419666763368e-05
292 42 43 0.009778013937345812
293 147 153 0.00015997399097941338
294 70 384 0.04975037087480166
295 96 97 0.04881186149166409
296 208 336 0.008861932841488361
297 51 255 2.7539190639062176e-05
298 174 303 0.00022673335021285602
299 37 198 0.013301041672692464
300 143 146 0.07730926932859974
301 47 231 0.0005217838280728265
302 171 297 0.05929771340987635
303 198 200 0.0001605387893283641
304 45 53 0.05185340833358807
305 308 355 0.04807675142389817
306 229 333 0.010856998627765553
307 5 385 0.05316017706157135
308 65 114 0.05031000092597376
309 9 233 0.0842441500761905
310 239 240 0.06878575971484113
311 67 68 0.08787606730343284
312 242 386 0.048672207243960305
313 185 186 0.01845131919307109
314 234 298 0.013202654046298126
315 371 382 0.00018175066818002596
316 147 148 0.06353207906754055
317 28 311 0.010447904575685323
318 23 73 0.0349492308670908
319 243 378 0.05043482365960795
320 134 135 0.08846324815252393
321 231 232 0.00016780980916224867
322 141 193 0.07751225602478752
323 268 309 0.07584091465908603
324 260 262 0.0002728349093721465
325 178 179 0.03776938215296247
326 269 292 0.07460530343022534
327 2 152 0.06735344815532997
328 26 94 0.08289311407288216
329 78 79 0.024679891427957235
330 151 154 0.02449772087341362
331 161 162 0.07683693372651514
332 67 175 0.035854994984125726
333 126 127 0.05706438386407484
334 69 343 0.003455768489557035
335 47 244 0.08097031349494324
336 133 392 0.09884220821837061
337 76 387 7.909378955096384e-05
338 18 63 0.0697380966280906
339 207 208 0.018161012269248343
340 110 111 0.05690197887826932
341 227 384 0.03348508041492491
342 367 371 0.09848793303809401
343 71 72 0.04465972020269003
344 90 274 0.00010453831686816656
345 168 244 0.07846229765315794
346 378 380 0.030025456558763482
347 50 396 0.06257840641218905
348 191 192 0.043545509734498354
349 24 27 0.06357488960658639
350 102 103 6.382882932632803e-05
351 295 296 0.025730169691017466
352 184 185 0.018688246532923967
353 276 299 0.04105241682737033
354 137 252 0.00019210369194610155
355 292 383 0.06260604999070393
356 287 291 0.033664202919325086
357 325 326 0.0001419642488672216
358 143 145 7.15887375541073e-05
359 0 7 0.04943753312574359
360 198 199 0.00013758589071260902
361 211 327 0.035955974662668484
362 355 383 0.00035354414703042176
363 160 161 9.803695082324926e-05
364 91 93 0.02358561317308541
365 190 191 0.07209287150593874
366 119 389 0.07743811871061099
367 122 301 0.04694795155014743
368 243 352 0.07912899278585221
369 162 245 0.05387605730589957
370 15 96 0.054368044260459165
371 3 99 0.11872424764949985
372 247 331 0.043876419171268714
373 274 365 0.02839985883935114
374 277 278 0.09117439873617099
375 98 100 0.009735865473752802
376 174 306 0.00037709048225144685
377 296 357 0.004015997511223715
378 236 330 0.0001676977813610329
379 11 12 0.01104643067350218
380 92 186 0.03148274895726236
381 136 156 0.03330278657876711
382 123 250 0.02024817795809631
383 95 188 0.041477070189584714
384 3 4 0.016796765685708377
385 378 379 0.005768101767693871
386 5 6 0.0001125892014138298
387 331 336 0.02867302630981181
388 56 312 0.00027450181657258637
389 284 285 0.05484483083470468
390 119 230 0.06830577537250776
391 137 251 0.00012793327672311545
392 80 83 3.44837676202494e-05
393 363 368 0.03678730953934689
394 17 317 0.051440573641217374
395 121 264 0.017948166673031722
396 203 322 0.05154661921486648
397 11 237 0.0017364367069446997
398 174 175 0.056746009980628086
399 337 391 0.03703900136291793
400 17 181 0.004379430836942336
401 138 139 0.10629287746058573
402 29 98 0.010285640765843035
403 69 201 0.07089644620033804
404 10 42 0.022058871805365293
405 116 214 0.08691610013765386
406 163 165 0.09144970843211318
407 84 85 0.09275566783883112
408 48 60 0.06547929041509883
409 166 167 0.10524129123060255
410 38 207 0.011384566781988707
411 139 194 9.14532399673554e-05
412 150 151 0.08827814604151303
413 251 252 0.00012873618524593058
414 207 324 0.06064760632518597
415 46 373 0.05547296814448209
416 300 304 0.03720487537705514
417 190 295 9.274861600517898e-05
418 164 227 0.07420864029133001
419 146 257 0.06612741922665027
420 132 395 0.06501873902327844
421 62 63 0.06271846439760595
422 363 372 0.0368913934747541
423 230 335 0.00015714254583088159
424 249 348 0.019631401156782222
425 180 181 0.10564329016647923
426 142 143 0.0001299002064566259
427 39 176 0.04310494213489714
428 290 314 0.053605984505003916
429 157 258 0.010962844268356909
430 103 273 0.00011125044953265155
431 226 227 0.015056713918443564
432 315 316 0.00015221980547137695
433 18 122 0.00964308426213023
434 89 368 0.028368685310822643
435 258 259 0.008485216099261724
436 352 374 0.00022298468318208403
437 316 317 0.00022735572622309202
438 105 106 0.00037879743571612095
439 109 196 0.019740708950782632
440 353 366 0.0003170339470348596
441 259 260 0.05786863533983433
442 289 290 0.02048191232116085
443 362 384 0.00021769500191444092
444 115 120 0.00976761690839128
445 149 150 0.00842940688091485
446 346 347 0.0384194917395537
447 18 19 0.057541991804994495
448 25 75 0.017119709565097393
449 121 247 0.01859797803673456
450 233 234 0.04122254409789139
451 290 291 0.1142784467064415
452 7 38 0.1334881600453302
453 225 248 0.00017968420426584412
454 189 388 0.018705301540423512
455 98 170 0.10686710364245909
456 49 369 0.07929068698101278
457 264 265 0.04540434339317647
458 35 152 0.00011499242363575588
459 36 148 0.014163521489286846
460 53 131 0.003783763832329684
461 209 210 0.0632056660245639
462 9 61 0.016075460390504594
463 281 357 0.00891748219984853
464 167 333 0.003765691925669487
465 183 186 0.00016736909715789135
466 294 377 0.0761918000758076
467 370 374 0.08977544742418248
468 4 107 0.000340429635937179
469 109 200 0.011402726930654809
470 362 370 0.036939881268135334
471 54 66 0.07563389519261983
472 241 242 0.10701087198437145
473 55 58 0.04182733458596957
474 238 347 0.05894182805106058
475 116 161 0.08119273752703118
476 65 67 0.045162837742058995
477 187 188 0.036172018965219134
478 95 169 0.06784021734622167
479 38 319 0.001363266065091706
480 112 335 4.1770067939474116e-05
481 340 372 0.06121356977829507
482 16 195 0.09790865462571886
483 35 147 0.00025987182115279
484 83 86 0.06881665075513349
485 118 218 0.027606145921304278
486 22 58 0.10610110909060319
487 215 216 0.06244015296848538
488 302 367 0.036040361424352164
489 275 394 0.11083112142874746
490 163 229 0.013894436834107675
491 32 313 0.0001496647687017116
492 190 281 0.02371478954011856
493 310 336 0.06981355891664764
494 338 351 0.0409668314154335
495 282 312 0.0002937790119040888
496 311 313 0.004773935306835835
497 55 62 0.09295925782937264
498 158 202 0.03384495513755996
499 1 398 0.0003168877716140837
500 395 397 0.00021658095000140888
501 293 295 0.050026964594647096
502 240 351 0.0003146078919990134
503 73 74 7.89179116252345e-05
504 96 239 0.00013009174243462968
505 102 271 0.00018276570819769137
506 80 182 0.05193822521859316
507 50 51 9.13332939158871e-05
508 323 325 0.0311119501841404
509 173 398 0.000291235778292565
510 28 100 0.025274899845844172
511 104 105 6.622728718199298e-05
512 164 185 0.07054145694794632
513 396 397 0.027321248157590454
514 334 349 0.10552775890761976
515 122 353 0.07686722652475035
516 271 272 0.05486857235678612
517 7 8 0.0044748759323934234
518 29 30 0.0708852381438261
519 300 302 0.022190387965017336
520 127 139 0.019973792975380333
521 214 215 0.02571105281233951
522 8 56 0.03844874889196133
523 25 77 0.015001971081182282
524 54 298 0.040134560529681
525 176 201 0.09356598573405295
526 1 172 0.00020386906504273628
527 114 220 0.041797295904199505
528 124 251 0.03767335034902516
529 219 317 0.052748876945026356
530 329 354 0.05306791087551952
531 51 151 0.11372775299447668
532 247 248 0.07748079603669134
533 270 344 0.0001026804804490264
534 379 381 0.024602933692305227
535 118 217 0.05562301421076007
536 333 352 0.09394142096156864
537 140 141 0.005468386214106037
538 302 366 0.05551604391646591
539 334 335 0.04773122570426299
540 44 141 0.015024103327197948
541 193 194 0.045210837503779064
542 221 222 0.00026529868331687413
543 213 218 0.0003628600282913663
544 279 280 0.00018181595395679227
545 304 393 0.04735379501603339
546 253 254 0.0003991738188194385
547 209 326 0.06337890304658128
548 311 312 0.04852750773174041
549 354 391 0.022921234882183707
550 47 49 0.004106177437470798
551 340 341 0.031492777802897415
552 76 397 0.0001237966267396057
553 199 200 0.00016437214604433096
554 144 145 0.0001949118142290292
555 257 260 0.00028906110290984304
556 309 373 0.036921942944608876
557 341 342 0.0015262420034141276
558 3 34 6.281024297779505e-05
559 134 281 0.07827587086723088
560 387 395 0.0001724512317993065
561 97 189 0.10012623261389132
562 92 93 0.00021396575647164584
563 278 283 0.09500307968411512
564 188 346 0.0525536823255373
565 248 332 0.00020441573157625493
566 291 318 0.017821121411306314
567 46 193 0.05994151467867995
568 99 101 0.08984758489894447
569 261 262 0.032993981395743964
570 297 358 0.017459940539490258
571 354 386 0.00016257682293233404
572 52 115 0.021007803964005263
573 337 349 0.013281275092245746
574 82 84 0.05341729059129215
575 205 206 0.024626795924055294
576 101 282 0.05726761688508747
577 130 132 0.021883517182065954
578 266 277 0.012750355767175432
579 224 253 0.0003079128278772927
580 152 153 0.00022496372190751904
581 61 390 0.04362244532988139
582 231 380 0.052204574461613605
583 360 367 0.05915784074542451
584 182 184 0.0001001030922320446
585 117 204 9.790469181034559e-05
586 322 323 6.725054331051384e-05
587 44 133 0.015101140565186098
588 106 108 0.0002026153100130441
589 265 331 6.722955989170313e-05
590 94 376 0.06387102432262788
591 14 15 0.027763593908246592
592 123 245 0.0018186270948019197
593 318 348 0.02814835650970179
594 156 253 0.054723678585235726
595 303 307 0.00018858502834630361
596 39 197 0.1041139496065092
597 375 387 0.09272933948920509
598 64 280 0.00011965804543315707
599 16 180 0.009346251896945807
