0 5.6691964263375525e-11 -0.7471410863771257 0.66466547755033
1 0.0368300601641923 0.9999931458184507 0.003702474323853526
2 6.634497285909463e-05 -0.8058330260002525 0.5921428326065227
3 0.026649781172569935 -0.04795571602435701 0.998849462782351
4 0.0998072568899855 0.12357973768500968 0.9923346453861742
5 1.5233664807358442e-13 -0.08636229697960264 -0.9962637972246141
6 0.008634943243171139 -0.23976959499498599 -0.9708298209861193
7 0.0021351269659766296 -0.8800946047375664 0.4747983642682721
8 0.05533572378952679 0.469992381594383 -0.8826704714916206
9 0.043792084926389904 -0.9164074557166002 -0.40024664284291933
10 0.10544735237446413 -0.36441388037721345 0.9312370932197782
11 0.07351637096586375 0.343930802208547 -0.9389949964148826
12 0.029775021397087674 -0.6788808820982141 -0.7342484238468278
13 0.007607602921588994 0.6866890622693175 -0.7269512581732598
14 0.020430827225311896 0.055089736797436034 -0.998481407388034
15 0.0678574296469043 0.4279806911970715 -0.9037878777470281
16 0.038470229384488366 -0.3935246521701425 0.9193140639272133
17 0.016550738812640534 -0.7812345798631566 0.6242375599289403
18 0.059070511798039786 -0.9976322473911795 -0.06877426092096016
19 0.06100800198141122 -0.8340694019205287 -0.551659526139023
20 0.008468594903360207 -0.46771945702565043 -0.8838769764620135
21 0.046770269009654857 0.887331721111126 -0.461131669602042
22 0.0058640988835473055 -0.388482690970822 0.9214560210970835
23 0.08949251611421243 -0.9902253880009338 0.13947645306072265
24 0.026547567862679058 -0.7857209111526633 -0.618581158602029
25 0.057870496809814015 -0.43011642132880623 -0.9027734289971658
26 0.10627274151557661 0.7981113241657648 0.6025100117328919
27 0.044093681229256006 0.9867264135930784 -0.16239145518696838
28 0.022795181458453908 -0.3637425264639203 0.9314995300276024
29 0.0018054678763089532 -0.8029018471031995 -0.5961112512931379
30 0.008989911361377867 -0.6919142645614201 0.7219796745729267
31 0.0836804410393597 -0.8139341999278844 0.580957070864754
32 0.05766366656196767 -0.28372932198880096 0.9589044122558699
33 0.024915173231293136 0.9978966757660445 -0.06482456706433008
34 0.007949830816639318 -0.9806202977130875 -0.19591792085742396
35 4.594901728687555e-12 0.9455339893649012 -0.32552338618860377
36 0.05586763727311599 0.999999991788776 -0.00012815009914356768
37 0.025598687859729942 -0.7972433840789177 -0.6036580046204931
38 0.015859348111465946 0.4225977654515536 0.9063173443310868
39 0.04742225679078248 0.17817587553805445 -0.9839986572024617
40 7.235787303917561e-11 -0.6305886971503909 0.7761171915543249
41 0.00672624969587418 0.051174936959445964 0.9986897044764188
42 0.002082946947510308 -0.3357044459092323 0.941967369390668
43 0.037341156406249035 0.09831606936542989 -0.9951552393996286
44 0.059614175160605465 -0.6747428613768572 0.738052891750294
45 0.09607334092999129 -0.23249579096298903 -0.9725974024150456
46 0.002791693927114005 -0.7183006900216914 0.695732792611044
47 6.206335383118183e-17 -0.4472135954999579 -0.8944271909999159
48 0.10909659844479906 0.9640274938753536 -0.26580254147092924
49 0.03786878851945863 0.029804187266032355 -0.9995557565345774
50 0.03953298701501077 0.8927621935958711 -0.4505282074253381
51 0.052705236673340566 0.8841191713901096 -0.46726148009488866
52 0.007329758241468409 -0.4792043507583745 -0.877703361172922
53 0.016550738812636294 0.7812345798630986 -0.6242375599290128
54 0.008964182557390564 -0.9726481183247347 -0.2322835291607063
55 0.004057049154446985 -0.9904154483804777 0.13812038086139705
56 0.061228946613051984 -0.8582208780801635 -0.5132805513822954
57 1.1202392386283937e-15 -0.6689647316224497 -0.7432941462471663
58 0.00980746724605909 0.7832737848551032 -0.6216769080147352
59 0.0041949463495559785 0.9917039380742594 0.12854298583744506
60 0.005570348797213485 0.8338891327133165 0.55193198343875
61 0.029776222937772656 -0.6789129257739839 -0.7342187951945994
62 0.018279523864484736 -0.7783421333977367 -0.6278403645655954
63 0.00912640170030839 0.9105809854864514 0.413330701582308
64 0.07142396114883783 0.12527039065673412 -0.9921226381978738
65 0.011304981953076944 0.8123912486960158 -0.583112732704516
66 0.045362413042280746 0.5411869870777307 -0.8409022803023715
67 6.927115543312155e-15 -0.3686257202831229 -0.929577903322658
68 0.07208044821405293 0.6975110132426978 0.7165740620516103
69 4.207036298175962e-06 -0.4274279093678321 -0.9040494357574945
70 0.0009091537244573822 -0.34175439146331965 -0.9397893040014533
71 0.007021021998110059 -0.29982383202467705 0.9539945858075077
72 0.03415795719799654 -0.2798426290614297 -0.9600458858617056
73 0.0632866405187231 -0.910477097861412 0.4135594930235079
74 0.051126703620521644 -0.8057440236380894 -0.5922639347212542
75 5.731707137720555e-05 0.5492602199594208 -0.8356513691547024
76 5.055310005635676e-10 0.6819127284381984 -0.7314335450291926
77 0.020487551707859666 0.6252492663319641 -0.7804251116867913
78 0.006925488304550975 0.5280926456325715 0.849186762513872
79 0.14383742171679365 0.20323812237244407 0.9791293405952676
80 0.016541435412799267 -0.9991561998159165 0.041071746607812286
81 0.0012610592566160588 0.25163204803798345 0.967822975755489
82 0.03996333489364413 -0.3264895797856179 -0.9452008010425142
83 0.0710217916131099 -0.9912630708973382 -0.13189967503818448
84 0.10520611005796131 0.9946011227228753 -0.10377189734410812
85 0.0575618605616326 -0.9905376559444425 0.13724121886696153
86 0.07180362401313753 -0.9456565190127151 -0.3251672616496847
87 0.09135750899412877 0.9999891611064347 0.0046559284411445715
88 0.01309841291045263 0.9005827481128483 -0.4346846141761979
89 0.0064572855808752066 0.7436559238356804 0.6685625377959048
90 0.04300320748571249 -0.5966198124503757 0.8025240179531568
91 0.018083280467831756 -0.14360315860601006 0.9896353534703463
92 5.551115123125783e-17 1.0 0.0
93 0.029837274285794944 0.06469920545164262 0.9979048114995368
94 1.4752290795525882e-16 -0.658504607868518 -0.7525766947068778
95 0.0026471086163692473 -0.6595563436492254 0.7516551267383632
96 0.06472653268390867 -0.2662756172492896 -0.963896932072361
97 0.05825708772073068 -0.6833376535221267 0.7301024936807666
98 0.01586355508788531 0.422599048007414 0.9063167462996738
99 0.039372663679182046 -0.9053078773245204 -0.42475598554248895
100 0.05516528686365276 -0.4230125671539598 -0.9061238149556696
101 0.01432359729408612 0.8722751548356872 -0.48901539265791827
102 4.195868301988588e-15 0.8401021789731233 -0.5424281785495756
103 0.05968608713252016 0.6196204094709555 -0.7849016168712136
104 0.08803688125401507 -0.9546629192421645 0.2976889494489652
105 0.04888863987846646 -0.9377406574513931 0.3473362338752307
106 1.7698426334478157e-06 -1.0 1.2246467991473532e-16
107 0.010298405705581647 0.6706883793449552 0.7417392384198355
108 0.04746041118470804 -0.7883189181694532 0.6152668390675244
109 0.001791593101987027 -0.9517280181224926 0.30694263229573093
110 0.0678194008298564 -0.10299951942029033 0.994681405777342
111 0.003565272963051214 -0.9820878386662569 -0.18842366396989524
112 0.011296918840307197 -0.1605971900375023 0.9870200314847001
113 0.051997322676726854 -0.35978833226523477 0.9330339522042063
114 0.0014878043270994089 0.7961618653654837 0.6050837001091283
115 0.02380602318850051 -0.9865041348728188 0.1637363486793057
116 0.0029304021612682643 0.8187404698468635 0.5741637771881271
117 0.11938772004255502 -0.9792059422730843 0.2028687324776322
118 0.03257845710760972 0.2985166441438211 0.9544044285150354
119 0.004403657655510438 0.9411099664405007 -0.33810062269442764
120 0.07044190230339677 -0.37592289685665 -0.926650945943997
121 0.11937742473598806 -0.7288421870943284 0.6846817262871532
122 0.0023245613822517252 0.0874317258283633 0.9961705141785084
123 0.053940749973174364 -0.4730494810077178 -0.8810358610853073
124 0.0649410896219241 -0.6774484876243267 0.7355702186844656
125 0.061306917332465 0.21392656531678939 -0.9768497451766885
126 0.04869282294477354 -0.906316589784467 0.4225993836737745
127 0.04702296561234352 0.8284799414530056 0.56001873773118
128 0.03161049818999777 -0.9605571328054074 0.2780827118262745
129 0.012694658658263245 0.928785828744899 -0.3706168969740197
130 0.03166665019839937 0.9328732482040606 -0.3602048067214055
131 0.013121996067154477 -0.9842164829750772 0.17696868265365343
132 0.0933844451058673 -0.6061110334896882 0.7953800444328875
133 0.01773364953854891 -0.944709763390857 0.3279077049323347
134 0.11329512680501153 0.9790997009950748 -0.20338086318863696
135 0.03238921297927947 -0.5782696485998663 -0.8158457044736995
136 0.035998038233500035 0.8773345799141512 -0.47987918780340943
137 0.11554871957052461 -0.6610826935144353 -0.7503130495571161
138 0.03134799633230564 -0.2720924018207115 -0.9622711285658717
139 0.04220408490216083 0.01739426397232178 -0.9998487083458483
140 0.05644813054837302 -0.9932922768818413 0.11563067364193459
141 0.06150599640103139 0.6063465318408164 0.7952005302592635
142 0.007349054719180213 -0.6082239108523433 -0.793765503324175
143 9.097050850659532e-11 0.6911743468419225 0.7226880532205039
144 0.011009335368857086 0.17307424861796966 0.9849087797686267
145 0.07055715224243413 0.9067410845625868 -0.42168780580693077
146 0.01009280792857317 0.6284273440714168 -0.7778682878375652
147 0.12291202268196505 -0.7135345838678225 -0.7006200094377646
148 0.0019403619377115285 0.9973096839444482 0.07330343996447088
149 0.013020015460100178 0.7322709268660867 0.6810134284040824
150 0.0974633311992864 -0.9010800682381058 0.43365275350677823
151 0.015287749211828785 -0.654554691425635 0.7560146532526283
152 0.06690785931343618 -0.4011137490050684 0.9160282530354067
153 1.5700924586837752e-16 -0.7071067811865475 -0.7071067811865476
154 0.04103417934850874 -0.9878613229738854 0.15533836156044944
155 0.030925950526105635 -0.8128407665562822 -0.5824859553879351
156 0.014647653521481408 0.0461065603417114 -0.9989365270593803
157 0.0019715851554645406 -0.6869376480084882 0.7267163599015549
158 0.027126292547709867 -0.8624474249820256 0.5061466577404945
159 0.0898381005287693 -0.32964897096838547 0.9441035726759456
160 0.005785655071456593 -0.8747901502596322 0.48450200516481867
161 0.1138925628052438 -0.8588441364947873 -0.5122370049191323
162 0.08866502414713644 -0.8953866445975006 0.44528952006130695
163 1.6833844486220642e-11 -0.982461483074768 -0.18646563832118593
164 0.08800845627244519 0.9790414904027227 -0.20366089479822916
165 0.12580971125515203 0.9701800654241763 -0.24238531443456082
166 0.0010977481243734833 0.6429606635715654 -0.7658992003518559
167 1.0452618589287095e-14 0.2124296443310437 0.9771763639228009
168 0.07037382664013686 0.6357687806229875 0.7718795615801468
169 0.0015885177596107261 -0.6249706268409212 -0.7806482662416321
170 0.03697420923077462 0.9991820926837897 -0.0404369343551496
171 0.03360088224486547 0.578095148195658 0.8159693619448222
172 0.05465470373906521 0.2631570852548148 0.9647529986894003
173 0.10458816846096869 -0.9187595744552959 -0.39481748232154507
174 0.03214358340105456 -0.10987949119075666 0.9939449166908901
175 0.06420258097680077 0.915407929728128 -0.4025274179367943
176 0.030337935110260856 0.1754715040124214 0.9844845104315348
177 0.052104821807613146 -0.9235655619970994 0.3834405464905635
178 0.060054845444959815 -0.4504169516326209 0.8928183296068564
179 0.044541304764365165 -0.3936255869468104 -0.919270850892586
180 7.887907687547587e-07 0.924410076396228 0.38140006640943314
181 0.0669612555265325 -0.6360278549599891 0.7716660985912204
182 0.009344629690625475 0.8894495451479468 0.4570333758448178
183 0.0009127497840395367 0.26020863172739583 0.965552415964331
184 0.02790160025174312 -0.9670756744750365 -0.25448897783333024
185 0.03218697031971345 0.51480568240931 0.8573068933346358
186 0.07189299874324823 -0.16686803251319263 -0.98597923899298
187 4.796367569923232e-12 -0.1648193749039537 -0.9863237671557297
188 0.04248334659099825 0.28632132771255875 -0.9581336531491406
189 0.03403382022617567 -0.9117545115826987 -0.410735572611619
190 0.018877672468749974 -0.1302592185019839 0.99147997256387
191 0.012150795849837871 -0.07093793981031829 -0.9974807309895604
192 0.12898576898169847 0.03730294916563623 0.9993040027857119
193 0.014793347400178396 -0.3134160203167609 -0.9496159214170767
194 5.721958498152797e-17 -0.242535625036333 0.9701425001453319
195 0.019452894446656363 0.5560807961964107 -0.8311282380605088
196 0.061427465186631065 0.7312740591098018 -0.6820837562008599
197 2.482534153247273e-16 0.44721359549995804 0.8944271909999159
198 0.003749726610573334 -0.872316964497411 0.4889408077160492
199 0.040505103504328684 -0.9695439636954797 -0.2449173380176633
200 0.06424377897738939 0.29556578634738145 0.9553223884850883
201 0.04912000640661656 -0.9664353230725399 -0.2569100354553624
202 0.014297428883724313 0.9979492468530452 0.06401016095464666
203 0.04263394805024404 0.9805005295062171 -0.19651644113922848
204 0.05208518570320338 -0.7098534746643912 -0.7043493767349344
205 0.028500614610625356 -0.7650937770590507 0.6439188709034047
206 0.0887997580885561 0.26414524124629546 -0.9644829140668778
207 0.14266327768699333 -0.8462890157907075 -0.5327240390220772
208 0.05012573978120428 0.6135068743918862 0.7896893788534187
209 0.052759228004532616 -0.5141172129310675 0.8577199376066709
210 0.04232922711127104 0.9478660515693612 -0.3186690262361703
211 0.032697679063657614 -0.9976506612117633 -0.06850662875760015
212 0.09241497952902841 -0.9348383239211121 0.3550736657770692
213 0.07769201790456298 -0.783823203584566 -0.6209840461094213
214 0.06521408852261923 -0.534639894373281 0.8450799863589996
215 0.008065902786482218 -0.6088115309604814 0.7933148931978744
216 0.003044073461859449 -0.9957302153422898 0.09231109496911592
217 0.07716291501719494 0.37672522273692965 0.9263250544780761
218 0.07886885091141825 -0.9997894833367575 -0.020518016698001067
219 0.020328875669816136 0.935414900220919 -0.353551926093874
220 0.038943254674799685 -0.8390251595584195 -0.5440926222877579
221 0.0014281202712574305 0.5329237942676156 0.8461632404586057
222 0.017121106927111843 -0.3229098130958765 0.9464297399207118
223 0.03678436158939113 -0.1726689016451393 0.9849799238586852
224 0.11843784434253748 0.18813900955783636 0.9821424097770121
225 0.026873402994388083 -0.9362835309146796 -0.3512451419421202
226 2.7287819117658296e-07 0.10783727730594207 -0.9941685579534495
227 0.01462603278852332 0.7976678302398822 0.603097034149894
228 0.06840921246299389 0.9715119069853819 0.23699074789034844
229 1.8200072043078646e-07 0.5813756395814991 0.8136352780584203
230 0.013589019933702791 0.3835485980796896 0.9235206943599611
231 0.04704030672506352 -0.9444229500996059 -0.3287328570817913
232 0.05874659041602384 -0.29936629751762994 -0.954138260374557
233 0.09245488234353987 -0.617181577501131 0.7868207549329234
234 0.0007644235641066077 0.90525106379086 0.424877054576399
235 0.0024964973715712385 0.8580929936915581 0.5134943175707591
236 0.002688253849240611 -0.9556112643387047 0.2946304659552068
237 0.040646769269867274 0.9306021716370906 0.3660322364824321
238 0.04984304569157976 0.9260670241369438 0.3773590688007183
239 1.1857187100668868e-16 0.9363291775690445 0.3511234415883917
240 0.04523067182580376 0.6773739295423443 -0.7356388785106203
241 1.3967971608739423e-07 0.3940857446743872 0.919073678137087
242 0.022744900605357415 -0.6447225019268129 0.7644167027932022
243 0.018397143830866124 -0.9944995369734807 0.10474097077806957
244 0.08042969300714527 -0.8506394834210036 -0.5257494358011695
245 0.03600315486134494 -0.6567910629365493 0.7540726090017311
246 0.007784234433050519 0.853015448782145 0.5218856619404252
247 0.07178983266053104 0.39653475374019514 0.9180197106142127
248 0.007925644596793673 0.873442615233826 0.4869270971033492
249 3.488027330403079e-06 -0.9812489442947779 0.19274467390925154
250 0.04944216584037169 0.8166888974513398 -0.5770781964168418
251 0.030160427897499016 0.6667176300979271 0.7453104062849275
252 0.05089292099750883 -0.6460147338916711 -0.7633249397175972
253 0.07121831336574112 -0.1876739583434202 -0.9822313807650986
254 1.422571462921441e-10 -0.793406293573882 -0.608692412731878
255 0.06352930981332301 -0.8657167987142577 -0.5005341391193386
256 0.0 0.0 0.0
257 3.611212654972683e-15 0.7071067811865476 -0.7071067811865476
258 2.19377295923001e-07 -0.04872890203749462 0.9988120414303285
259 0.027132362454605673 -0.6135349560476713 -0.7896675615140728
260 0.03430019800829058 0.9925902837242176 -0.12150937682449539
261 0.08272107021646277 0.2984478099984228 -0.9544259555917082
262 0.02006669026991572 0.4181631002244906 0.9083719621447167
263 0.006555705316979398 0.7366773727685654 -0.6762443703653319
264 3.273069708340169e-17 0.52999894000318 -0.8479983040050879
265 0.038729893703810636 -0.08020344194066863 0.9967785149675277
266 0.025624338866825018 0.8208697012900229 0.571115516777498
267 0.01217203631649396 -0.9958661578453463 0.09083278955502787
268 2.5813183086295445e-08 0.7327528719730472 0.6804948409909153
269 0.06966804331645672 0.2840843104556235 -0.9587993035838902
270 0.0005207335427250707 -0.8556214744988443 0.5176020598649349
271 0.00280013359995687 -0.9312722723274525 -0.3643239695574025
272 0.0419837845993052 -0.1396830965617977 0.9901962596045834
273 0.027748241619269306 0.7533892691188154 -0.6575747935988857
274 0.03947032943271308 -0.2809331739563557 -0.9597273319911276
275 0.0009103453178945307 -0.27955805900171643 -0.9601287890940428
276 0.05713077057058409 -0.0656384291180283 0.9978434730071233
277 1.5700924586837752e-16 0.7071067811865476 -0.7071067811865476
278 0.002664820781439916 0.09192646781850779 0.9957657980240198
279 0.003421378860510912 0.769731742417188 -0.6383674840680716
280 0.09100543836846141 -0.522139434381664 -0.8528601356984603
281 0.02202765813212835 0.9987781638248603 -0.04941841222298152
282 0.09137352731120554 -0.7508588519148233 0.6604627048525553
283 0.07753757325293374 0.8744801491244959 0.4850613041536085
284 0.07583077882772112 0.8746715764220616 -0.48471603377580325
285 0.030720491112088882 0.6816300097192078 -0.7316970205284374
286 0.01399706335962063 0.9979551816437433 0.0639175674631258
287 0.02686580480226602 0.9917747537170462 -0.12799546042533091
288 0.06454651484608392 0.9199657444894916 -0.3919987614341344
289 0.07234562790934074 0.9550974946416008 0.29629170715586606
290 5.083830615305545e-06 0.9870591509994753 -0.16035657899878988
291 0.00625624623144844 -0.19896637845904258 -0.9800063164300998
292 0.008621714215396823 -0.7813486039011447 -0.624094831881928
293 0.005296230547132847 -0.8595808520824969 -0.5109997639266858
294 0.051413620062761914 0.9875590996619109 0.15724828989517164
295 0.045758679003255046 0.11509219855300593 -0.993354813665407
296 0.007105267327206325 0.9247723773313342 0.3805207617528279
297 0.002517918356160344 -0.9205671940172778 -0.3905842307353889
298 0.0056525497411186315 -0.9575724732082479 -0.28819257199629433
299 0.007552374788699987 0.18809064347349955 -0.9821516735401539
300 0.07014628118444126 -0.8950686524341964 0.4459283658051277
301 0.0017690581742329362 -0.6298241531683051 0.7767377524530577
302 0.060222381703674964 -0.07196343588091089 -0.9974072708258217
303 0.002358908411709935 0.6419149845145902 -0.7667758164259183
304 0.05452366719060953 0.02704599248643289 0.9996341902368205
305 0.04603582117582423 0.13031354611929843 -0.9914728335652033
306 0.010816180006722841 0.8384362078757795 0.5449997480025863
307 0.05896910917515789 0.9954253075867399 0.0955429590071622
308 0.05368370905298423 0.410661367309535 -0.9117879366384835
309 0.08028755094388697 0.9892534773355823 -0.1462106616477008
310 0.06964165945172965 -0.08834098703780882 0.9960902920966481
311 0.08952586063908628 0.033959719271384504 0.9994232023857604
312 0.04662300601362988 -0.8973917536291388 0.44123467737522504
313 0.022495482876252006 -0.779158363335545 0.6268271251663211
314 0.014041910237554555 0.6426883049160786 -0.7661277587479112
315 0.002082853180454061 0.3357612785847066 -0.941947113060581
316 0.06292011291178815 0.31728787663112107 0.9483292694749617
317 0.013752719078312308 0.9710005197349334 -0.23907737382380861
318 0.03302349721046087 0.12907257409924436 -0.991635149949514
319 0.05106618971695966 -0.2963059168495609 0.9550930863742765
320 0.08504507114040341 -0.9986674289961683 -0.051607812026699354
321 0.0011163320359080166 0.7715113177734657 0.6362155975354977
322 0.0755618161426045 -0.7682430018096055 -0.6401583321105542
323 0.07830720735523207 0.8001606872403491 0.5997856905554286
324 1.5674178833152227e-13 -0.8542259099825947 0.51990200491478
325 0.032074241315611776 0.6105860878248461 0.7919498906842207
326 0.0747226209988847 0.8672969828124956 -0.49779106420700414
327 0.06204255665246967 0.5858159638486363 0.8104441106579116
328 0.08282269917241326 -0.7856132102111839 -0.6187179356877236
329 0.02196837170613762 0.20747733173638158 -0.9782398258175504
330 0.030533755638291263 0.34653977587360923 -0.9380352785143364
331 0.0758596977632654 0.9745621527095855 0.22411740339843922
332 0.034245047802067705 0.8701797023232527 -0.4927344981474458
333 0.05231942394883783 0.8739444054263945 -0.4860259007747486
334 0.0031340648033920744 0.8697941939706448 0.4934146938782389
335 0.07945615521590471 -0.42743978679655875 -0.9040438201012783
336 0.09899234648618646 0.06866734532332558 -0.9976396121276696
337 0.0037300424563891893 -0.297490885481851 -0.9547246582419584
338 0.06812856976351692 -0.9484054018300463 0.31706023683140794
339 0.02011695512794617 0.4532767443072107 0.891369840790149
340 0.04886229073672471 -0.2620036516961449 0.9650668818780826
341 0.03380956245254236 -0.7375692593294693 0.6752714918402658
342 0.09212812304508597 -0.1152630032019743 -0.993335008993875
343 0.051795512024728464 -0.38283443511836246 -0.92381697066443
344 0.003301508517238456 -0.9590346092362801 -0.28328893075271316
345 0.07868581847845717 -0.5828293969443582 0.8125945446884786
346 0.03181655455901164 0.6694559377256742 0.7428517668040092
347 0.06045154103522395 -0.40706799497330665 0.9133978582569657
348 0.04234249946956036 0.9554746497569567 -0.29507320053136127
349 0.06440918507125812 -0.8817595645400039 -0.47169913116543105
350 1.7235296186091125e-15 0.25766265056033244 -0.9662349396012463
351 0.04039220463072939 -0.805974447980865 -0.5919503266338654
352 0.022301824516034987 0.14845543821426202 0.9889190982404028
353 0.04585151155788818 0.99998225287684 -0.0059576783531643945
354 0.002885988611427415 -0.8389475132839946 -0.5442123390319276
355 0.06133882272706538 0.8430194687349446 0.5378830498666525
356 0.03322313459803166 -0.5705800945750701 -0.8212419592755256
357 0.0028684528334992215 -0.6798357955442736 -0.733364364485134
358 2.220446049250313e-16 1.0 0.0
359 0.05846306859211655 0.1965880897602774 0.980486166635922
360 0.0016994726321572428 -0.6183344270821138 -0.7859150948321543
361 0.028920096971906884 0.7077949999073654 -0.70641789197764
362 0.0004499620108864787 0.9161204827824566 -0.4009030568933576
363 1.1222337925954864e-12 0.990237278391344 0.13939201011573044
364 0.02761481250112323 -0.06979909023564242 0.9975610693096822
365 0.05634756510156379 0.6628266708717931 0.7487728656815867
366 0.08320495715162148 0.5661105147424053 0.8243293547472933
367 0.05164413992172192 0.9644636700171727 -0.2642154976851402
368 0.07997857147680891 -0.6831761846557396 -0.7302535865842952
369 0.05525304271766368 0.9914795938874846 -0.1302621007995364
370 0.057435147503064374 0.3656581360618959 -0.9307492291330356
371 0.10252418386850269 -0.03046715163101475 -0.9995357685803409
372 0.03669166363552809 -0.5130390974958556 -0.8583652395342194
373 0.026706672201889835 -0.16759158759829257 -0.9858565107389026
374 0.09023897408375416 0.12604116050151662 -0.9920250127186466
375 0.007663124054991969 0.8539722777008734 0.5203185071841885
376 0.005297012727544869 0.6687467538267978 -0.7434902684273146
377 0.004834115224020811 -0.8829900563044103 0.4693916919455801
378 0.0021868673582952874 -0.7858236548729144 0.6184506313701804
379 0.015483429677469284 0.7720296510340321 -0.6355865149012137
380 0.03675094283452865 0.3807137904408925 -0.9246929272834999
381 0.03383660336797754 -0.9862549523423624 0.16523065387561903
382 0.022353475661095343 -0.7173684953854993 0.6966939369826215
383 0.04124917511802656 -0.8074726044733456 -0.5899050711979276
384 0.030892102738887116 0.6791832898564387 0.7339687042236778
385 0.005159247151725371 -0.9155009342732411 0.40231584525696074
386 0.0015711766743005942 0.9639807398871107 -0.26597205328135226
387 0.035465973141507845 -0.12738322184188317 -0.9918535752787211
388 2.0445846024546324e-06 0.13995523723277675 0.9901578316466103
389 0.059387040089247486 -0.9999136390947154 0.013142083258114078
390 0.06276794597957949 0.535482675050307 -0.8445462123063292
391 0.001240432968979977 -0.806055434812441 0.5918400425869533
392 1.1443916996305594e-16 -0.9701425001453319 -0.24253562503633316
393 0.03600018768087586 -0.2907866449898607 0.9567879216919185
394 0.05194388505840996 0.8877183624860085 0.46038691217839744
395 0.015588728131478949 -0.903527426366536 -0.4285302670797757
396 0.0440015566649626 0.9498424608925099 -0.3127287954213057
397 0.0015745127568166073 0.007530652524630268 0.9999716442342519
398 0.05568381798803364 0.10461466985230079 0.9945128309135555
399 0.038281637874407755 0.9148393280591156 0.40381803307473274
400 6.4360033221658595e-09 0.7761995594204412 0.6304873067362364
401 0.09727318170498503 -0.924901736694256 -0.3802062301698241
402 0.011319151691287915 -0.334616323827897 0.9423544533920896
403 0.07001072489150385 0.06382319700577045 -0.9979612214529995
404 0.015975439360650302 0.458463133975069 -0.888713426693756
405 0.08718280396508353 -0.35343532313168835 -0.9354589634841279
406 0.09154618803143251 -0.8775876342703941 -0.47941625355810896
407 0.09080099585541541 0.502640526451843 -0.8644955183042965
408 0.05878842185599081 0.8240206094270489 0.5665598249430284
409 0.1057136561903302 -0.9416555454962728 -0.3365781241199685
410 0.011770333083827014 0.9901015860773262 -0.14035258902906936
411 0.0008227826216708333 -0.031219113861428137 -0.9995125646682522
412 0.08308091591573011 -0.7292166535421445 -0.6842828890135979
413 0.002707760581429453 -0.524911708407314 -0.8511566826248355
414 0.060688676811537695 0.6306039905111235 -0.7761047655770752
415 0.05573739842707356 0.8904231035965119 -0.4551337128598094
416 0.038675650171800455 -0.876994933141233 0.48049962252285294
417 1.1102230246251565e-16 1.0 0.0
418 0.07491065568215208 0.13292577001720748 0.9911259958579093
419 0.0440047878979434 -0.8312378396406046 -0.5559169487878747
420 0.06273465093559927 -0.4787383255887642 0.877957638848519
421 0.06293114799378059 0.8851377504504475 0.46532909078148266
422 0.04392869872689332 0.8288986324282273 -0.5593988354998736
423 0.0 0.0 0.0
424 0.019518228242486713 -0.8268314378695707 -0.5624497962934455
425 0.10661569285756425 0.9999933230479785 -0.0036542932916460145
426 0.012359623247317928 -0.9280942980860293 -0.37234523477573955
427 0.04650114154745542 0.9993395560108076 0.03633802130168829
428 0.04651483839329644 -0.5579983401913642 -0.8298420646988695
429 0.012318150894195226 0.786156511645849 -0.6180274582871137
430 0.003059226601702389 -0.12349881104281574 -0.9923447201809514
431 0.014663947189980413 -0.877916958206952 -0.4788129222281421
432 0.0025432917817620588 0.8014412653474707 -0.5980734889612187
433 0.012886677135485339 0.677800986970511 0.73524541621271
434 0.02831479505318273 -0.2698972463040159 -0.9628891298781544
435 0.013506731843527837 0.9612438555941737 0.2756995648934677
436 1.1102230246251565e-16 -1.0 1.2246467991473532e-16
437 7.691927645057948e-05 0.5486485249160172 -0.8360531060330308
438 0.0030149314327504776 0.9311288653140042 0.3646903291548256
439 0.014574048109712872 0.47678493513661624 0.879019980220457
440 0.0025460672484472675 0.42796849840446827 0.9037936514345654
441 0.06610524161417593 0.23345934185819459 0.9723665644699733
442 0.02017215237442517 -0.9634944203189382 0.26772841092098015
443 2.3188829380096922e-11 -0.38750128024222885 -0.9218691652347603
444 0.009671149393357274 0.044184466556818375 -0.9990233895735822
445 0.007371643488066254 -0.9409628296299971 0.3385099012653973
446 0.04163264553932432 0.8267070020225713 -0.5626326801802863
447 0.0603820623352364 0.4164405588227825 -0.9091629452234449
448 0.014564964177154326 0.49578284847550386 0.8684465252147167
449 0.017114047831433995 0.605963855046384 -0.7954921787027984
450 0.04457019051468586 0.9151195558304429 0.40318258709509364
451 0.11455094751650184 -0.36143361693262793 0.9323978445658261
452 0.13003285951456048 0.8123072003638138 0.5832298108268326
453 0.003133656284484551 -0.27984089016558367 -0.9600463927286711
454 0.024700020017082963 0.2635921686863468 -0.9646342149266884
455 0.10853592848493503 -0.937619215886404 0.34766392680369507
456 0.07214007075845781 0.936914438278218 -0.34955877237713734
457 0.03883907685193424 0.1449849035449826 -0.9894338672918226
458 0.005296169472271473 -0.8595814517946844 -0.5109987551164314
459 0.013023064914034729 -0.9802521935419599 -0.1977514527283578
460 0.017983051638915726 0.9602092475494455 0.2792815799878819
461 0.06004467634363721 -0.9535431244594454 -0.3012565514575881
462 0.016294206488286396 -0.6677407258836175 -0.7443939299835938
463 0.012940451681630842 -0.1448552942014156 -0.9894528506916442
464 0.0037944210039972783 -0.8182485400931879 0.5748646159187106
465 0.0012138788815777345 0.7597686743178458 0.6501934800698198
466 0.07211795771371092 -0.8811885758258732 -0.4727649456484367
467 0.08844024940022152 0.7522680017642491 0.6588572330343074
468 0.0010196184303627974 -0.1096799364129961 0.9939669569701204
469 0.012876464462851532 -0.9693318118779475 0.2457556479135637
470 0.036296630554796254 0.9917275479206364 -0.12836070541766967
471 0.07420192434741316 0.6499461425295164 0.7599802706722073
472 0.10106531199110984 -0.26164984409852887 0.9651628666101983
473 0.04174924300843376 0.741214349813167 -0.6712684169771762
474 0.05261534362641861 0.22765136631986058 0.9737427049342658
475 0.07685931573112173 0.8955115639721627 0.445038244190464
476 0.04500166733054372 0.772548519476586 0.634955734720567
477 0.03716938948555534 0.9289431328709256 -0.3702224410971733
478 0.06788521664440868 -0.07844299899398596 0.9969186004427992
479 0.0016659038111828915 -0.15719398157249484 0.9875677456040097
480 0.0131219960671545 -0.9842164829750766 0.17696868265365737
481 0.06480596188482396 -0.9999706455667782 0.007662114901318322
482 0.09839745097560214 0.13962459429941965 -0.9902045105263471
483 6.13905280649755e-08 0.8034178264379582 0.5954156499133247
484 0.05947709956394289 -0.4918326756343286 -0.8706897376094296
485 0.029762212418559225 0.7564798226654271 -0.6540170318119277
486 0.10722662364098041 -0.9821016263268645 -0.18835178673463085
487 0.0626016095309261 -0.5611247822913988 -0.8277312237063612
488 0.03733034225787769 0.8390282197818939 -0.544087903200968
489 0.10772598802572589 -0.9982059011938706 -0.05987469266503547
490 0.01377598137001712 -0.0880794833208988 0.9961134496722366
491 0.002803147674370389 0.805191862795645 0.5930143877577332
492 0.03604902197598804 -0.9694872607545285 -0.24514169623848314
493 0.07343338772432924 -0.7975911052437831 0.603198498701713
494 0.040003740838495234 -0.7876355300002351 -0.6161414382114295
495 0.0020480921562164483 0.2387787971301956 -0.9710739858739172
496 0.0016444137375090488 0.23635885112480443 -0.9716658342737808
497 0.0929618666981347 0.1686912374662321 0.9856689436124643
498 0.034028307577644204 0.13228987941837697 0.9912110712676041
499 1.3399616006513004e-16 -0.5599174655417698 0.8285483883161447
500 0.002361810924910225 0.876171310361042 0.48199982873463204
501 0.043344096893740636 -0.9045668718676935 0.4263317655529505
502 0.006925488392559721 0.5280926473732537 0.8491867614313758
503 3.775166431889533e-16 0.5881716976750463 -0.8087360843031884
504 9.038743836453159e-15 0.28653784159566115 -0.958068925147716
505 0.0030592266017038902 -0.12349881104264629 -0.9923447201809725
506 0.06153132905077351 0.5110287246710346 0.8595636349689858
507 0.004176980958328442 0.8383671100796573 -0.545106034397606
508 0.022343562458854632 -0.9544157017481908 -0.29848059946420047
509 0.006247864603013287 0.7925100278059107 0.609858881895701
510 0.02457743024671769 -0.7956457794147231 0.6057621593493091
511 0.0013941540422166257 0.06887075246752654 0.9976255908177961
512 0.0654222313092151 -0.9280471496726926 -0.37246273368538607
513 0.023637260935321702 -0.999954461824626 -0.009543284393883553
514 0.10711214741429013 0.2992695835240825 -0.9541685995552999
515 0.07424656687373647 -0.31292512981311155 0.949777796714288
516 0.059213887251375025 -0.42818114579123706 -0.9036929270437516
517 5.277286583441578e-11 -0.43298128256881036 -0.901402911546811
518 0.06734140425614454 -0.451909048150346 -0.8920640179941394
519 0.018822541825334604 -0.033042786074786425 -0.9994539380523826
520 0.03697577478452957 0.9998344730926556 -0.018194131348646888
521 0.02528629707439857 -0.997658774853911 0.0683883685797036
522 0.04775970866330257 -0.19329145144368728 0.9811413836949253
523 0.01410124992820092 0.665528078633733 -0.7463728133782016
524 0.04213379885501882 -0.9987466813274576 0.05005063973007686
525 0.09194034885811249 0.6423989888747464 0.766370366789259
526 0.006247986518935272 -0.7925033738533742 -0.6098675285920861
527 0.03635231677260342 0.9997342297842847 0.02305362873005046
528 0.0211331510419815 -0.02324725297388332 -0.9997297460959979
529 0.05823779714153734 -0.9953262206926653 0.09656973853985386
530 0.053909926680924175 -0.9680756878148371 -0.2506580592397341
531 0.10708789893350648 0.9864501378218854 -0.1640613470357453
532 0.0800374072280075 0.9988579067509767 -0.047779515705552056
533 6.556776385704927e-10 0.7206494816253809 0.6932995922637412
534 0.024663811240901223 -0.9102725738242045 -0.4140094701132552
535 0.054474085954204284 -0.9525564830525496 -0.3043618678391855
536 0.0936491978960065 -0.08894074496760275 0.9960369189365462
537 0.004326822404003014 0.10849168266696074 -0.9940973567976586
538 0.05718227036939603 -0.8962681761398981 -0.4435125211748375
539 0.043173174279958836 0.7879214739644855 0.6157757309813635
540 0.015903163562486118 -0.9997797358272064 0.02098761132862638
541 0.03665518461363415 -0.9035343359001887 0.4285156984865372
542 0.006862001689943641 -0.4371296291500905 -0.8993985141855108
543 2.355138688025663e-16 -0.7071067811865475 -0.7071067811865476
544 0.001396108351363612 0.7975815056010255 -0.6032111918086412
545 0.048261301594653354 -0.05400185920659948 0.9985408350198958
546 0.012055865445648418 0.0224351763382272 0.9997482997548296
547 0.07083111363075395 0.2436438977872111 0.9698647591654493
548 0.06522997596127873 0.6370899868026926 0.7707894321510544
549 0.02595680580304595 -0.8031068302056167 0.5958350604631174
550 0.01190906988060528 0.9966174010444149 0.08218123834231209
551 0.03216679670800748 0.2839031737291257 -0.9588529542878459
552 0.005920756537131864 0.6531349495392245 -0.7572415319370661
553 0.0026083278291247594 0.9834120789109252 -0.1813854543564399
554 0.012360412000399092 -0.9280940658039142 -0.3723458137532364
555 0.007329758082129313 -0.47920440818866267 -0.8777033298174011
556 0.03787391432962125 -0.09497955820687742 0.9954792230492941
557 0.0014662304216941531 0.8510596590898488 -0.5250690018177329
558 1.6209256159527285e-14 -1.0 1.2246467991473532e-16
559 0.0761258828249445 0.6560552746073358 -0.7547128438418769
560 0.0035635775463646493 0.8158530702978717 -0.578259256463341
561 0.09483538471612896 -0.7563752487934783 -0.654137969401413
562 0.0013701700291748932 -0.9869455674434582 -0.1610541738164841
563 0.07762913771975911 -0.7165029901228284 -0.697584020133092
564 0.0524697757278197 0.058244551053301286 -0.9983023451202543
565 0.0018528581473194997 0.37989630827643583 0.9250290778986006
566 0.018026996899562726 -0.9270343431569853 0.37497643473623365
567 0.06121273366359705 -0.055281792288597115 0.998470792482865
568 0.08568865096408887 0.7625842920907263 -0.6468888602043521
569 0.0473867211792406 0.7632875812445384 0.6460588737242622
570 0.01657046571228745 0.8280841405675231 -0.5606038317212492
571 9.347035637031828e-10 0.977424057514389 -0.2112870364980028
572 0.02092026243270303 0.9390414837717963 -0.3438038565165655
573 0.012901582074342846 -0.9904730132016333 0.13770697193416637
574 0.047438861774031935 0.9947717158243033 -0.1021236182083822
575 0.024246005610139253 -0.999652506203969 -0.026360327010942923
576 0.06878353662641427 0.9981124819266025 0.06141232304934955
577 0.01883092345707555 -0.9999683721083255 -0.007953287560853315
578 0.013244718506197852 -0.773440423297033 -0.6338690019318711
579 0.005508474266761392 -0.08534354833678032 0.9963515839086561
580 8.873803173038869e-13 -0.40498891632288964 0.9143215942192394
581 0.04355596791008682 0.22188574179840342 -0.9750726729770312
582 0.05154920447280157 -0.9998743597701993 0.015851330358488683
583 0.054581279140900225 -0.8345995526558223 -0.5508571382007328
584 1.5700924586837752e-16 0.7071067811865476 0.7071067811865476
585 0.0018498770236906482 -0.6862137838436766 0.72739991948236
586 2.0962209623278772e-10 0.05499579505349643 -0.9984865860523284
587 0.014661409702232762 0.7655718096437633 -0.6433504521477961
588 5.516767580527122e-11 0.9973973996036513 0.07210011972163767
589 1.2412670766236366e-16 0.44721359549995804 -0.8944271909999159
590 0.06471744612211054 -0.03304583798614501 -0.9994538371489669
591 0.02176433166931755 -0.6822821976236447 -0.7310889158001576
592 0.001630555841314535 -0.3198116936650176 -0.9474811241365777
593 0.027827065786984774 -0.049426974978236116 0.9987777401126343
594 0.054262075193606346 -0.37109280789294713 0.9285957828517898
595 0.0052375401081417 0.9426031768201318 -0.33391503567314124
596 0.10440902941921748 -0.6641526009418144 0.7475970322722149
597 0.09303537105533559 0.9746611640336731 0.22368642185998977
598 0.0010171421587011854 -0.9945322898471265 -0.10442951906157144
599 0.007890684907090528 0.6469411070407408 0.7625399688022266
