1915
0 208 320 0.00018704781180026872
1 64 155 0.036379970068537514
2 204 205 0.00010615610940367632
3 63 292 0.025127226841738105
4 374 381 0.10098666109452634
5 136 155 8.422697448943728e-05
6 21 24 0.007670947568377696
7 221 307 0.00010722756550739689
8 86 394 0.058272109423134676
9 321 322 0.03435347714511321
10 13 57 0.1065723773822412
11 2 191 0.0747407936355951
12 88 90 0.0003790852954037913
13 40 43 0.005249069136957766
14 74 75 0.014378579651920388
15 176 263 0.0752701195358765
16 182 183 0.029920776447058095
17 211 212 0.0001386943325844944
18 235 342 0.0541877275835554
19 99 192 0.05984446252473057
20 298 299 0.00751019506237587
21 343 345 0.04763448836250242
22 224 332 0.00017427012158361728
23 25 26 0.08876471995094654
24 8 399 0.022454256092929992
25 19 22 0.061505916438612945
26 23 91 0.10670247601774718
27 201 270 0.04215935484184897
28 213 216 0.0189255906468152
29 50 130 0.00032021064089201695
30 328 329 0.009022314770624233
31 171 294 0.08458805961574019
32 279 332 0.0569059529688005
33 243 244 0.024337321310568722
34 6 108 0.002809437824162413
35 14 240 3.109930965988999e-05
36 338 386 0.051910930258356684
37 297 361 0.022210457397153688
38 356 364 0.00016041312092349052
39 359 360 0.05214899790458267
40 179 246 7.726651877744295e-05
41 177 310 0.008921750310901616
42 71 301 5.1079348674392476e-05
43 339 343 0.03398337122885449
44 274 275 0.06350583775506635
45 17 197 0.09437818145281789
46 305 306 0.0001863296402236849
47 159 321 0.00023938062143717586
48 360 361 0.10952498016773513
49 32 33 0.03632915085861037
50 392 393 0.04038017859562287
51 166 334 0.05692373114973911
52 256 262 0.0002618950877362839
53 110 203 0.00018201912233755928
54 11 124 0.004766913303881342
55 306 307 0.00010480799797700688
56 33 103 0.07217259716135165
57 110 212 2.520654928472723e-05
58 164 165 0.008583613933922974
59 284 314 0.000188983968898553
60 219 236 0.0020773826805273138
61 87 89 0.00028162702885400654
62 187 339 0.021704539524536243
63 68 129 0.015021580061657916
64 296 364 0.07710100555908987
65 195 196 0.010749980609717323
66 0 9 0.052635599290922874
67 45 261 0.00025283464737069526
68 111 276 0.0711179442593899
69 356 359 8.00647211960073e-05
70 28 31 0.00023972425649794552
71 224 225 0.0004291490499082687
72 45 138 0.03192125309402977
73 128 155 0.06934397351726367
74 170 293 0.05845043056262051
75 117 202 0.00011903004801818488
76 256 257 0.00018748235785824645
77 30 102 0.03125185241026348
78 14 350 0.0002629704538839397
79 41 43 0.13411892451435178
80 40 137 0.022012624168389613
81 353 383 6.263157504580853e-05
82 52 267 0.03782339721436855
83 80 81 0.07406523234422269
84 287 288 0.1092520167639268
85 2 144 0.057439454971223484
86 318 328 0.072906995496424
87 42 125 0.1022851100338972
88 31 32 0.012590105997944077
89 106 341 0.0024556646750823518
90 70 72 0.0475262592822883
91 170 192 0.01819434184770736
92 126 128 0.00011242964951686024
93 157 261 0.027542140756024274
94 233 276 3.558896823563428e-05
95 6 342 6.068646053037798e-05
96 58 59 0.06535054688248014
97 113 209 0.06134094136804163
98 359 377 0.00014910402773370653
99 177 324 0.03822509736061484
100 206 321 0.057624533952904566
101 91 183 0.011289791071110696
102 203 211 6.234827092657136e-05
103 22 93 0.06677495957816242
104 37 388 0.08877775139290078
105 268 305 0.049546299065445436
106 87 88 0.00045885193409410326
107 133 135 0.004226709873158953
108 68 128 0.04872033453068002
109 325 327 0.0001409434161880463
110 146 255 0.06524771822533929
111 0 1 0.004770228259688758
112 226 370 0.008577807795530655
113 52 288 0.05248535839943345
114 355 366 0.00010739624730843943
115 228 323 0.019266254424463513
116 77 79 0.0025350046694818363
117 65 66 0.12298170258444661
118 125 375 0.03224040586694272
119 221 305 0.00018978682878731978
120 70 92 0.076737293406527
121 53 125 0.12470768682197537
122 56 283 0.00015259831980373915
123 85 275 0.04716402364563288
124 69 219 0.06100835975078379
125 54 204 0.06176158419699214
126 94 95 0.04714936652094189
127 373 392 0.04699545079449068
128 111 390 0.035377468438625784
129 177 178 0.01058560029526732
130 313 399 0.027581129246543566
131 210 230 0.0001701149133526643
132 362 382 0.09529423588735768
133 16 97 0.013987851674073053
134 13 15 0.11877267635785821
135 349 350 0.03416439498377679
136 33 173 0.026696092906790408
137 13 20 0.12283386975231081
138 222 250 0.03962283975864545
139 293 294 0.03750629642730423
140 153 154 0.054805630521150554
141 142 154 0.06609047769311475
142 156 280 0.005436331619426748
143 350 351 0.0002215499081239066
144 225 263 0.00023970598731582222
145 226 229 0.0720255714389241
146 73 81 0.006167911287503114
147 252 254 0.11163768758543426
148 237 238 0.00010579998078206337
149 369 390 0.014713046818654553
150 277 385 0.10624329407146636
151 10 238 0.011584239926217292
152 215 228 0.06922169567484074
153 48 49 0.00026990932712413283
154 212 389 0.04998512489275856
155 304 308 0.030614210284612097
156 268 269 0.015996772795337413
157 202 205 5.619247166555718e-05
158 237 344 0.021502506506812156
159 66 178 0.09279756972800457
160 220 303 0.0002213893192972993
161 357 393 0.1145209736695752
162 27 120 0.08975401665074817
163 10 12 0.00019817528027630036
164 117 160 0.09226706197726933
165 87 189 0.13766289798648393
166 138 140 0.00011187698802766465
167 36 372 3.7117338874758736e-05
168 340 388 0.07130765881210889
169 285 316 9.97066811456564e-05
170 129 194 0.01874544416359649
171 181 241 0.027431447225761137
172 166 168 0.0536534446457399
173 59 115 0.10444190656797382
174 150 365 0.03322184421243344
175 278 319 0.06221976961121552
176 100 101 0.02049948667803651
177 308 309 0.05348696097777841
178 232 273 0.04919202882550957
179 114 223 0.04293018465106313
180 142 144 2.036914251730899e-05
181 21 59 0.06818049761669098
182 4 5 0.0028855184126022823
183 44 258 6.823484997888355e-05
184 41 136 0.030633168878622302
185 242 328 0.030071023987878642
186 217 391 0.06928645140943034
187 254 263 7.908441878189129e-05
188 369 389 0.046594295928758564
189 246 310 0.035375586575288755
190 26 27 0.01630954442712788
191 358 379 0.009279635937681434
192 76 77 0.1360936968020153
193 12 40 0.019496110185343477
194 112 210 0.00015095517514039
195 361 381 0.01783556801641369
196 112 217 0.06502211179641712
197 364 377 5.255542390979927e-05
198 236 284 0.00013747153375606022
199 250 286 0.0392520650972629
200 84 165 0.06330396756236285
201 30 171 0.046447650936736966
202 19 72 0.0104977432364765
203 79 86 0.039650442756179065
204 82 83 0.0424910852523562
205 116 158 0.027414139238675906
206 214 249 0.0908248082514981
207 55 288 0.14205299779704514
208 246 279 0.045448659352025335
209 180 239 0.05205068649914344
210 330 339 0.040317048341670186
211 119 168 0.035358478757992556
212 264 266 0.09339777764223393
213 199 235 0.08277128662984802
214 206 299 0.06509416967166329
215 135 259 0.010681641130236908
216 285 315 0.00015730540526694413
217 131 132 0.08812436304612346
218 34 35 0.09557865603135231
219 60 61 0.021128311709218115
220 120 169 0.03800796036963778
221 104 107 0.00017100902917927536
222 82 184 0.017966702635802755
223 187 289 0.03640890965927351
224 234 324 0.1231170113337215
225 272 358 0.025498703805091956
226 235 385 6.028163715824971e-05
227 37 195 0.014295740700045
228 196 197 0.07015103458146778
229 71 382 0.00027497693133498826
230 78 81 0.010612076143206785
231 158 159 0.05093110054113415
232 39 121 0.058399471151941745
233 62 245 0.0938571228903947
234 282 283 0.00015164590931779302
235 107 108 0.00021640506856087746
236 57 163 0.0012637796326654285
237 347 376 0.04376052536435653
238 123 269 0.049108733103042555
239 89 90 0.00020122839190995462
240 41 126 0.04880896624318162
241 172 173 0.00019600672469460007
242 124 270 0.019434860055018023
243 20 85 0.008609289921399556
244 267 289 0.08182582184146787
245 148 149 0.027568573740609708
246 345 346 0.007174214219307966
247 134 145 0.08099619886175863
248 140 157 0.006929500169950098
249 162 286 0.0003108372969865167
250 24 74 0.04864616197141196
251 34 104 0.015839591015849294
252 64 179 0.04551992960403451
253 218 329 0.07101954660961166
254 272 380 0.0002658487143587013
255 46 175 0.06112719189799205
256 127 129 7.14068997597405e-05
257 149 363 0.00014914830760934516
258 365 368 0.00015209837540928385
259 159 228 0.021416982142199933
260 21 23 0.03307481053233866
261 109 266 0.0804022103419853
262 57 167 0.01798086824063133
263 223 286 0.00585694391430921
264 337 338 0.0003162641375474185
265 60 172 0.047493568078363836
266 319 320 0.022756410053644687
267 48 232 0.003127505957361013
268 301 371 4.98813206128206e-05
269 20 88 0.08692829694238677
270 169 267 3.347336725097307e-05
271 314 330 0.0001416779398594257
272 398 399 0.034565356000072316
273 249 287 0.02778633275582583
274 265 320 0.03413031462653662
275 113 118 0.0002745751877916638
276 344 345 0.06050266102657012
277 271 273 0.0001971649332069432
278 326 327 0.00014422841613482033
279 130 255 0.0001313159101001896
280 394 396 0.09394871469930474
281 29 31 0.023552631108998193
282 375 376 0.09373641844021437
283 300 356 0.0845871111848529
284 36 105 0.0735916012584443
285 131 256 0.029763634226326503
286 113 216 0.012682730784253308
287 241 315 0.03410300329354286
288 213 348 0.06776188871337742
289 160 223 0.0736775822129915
290 75 78 0.00015412755971265792
291 220 222 6.541929167994588e-05
292 42 43 0.009070478182264237
293 147 153 0.00016275844362893536
294 70 384 0.04985752965970172
295 96 97 0.049064833234504335
296 208 336 0.009166579261566386
297 51 255 0.00012617805954120875
298 174 303 0.0002796445371104196
299 37 198 0.011886948939789626
300 143 146 0.07787525698178331
301 47 231 0.0001353024962614889
302 171 297 0.05921870968784205
303 198 200 0.00013173206222110128
304 45 53 0.05151259303671611
305 308 355 0.048026952639439534
306 229 333 0.009696369294894593
307 5 385 0.05423899384085229
308 65 114 0.0500034355711817
309 9 233 0.08650046759897662
310 239 240 0.06838513147382413
311 67 68 0.08881277776175829
312 242 386 0.04675925787726547
313 185 186 0.01775177703900297
314 234 298 0.012692972316817597
315 371 382 0.000271052635430045
316 147 148 0.06342205078154375
317 28 311 0.009942327761476332
318 23 73 0.033121143277825484
319 243 378 0.0504730505301692
320 134 135 0.09147539260434753
321 231 232 0.0003368128384151577
322 141 193 0.08028094815433762
323 268 309 0.07683817889806338
324 260 262 1.573747955271435e-05
325 178 179 0.03669891923676128
326 269 292 0.07597219815689092
327 2 152 0.06777078190728761
328 26 94 0.08523450435347989
329 78 79 0.023362016847186935
330 151 154 0.02300949593153253
331 161 162 0.07739724244812089
332 67 175 0.03398452123673458
333 126 127 0.05754158203847085
334 69 343 0.0006257571028197326
335 47 244 0.0801570450697654
336 133 392 0.10192259132964214
337 76 387 0.00011373881866388319
338 18 63 0.07107848035372394
339 207 208 0.01588352453452475
340 110 111 0.05706574697394256
341 227 384 0.031965907466571755
342 367 371 0.09979337274311735
343 71 72 0.04335919946561178
344 90 274 0.00022485247257702436
345 168 244 0.08055521101892472
346 378 380 0.0279697907144729
347 50 396 0.06273043001559936
348 191 192 0.044428546617631744
349 24 27 0.06376220768275626
350 102 103 0.00012800159375131288
351 295 296 0.024007235177121753
352 184 185 0.018216103133655105
353 276 299 0.04021282387344838
354 137 252 0.0001297192528674718
355 292 383 0.06256156688574059
356 287 291 0.02884237568672493
357 325 326 0.00016619993780072815
358 143 145 9.374011568216104e-05
359 0 7 0.04857483112814067
360 198 199 0.00015459838250277182
361 211 327 0.03541361130598249
362 355 383 0.0001619120565298718
363 160 161 9.004708856478594e-05
364 91 93 0.02357705117155201
365 190 191 0.07225364783545192
366 119 389 0.07760437245348238
367 122 301 0.046325320110652345
368 243 352 0.079671750365953
369 162 245 0.052695015093658676
370 15 96 0.05381190762310894
371 3 99 0.12179565990595925
372 247 331 0.04321247529141418
373 274 365 0.027728531705692682
374 277 278 0.09242643850673612
375 98 100 0.00876571765268305
376 174 306 0.00015266977161271938
377 296 357 0.0029931771959479142
378 236 330 0.00018027380692197615
379 11 12 0.010854912454582984
380 92 186 0.030912128272364107
381 136 156 0.0332616210254483
382 123 250 0.019350012935357475
383 95 188 0.04218961688669259
384 3 4 0.015943237160042322
385 378 379 0.005719732205212665
386 5 6 9.35164381926538e-05
387 331 336 0.02842103996230324
388 56 312 5.606060479556237e-05
389 284 285 0.054833232782866025
390 119 230 0.06772576654757798
391 137 251 0.00012575143014638627
392 80 83 8.258197808454215e-05
393 363 368 0.03708458740935268
394 17 317 0.0505046475075438
395 121 264 0.01724818965152629
396 203 322 0.05118339138043849
397 11 237 0.0010722234570588898
398 174 175 0.057068030450748715
399 337 391 0.03714697277907094
400 17 181 0.002949403961682403
401 138 139 0.10816643315493872
402 29 98 0.009447857883013522
403 69 201 0.07237090320492395
404 10 42 0.02007181397981377
405 116 214 0.08816671706235449
406 163 165 0.09300032478015846
407 84 85 0.09602791680933868
408 48 60 0.0665450342961291
409 166 167 0.10916871552198634
410 38 207 0.011846049771893722
411 139 194 6.349869276049039e-05
412 150 151 0.0889024974954671
413 251 252 0.00019253265961190585
414 207 324 0.06071051306765044
415 46 373 0.05597766575290239
416 300 304 0.03672231669088979
417 190 295 0.0001784813070594933
418 164 227 0.07515220597358149
419 146 257 0.06718138841971599
420 132 395 0.06495679192396527
421 62 63 0.06190503905684627
422 363 372 0.036331782510799195
423 230 335 0.0001757426282853181
424 249 348 0.01679490151388225
425 180 181 0.1081852422325069
426 142 143 0.00016879004763895137
427 39 176 0.04305179474358384
428 290 314 0.05330102365157609
429 157 258 0.010116700670273147
430 103 273 0.0002352841361528205
431 226 227 0.014126547240547356
432 315 316 0.0002515647449962922
433 18 122 0.007442118689272427
434 89 368 0.0277300370073275
435 258 259 0.007512472255389271
436 352 374 0.00033407870796287324
437 316 317 0.0001696928150199213
438 105 106 0.00026180286983491427
439 109 196 0.018028190997646652
440 353 366 5.37806809197162e-05
441 259 260 0.057921726933264146
442 289 290 0.020555130235038323
443 362 384 5.989511127944515e-05
444 115 120 0.007745728981877639
445 149 150 0.007984275271098937
446 346 347 0.03764766797546214
447 18 19 0.05769417694056841
448 25 75 0.014904103793214786
449 121 247 0.016977204058399552
450 233 234 0.0394491022997193
451 290 291 0.1175320862865018
452 7 38 0.13671820084606287
453 225 248 0.00022377285146189037
454 189 388 0.018258475488254315
455 98 170 0.10884520120454784
456 49 369 0.08039599461532161
457 264 265 0.0440168619286778
458 35 152 0.00020558854721629922
459 36 148 0.014190922999960588
460 53 131 0.0017535193395099944
461 209 210 0.06243923022962729
462 9 61 0.014192905742390237
463 281 357 0.008554839415559517
464 167 333 0.0019723699162640692
465 183 186 0.0001400262432211697
466 294 377 0.07504221028132133
467 370 374 0.09175428249333674
468 4 107 5.342516004126538e-05
469 109 200 0.00995012660401114
470 362 370 0.03605355064113219
471 54 66 0.07700680051194501
472 241 242 0.11067868741757717
473 55 58 0.04073228471950834
474 238 347 0.05949013856073311
475 116 161 0.08278100206839649
476 65 67 0.044475785394103455
477 187 188 0.03577520900379935
478 95 169 0.06791138143709047
479 38 319 6.129570751224905e-05
480 112 335 0.00012647469454523218
481 340 372 0.060017214368838306
482 16 195 0.10009450078001426
483 35 147 8.702809766926418e-05
484 83 86 0.0684846205979618
485 118 218 0.025481886204031984
486 22 58 0.10673481719319118
487 215 216 0.06429727805005854
488 302 367 0.03484107408873369
489 275 394 0.11227895655131752
490 163 229 0.011917739412521855
491 32 313 5.747448363758668e-05
492 190 281 0.021514828072812762
493 310 336 0.06969048934988215
494 338 351 0.04074925345674059
495 282 312 7.825786557042586e-05
496 311 313 0.004394935338943718
497 55 62 0.09673343608484254
498 158 202 0.03332775280601423
499 1 398 0.00019276430599533538
500 395 397 0.00010758909737373744
501 293 295 0.0499228435462902
502 240 351 0.00031625183180557633
503 73 74 9.54222766678025e-05
504 96 239 4.939016180089673e-05
505 102 271 0.00018166092177478212
506 80 182 0.05112790861326284
507 50 51 0.0002136604388656838
508 323 325 0.03086606083511311
509 173 398 0.00010553773108413015
510 28 100 0.024017375610895158
511 104 105 5.1018794163871524e-05
512 164 185 0.07120278825870653
513 396 397 0.025556014400542355
514 334 349 0.10618091230611734
515 122 353 0.07744809837092279
516 271 272 0.055195201672694254
517 7 8 0.0033012544953892158
518 29 30 0.07257254349221828
519 300 302 0.022089786858472328
520 127 139 0.018745541715542047
521 214 215 0.02250140860760267
522 8 56 0.037209283197381184
523 25 77 0.014683620307498405
524 54 298 0.04010784059575904
525 176 201 0.09592531405295887
526 1 172 0.00017500431522891503
527 114 220 0.039981516836517884
528 124 251 0.03636910080338902
529 219 317 0.05390605287914296
530 329 354 0.051981048491722644
531 51 151 0.11513970909951349
532 247 248 0.07837704129908508
533 270 344 0.00026109913748321425
534 379 381 0.023231511613658107
535 118 217 0.055618800223038
536 333 352 0.09504370248515165
537 140 141 0.0030549676674560336
538 302 366 0.055289696979308064
539 334 335 0.04606829178161655
540 44 141 0.013896933176782117
541 193 194 0.04499416552578862
542 221 222 0.00024925473872082303
543 213 218 0.00029970906599754163
544 279 280 0.00014971283179675572
545 304 393 0.04742145676630874
546 253 254 0.00029391447001966267
547 209 326 0.06462518965786893
548 311 312 0.04678888557104752
549 354 391 0.02200752154480865
550 47 49 0.003247466014981569
551 340 341 0.030926899851830104
552 76 397 0.00011566859306185922
553 199 200 0.00015691269146103412
554 144 145 0.0001189111221272955
555 257 260 0.0001329416062437028
556 309 373 0.03685192134574613
557 341 342 0.000754526516494344
558 3 34 0.00022074655206251836
559 134 281 0.07958671721825528
560 387 395 0.00015580549136462817
561 97 189 0.10139826828949551
562 92 93 0.0002730899335827691
563 278 283 0.09708177788979937
564 188 346 0.052910317009445186
565 248 332 8.651787326579937e-05
566 291 318 0.018445802702858997
567 46 193 0.06018979812077974
568 99 101 0.09083137973624071
569 261 262 0.03196474672032533
570 297 358 0.016866576960260383
571 354 386 0.0002006584445697587
572 52 115 0.019177000396121493
573 337 349 0.012419738097421059
574 82 84 0.05291631079294711
575 205 206 0.02398854259800402
576 101 282 0.05555266481157032
577 130 132 0.020514940179564928
578 266 277 0.011363583214776816
579 224 253 0.0001280427554705694
580 152 153 5.592045713030584e-05
581 61 390 0.04453844557888811
582 231 380 0.05293210149707763
583 360 367 0.06035551787419399
584 182 184 0.00011927357214554144
585 117 204 3.774048020281004e-05
586 322 323 0.00012409074562884094
587 44 133 0.014502076736631822
588 106 108 7.295035581898561e-06
589 265 331 9.23269570324568e-05
590 94 376 0.06426184332741705
591 14 15 0.02764694799820459
592 123 245 0.0003883349979684424
593 318 348 0.025554834776251235
594 156 253 0.054394979941653376
595 303 307 0.00040749260863814815
596 39 197 0.10545278538586658
597 375 387 0.09419364902447946
598 64 280 0.00010126962859953653
599 16 180 0.009569569167622955
