1923
0 208 320 2.3895671618083123e-05
1 64 155 0.03634560987546763
2 204 205 0.00030341619550318665
3 63 292 0.0249729079315094
4 374 381 0.10118167302894107
5 136 155 0.00010143796249787248
6 21 24 0.00749318285282108
7 221 307 9.866701550318844e-05
8 86 394 0.058373997448460314
9 321 322 0.03431866253072098
10 13 57 0.10681019238647
11 2 191 0.07485579068602292
12 88 90 0.00013041105927190572
13 40 43 0.005138048906945479
14 74 75 0.014319752449587383
15 176 263 0.07517032441326173
16 182 183 0.02988150995350194
17 211 212 0.00020547005897606613
18 235 342 0.05429142245979562
19 99 192 0.05977488789561109
20 298 299 0.007344275721805489
21 343 345 0.04773782630606749
22 224 332 0.00041940801577790965
23 25 26 0.08879445135544704
24 8 399 0.02229906639477054
25 19 22 0.061666860977770105
26 23 91 0.106854409815112
27 201 270 0.042121794700691606
28 213 216 0.018721971299277614
29 50 130 2.621849831644269e-05
30 328 329 0.008866741503766838
31 171 294 0.08475357433840111
32 279 332 0.056794478895490254
33 243 244 0.024311863478567182
34 6 108 0.0025778944020218553
35 14 240 0.0002815528401553615
36 338 386 0.05190705090496419
37 297 361 0.021924038705653535
38 356 364 0.00016743041940016592
39 359 360 0.05198549437988978
40 179 246 3.3411842499116853e-05
41 177 310 0.008803533670175312
42 71 301 0.00015983082358789614
43 339 343 0.033897659000316264
44 274 275 0.06346838415308219
45 17 197 0.09454400130344649
46 305 306 0.0001856102584254201
47 159 321 1.9625655176563463e-05
48 360 361 0.10987049306154271
49 32 33 0.036332761579822244
50 392 393 0.04041900397771501
51 166 334 0.05698119151876159
52 256 262 0.0001728655458934642
53 110 203 0.000227467755039255
54 11 124 0.004522305196938587
55 306 307 6.396561824407054e-05
56 33 103 0.07223905417438495
57 110 212 1.3299173703107393e-05
58 164 165 0.008405970541393207
59 284 314 0.00023667909001865817
60 219 236 0.0019672779682545936
61 87 89 0.00035751720098225917
62 187 339 0.021774494606499065
63 68 129 0.015028083746521738
64 296 364 0.07710293780084919
65 195 196 0.01057579844576384
66 0 9 0.05274397569197269
67 45 261 5.557286143283023e-05
68 111 276 0.07104838715774119
69 356 359 7.027338672645966e-05
70 28 31 0.00015704468455560758
71 224 225 0.00030608346662178935
72 45 138 0.031831704189212794
73 128 155 0.06941541145081348
74 170 293 0.05858014456886451
75 117 202 0.00018919006194696643
76 256 257 0.00037037162717613723
77 30 102 0.031317505323881535
78 14 350 0.0003759348690025014
79 41 43 0.1342609261480694
80 40 137 0.021758719400689523
81 353 383 0.00019899029981726725
82 52 267 0.03757770254266839
83 80 81 0.07407294856343082
84 287 288 0.10968629952926241
85 2 144 0.05728689286124457
86 318 328 0.07307798521156586
87 42 125 0.10256530107029706
88 31 32 0.01251564880199151
89 106 341 0.0021310109241727995
90 70 72 0.047615123361326034
91 170 192 0.018053650688270372
92 126 128 2.6026775132083822e-05
93 157 261 0.027563252781636793
94 233 276 0.0002904882374380539
95 6 342 5.4414759378377736e-05
96 58 59 0.06542379079167938
97 113 209 0.06143526446929662
98 359 377 0.00015937694493224467
99 177 324 0.03819186060167578
100 206 321 0.057660353655978845
101 91 183 0.011245642493532713
102 203 211 2.206729310853234e-05
103 22 93 0.06682135475495403
104 37 388 0.08877220656188338
105 268 305 0.04949620220142367
106 87 88 0.00037391941494250083
107 133 135 0.0039033170064941853
108 68 128 0.04878648978277919
109 325 327 0.00014050556707101926
110 146 255 0.06512580889814103
111 0 1 0.004659950461784244
112 226 370 0.008367439253426711
113 52 288 0.05252952939052438
114 355 366 9.113232274816807e-05
115 228 323 0.01924433070473334
116 77 79 0.002378574085163952
117 65 66 0.12316942199256241
118 125 375 0.03199964063896215
119 221 305 0.0002173063894948975
120 70 92 0.07685566760624617
121 53 125 0.12500296221309903
122 56 283 7.074806949708164e-05
123 85 275 0.04694080946942823
124 69 219 0.06101389654933574
125 54 204 0.06148951527195966
126 94 95 0.04699231159705875
127 373 392 0.046959183258138394
128 111 390 0.03541745802234796
129 177 178 0.010525761925442162
130 313 399 0.027589515148454452
131 210 230 0.00011642840184846826
132 362 382 0.09546084448615794
133 16 97 0.013760449641139103
134 13 15 0.11894104558547178
135 349 350 0.03418995244863966
136 33 173 0.0267325129554749
137 13 20 0.12294452342864372
138 222 250 0.03952589668311607
139 293 294 0.03749854191643543
140 153 154 0.054718789090241755
141 142 154 0.06608177741952587
142 156 280 0.005381942924608541
143 350 351 3.546022003066068e-05
144 225 263 0.00029446433991262846
145 226 229 0.07217361349147697
146 73 81 0.00613612581150924
147 252 254 0.11179633614425612
148 237 238 0.00010673753402702588
149 369 390 0.014659045262556738
150 277 385 0.10631166191706806
151 10 238 0.011513119364303822
152 215 228 0.0692671553484924
153 48 49 0.00023069090945930897
154 212 389 0.049886061729979454
155 304 308 0.03056905442198113
156 268 269 0.01585938742831054
157 202 205 9.461739438661625e-05
158 237 344 0.02131940969650528
159 66 178 0.09299007586255296
160 220 303 0.00022903235019748863
161 357 393 0.11463445344011702
162 27 120 0.08985330107279153
163 10 12 8.032971722965458e-05
164 117 160 0.09214712732654237
165 87 189 0.13759519011196703
166 138 140 9.994112567090382e-05
167 36 372 0.00015837622079838668
168 340 388 0.07141218072391452
169 285 316 7.92356337419639e-05
170 129 194 0.01862172587673905
171 181 241 0.02734158972538543
172 166 168 0.05346954864842319
173 59 115 0.10442815721955831
174 150 365 0.0332853551192885
175 278 319 0.06211324216973618
176 100 101 0.02035808028940773
177 308 309 0.05352591813677445
178 232 273 0.049174936767539375
179 114 223 0.04285174249123671
180 142 144 0.00024417317291965004
181 21 59 0.06831382138068018
182 4 5 0.002678902471042577
183 44 258 9.443188431822255e-05
184 41 136 0.03061330516089165
185 242 328 0.02992103180946496
186 217 391 0.06926751531181809
187 254 263 0.00014706009109617194
188 369 389 0.04669132860587931
189 246 310 0.03533251491451527
190 26 27 0.016048837021706563
191 358 379 0.00905711624498904
192 76 77 0.1362709476769826
193 12 40 0.01940065335794156
194 112 210 4.275100289605997e-05
195 361 381 0.017628474323411688
196 112 217 0.06501032488319175
197 364 377 6.124599359166817e-05
198 236 284 8.630475990138229e-05
199 250 286 0.03918713991059798
200 84 165 0.06326077130499325
201 30 171 0.046462374440911225
202 19 72 0.010340753271325383
203 79 86 0.03964306848164365
204 82 83 0.04244555872041583
205 116 158 0.02723397629487599
206 214 249 0.09105728055770486
207 55 288 0.14198831203089518
208 246 279 0.04546926309098808
209 180 239 0.0518883794872089
210 330 339 0.040165999412051415
211 119 168 0.03534933988982648
212 264 266 0.09361400963393514
213 199 235 0.08289432429279779
214 206 299 0.06512690066413086
215 135 259 0.010546976552328871
216 285 315 0.0001483483582124847
217 131 132 0.08826022100249328
218 34 35 0.09582450635952583
219 60 61 0.021087028360486648
220 120 169 0.03787279613538782
221 104 107 0.00021449116464000226
222 82 184 0.017907745415873776
223 187 289 0.03627934060838066
224 234 324 0.12348849310500057
225 272 358 0.02544484722898022
226 235 385 3.0783640963058287e-06
227 37 195 0.014157579852488047
228 196 197 0.07036068090136659
229 71 382 0.00012246505445885562
230 78 81 0.010573857715731735
231 158 159 0.050959897058744895
232 39 121 0.05846223779892333
233 62 245 0.093958386331729
234 282 283 0.00013985294418477414
235 107 108 0.0001538700959133741
236 57 163 0.0011258144475812214
237 347 376 0.04378310637720407
238 123 269 0.04909270485461009
239 89 90 5.764233074015979e-05
240 41 126 0.04889063187073378
241 172 173 0.00015018627324048836
242 124 270 0.019363142015528387
243 20 85 0.008469289509339518
244 267 289 0.08197072290301002
245 148 149 0.027514552767359073
246 345 346 0.007066631632558603
247 134 145 0.0809516919082773
248 140 157 0.006796855278982308
249 162 286 1.0050961716488024e-05
250 24 74 0.04849669584149018
251 34 104 0.0156800450525645
252 64 179 0.04553784300081046
253 218 329 0.07112989369676043
254 272 380 0.0001549187829296618
255 46 175 0.061157010785276175
256 127 129 8.44267315627973e-05
257 149 363 3.716734768318052e-05
258 365 368 8.277972420485173e-05
259 159 228 0.021377482929665393
260 21 23 0.032935966852793305
261 109 266 0.0805588089670906
262 57 167 0.01775214003157779
263 223 286 0.005812651899253703
264 337 338 7.768400878495028e-05
265 60 172 0.04749439997760271
266 319 320 0.02270738465946343
267 48 232 0.0030103463797785594
268 301 371 6.811722832762932e-05
269 20 88 0.08701064956974408
270 169 267 0.00013063055197683546
271 314 330 0.0003206544154103265
272 398 399 0.03441695331758204
273 249 287 0.027794994756009245
274 265 320 0.03404999512501404
275 113 118 0.00014245477233388196
276 344 345 0.060610677427742864
277 271 273 0.0003231327426562193
278 326 327 0.00014366821922667022
279 130 255 0.0001329782434480961
280 394 396 0.09406914619296489
281 29 31 0.02342539335675675
282 375 376 0.09382334960769455
283 300 356 0.08464524276607366
284 36 105 0.07354464952823964
285 131 256 0.0297264143699537
286 113 216 0.012583420306183838
287 241 315 0.03402363390600336
288 213 348 0.06797103366990914
289 160 223 0.07381750913190069
290 75 78 0.00020090414130684406
291 220 222 5.997438817290061e-05
292 42 43 0.009002084226470673
293 147 153 0.00010445066858109743
294 70 384 0.04986967571021598
295 96 97 0.04907311711647818
296 208 336 0.00930483138703725
297 51 255 4.80555425103233e-05
298 174 303 0.00025846816290730335
299 37 198 0.011738083205382567
300 143 146 0.07797914439476358
301 47 231 9.552480807601555e-05
302 171 297 0.05920722530434875
303 198 200 0.00013743039210338393
304 45 53 0.051505875465718644
305 308 355 0.04801838550693392
306 229 333 0.009577980136664133
307 5 385 0.054372276160774176
308 65 114 0.04997164909466144
309 9 233 0.0866824306378665
310 239 240 0.06832191728670921
311 67 68 0.08890779237524472
312 242 386 0.046581634413206924
313 185 186 0.017700504329696935
314 234 298 0.012645972531390968
315 371 382 0.00021252832351453067
316 147 148 0.06344787356390427
317 28 311 0.009902296834862748
318 23 73 0.03293352433814292
319 243 378 0.05047418078396193
320 134 135 0.09178532769582677
321 231 232 0.0003598737444913522
322 141 193 0.08055839905628075
323 268 309 0.07694056654661423
324 260 262 6.62468805744751e-05
325 178 179 0.036594265026994165
326 269 292 0.07611397828484613
327 2 152 0.06785993257471384
328 26 94 0.0854778426856353
329 78 79 0.02321904403305358
330 151 154 0.022857301402916898
331 161 162 0.07750078875976243
332 67 175 0.033791560707332316
333 126 127 0.05761196808939927
334 69 343 0.00033620632400397954
335 47 244 0.08007090230495574
336 133 392 0.10223275597531992
337 76 387 0.0002943246928037927
338 18 63 0.07121828613597936
339 207 208 0.015589157446889412
340 110 111 0.057039019403756976
341 227 384 0.03180874133512557
342 367 371 0.09988124290621841
343 71 72 0.043129833231590066
344 90 274 0.00020228765376956637
345 168 244 0.08077032112214456
346 378 380 0.02777271546308188
347 50 396 0.06278474643346475
348 191 192 0.04452158053877122
349 24 27 0.06377871034825992
350 102 103 9.652760782260614e-05
351 295 296 0.023831676878431324
352 184 185 0.01813030816920794
353 276 299 0.04009261819263579
354 137 252 0.0001296064971638284
355 292 383 0.06250027885177063
356 287 291 0.02834428223270662
357 325 326 0.00016560874336583824
358 143 145 0.00012014956947186508
359 0 7 0.04849012942516547
360 198 199 0.00016004030849577747
361 211 327 0.03530134586036932
362 355 383 0.00016203076317173825
363 160 161 0.0002194987341542385
364 91 93 0.023590796856176443
365 190 191 0.07227553634179122
366 119 389 0.07762284832798653
367 122 301 0.04622678251380916
368 243 352 0.07973698461710045
369 162 245 0.05259953382228052
370 15 96 0.0537375576856027
371 3 99 0.12218312962349853
372 247 331 0.04309869395126612
373 274 365 0.02759957231505845
374 277 278 0.0925456913231879
375 98 100 0.008668844570204864
376 174 306 0.00015770834199323438
377 296 357 0.002888445378914469
378 236 330 0.0002219958574750751
379 11 12 0.010857432092896371
380 92 186 0.03089874911558638
381 136 156 0.033265870358949186
382 123 250 0.019263325512863094
383 95 188 0.04226819413677791
384 3 4 0.015774947908811336
385 378 379 0.0057255639889905435
386 5 6 0.00011608350815780352
387 331 336 0.028378149369938065
388 56 312 7.48052321468065e-05
389 284 285 0.05485911534977866
390 119 230 0.06771794522894024
391 137 251 0.00012562555201811455
392 80 83 2.6765523424240114e-05
393 363 368 0.03717731143719365
394 17 317 0.0503972980199335
395 121 264 0.01718144258425759
396 203 322 0.051101113958978935
397 11 237 0.001025372633295206
398 174 175 0.05711355928274471
399 337 391 0.03718496337038042
400 17 181 0.0028089417545608905
401 138 139 0.10832740851570721
402 29 98 0.0093673571767205
403 69 201 0.07253443545496624
404 10 42 0.019903738772679903
405 116 214 0.08829275801106912
406 163 165 0.09316259840688192
407 84 85 0.09636512286906623
408 48 60 0.06666417192084322
409 166 167 0.10957350809212817
410 38 207 0.011862391669138305
411 139 194 0.0001363584299801179
412 150 151 0.08896365328605835
413 251 252 0.00019254187589243333
414 207 324 0.06069589285880636
415 46 373 0.05603132977008017
416 300 304 0.03667328051635916
417 190 295 0.00016522279528435795
418 164 227 0.07524077157580014
419 146 257 0.06710149294368116
420 132 395 0.06492232788983585
421 62 63 0.061821862636858065
422 363 372 0.036271163068179804
423 230 335 1.3922325146476017e-05
424 249 348 0.01649863318850199
425 180 181 0.10844018525514111
426 142 143 6.001362639267536e-05
427 39 176 0.043047465484738444
428 290 314 0.053293565985242715
429 157 258 0.009975998553687934
430 103 273 0.0002369921932996362
431 226 227 0.014040513607640852
432 315 316 0.00022292284781930062
433 18 122 0.00721396387267762
434 89 368 0.027550377598784394
435 258 259 0.0073347640694344934
436 352 374 0.0003132301225472679
437 316 317 0.0001802382611032317
438 105 106 0.0003294512314647217
439 109 196 0.01785086735778068
440 353 366 9.917614337670172e-05
441 259 260 0.0578952563742759
442 289 290 0.020558922004025284
443 362 384 4.163625394019037e-05
444 115 120 0.007545364398602968
445 149 150 0.007979730496794762
446 346 347 0.037566558885935956
447 18 19 0.057708106909752255
448 25 75 0.014665418027760349
449 121 247 0.016812870655711257
450 233 234 0.03924622838052422
451 290 291 0.11786764361664552
452 7 38 0.13700401715585853
453 225 248 6.609972168794246e-05
454 189 388 0.018212419645814125
455 98 170 0.10904693162262095
456 49 369 0.08051992861228514
457 264 265 0.04382871946068194
458 35 152 0.00010159463958870013
459 36 148 0.014172298505424334
460 53 131 0.0015497809587236072
461 209 210 0.06244201744445437
462 9 61 0.013997870973044892
463 281 357 0.008519563306666396
464 167 333 0.0017847631568954703
465 183 186 3.8039958123945044e-05
466 294 377 0.07493548146759316
467 370 374 0.09195905639594935
468 4 107 7.125397275218844e-05
469 109 200 0.009795515675928382
470 362 370 0.035958070825999104
471 54 66 0.07714971893014692
472 241 242 0.11104946932050433
473 55 58 0.0406177641005899
474 238 347 0.05953611332308592
475 116 161 0.08293063177824223
476 65 67 0.044403614964181944
477 187 188 0.03573313788710906
478 95 169 0.06787334660286559
479 38 319 0.00017437676626459335
480 112 335 0.00015887893561021202
481 340 372 0.0598794133995489
482 16 195 0.10031962072589702
483 35 147 7.785776069299202e-05
484 83 86 0.06842737280098916
485 118 218 0.02529971261460617
486 22 58 0.10679952225629596
487 215 216 0.06447643042427577
488 302 367 0.0347177503062908
489 275 394 0.11241866991132918
490 163 229 0.011710711361134317
491 32 313 9.534735825378405e-05
492 190 281 0.021288683229895803
493 310 336 0.06967721000218882
494 338 351 0.04083026362475261
495 282 312 1.4468613740599815e-05
496 311 313 0.0043461799331760195
497 55 62 0.09712409676389418
498 158 202 0.03321727842457354
499 1 398 0.00022633611707679801
500 395 397 0.00013512099812214705
501 293 295 0.04991886976610883
502 240 351 0.00023008004762099397
503 73 74 7.330630327105419e-05
504 96 239 0.0001655458005133857
505 102 271 0.0001609674006261912
506 80 182 0.050996816115442774
507 50 51 0.00015567348871511726
508 323 325 0.030850230120426366
509 173 398 0.0002533100457450443
510 28 100 0.023899122665678427
511 104 105 0.00014057870767374394
512 164 185 0.07127044029138496
513 396 397 0.025328551275314366
514 334 349 0.10624685908231989
515 122 353 0.07745420404418725
516 271 272 0.05524298484499396
517 7 8 0.0031809745556609864
518 29 30 0.07274399338621117
519 300 302 0.022078858338979976
520 127 139 0.01861758064273261
521 214 215 0.022170326228907158
522 8 56 0.03712319801490806
523 25 77 0.014654855087176694
524 54 298 0.040105474348989104
525 176 201 0.0961561286636738
526 1 172 7.670330236734472e-05
527 114 220 0.03978638836820063
528 124 251 0.036221129887219664
529 219 317 0.054034472759339876
530 329 354 0.05189472772091607
531 51 151 0.11529781636628479
532 247 248 0.07839094101426435
533 270 344 0.00019855068609280616
534 379 381 0.023086451747192285
535 118 217 0.05562997247264808
536 333 352 0.09516644145199132
537 140 141 0.002822185985861583
538 302 366 0.05522468021077538
539 334 335 0.045972994573541606
540 44 141 0.013752950150279572
541 193 194 0.04493403172949389
542 221 222 0.0002494969695865085
543 213 218 6.97818420554547e-05
544 279 280 0.00015062370914464634
545 304 393 0.04742673758535515
546 253 254 0.0003024181666872832
547 209 326 0.06475336709370573
548 311 312 0.046597855759150326
549 354 391 0.02194302217050968
550 47 49 0.0031608733289633117
551 340 341 0.030880373610871273
552 76 397 0.00024694151845471816
553 199 200 0.00016209129603205716
554 144 145 0.0001408761436883354
555 257 260 0.0003656419476770016
556 309 373 0.03684429463563597
557 341 342 0.0006896476234858724
558 3 34 6.617592106322073e-06
559 134 281 0.07972217605713831
560 387 395 0.00018390599602928915
561 97 189 0.10152808514505689
562 92 93 8.580813093470213e-05
563 278 283 0.09731736131647896
564 188 346 0.052948728309337445
565 248 332 0.0001597281035024903
566 291 318 0.018508934996327463
567 46 193 0.06021446376477575
568 99 101 0.0909329752667868
569 261 262 0.03191649554399452
570 297 358 0.01680155939747025
571 354 386 5.413013126507747e-05
572 52 115 0.01900072586728654
573 337 349 0.012382580616153311
574 82 84 0.0528642389155899
575 205 206 0.023778416447733357
576 101 282 0.05538054482036956
577 130 132 0.020448811195355614
578 266 277 0.011219494075027932
579 224 253 6.719528986751811e-05
580 152 153 8.638026626130278e-05
581 61 390 0.04463549655729589
582 231 380 0.05303391821202681
583 360 367 0.06048051499717388
584 182 184 0.0001617323541267295
585 117 204 0.00033872035193656977
586 322 323 0.00013776418506205744
587 44 133 0.014372271806831996
588 106 108 0.00024304164398893333
589 265 331 0.00018661289282506012
590 94 376 0.06430520135865311
591 14 15 0.027517053109367733
592 123 245 0.00024788255792283846
593 318 348 0.025289547646653598
594 156 253 0.054334823183730584
595 303 307 0.00037742718768504703
596 39 197 0.10559070483488212
597 375 387 0.09428292134561694
598 64 280 0.0001011730359240027
599 16 180 0.009599837837249705
