1973
0 208 320 2.1504162791276315e-05
1 64 155 0.03611399920500916
2 204 205 0.0002050941718419623
3 63 292 0.02401630505361808
4 374 381 0.10243358985666894
5 136 155 0.00012827363870977006
6 21 24 0.00639589565788893
7 221 307 5.3987652856400895e-05
8 86 394 0.059008274537307566
9 321 322 0.03394076411964466
10 13 57 0.10829848679311291
11 2 191 0.0755701685274421
12 88 90 9.784366569308951e-05
13 40 43 0.004433786153122812
14 74 75 0.013949654016600317
15 176 263 0.0743317283354608
16 182 183 0.02919815043170865
17 211 212 0.00031078028304614563
18 235 342 0.05494442968497395
19 99 192 0.05935118874331601
20 298 299 0.006333475276380833
21 343 345 0.04801094863128146
22 224 332 0.00016833303246646994
23 25 26 0.08896615670723529
24 8 399 0.021311593338636442
25 19 22 0.06268432071730934
26 23 91 0.10779048914990541
27 201 270 0.04176972872126048
28 213 216 0.017355253410679634
29 50 130 0.0001546422461754615
30 328 329 0.007910315101593741
31 171 294 0.08579428350684205
32 279 332 0.05634052888001759
33 243 244 0.024138263795192686
34 6 108 0.000840503840635398
35 14 240 1.964393846605632e-05
36 338 386 0.0516039750854158
37 297 361 0.02015572488413697
38 356 364 0.00011441297096269988
39 359 360 0.0511532989534062
40 179 246 0.00020939615231933194
41 177 310 0.008074088484530994
42 71 301 0.00019868283898409196
43 339 343 0.03307568372750983
44 274 275 0.06370780287851763
45 17 197 0.0955685577456525
46 305 306 0.0002920043486296208
47 159 321 0.00013945099513095887
48 360 361 0.11201459465856753
49 32 33 0.036339105807118584
50 392 393 0.04066807785824854
51 166 334 0.05733167786786164
52 256 262 0.00023507107337044972
53 110 203 0.00016869939604974657
54 11 124 0.0030715317334381403
55 306 307 5.279448770324746e-05
56 33 103 0.0725700599194825
57 110 212 5.9005602796033746e-05
58 164 165 0.0073046006073927364
59 284 314 4.1738989298157486e-05
60 219 236 0.0004976277639846217
61 87 89 0.00012595950777328902
62 187 339 0.02217215309995914
63 68 129 0.014884540452911734
64 296 364 0.07732602793601324
65 195 196 0.009486071117768337
66 0 9 0.05345542966278286
67 45 261 5.5921273158333635e-05
68 111 276 0.07105426402534766
69 356 359 4.3636688388425134e-05
70 28 31 0.00019511944547677044
71 224 225 0.0004814817925700849
72 45 138 0.031280925587095686
73 128 155 0.06971746148505831
74 170 293 0.05939259613887656
75 117 202 0.00014879057192830885
76 256 257 4.588063837468469e-05
77 30 102 0.030635444156131706
78 14 350 0.00027288987044972387
79 41 43 0.1351226475955765
80 40 137 0.02017279032445002
81 353 383 1.0607778326450989e-05
82 52 267 0.03611523088433236
83 80 81 0.07427282499780695
84 287 288 0.11239998740237525
85 2 144 0.05654293786448164
86 318 328 0.07414730490254334
87 42 125 0.1043012724040255
88 31 32 0.012115465407385537
89 106 341 0.0007866701121501729
90 70 72 0.048197454159180024
91 170 192 0.017174332833785173
92 126 128 0.0002191834243996126
93 157 261 0.02745369207324819
94 233 276 1.220842473417481e-05
95 6 342 0.00015516636620074406
96 58 59 0.06587987693834156
97 113 209 0.06185373570624251
98 359 377 0.00013312252617879778
99 177 324 0.03797916452167244
100 206 321 0.05760117916612835
101 91 183 0.010750496906302419
102 203 211 0.00029735918252713796
103 22 93 0.06684889652578233
104 37 388 0.08875044990248508
105 268 305 0.049206334024715026
106 87 88 0.00013472055652889665
107 133 135 0.002064263041886636
108 68 128 0.04916530532724825
109 325 327 0.00014141004567146923
110 146 255 0.06468254040140554
111 0 1 0.0031599132118314576
112 226 370 0.007116079244559406
113 52 288 0.05277572297016168
114 355 366 1.701366829684797e-05
115 228 323 0.019150109627310577
116 77 79 0.001398956844195032
117 65 66 0.12433023861642437
118 125 375 0.030506674735900977
119 221 305 0.00029037882322266255
120 70 92 0.07732308325349145
121 53 125 0.1268304293410759
122 56 283 2.757940467325637e-05
123 85 275 0.04559459537583099
124 69 219 0.06086165830288579
125 54 204 0.06102160075825021
126 94 95 0.045992301391524944
127 373 392 0.04673085092958786
128 111 390 0.03567448742126574
129 177 178 0.010184253899584196
130 313 399 0.02772521012448649
131 210 230 1.7078641306697754e-05
132 362 382 0.09600645384047463
133 16 97 0.012351377184622475
134 13 15 0.11997783930247191
135 349 350 0.034423149946353274
136 33 173 0.026487734818608406
137 13 20 0.1236208347668966
138 222 250 0.03881154793105723
139 293 294 0.03744490972393271
140 153 154 0.05423824675998804
141 142 154 0.06606826552740383
142 156 280 0.005052742424616426
143 350 351 0.00023850315077735175
144 225 263 0.00021617522186262382
145 226 229 0.07309308595591171
146 73 81 0.005896509941999219
147 252 254 0.11326142704254331
148 237 238 9.833107114504208e-05
149 369 390 0.014323502596987562
150 277 385 0.10667201909523547
151 10 238 0.01120439318594902
152 215 228 0.06955102173534118
153 48 49 0.000255028576050793
154 212 389 0.0495100240749539
155 304 308 0.03029724895927169
156 268 269 0.014992123533535528
157 202 205 0.00024718453450241944
158 237 344 0.020164507491711798
159 66 178 0.09417561326311893
160 220 303 0.0001908614482611976
161 357 393 0.11533802488394415
162 27 120 0.09045859882298972
163 10 12 0.00012745368726735165
164 117 160 0.0925564734550163
165 87 189 0.13787375080570047
166 138 140 0.00010179169852248347
167 36 372 0.0002542591127201132
168 340 388 0.07204842670937149
169 285 316 7.131138321788328e-05
170 129 194 0.017835422927678347
171 181 241 0.026791376625269123
172 166 168 0.052325769890183754
173 59 115 0.1043340717759285
174 150 365 0.03360838452568982
175 278 319 0.06165207890531064
176 100 101 0.01947647759178317
177 308 309 0.05376368896531069
178 232 273 0.04889792568281535
179 114 223 0.042362100105370365
180 142 144 0.00014636148652771754
181 21 59 0.06913270841630313
182 4 5 0.0011370923417714565
183 44 258 0.0003025156843101831
184 41 136 0.030268471628110447
185 242 328 0.029014524902511322
186 217 391 0.06912727277326192
187 254 263 8.551744244843099e-05
188 369 389 0.04728430475772139
189 246 310 0.035016050973365055
190 26 27 0.014406505419581063
191 358 379 0.0076874678108655265
192 76 77 0.13807533174881115
193 12 40 0.018566376644632683
194 112 210 0.00026120762497674127
195 361 381 0.0163303247162421
196 112 217 0.06486591471184622
197 364 377 5.908688313754347e-05
198 236 284 0.00012162152507910688
199 250 286 0.038658242534333635
200 84 165 0.06299640220143497
201 30 171 0.04655778070146777
202 19 72 0.009353292069886998
203 79 86 0.039606717193202384
204 82 83 0.042201433359321534
205 116 158 0.026122861487143895
206 214 249 0.09249821509823977
207 55 288 0.1415916172890492
208 246 279 0.04557752401455363
209 180 239 0.05105427941176709
210 330 339 0.0398003481986948
211 119 168 0.03528514152238506
212 264 266 0.09494517896977091
213 199 235 0.08356655569310814
214 206 299 0.06531389557254189
215 135 259 0.009900416024331189
216 285 315 0.0001072163481968024
217 131 132 0.08910344416885509
218 34 35 0.0966582169448268
219 60 61 0.02083302648603855
220 120 169 0.037147606098215276
221 104 107 0.00018972875806088857
222 82 184 0.01730989402418729
223 187 289 0.03549481671697386
224 234 324 0.1257861028014188
225 272 358 0.025051844311060868
226 235 385 4.239316261522362e-05
227 37 195 0.013291565906235127
228 196 197 0.07167665022101631
229 71 382 0.0001368747212954988
230 78 81 0.010356041140549912
231 158 159 0.05086701899311542
232 39 121 0.058843338409062085
233 62 245 0.09440942564209324
234 282 283 0.00010513013509763927
235 107 108 0.00020316227234128966
236 57 163 0.00026120779598971713
237 347 376 0.04391677703259584
238 123 269 0.04878723382139743
239 89 90 2.6551051794774162e-05
240 41 126 0.04939751564290484
241 172 173 0.00014355076353643549
242 124 270 0.01890023117650282
243 20 85 0.007620412442501744
244 267 289 0.08302271041389775
245 148 149 0.0270771608191702
246 345 346 0.0063567349444223495
247 134 145 0.08066438204468078
248 140 157 0.006109855883874905
249 162 286 3.910487004708214e-06
250 24 74 0.047514564051247425
251 34 104 0.015104424053425684
252 64 179 0.045666141009494385
253 218 329 0.0713098416505143
254 272 380 5.447011570159424e-05
255 46 175 0.06133488172803708
256 127 129 5.3695507707310363e-05
257 149 363 0.0003254565964567832
258 365 368 6.190550291190977e-05
259 159 228 0.02096248784366398
260 21 23 0.03209683586519742
261 109 266 0.0815445001745957
262 57 167 0.016331587554342844
263 223 286 0.005021592221401269
264 337 338 5.891145197013765e-05
265 60 172 0.04736443652291371
266 319 320 0.021933151804243104
267 48 232 0.0023579947220599678
268 301 371 0.00019925401220451756
269 20 88 0.08699026827916852
270 169 267 0.00011616641923843056
271 314 330 7.183477862030674e-05
272 398 399 0.03430698327554108
273 249 287 0.027842335834930804
274 265 320 0.034052483670564924
275 113 118 9.562789323158605e-05
276 344 345 0.06117184844606747
277 271 273 3.4909078349885784e-05
278 326 327 0.00014470912157068174
279 130 255 0.0002866232594769843
280 394 396 0.09481931871382902
281 29 31 0.022538326640594193
282 375 376 0.09436235151170194
283 300 356 0.08494434265223087
284 36 105 0.07341612670331299
285 131 256 0.02926444521957851
286 113 216 0.011835344309264561
287 241 315 0.03346063531727369
288 213 348 0.06882190906596278
289 160 223 0.07479515026996265
290 75 78 0.0002716136889464211
291 220 222 0.00012010852083841612
292 42 43 0.008591109019535267
293 147 153 0.0002202098456322779
294 70 384 0.04990730744453762
295 96 97 0.049237903403407904
296 208 336 0.009553239469947227
297 51 255 0.00011923266366483923
298 174 303 0.00029164955983360867
299 37 198 0.01081939400069921
300 143 146 0.07829742595164321
301 47 231 9.963799724882652e-05
302 171 297 0.05912224215728013
303 198 200 0.00013544540158260461
304 45 53 0.05127353550962386
305 308 355 0.04799413419977775
306 229 333 0.008847337473352791
307 5 385 0.05490776758918888
308 65 114 0.04977447334123153
309 9 233 0.08821851921501384
310 239 240 0.06808368299094988
311 67 68 0.08949854914194706
312 242 386 0.04532165390169766
313 185 186 0.017240371192170024
314 234 298 0.012379814326034655
315 371 382 0.000186953634477484
316 147 148 0.06334355999245893
317 28 311 0.009631409520535877
318 23 73 0.03170636653567388
319 243 378 0.05046881969027038
320 134 135 0.09368991439644857
321 231 232 0.0004162663905665159
322 141 193 0.08217532220156222
323 268 309 0.07757714344086002
324 260 262 7.624288099704897e-05
325 178 179 0.03589151718734205
326 269 292 0.07700575609094851
327 2 152 0.06815289576148541
328 26 94 0.08699811386563792
329 78 79 0.0223655322292657
330 151 154 0.021912812361207002
331 161 162 0.07785797178858467
332 67 175 0.03259110866381992
333 126 127 0.057911645130644784
334 69 343 3.248839970898222e-05
335 47 244 0.07950368956132284
336 133 392 0.10406265296756664
337 76 387 0.00041481205581555235
338 18 63 0.07209424618153856
339 207 208 0.014308858788124896
340 110 111 0.057105024990411785
341 227 384 0.030801569688289582
342 367 371 0.10067681010155327
343 71 72 0.04225010649409616
344 90 274 0.00010870432856090696
345 168 244 0.08210189310738257
346 378 380 0.02647158704176194
347 50 396 0.06288618823221674
348 191 192 0.04510846272003128
349 24 27 0.06387220427921916
350 102 103 0.0001037285109819226
351 295 296 0.02275092776491496
352 184 185 0.017862525752865392
353 276 299 0.03957534950056016
354 137 252 0.00012947235954648438
355 292 383 0.062464490997814766
356 287 291 0.025242922979226503
357 325 326 0.00016618776351288214
358 143 145 7.474206417841573e-05
359 0 7 0.04791513541146081
360 198 199 0.00015805179293991532
361 211 327 0.03478578354130054
362 355 383 0.00010006691992908118
363 160 161 0.00022917944231142868
364 91 93 0.02360020616665144
365 190 191 0.07244344253631609
366 119 389 0.07774608890920999
367 122 301 0.04573497961134581
368 243 352 0.08018866764157495
369 162 245 0.05179317779254862
370 15 96 0.05340184577671623
371 3 99 0.1241299697918066
372 247 331 0.042678020760633005
373 274 365 0.027147825273549524
374 277 278 0.09324281482757932
375 98 100 0.008076169867021931
376 174 306 0.00013026286504631067
377 296 357 0.002241890820483049
378 236 330 0.00020612951247964698
379 11 12 0.010693155282621393
380 92 186 0.03054679490468599
381 136 156 0.0332242512686664
382 123 250 0.018600102750999173
383 95 188 0.04277575540524542
384 3 4 0.015169803501474729
385 378 379 0.005806837599289701
386 5 6 5.694256265214273e-05
387 331 336 0.028223429649730465
388 56 312 2.2863356959023058e-05
389 284 285 0.05489872662687774
390 119 230 0.06730110007198448
391 137 251 0.00012514484412841449
392 80 83 5.89352637058211e-05
393 363 368 0.037316898250570406
394 17 317 0.04982321764391738
395 121 264 0.016791229810697292
396 203 322 0.05081854390066968
397 11 237 0.0008056273611780906
398 174 175 0.057328031852492106
399 337 391 0.037279898189801625
400 17 181 0.001964576020607581
401 138 139 0.10950342385394293
402 29 98 0.008887105039617762
403 69 201 0.07325916346169488
404 10 42 0.018621955079109485
405 116 214 0.08906530235988647
406 163 165 0.09418230308561869
407 84 85 0.09845936198305126
408 48 60 0.06735475311373583
409 166 167 0.11209027705225652
410 38 207 0.012054099709280846
411 139 194 0.00026658227957555966
412 150 151 0.08931563491118442
413 251 252 0.00019298563398070258
414 207 324 0.0605418151121614
415 46 373 0.05637129013433269
416 300 304 0.036370845247761636
417 190 295 4.553110917400187e-05
418 164 227 0.07575545951418974
419 146 257 0.06793880568138233
420 132 395 0.06496913880806714
421 62 63 0.061315421566488115
422 363 372 0.03585026495190808
423 230 335 0.0002949709952592406
424 249 348 0.01464330092538321
425 180 181 0.1099952602872312
426 142 143 0.00031823681260059717
427 39 176 0.043025480144687954
428 290 314 0.05320489884964315
429 157 258 0.009143734625639086
430 103 273 0.00012305578648252758
431 226 227 0.013545711114531544
432 315 316 0.00017846606629230705
433 18 122 0.005790084518421263
434 89 368 0.02711514783147602
435 258 259 0.006219456807256701
436 352 374 1.4964998590959174e-05
437 316 317 0.0002046484691443998
438 105 106 0.00032050775641800824
439 109 196 0.0167449152879785
440 353 366 0.00012655906559367819
441 259 260 0.05759102199507629
442 289 290 0.02056960355946245
443 362 384 9.960593601381891e-05
444 115 120 0.006328880213258297
445 149 150 0.00763098571927962
446 346 347 0.0370572145556087
447 18 19 0.057787518881315045
448 25 75 0.013206918529939183
449 121 247 0.01580339778740708
450 233 234 0.03813582143024929
451 290 291 0.11995291972258919
452 7 38 0.13895100571036412
453 225 248 0.0002561248028501079
454 189 388 0.017925437052812594
455 98 170 0.1102925843669574
456 49 369 0.08122525569075
457 264 265 0.042943626908557755
458 35 152 0.00017458220636049803
459 36 148 0.014190398713612494
460 53 131 0.0003006370712905827
461 209 210 0.0618831515844149
462 9 61 0.012782299852576376
463 281 357 0.008309346613490143
464 167 333 0.0006070710171731824
465 183 186 1.2333950980179815e-05
466 294 377 0.07420945773250964
467 370 374 0.09323816142788194
468 4 107 0.00010367262868539528
469 109 200 0.00883538064259706
470 362 370 0.03532930115817376
471 54 66 0.07804399237358382
472 241 242 0.11332664935707432
473 55 58 0.03989929262861257
474 238 347 0.059781856791598885
475 116 161 0.08404580940872544
476 65 67 0.04394995970830105
477 187 188 0.03546771650535862
478 95 169 0.0678169416043045
479 38 319 0.00019439370130820783
480 112 335 0.00021298560078968223
481 340 372 0.059100762444423256
482 16 195 0.10171855773102952
483 35 147 3.2327063315413734e-05
484 83 86 0.06818111133275839
485 118 218 0.023766653425988948
486 22 58 0.10720148798901237
487 215 216 0.0655490346933543
488 302 367 0.03395099097463695
489 275 394 0.11325073670164533
490 163 229 0.010409545784784058
491 32 313 0.00022892869325230402
492 190 281 0.019887627672641413
493 310 336 0.06958486298610117
494 338 351 0.0407211641192299
495 282 312 0.00013342411611230945
496 311 313 0.004001720461064883
497 55 62 0.09955364001458923
498 158 202 0.032945593665969386
499 1 398 0.00023951027347325147
500 395 397 4.638909433513116e-05
501 293 295 0.04993241483533582
502 240 351 0.0002985025235836318
503 73 74 0.0001664050088952326
504 96 239 3.8160351362120775e-05
505 102 271 0.00014394517121629416
506 80 182 0.05052850150334782
507 50 51 0.0001504870596496447
508 323 325 0.030790273965077126
509 173 398 6.460894857963485e-05
510 28 100 0.023083355314249897
511 104 105 0.00012591632879296877
512 164 185 0.07167880292095548
513 396 397 0.024239650796840224
514 334 349 0.10666356870469872
515 122 353 0.07783439384050564
516 271 272 0.055536095048598036
517 7 8 0.0024398567647847605
518 29 30 0.0738027427875539
519 300 302 0.022010446597432707
520 127 139 0.017833006818323862
521 214 215 0.02011164100233567
522 8 56 0.03633206466990687
523 25 77 0.014486509663092754
524 54 298 0.04009265223649125
525 176 201 0.09752879147915816
526 1 172 0.00029902036883268157
527 114 220 0.03854987618267154
528 124 251 0.03523409225242083
529 219 317 0.05469892352986866
530 329 354 0.05113703414526795
531 51 151 0.11622888741318917
532 247 248 0.07897549596028108
533 270 344 0.0002698342348376071
534 379 381 0.022168531549673933
535 118 217 0.05544710253922106
536 333 352 0.09597000562613399
537 140 141 0.001529460888906199
538 302 366 0.054983068358761635
539 334 335 0.04482196111879846
540 44 141 0.012915764463350382
541 193 194 0.04476948321930077
542 221 222 0.0002718381303735438
543 213 218 0.00019274116290101922
544 279 280 0.00015891918577973314
545 304 393 0.04745251445298285
546 253 254 0.0003666449104016988
547 209 326 0.06554357036738437
548 311 312 0.04537598259164661
549 354 391 0.021355893493547155
550 47 49 0.002529055000828975
551 340 341 0.030543896903392185
552 76 397 0.0002130701372419893
553 199 200 0.00016045745208259879
554 144 145 0.00027949714247053355
555 257 260 0.0001401148374249888
556 309 373 0.03679505173386099
557 341 342 0.00026053309594330405
558 3 34 0.00016353645360956282
559 134 281 0.08056447344042196
560 387 395 0.0002764690481622157
561 97 189 0.10232955435545787
562 92 93 1.6288853244116363e-05
563 278 283 0.0987114369183082
564 188 346 0.05319225188113928
565 248 332 8.624821633540482e-05
566 291 318 0.01889543897581325
567 46 193 0.06036251188463034
568 99 101 0.09156639686098846
569 261 262 0.031238682825861095
570 297 358 0.016380107294469183
571 354 386 0.00020739629340172183
572 52 115 0.017956373743615663
573 337 349 0.011874272653961824
574 82 84 0.05252424588505662
575 205 206 0.023263998459903193
576 101 282 0.05419597707408843
577 130 132 0.019523945041423824
578 266 277 0.010318571489768759
579 224 253 9.664096828821764e-05
580 152 153 8.216682968545852e-05
581 61 390 0.04524984526937139
582 231 380 0.05348586441344381
583 360 367 0.06126280828022155
584 182 184 0.00017019778247545742
585 117 204 0.00021397656193001578
586 322 323 7.463772970448185e-05
587 44 133 0.013537616288491412
588 106 108 2.1610859936780247e-05
589 265 331 8.131102740551063e-07
590 94 376 0.06458843843392592
591 14 15 0.02757854979548538
592 123 245 2.7515900206218077e-05
593 318 348 0.023645986712897193
594 156 253 0.05394292240378069
595 303 307 0.0003077632108743492
596 39 197 0.10644745755728668
597 375 387 0.09518222355563755
598 64 280 0.00010076006252106556
599 16 180 0.009817887424734103
