247
0 208 320 0.024598174959076853
1 64 155 0.024623249783342894
2 204 205 0.04586133903928314
3 63 292 0.07495759595522315
4 374 381 0.08227788451186195
5 136 155 0.06263311008362603
6 21 24 0.06295204017119721
7 221 307 0.010135082555563443
8 86 394 0.02098222044713348
9 321 322 0.039364311307683225
10 13 57 0.05599695312549635
11 2 191 0.02992322036663793
12 88 90 0.07002130639215039
13 40 43 0.014185016778521912
14 74 75 0.015596443861213947
15 176 263 0.0789819978497418
16 182 183 0.032181366738974496
17 211 212 0.048596134663576804
18 235 342 0.03526996011847128
19 99 192 0.08666286448823476
20 298 299 0.056515306759771115
21 343 345 0.03345742235984992
22 224 332 0.021810317715967285
23 25 26 0.08138401142687403
24 8 399 0.06129301315956602
25 19 22 0.04447185386333512
26 23 91 0.03211023294570186
27 201 270 0.0170313523882197
28 213 216 0.07735697675425418
29 50 130 0.07056438047965705
30 328 329 0.05743828396923437
31 171 294 0.043399772541104796
32 279 332 0.04452413153279793
33 243 244 0.028062096143180195
34 6 108 0.02161748616792629
35 14 240 0.10074662080513151
36 338 386 0.022860305605388435
37 297 361 0.08380193805341853
38 356 364 0.06049444273764476
39 359 360 0.044882284504548356
40 179 246 0.05727686492997289
41 177 310 0.05759680079213718
42 71 301 0.047277077483883614
43 339 343 0.030998641952514498
44 274 275 0.060797442573495133
45 17 197 0.055075254937545774
46 305 306 0.02366189435834422
47 159 321 0.03333925773652181
48 360 361 0.020130788214177867
49 32 33 0.030779728703657618
50 392 393 0.04213439861834472
51 166 334 0.04998292089406422
52 256 262 0.02292764814205308
53 110 203 0.03046806711280597
54 11 124 0.05426844735327966
55 306 307 0.020251002017440244
56 33 103 0.02032147639631545
57 110 212 0.06501073145381205
58 164 165 0.031519294836330695
59 284 314 0.024426223983356282
60 219 236 0.05301857628470835
61 87 89 0.06451927105167365
62 187 339 0.02627908127943541
63 68 129 0.015436603613702088
64 296 364 0.03922727301104016
65 195 196 0.0453416548039737
66 0 9 0.03997246102090007
67 45 261 0.07612171538140675
68 111 276 0.04820448241703224
69 356 359 0.05332621659297376
70 28 31 0.0429527171001489
71 224 225 0.02587515866326611
72 45 138 0.050880696480165806
73 128 155 0.023172132711426086
74 170 293 0.033439827853296474
75 117 202 0.04953295763444467
76 256 257 0.03449769320049693
77 30 102 0.03183926959760129
78 14 350 0.046870534112761375
79 41 43 0.05412795506435607
80 40 137 0.0484478822399918
81 353 383 0.048667827002260335
82 52 267 0.09190983294140635
83 80 81 0.03498756365179915
84 287 288 0.025061901055912657
85 2 144 0.05502195810076927
86 318 328 0.025774790584498837
87 42 125 0.040650561752338873
88 31 32 0.017604795871333744
89 106 341 0.08021664428717082
90 70 72 0.041531223891171684
91 170 192 0.05870325737447711
92 126 128 0.060335812667258425
93 157 261 0.024278478360348243
94 233 276 0.024948576520722753
95 6 342 0.04322386410218034
96 58 59 0.04817102169792534
97 113 209 0.05677168503584498
98 359 377 0.05956527087864578
99 177 324 0.030696694753755825
100 206 321 0.04450679729968365
101 91 183 0.034926225311064034
102 203 211 0.036220528033167575
103 22 93 0.05372917801681822
104 37 388 0.11204416510112736
105 268 305 0.02409407413319635
106 87 88 0.03938362077349829
107 133 135 0.09417715256396374
108 68 128 0.0579171958379352
109 325 327 0.014110187835098686
110 146 255 0.030895138017807383
111 0 1 0.016731559422861187
112 226 370 0.06994675928124958
113 52 288 0.049668085996793586
114 355 366 0.06393565174879574
115 228 323 0.021255811774218113
116 77 79 0.043851388119720856
117 65 66 0.08582932659550964
118 125 375 0.09463626616137025
119 221 305 0.023035416659123866
120 70 92 0.05711394663621524
121 53 125 0.04853834974689819
122 56 283 0.08029950472940932
123 85 275 0.11798421544801282
124 69 219 0.04910422478312986
125 54 204 0.049137190220830025
126 94 95 0.08262074936276835
127 373 392 0.05710093886231692
128 111 390 0.058236202913587894
129 177 178 0.07449120040763464
130 313 399 0.012058446259066255
131 210 230 0.07405868675676477
132 362 382 0.056170419810242414
133 16 97 0.07634722917272375
134 13 15 0.04467235405413005
135 349 350 0.01436169302480754
136 33 173 0.03446941795511439
137 13 20 0.10384413107566623
138 222 250 0.023137585348664273
139 293 294 0.03133876509692349
140 153 154 0.05384028755689562
141 142 154 0.029182396719683982
142 156 280 0.053713278283291685
143 350 351 0.0895009141726652
144 225 263 0.01743869055485137
145 226 229 0.02753332770301266
146 73 81 0.034728304654406614
147 252 254 0.025285901630704273
148 237 238 0.049980842340378834
149 369 390 0.03673067334027593
150 277 385 0.09240667558346946
151 10 238 0.017484019695555086
152 215 228 0.035857613058171534
153 48 49 0.020854071838039546
154 212 389 0.028384560574391947
155 304 308 0.0631397189338659
156 268 269 0.04705503635286015
157 202 205 0.034471255263530884
158 237 344 0.03279807272089887
159 66 178 0.021824538840024114
160 220 303 0.03893355157521877
161 357 393 0.07792394167941882
162 27 120 0.08306314536189495
163 10 12 0.04152881334586046
164 117 160 0.02062482607423977
165 87 189 0.08438113130566548
166 138 140 0.049586008310811336
167 36 372 0.034399208331885214
168 340 388 0.02055849150454855
169 285 316 0.03148833870665413
170 129 194 0.08684690013821575
171 181 241 0.05127309912462999
172 166 168 0.10461380102869171
173 59 115 0.11725493762772013
174 150 365 0.036795184789028205
175 278 319 0.07568791885166401
176 100 101 0.03404626769917603
177 308 309 0.025479027263105615
178 232 273 0.03242798889727665
179 114 223 0.015466616851517043
180 142 144 0.05318046782051468
181 21 59 0.023692948391261265
182 4 5 0.036942797610725026
183 44 258 0.07350218166639148
184 41 136 0.06739373233971219
185 242 328 0.091780087762772
186 217 391 0.022962800482853367
187 254 263 0.039298846866982665
188 369 389 0.023170748516219968
189 246 310 0.017800101466362305
190 26 27 0.06693461847671157
191 358 379 0.08482299888251489
192 76 77 0.0578715346252683
193 12 40 0.06050791698590392
194 112 210 0.05374587401171172
195 361 381 0.04102305429778397
196 112 217 0.027226829365715924
197 364 377 0.044594956835086595
198 236 284 0.052137014995892066
199 250 286 0.054712224579326584
200 84 165 0.09095880039156125
201 30 171 0.050463423420896346
202 19 72 0.03318504623211835
203 79 86 0.0395985231804033
204 82 83 0.07519539538400592
205 116 158 0.08238959711732582
206 214 249 0.028261053185869574
207 55 288 0.16521046988870136
208 246 279 0.037425464633727916
209 180 239 0.07197740339342994
210 330 339 0.024341608277576223
211 119 168 0.03657170385358534
212 264 266 0.02785284510833885
213 199 235 0.03762048563717005
214 206 299 0.04128904822459215
215 135 259 0.040460412562714
216 285 315 0.039729475754399106
217 131 132 0.05242053541076048
218 34 35 0.027902062609375774
219 60 61 0.04237653190924817
220 120 169 0.04794000297630246
221 104 107 0.021844938830879315
222 82 184 0.05661731493295435
223 187 289 0.08995662146867703
224 234 324 0.02221370641869001
225 272 358 0.015064219121638084
226 235 385 0.03493374862096711
227 37 195 0.031022965224262115
228 196 197 0.018458252715201552
229 71 382 0.044563729436172005
230 78 81 0.04593942797518128
231 158 159 0.025895518590007174
232 39 121 0.016362047050661105
233 62 245 0.0653532351343431
234 282 283 0.035244637957062924
235 107 108 0.016299308270096003
236 57 163 0.012694071253624206
237 347 376 0.018434702912732175
238 123 269 0.043065425046405814
239 89 90 0.021241953069950237
240 41 126 0.05239296974750615
241 172 173 0.016319178344352005
242 124 270 0.05481735477150991
243 20 85 0.02130629163293627
244 267 289 0.04658239153773145
245 148 149 0.045072572064551585
246 345 346 0.03435799585127278
247 134 145 0.027787886700274163
248 140 157 0.03216509241403843
249 162 286 0.06075545222251358
250 24 74 0.06139677652434546
251 34 104 0.028282013729241176
252 64 179 0.04664051998285808
253 218 329 0.04595226862250439
254 272 380 0.03018802332029364
255 46 175 0.03302764233205903
256 127 129 0.05619783778013413
257 149 363 0.03735984031023557
258 365 368 0.043543918598554734
259 159 228 0.053548888149468316
260 21 23 0.0890389217944166
261 109 266 0.04280228966042721
262 57 167 0.06688690248738952
263 223 286 0.05909381901312645
264 337 338 0.0725916132144516
265 60 172 0.019604222734818735
266 319 320 0.026171544857004857
267 48 232 0.03684669194829688
268 301 371 0.057321653903651126
269 20 88 0.03896238357929612
270 169 267 0.05763368101097197
271 314 330 0.07372319654458227
272 398 399 0.01722687220399716
273 249 287 0.011622479834778448
274 265 320 0.04758498877604911
275 113 118 0.026473391599528388
276 344 345 0.026925647134481524
277 271 273 0.017746277252904934
278 326 327 0.012434833493772784
279 130 255 0.04471034482438811
280 394 396 0.055808332669902164
281 29 31 0.04051545508135691
282 375 376 0.0788607346672238
283 300 356 0.039187708575929486
284 36 105 0.04162587931654138
285 131 256 0.042184640617439435
286 113 216 0.024813554959438815
287 241 315 0.036705614142292085
288 213 348 0.02609719371072412
289 160 223 0.0827508586760724
290 75 78 0.0119447599606952
291 220 222 0.05322511242125391
292 42 43 0.020737680524559335
293 147 153 0.0331332264798013
294 70 384 0.030786489700974817
295 96 97 0.032034267834360704
296 208 336 0.01653786595596882
297 51 255 0.057144039845782445
298 174 303 0.029241543936384194
299 37 198 0.02214030516189569
300 143 146 0.025550429363851324
301 47 231 0.020604109983982436
302 171 297 0.05438909480653907
303 198 200 0.03138659126512915
304 45 53 0.018975068294209342
305 308 355 0.020856169796667608
306 229 333 0.036640211210410535
307 5 385 0.035054204924894916
308 65 114 0.04380446864917006
309 9 233 0.03019761768970891
310 239 240 0.03709360836933826
311 67 68 0.046439963678255106
312 242 386 0.06557626996133516
313 185 186 0.04377853502455315
314 234 298 0.05890929025519691
315 371 382 0.036442055496046455
316 147 148 0.018880795409065114
317 28 311 0.0279959593606517
318 23 73 0.048236306530768026
319 243 378 0.017842390359821502
320 134 135 0.017173576935347344
321 231 232 0.01594106176623556
322 141 193 0.020896069506467385
323 268 309 0.0568907066842747
324 260 262 0.020012721083211074
325 178 179 0.04816234481373492
326 269 292 0.05642955588234767
327 2 152 0.04321453758592011
328 26 94 0.027255567402419852
329 78 79 0.07050397189184332
330 151 154 0.05423692501853445
331 161 162 0.03203908172175973
332 67 175 0.08327198641205812
333 126 127 0.042077554362040005
334 69 343 0.07861805431146068
335 47 244 0.08864809574473076
336 133 392 0.043896004935757967
337 76 387 0.04064017113980352
338 18 63 0.047607192738544725
339 207 208 0.06855991275892151
340 110 111 0.019995963390371088
341 227 384 0.06727922061615543
342 367 371 0.04334264493309643
343 71 72 0.035683123821570836
344 90 274 0.04061446888162612
345 168 244 0.024715825222591716
346 378 380 0.08458084072517084
347 50 396 0.025781542813076055
348 191 192 0.021394898737730574
349 24 27 0.033843182886905
350 102 103 0.02537207801995599
351 295 296 0.07316004312132869
352 184 185 0.04510658393479923
353 276 299 0.036586697792999064
354 137 252 0.040627416835861734
355 292 383 0.02690968833494705
356 287 291 0.15173399234443063
357 325 326 0.016521009804200654
358 143 145 0.0851303087894515
359 0 7 0.06910785790620957
360 198 199 0.028248598522302694
361 211 327 0.02706596984989091
362 355 383 0.039668672813493025
363 160 161 0.07815879030619248
364 91 93 0.04411643913310886
365 190 191 0.061881623621494075
366 119 389 0.05224057723271275
367 122 301 0.02319276259679611
368 243 352 0.04508657729964908
369 162 245 0.10486295065667393
370 15 96 0.10521539347943361
371 3 99 0.017731457430903624
372 247 331 0.024372596705180632
373 274 365 0.01699019733578905
374 277 278 0.030657914955172057
375 98 100 0.04852273950578026
376 174 306 0.012864402135054114
377 296 357 0.014538020527143024
378 236 330 0.026332914518749796
379 11 12 0.02918019405774518
380 92 186 0.035527855652955166
381 136 156 0.018877486929216408
382 123 250 0.03691986688966271
383 95 188 0.022274225632746017
384 3 4 0.03971602730857611
385 378 379 0.035420682238631915
386 5 6 0.02947015958583634
387 331 336 0.04752947427182049
388 56 312 0.026079351258213635
389 284 285 0.032186705315845214
390 119 230 0.02521903505075785
391 137 251 0.03945398867928054
392 80 83 0.015388460729301055
393 363 368 0.020221530492816206
394 17 317 0.061436142423613845
395 121 264 0.09038931060568794
396 203 322 0.03053607933042632
397 11 237 0.023168916455319554
398 174 175 0.03717652035049669
399 337 391 0.05672580127641292
400 17 181 0.04802475559269666
401 138 139 0.04925057612571144
402 29 98 0.040000620785264895
403 69 201 0.03779230919066119
404 10 42 0.09231189158334532
405 116 214 0.04967551575054926
406 163 165 0.08332888348663656
407 84 85 0.02434567763952791
408 48 60 0.020908217211132393
409 166 167 0.018778603483963773
410 38 207 0.02974261862359142
411 139 194 0.04453784476982436
412 150 151 0.03880369193335189
413 251 252 0.03869525858322929
414 207 324 0.030759611659876798
415 46 373 0.0642570917371013
416 300 304 0.04295919566670527
417 190 295 0.019932986322795155
418 164 227 0.0338108542573987
419 146 257 0.025950748067366292
420 132 395 0.051541667961788676
421 62 63 0.068231156477808
422 363 372 0.03462201881023455
423 230 335 0.06584076504570341
424 249 348 0.06732507089640492
425 180 181 0.028288508232130995
426 142 143 0.05100696521252928
427 39 176 0.033118718681214174
428 290 314 0.016023123409578257
429 157 258 0.016486050785088014
430 103 273 0.02052089821474691
431 226 227 0.058670601414369826
432 315 316 0.03560900029214157
433 18 122 0.062039989536161154
434 89 368 0.01868724991553701
435 258 259 0.027519781539538206
436 352 374 0.07902832098145592
437 316 317 0.030511872592431828
438 105 106 0.019850815985323466
439 109 196 0.07595465567383355
440 353 366 0.04984018507834981
441 259 260 0.05213991539241678
442 289 290 0.015494500560289224
443 362 384 0.051606480341227785
444 115 120 0.0582168348781288
445 149 150 0.03435333000956121
446 346 347 0.057979072261594565
447 18 19 0.050707221729506854
448 25 75 0.0693825928049393
449 121 247 0.08750122039517216
450 233 234 0.09131290029897299
451 290 291 0.027892923000296443
452 7 38 0.04479124147828008
453 225 248 0.026902243492148023
454 189 388 0.014466100464835928
455 98 170 0.06779585487905525
456 49 369 0.062028773504244294
457 264 265 0.057503024275122036
458 35 152 0.042190951989129186
459 36 148 0.03123351645478577
460 53 131 0.057372507916640114
461 209 210 0.035142340093764705
462 9 61 0.05692083905899141
463 281 357 0.024043960585605133
464 167 333 0.04889768224435268
465 183 186 0.035435935107686695
466 294 377 0.06545367551144943
467 370 374 0.023951678161615482
468 4 107 0.033715871784473196
469 109 200 0.030614894814426214
470 362 370 0.020640715166595852
471 54 66 0.04836946963324515
472 241 242 0.01746365703352078
473 55 58 0.05608501588176603
474 238 347 0.023987960112017533
475 116 161 0.04165723180670779
476 65 67 0.04056254735690182
477 187 188 0.02882112312155169
478 95 169 0.04877573733346294
479 38 319 0.05920373768023656
480 112 335 0.06368965633379275
481 340 372 0.0892757999422397
482 16 195 0.05440096649154174
483 35 147 0.038381556483717875
484 83 86 0.06345496685589526
485 118 218 0.06634481416747537
486 22 58 0.09523699387802556
487 215 216 0.028230734187822928
488 302 367 0.07710565461170642
489 275 394 0.06014506386225324
490 163 229 0.06563710339016324
491 32 313 0.04078430416801286
492 190 281 0.07663169403583397
493 310 336 0.04432426474644516
494 338 351 0.01807008858716448
495 282 312 0.06350717752121758
496 311 313 0.0393807517063577
497 55 62 0.01674375790835407
498 158 202 0.034993347418092006
499 1 398 0.030280422435823642
500 395 397 0.04537468941569342
501 293 295 0.04928544769944516
502 240 351 0.013885292996490788
503 73 74 0.04793361974809352
504 96 239 0.051371981421599835
505 102 271 0.022027377014764916
506 80 182 0.07186808128087636
507 50 51 0.046356307037268424
508 323 325 0.03224524655531436
509 173 398 0.04043160601122185
510 28 100 0.0536350028172429
511 104 105 0.017977581478450088
512 164 185 0.023711739743683683
513 396 397 0.04025714057034282
514 334 349 0.05559702768812448
515 122 353 0.028005624017440126
516 271 272 0.04118740850484202
517 7 8 0.01967807119043496
518 29 30 0.02757104813977015
519 300 302 0.02722334296129497
520 127 139 0.04504810160208895
521 214 215 0.11283674709231568
522 8 56 0.023233140192037774
523 25 77 0.019136222874613272
524 54 298 0.05047863577347823
525 176 201 0.03238528568615348
526 1 172 0.05325135638184209
527 114 220 0.03178345679857086
528 124 251 0.02131724801654653
529 219 317 0.027902142964062775
530 329 354 0.06992491034590034
531 51 151 0.05492914733897887
532 247 248 0.02961027240389583
533 270 344 0.08141773673359488
534 379 381 0.05860795785873936
535 118 217 0.059025072622278026
536 333 352 0.0654329191602944
537 140 141 0.0693081586560203
538 302 366 0.018116869075275578
539 334 335 0.04814890460629764
540 44 141 0.04065912338114245
541 193 194 0.018126687484619448
542 221 222 0.03221523427799153
543 213 218 0.04027241003591065
544 279 280 0.018302911996925932
545 304 393 0.04258085536075485
546 253 254 0.02670708102288024
547 209 326 0.021828669502133725
548 311 312 0.025211193781753523
549 354 391 0.06340848135499184
550 47 49 0.029583309715378706
551 340 341 0.012501646024170253
552 76 397 0.045357539481572055
553 199 200 0.035511975104598005
554 144 145 0.07273018760705748
555 257 260 0.02948181391102941
556 309 373 0.03230023402655539
557 341 342 0.05210335459368265
558 3 34 0.05751716943260139
559 134 281 0.037788861700658566
560 387 395 0.039602069286225075
561 97 189 0.06636219889674104
562 92 93 0.02189634302726765
563 278 283 0.03348841296510247
564 188 346 0.05718770126491761
565 248 332 0.02446963898600084
566 291 318 0.004184038972529923
567 46 193 0.046165001615492925
568 99 101 0.05226089249970375
569 261 262 0.02525335675200838
570 297 358 0.020127606761300855
571 354 386 0.04158700302915755
572 52 115 0.051771062305759806
573 337 349 0.04161362323635283
574 82 84 0.057676092522650796
575 205 206 0.02531352487465126
576 101 282 0.06912548747504081
577 130 132 0.018333226270478623
578 266 277 0.03579558400285172
579 224 253 0.027620608625163
580 152 153 0.03516144658320618
581 61 390 0.03773065613133205
582 231 380 0.035142364795048446
583 360 367 0.04284354709689945
584 182 184 0.024964728442178116
585 117 204 0.034755200471268684
586 322 323 0.034395433111591954
587 44 133 0.01326338522469657
588 106 108 0.017584603184355962
589 265 331 0.0284392867110782
590 94 376 0.07167976294162183
591 14 15 0.011015083776113732
592 123 245 0.04410595127886985
593 318 348 0.10300055903036176
594 156 253 0.01765618265071096
595 303 307 0.016174011987860407
596 39 197 0.08524773821888695
597 375 387 0.023637877117734754
598 64 280 0.0441919615787426
599 16 180 0.03494583140578564
