0 0.05970602823102215 -0.7419255403679381 0.6704822835465103
1 0.03637286472235314 0.18865765005945107 0.9820429171243209
2 0.03145378918296464 -0.04364102596047568 0.9990472765856063
3 0.08592237530790149 0.6764950197691126 -0.7364472066805522
4 0.047999597160449575 -0.9114062442621281 0.41150778597737614
5 0.02870359609884489 -0.6061200828277445 -0.7953731483982144
6 0.1392995127464475 0.7920838300210679 0.6104123247602035
7 0.03525659552002134 0.22597150488204154 -0.9741339122427396
8 0.06034052870517834 0.7858978774962183 0.6183563100243573
9 0.08618692603442082 -0.07675406015610084 0.9970500560400936
10 0.08217127321000987 0.7778304033462717 -0.6284742346589685
11 0.10459214992261406 0.4995038518224749 0.8663116656345515
12 0.07032772268230555 -0.9926803102529624 0.12077169219681479
13 0.038772716151355587 0.9984979114581728 -0.05478978749426734
14 0.07190279472878171 0.7705294063647925 0.6374044508215491
15 0.1016187967774558 0.12873094287064837 0.9916795572903748
16 0.08681823673779708 0.9999938690791099 -0.00350168590709653
17 0.10997108243679361 -0.19810627055383961 0.9801805474336087
18 0.0661318297200699 0.31221513762369807 0.950011425109517
19 0.043351630477511935 -0.9062325312156653 0.4227796108688878
20 0.1597839546428635 -0.5814779012836606 -0.8135621981869299
21 0.1594856467953804 0.016863533489663574 0.9998578005087738
22 0.08735833466136747 -0.3787816880286594 -0.9254860521986051
23 0.05222120911627863 -0.46565581320125743 -0.8849659109998959
24 0.06343629910116991 0.8824582211619343 -0.47039078212026497
25 0.05087321699961085 -0.1279482318238111 -0.9917808477547649
26 0.058339947760303885 -0.6217895656799695 0.7831843563373281
27 0.14403509226584732 -0.9538818112384296 -0.30018242818075286
28 0.061340928648194265 0.8638797556617955 -0.5036980918742063
29 0.06249516182406942 -0.4421477026726483 0.896942255120863
30 0.084398539759668 0.9033325383447697 -0.4289409343576283
31 0.11580483927542118 -0.9802122002615898 -0.19794959575188067
32 0.10501901879472254 0.15842547566431076 -0.9873709377232738
33 0.04184732756540769 0.9893044171232989 0.14586558970617405
34 0.058535216107136474 0.25400702648521717 -0.9672023730823546
35 0.03011422182781962 -0.5257473515198487 -0.8506407716362204
36 0.07423138543094347 -0.6855000711423365 -0.7280725598893641
37 0.034106086608184864 0.5755152531400336 0.817791045073962
38 0.10210405777235616 0.6432392085107878 -0.76566527976291
39 0.08813941355803012 -0.0383720459253226 -0.9992635218457167
40 0.04359803017113351 0.49947047934074923 0.8663309069097802
41 0.0912169128105141 -0.7759730724714893 0.6307660349124363
42 0.061644366517799955 -0.09506141667763778 -0.9954714094634967
43 0.09112037820673236 -0.6893808689154707 0.7243990734211017
44 0.04984561531461737 -0.9625929331144322 -0.27095173946323775
45 0.10427299248831037 0.4146446961707338 -0.9099833932207114
46 0.137195377857889 -0.856999865920793 -0.5153166306376524
47 0.06473770474121723 -0.9810653152625477 -0.19367717260637063
48 0.046738274267389045 0.9993046257447983 0.03728625705335253
49 0.056380607771735855 -0.7192389728085525 0.6947627652611345
50 0.08013155796994448 0.26567189142196657 0.9640635073003618
51 0.050818787215905756 -0.5779509627360253 0.8160714948290385
52 0.08043831527928198 0.980146744008536 0.19827344806974392
53 0.03703548981475747 0.9841672840943435 -0.17724208562969374
54 0.09106926472757645 -0.533921421519705 -0.8455341008157965
55 0.10447251672230673 0.38959338671808513 -0.920986966805466
56 0.04042934820224316 -0.9617161742330024 -0.27404744154733046
57 0.050841144748145044 -0.5827372645091435 0.8126606183102516
58 0.03465621977759342 0.044303224848628434 0.9990181300997555
59 0.05676227790037755 0.6777992606941472 0.7352470076120456
60 0.00022036574346446245 0.3356207341780223 -0.9419971989288531
61 0.0537220907174562 0.17172181942799808 -0.9851454799837118
62 0.11888313010517833 -0.04229049832213951 -0.9991053566824998
63 0.07114950664775813 -0.8875163173844721 -0.4607762866905207
64 0.017688327849006633 0.3673443848137659 -0.9300849976995629
65 0.13304956125830106 -0.8333738627878691 0.5527096930776825
66 0.054771801474671464 0.9998401677722433 0.017878448175732673
67 0.1263548421310154 0.5033881483813246 0.8640603983919304
68 0.06784491290115427 -0.3867687115016193 0.9221767530161326
69 0.05538223445819019 -0.9920420025533392 0.12590736741732217
70 0.143031789851114 -0.23179279651452964 -0.9727651820886548
71 0.05792416049026507 -0.9853307736553323 -0.17065540275005728
72 0.07044001968834812 0.7265560357972857 -0.6871072164127905
73 0.06599381364978726 0.9913967266078628 -0.13089129257217383
74 0.05572684817096546 0.5729923143160867 0.8195607407231601
75 0.10579295238700545 -0.7761453565769438 0.6305540305668093
76 0.04269728682404494 -0.03439718497711374 -0.9994082417439083
77 0.03217870088775116 -0.997703818651885 -0.0677280610046277
78 0.1257825499355863 -0.9299602536439044 0.36766006941543833
79 0.11205976172932686 0.9545914717516356 -0.29791797874422804
80 0.12540117532058306 -0.11584583917372042 0.9932672055122612
81 0.03638250050612327 -0.706963843635353 -0.7072496898495807
82 0.0003237602863466143 -0.9364032913726583 0.35092574129928444
83 0.018241384577917984 -0.7639540807718527 0.645270611814945
84 0.13847783978040212 -0.35748182347351776 -0.9339200960928342
85 0.05847883047154279 -0.8556164383543072 0.5176103847662737
86 0.03355091752795657 0.5037072416718612 0.863874420669651
87 0.0864113093666118 -0.9718648649650062 -0.23553913527596698
88 0.06841689944823831 0.19178044643988038 0.9814378535410788
89 0.03577502132867884 0.5764223047226809 0.8171519605423417
90 0.10426137143675462 0.3935588568701521 -0.919299421396021
91 0.03871200064542556 0.1318070944179702 -0.9912753854812961
92 0.13260556190868808 -0.7144634093697998 -0.6996728068688121
93 0.10472361616276511 -0.8711403792795483 -0.49103405135355405
94 0.1082355444828807 0.6916560317255214 -0.7222270652486685
95 0.06915370212861087 -0.8694968238548502 -0.49393853191093284
96 0.05514168474204104 0.8706258738156218 0.4919457163577959
97 0.1535427584368548 -0.5790487744340209 -0.8152929024752137
98 0.08365080703655603 0.8786551357449064 -0.47745696395497267
99 0.06415713539837617 -0.1111148981376578 0.9938075665901613
100 0.06791881989173541 0.9850714095269093 -0.17214621149670478
101 0.15636438901708943 0.7970459983538873 0.6039186008958948
102 0.08862786994548305 0.8807704906791859 0.4735433905660031
103 0.035081697942930576 0.6892981906223793 0.72447774596927
104 0.04516182719126068 -0.8983549882981111 -0.4392702072755454
105 0.049296534814231775 0.7793050358270556 -0.6266447647069204
106 0.04247665487660455 -0.3838228242249663 -0.9234067573956618
107 0.03676855726973045 -0.25434318584075016 -0.9671140283422517
108 0.03977266709722943 -0.9996174106744156 -0.027659216846774734
109 0.07880749210050161 -0.04780185215391332 -0.9988568380557122
110 0.03660121928084522 0.7284264982083819 0.6851239571842997
111 0.06304832843081919 0.20704725009093247 -0.9783309441236042
112 0.06683060153953074 -0.5842771454330256 0.8115541986365638
113 0.0773838498046073 0.492802991004676 -0.8701409150573516
114 0.0466626446613803 -0.34822747278094984 -0.9374100635264125
115 0.16485650321896014 0.04994269147573606 0.9987520851383287
116 0.06199849152394442 0.6879087036721958 -0.7257972274761313
117 0.06726349692458432 0.4431794320879812 -0.8964329260877104
118 0.07071978248091519 -0.9991538499850044 -0.04112887136967356
119 0.020474495089597367 0.4837950463749704 0.8751813258422738
120 0.05133297704717918 0.7831041726386946 -0.6218905488877167
121 0.042374378512573405 -0.9801523980705862 0.19824549567765484
122 0.09375514393847634 0.9516318848046958 -0.3072405504211025
123 0.12104571078950585 -0.599190540943849 -0.8006064549099124
124 0.032909676613647 0.9999999278959152 -0.00037974750097422797
125 0.01395193620025449 -0.3100092133236757 0.9507335523975347
126 0.05020744850729883 -0.5444079515227799 0.8388205900660585
127 0.013138011410180254 0.35580929991380505 0.9345585814141604
128 0.07619595091205522 -0.948637734669248 -0.31636442335003095
129 0.0516288962371722 -0.1461011582004991 0.9892696556412073
130 0.05932954718916324 0.6669315151730228 -0.745119020069288
131 0.0731107602045177 0.832439602959257 0.5541157888248941
132 0.0407483305699554 -0.9811469697545565 -0.1932630946183241
133 0.14060738584555577 -0.29624925947784725 0.9551106617868043
134 0.053177151718319424 0.9769530743354731 0.21345418840226008
135 0.1284453285147959 -0.06673954839136101 0.9977704308509634
136 0.030631243869107826 -0.7114624406611256 -0.7027241247662658
137 0.149021029452185 -0.9310899074857218 -0.36478978080290303
138 0.07344290987529085 0.07243691613173794 -0.997372996015695
139 0.0657450281591329 0.4525962055918167 -0.8917155794780587
140 0.07196625151993459 0.04697150851681948 0.9988962295392121
141 0.07482064245287177 -0.5270858166002741 0.8498120627167057
142 0.04283232194749302 -0.4431591708912733 -0.8964429425540474
143 0.06562401233020398 0.2574475471879757 0.9662922748562647
144 0.05045632753972847 0.47111218105230146 -0.8820733035661739
145 0.056980383692925976 0.7782315194219237 -0.6279774694829775
146 0.13656383127032934 0.0702792204538368 -0.997527358608475
147 0.09249531211764304 -0.9904472903922535 0.1378918596387871
148 0.05458138634548539 0.22373327982399224 0.974650408864224
149 0.057422051827872495 -0.982564383921653 0.18592264910080855
150 0.0707778740145774 -0.28812041581824716 -0.9575941864844003
151 0.04005793794686924 0.974444787655023 0.22462714843036496
152 0.07292639625631296 -0.9783325812368648 0.20703951432133244
153 0.03822650197564921 -0.9405796448684185 0.33957316098184165
154 0.14019090907169396 0.9883903067228921 0.1519361759958023
155 0.047873410899653995 -0.7804631653799161 0.6252017654207014
156 0.07000930032589456 0.9825640662353975 0.18592432800190917
157 0.05766799934291838 0.37460623136414606 0.9271840008451138
158 0.032071355946034684 0.7109945707942662 0.7031974973654821
159 0.05913455000947627 0.9927431944377999 0.12025368974560625
160 0.059535466040026325 0.9499592531842745 0.3123738421980549
161 0.10303991522155767 -0.6041427707321145 0.7968760961229315
162 0.04511974578579982 0.4303135126380226 0.9026795006208607
163 0.044595157596839095 0.9099669919998209 0.4146806885674782
164 0.08040925218633894 0.996895270615222 0.0787389320793935
165 0.025471866763339724 0.9220484730171905 0.3870744287687669
166 0.11493952554860165 -0.7773491682945577 0.6290693686325535
167 0.08739918053982915 0.5683855280391732 0.8227623542163498
168 0.05909527072431464 -0.8453105458600116 0.5342752858385358
169 0.10177878237123153 0.7321934622756104 -0.6810967139847719
170 0.08986479783573532 0.992944054650993 -0.11858374396706203
171 0.026378667271942435 0.9291182649823777 0.36978270602630436
172 0.07212016228732691 0.9812750819980639 0.19261156104889704
173 0.10783598593695293 -0.7876594175350076 0.6161109007057192
174 0.058542847265822616 -0.9973255774595461 -0.07308688353585065
175 0.09318713595631378 0.4673691645364914 -0.8840622512246873
176 0.05085038536806895 -0.8579991326075531 0.513651134959017
177 0.04764774348705385 0.6336515224342636 -0.7736186063666902
178 0.0947151410978915 -0.9827337799194276 0.1850251815436863
179 0.054204489006165736 -0.8433127887174139 -0.5374230553164411
180 0.11954934079520593 0.9596764231116538 0.28110703108179624
181 0.0487752192297842 -0.7171346050281991 0.6969346872347858
182 0.06347400911385832 -0.8667775206310614 -0.4986950267735482
183 0.017239063156542448 -0.31759859269265533 0.94822525484172
184 0.03127758011784506 0.9798818545560203 0.19957843348381668
185 0.03628349713235941 0.9963409020435808 -0.08546816316608039
186 0.08596725241285409 0.7832381997548028 -0.621721740366907
187 0.04305527407293169 -0.9999972734860093 -0.0023351703465832015
188 0.07672929243327978 0.28204328585792565 -0.9594016806856576
189 0.03574742281713701 0.17724622838211843 -0.9841665380027478
190 0.04906172109888401 -0.48391448913799495 0.8751152879491441
191 0.09055386738706397 -0.9173633666398083 0.3980508177950104
192 0.0831910935508685 0.8540264634325639 -0.520229564477902
193 0.07445442139495934 -0.8501350471069326 -0.5265647174664226
194 0.04277174325301904 0.9905115057908329 -0.13742982535089263
195 0.00905374228055849 -0.9940481106055585 0.108941974470446
196 0.042712600380121576 0.38278584859219045 -0.9238371036700986
197 0.07572231597447843 -0.7338132137450896 0.679351284191841
198 0.05386935391906545 0.22215432547800365 0.9750115156609245
199 0.09042409447745879 -0.04772534545175376 -0.998860496466604
200 0.10029075870359129 0.44251856608019713 0.8967593426746812
201 0.13540881236321647 -0.7612533818940664 0.648454538541328
202 0.0683322883226085 -0.2625885272181168 0.964907905125365
203 0.08768842075590738 -0.6818082670435701 -0.7315309200512605
204 0.03014498616237706 -0.5410429568028002 -0.8409949577102607
205 0.09946024007637322 -0.0007297825268256297 0.9999997337086963
206 0.10281934314579262 0.6760727428834489 -0.7368348840344422
207 0.0002477249132989335 -0.925263761682714 -0.3793243616178032
208 0.043337605105100416 -0.9872118433159719 -0.15941385264989008
209 0.045651655477089485 0.892038038773661 0.45196032722003443
210 0.029086659288142313 -0.3947289127708654 -0.918797630287938
211 0.07988218452438992 0.9847680105280657 -0.1738734178665488
212 0.07732539659147249 0.6446041579723499 -0.7645165004921461
213 0.06650844850253756 0.9929117389709513 0.11885402228650688
214 0.08226546566533216 0.5251051884715652 -0.8510373323422669
215 0.04826054455750913 0.9348574163738087 -0.35502339507543323
216 0.09955363143544793 0.8308885928813636 -0.5564388072552341
217 0.05404157956392567 -0.33421422127871253 -0.9424971375527162
218 0.04952535451396252 0.5476815937726816 0.8366868421593682
219 0.04915034807610916 0.6552016690818884 0.7554540176822859
220 0.0611712978426827 0.6438360586882124 0.7651634658900206
221 0.054213760953194225 0.1966899402179604 -0.9804657400526829
222 0.07565857152259046 0.9999555605300224 0.00942745803961248
223 0.05293139895805825 0.8782369488788452 0.47822574337228724
224 0.05272345783002814 -0.999554239545078 0.02985501980338934
