0 0.08486817029169966 -0.8688137973379927 0.49513895580446643
1 0.043119620189914075 0.18996946002611673 0.9817900000801524
2 0.0467726310199782 0.061623742456482444 0.9980994511398437
3 0.15336763199119613 0.7622932914479118 -0.6472317496951991
4 0.03444057867559132 -0.7059407682190042 0.7082708745715598
5 0.018940690646586295 -0.7237041414485796 -0.6901103648331723
6 0.17098786620617126 0.7635111915653005 0.6457945961019921
7 0.03940913816508659 0.19935472039151805 -0.9799273929519573
8 0.0927773318388935 0.8038423686556344 0.5948423710144555
9 0.12728293374595298 -0.08530541731924736 0.9963548493262775
10 0.13538998961300852 0.7077222489150514 -0.7064907772863153
11 0.10776058543649292 0.6299703705543234 0.77661916807638
12 0.12254505651912075 -0.9659072840458102 0.2588882357837964
13 0.06690317852696377 0.9735753958372116 -0.22836582191829125
14 0.07873386254501022 0.6825764215850257 0.7308142231074743
15 0.08799770164603349 0.02192410786662273 0.9997596378601472
16 0.09468526236195936 0.9941556476236647 0.10795623325205343
17 0.11445862782966976 0.15625060622221687 0.9877174434296428
18 0.04198463829848304 0.1111580868845157 0.993802736824655
19 0.0056719827282239775 -0.9056205769260117 0.4240888711675863
20 0.2017242828636922 -0.6505435476212903 -0.7594689543676595
21 0.19404627477489977 -0.11522120430773654 0.9933398582951732
22 0.1114899175096871 -0.27911867739277996 -0.9602566135833198
23 0.04303099098237462 -0.6790513442453017 -0.7340907790448322
24 0.058325631180798934 0.9426110308035086 -0.3338928639661935
25 0.049299052460774 -0.08938218247927751 -0.9959974023335809
26 0.04170252955094422 -0.7141102601555106 0.7000332394541198
27 0.15008715622512367 -0.9795331914273809 -0.2012827039069425
28 0.043122933649228534 0.9556945676778397 -0.2943601421916139
29 0.06212850398556969 -0.5113221960277914 0.8593890922331495
30 0.04785740140791625 0.9604150765707966 -0.2785729360428089
31 0.107567177440389 -0.9497212704736658 -0.31309664388154335
32 0.10304266266724618 0.16620062897352356 -0.986091958657409
33 0.023988010102670765 0.9706421920014644 0.2405280339307508
34 0.04425807791795304 0.08856583048420671 -0.9960703256651323
35 0.040741607139964976 -0.5342121058111741 -0.8453504752496392
36 0.048347000844460315 -0.6542093026758843 -0.7563135515725823
37 0.008023575120604058 0.6455918164732939 0.7636826608629483
38 0.10234129495778486 0.4628976167751672 -0.8864117532974563
39 0.10774168893227819 0.03213637231688237 -0.9994834933976202
40 0.03471119357791383 0.64641102624087 0.7629893742079409
41 0.1108984268635677 -0.7908536368806868 0.6120053308857618
42 0.09815298679602315 -0.050641358419094284 -0.9987169032400868
43 0.06830916211740186 -0.7309541994568621 0.6824265222691581
44 0.028228975037404243 -0.8222395671776318 -0.5691415414178979
45 0.11917476232558713 0.3386089134992817 -0.9409272042505924
46 0.13901587689996872 -0.8601630056926678 -0.5100192188905782
47 0.06956630727003757 -0.9900825134150502 -0.1404870692616835
48 0.028649287994746832 0.9983905826660076 -0.05671194269137624
49 0.036114945578448174 -0.7426748654954565 0.6696521814802858
50 0.12613566797443881 0.12914299764123924 0.9916259809828678
51 0.041093633772910886 -0.555485227854518 0.8315264046531621
52 0.09810767041477234 0.9561467381237269 0.29288805912047217
53 0.010553866212282874 0.9701458105926897 -0.2425223828628052
54 0.08561786350588096 -0.6845268199941635 -0.7289876766507635
55 0.10523591716078742 0.5918554864700738 -0.806044095031576
56 0.018866266327070426 -0.9549570558993389 -0.29674403344981826
57 0.06027962088515126 -0.6283130426115956 0.777960616280901
58 0.051097873936338724 0.018468904503578815 0.9998294352370497
59 0.040806919308409004 0.5391086094520428 0.8422362537997784
60 0.0626678088731419 0.5734553946260804 -0.8192367852911918
61 0.03482408359058771 0.34730868537588644 -0.9377508608700252
62 0.12999461408615742 0.05856207538859267 -0.9982837689385623
63 0.05083661271526311 -0.7358541828842882 -0.6771400309623532
64 0.03583921160027507 0.43819287019247455 -0.8988809757206352
65 0.13857872900182797 -0.8710569897849794 0.4911819627660714
66 0.019840784350718902 0.968654624666281 -0.24841138885450925
67 0.1650667464019912 0.5897860646162935 0.8075595321612056
68 0.07945561360244452 -0.6099452216656231 0.7924435794220771
69 0.07379133922527614 -0.9764855665397077 0.21558278767013372
70 0.14550807232086985 -0.12978382270005173 -0.991542313451807
71 0.04957543279651032 -0.9326392715680771 -0.36081018434762413
72 0.06812923626460293 0.7482059806153104 -0.6634665105123858
73 0.09671960861078659 0.9906750618420903 -0.1362458140427459
74 0.03398696568321771 0.44508269242078546 0.8954894733649662
75 0.1333759027958852 -0.8369134414314731 0.547335264304547
76 0.0490006114957163 0.06958005918234737 -0.9975763706925806
77 0.05099068057075909 -0.9055783535513796 -0.4241790253880696
78 0.12847660435261696 -0.9340189338681495 0.3572235031122749
79 0.15448573441525898 0.990514797401303 -0.1374060993153351
80 0.15038048115537114 -0.2417645005972984 0.9703349556987726
81 0.04438439280400123 -0.8845270719186317 -0.4664888627213428
82 0.06892564443054282 -0.8870755109605933 0.4616243471200389
83 0.024120999104572577 -0.680160431213009 0.7330632904546057
84 0.17069001301864964 -0.26716465224332575 -0.9636508956005296
85 0.059848201689913824 -0.8567812782820873 0.5156799794303755
86 0.0190151026682436 0.6572414307171157 0.7536801057139022
87 0.09707706725343725 -0.972821848009711 -0.23155485750674873
88 0.038126499630079934 0.2259852794864654 0.9741307168216308
89 0.010107424396704597 0.6907450033523543 0.7230984306052364
90 0.07728356853016306 0.21554518848446258 -0.9764938667094625
91 0.00964461333366089 0.16641114122745118 -0.9860564548114764
92 0.16919396424705874 -0.7947188761116576 -0.606977683240351
93 0.1526322323522939 -0.9273536229724957 -0.3741861274282977
94 0.13316666894499427 0.8588831997725968 -0.5121715036473483
95 0.11657343647077131 -0.943725397385942 -0.330730062632271
96 0.12732141072108394 0.99980787884158 -0.01960115828976681
97 0.15798331344623737 -0.5733916351335533 -0.819281412433402
98 0.07979639834731798 0.8655832891690736 -0.5007649843102531
99 0.03903811513363567 -0.10541846733212018 0.994427949499282
100 0.12561414709463803 0.957740416283738 -0.28763396012406534
101 0.1888507456619803 0.9217734326166291 0.38772895032761834
102 0.1231505578227562 0.923769235845925 0.38294960360945124
103 0.05373197571444709 0.7792677711656556 0.6266911047896814
104 0.03085715473713067 -0.9300083703197559 -0.3675383396806268
105 0.03086757908248763 0.7386631421414906 -0.6740747454412306
106 0.01967423889650721 -0.4120989420346455 -0.9111391013308154
107 0.017818039360231228 -0.2112466076144106 -0.977432796038379
108 0.08229820790657777 -0.9961984680238151 -0.08711264148792552
109 0.049375282167023075 -0.512568640935062 -0.8586462533138914
110 0.0192139586033381 0.8000977409764551 0.5998696565791383
111 0.09963284478391783 0.18512883665839094 -0.9827142584889622
112 0.11344432307053134 -0.7568307091952814 0.6536109527991154
113 0.08001801004988852 0.4517646906664875 -0.8921371331062354
114 0.03232408044290227 -0.37485198860053015 -0.9270846706974655
115 0.1927697215191999 0.100578634911252 0.9949291121478901
116 0.11494469126110403 0.9052758188650053 -0.42482430695323237
117 0.08503022980037331 0.41840847548881754 -0.9082589650750075
118 0.06377702873058298 -0.9945765173908614 0.10400745672626341
119 0.006046203596098372 0.4675747725785031 0.8839535236923721
120 0.024565931840959183 0.8787193849296494 -0.47733870841244225
121 0.015011736919116298 -0.9951218407238478 0.09865354587839695
122 0.07902552593826657 0.9716666655748053 -0.23635543363912653
123 0.1313837496793273 -0.47932819526251674 -0.8776357337907218
124 0.02253833315974537 0.9870010816104005 -0.1607136114331941
125 0.0827358834283577 -0.42454339958046394 0.9054075888088539
126 0.0699705830999646 -0.39108198403298733 0.9203558451842538
127 0.08520068357735619 0.49642974468882545 0.8680769024620961
128 0.0844359646742618 -0.8525507600075495 -0.5226444313398447
129 0.04419584131541883 -0.3999436752153168 0.9165397190821929
130 0.050117431844234756 0.7306524248875318 -0.6827496129665469
131 0.055244392570048206 0.8820007129631718 0.4712480687837952
132 0.02186651415136415 -0.9689792141023286 -0.24714223159475118
133 0.16560473919976976 -0.07858588460842 0.9969073471192356
134 0.024743014284007644 0.9880485561030324 0.15414295567009473
135 0.1490026395913443 -0.10447142055610008 0.9945278891448899
136 0.006866793978665363 -0.5963853294177577 -0.8026982863163922
137 0.16267293553886913 -0.957590944696608 -0.28813118997265436
138 0.08639863784629721 0.09239277159383855 -0.9957226399742093
139 0.09967025532633161 0.26017279415159883 -0.9655620731901962
140 0.04606943107119798 0.4133912688846232 0.9105534903617476
141 0.07756867369984165 -0.43336773486503155 0.9012171804720279
142 0.026015682654440278 -0.3534706949434226 -0.9354455985337757
143 0.07133584990991869 0.39170396422142895 0.9200913022158277
144 0.02170787551019363 0.3441979878990002 -0.9388970897421505
145 0.0159603110208252 0.7806931216192055 -0.6249145940498273
146 0.14742945639073765 -0.03166594556468277 -0.9994985081987339
147 0.12465199634633571 -0.9560735933016841 0.2931267374212153
148 0.03621128433968564 0.17606730703590528 0.9843781302899431
149 0.03943647896342286 -0.9402313357109392 0.3405363935722923
150 0.05443016428023395 -0.25275174642543397 -0.967531164706798
151 0.019541950593297462 0.9505893681980335 0.31045104778187405
152 0.09735832323798985 -0.9924903680993302 0.12232280748109066
153 0.07413912858210563 -0.9891064951698636 0.14720170247924638
154 0.1293353926128031 0.9644120240503352 0.2644039482820476
155 0.03856957455028421 -0.6597357716512011 0.7514976457739534
156 0.06810203528602876 0.9871677830433339 0.1596864681847194
157 0.04045180858749557 0.24411629097683077 0.9697459649205638
158 0.028619383329657955 0.6786789829954065 0.7344350468491552
159 0.08475962060082746 0.9930067598463213 0.1180575067478158
160 0.0699460336444031 0.9058698462535347 0.42355616115055794
161 0.14297925276535917 -0.6613358879790441 0.7500898901271562
162 0.06586308640416366 0.4829121661704419 0.8756687957010753
163 0.06776096296594383 0.6807569032785813 0.7325094119795024
164 0.1087000683554027 0.9999999975859057 6.94851674549104e-05
165 0.06477745604142397 0.903828330603982 0.42789525446961785
166 0.16582177787502497 -0.6851202297154521 0.7284300040735872
167 0.09397770341991567 0.47979183017280264 0.8773823566150806
168 0.03856023426426751 -0.9584124797883407 0.28538661248552566
169 0.09777237024365087 0.6768312721159111 -0.7361381861348842
170 0.06703928168697104 0.998726829289575 0.05044522234257789
171 0.06689858195745858 0.7800003021702817 0.625779137247535
172 0.06358575692346286 0.9888354722562033 0.14901143851346263
173 0.14079139946422944 -0.7783281087742185 0.6278577506823885
174 0.019770864893090493 -0.9989439649230332 -0.04594512970761847
175 0.09376551100153115 0.4246698909062481 -0.9053482665569507
176 0.05809499359039255 -0.8892358750209557 0.4574489682748397
177 0.0766757826005367 0.4890221021519798 -0.8722713933214012
178 0.12511125372085796 -0.9992032495917833 -0.039910725440918546
179 0.03377134502981435 -0.7814615901394054 -0.623953350128671
180 0.1386950341875501 0.987787973520688 0.1558041057478672
181 0.01883746107572104 -0.7761805546296284 0.6305107030137096
182 0.06494954541956743 -0.9463726049906839 -0.3230772237765254
183 0.05134665868078976 -0.4298482778964049 0.9029011341168506
184 0.031544484371457314 0.9703352968478499 0.2417631313728276
185 0.02114317444880623 0.9709582206545317 -0.23924910395524063
186 0.09820430280829259 0.8375414660025758 -0.5463737665062773
187 0.029446107481307278 -0.9953979528764606 -0.09582752949623397
188 0.06372103182817716 0.4145515988752252 -0.910025808353804
189 0.030322092949838928 0.23942164967188728 -0.9709156882388872
190 0.026989753280741175 -0.5495758118808376 0.8354438502948707
191 0.12992811690171685 -0.9771315013643385 0.21263590722517658
192 0.1285073104559697 0.861808301871184 -0.507234118357496
193 0.07837107460997274 -0.9117932773952233 -0.4106495090668895
194 0.07232354114549394 0.9641116496198792 -0.2654971319378713
195 0.07742694224578936 -0.9999248913616837 0.01225608564448797
196 0.05570650653217007 0.04151638836770592 -0.999137823073925
197 0.05897556732995355 -0.674421280736899 0.7383467587043373
198 0.05505868522541732 0.43157824007852685 0.9020755083088784
199 0.12834825938855676 0.08141964907683226 -0.9966799088695455
200 0.1384180324025904 0.6139960986360123 0.7893090591522159
201 0.2009561974310435 -0.7486125127764481 0.6630077719865223
202 0.04728761269580295 -0.05034213954619792 0.998732030619781
203 0.13476068595058086 -0.6357389246096716 -0.7719041519101567
204 0.029225226224156346 -0.3641025075320364 -0.9313588803511155
205 0.06134074631919526 -0.09909353064499045 0.9950781236587961
206 0.164191187198658 0.7761075239948776 -0.6306005956217774
207 0.03188109425811552 -0.7905957675024432 -0.6123384133036428
208 0.0067598669977438595 -0.9843661051676936 -0.17613452528390067
209 0.03602141349732976 0.7866460376971102 0.6174042527999275
210 0.05014021499501145 -0.3969181892514941 -0.9178539922238804
211 0.09087055931796677 0.9579921362374351 -0.28679446805549735
212 0.044942026863110274 0.4932024804668272 -0.8699145436543574
213 0.059907921831968 0.9857227406036373 0.1683765977113634
214 0.12515189850539699 0.2708624861040666 -0.9626180517845717
215 0.040096441025594655 0.9012915596923469 -0.4332130243048295
216 0.08855186304623287 0.8231188097356581 -0.5678691971390538
217 0.037499703688546195 -0.04370191938774645 -0.9990446147404164
218 0.06591143768572004 0.6687283411353817 0.7435068296675698
219 0.014662359428520283 0.735668830530485 0.6773413997283116
220 0.051451716923180416 0.6085236393644131 0.7935357460976095
221 0.0615739384219344 -0.02909549002313528 -0.9995766366118776
222 0.059102288551632076 0.9010308616832259 0.4337549841723821
223 0.050944649899799764 0.8077455677632008 0.5895312525718245
224 0.04179199357551641 -0.9989194238337596 0.046475635419321384
