0 0.04975471453134305 -0.7004325095908381 0.7137186416987302
1 0.03229996829049107 0.1968841945819515 0.9804267509221769
2 0.02288748040366932 -0.058019854448468695 0.9983154293557616
3 0.06737805179453035 0.6239186156291648 -0.7814893224295432
4 0.05375797516934279 -0.9190031982236202 0.39425007502187925
5 0.02781473507455566 -0.5911109445978701 -0.8065902622624537
6 0.12901760792538844 0.7975704405103489 0.6032258220800301
7 0.030969858136472333 0.23323555699865361 -0.9724202666293663
8 0.048134263971415917 0.7777162364061788 0.6286155069915224
9 0.07245032488136274 -0.06496350444741585 0.9978876405136555
10 0.0653280887694346 0.8133359193006217 -0.5817943643379615
11 0.10520937619527092 0.48357050806881774 0.8753054116855816
12 0.04908432074488117 -0.9985782571930417 0.0533053867944641
13 0.02957697580801423 0.9999997288907971 -0.0007363547597430136
14 0.06639985266846672 0.7843691647315684 0.6202942958131259
15 0.10689768364144678 0.13022519712587471 0.9914844416497554
16 0.08273560521310377 0.9999289421131178 -0.01192102028104818
17 0.11466002543967677 -0.2817122310032407 0.9594989415852301
18 0.07836464326679114 0.32892129299410283 0.9443573386251031
19 0.05718131904478634 -0.9072813582127953 0.4205241218283981
20 0.1447784664498387 -0.54915311062944 -0.8357217605674809
21 0.14832906590530773 0.07249797904238972 0.9973685592772459
22 0.080902588608267 -0.4254747963468744 -0.9049702744696014
23 0.054424006837093294 -0.43407975476305205 -0.9008744454722026
24 0.06426152926886229 0.881539267254242 -0.47211070766172425
25 0.05278530314145096 -0.1407712458646357 -0.9900421487682827
26 0.06491423008705607 -0.6097523007090765 0.792592033633942
27 0.14277014301048427 -0.9447050774167859 -0.32792120502179267
28 0.06623137278088354 0.8510003019702322 -0.5251651988151668
29 0.0619277278753938 -0.43020234091414655 0.9027324885435266
30 0.1008586246175008 0.9011553756488991 -0.4334962386677553
31 0.1185264922620154 -0.9837480097111679 -0.17955459723804298
32 0.1056395417354428 0.1457592633009548 -0.9893200883242809
33 0.04942937901214584 0.989944118275842 0.1414589788280182
34 0.06254269861212398 0.2656670099312882 -0.9640648525043162
35 0.01303260808880529 -0.5937869786160005 -0.8046222865581598
36 0.08371683838840484 -0.6939235445621649 -0.720048688841443
37 0.04203618728623705 0.556369364718343 0.8309350937365129
38 0.10174057762210567 0.6680357226820692 -0.7441292046551093
39 0.08457781580664196 -0.06221664411655643 -0.9980626679697392
40 0.043129257121609636 0.47419803478250105 0.8804182096074649
41 0.08947907526390952 -0.7566026229475139 0.653874965837462
42 0.043802547291702076 -0.10290644208294744 -0.9946910395584294
43 0.10122498979670012 -0.6958316688744085 0.718204907106221
44 0.053884715756388486 -0.9774738901275483 -0.2110563766364751
45 0.09910354960961587 0.42398823976581546 -0.9056676943229705
46 0.13671714959334288 -0.8593562411779389 -0.511377405395002
47 0.060786258995640816 -0.9756877953702924 -0.2191650655680746
48 0.05457164225671299 0.9989653344423716 0.04547813301401704
49 0.06506693329363777 -0.7195413836263432 0.6944495642226926
50 0.06186644801716046 0.3397928059508639 0.94050031846036
51 0.04990338098118315 -0.5811955096440586 0.8137639581411694
52 0.07508780922942221 0.9819132672806581 0.1893312851544163
53 0.042450820200347655 0.9878435459357515 -0.15545137102348358
54 0.09693032806665662 -0.502686020784517 -0.8644690650959282
55 0.10955366037534205 0.35435238920299067 -0.9351119634921436
56 0.04916845825786794 -0.9621471575113674 -0.2725304520467317
57 0.04569018927162429 -0.5803504245045267 0.8143668612961947
58 0.025976208053441387 0.054355257515210316 0.9985216602460135
59 0.06194784838835456 0.6921764744005302 0.7217282925633802
60 0.00022036574346446245 0.3356207341780223 -0.9419971989288531
61 0.06017637399768144 0.16789211329543607 -0.9858053754637335
62 0.11729152310293348 -0.05646549074868668 -0.9984045514492159
63 0.08311664422021678 -0.9059840432936622 -0.42331183930675464
64 0.005564077974301908 0.3020218321536631 -0.9533010085500511
65 0.13128557867606747 -0.8248725991788589 0.5653186668808254
66 0.06781234545054182 0.9991571512453414 0.041048594559301176
67 0.11377065477498179 0.47234782141133896 0.8814122393114143
68 0.06432387466533684 -0.3507771567615501 0.9364589613508341
69 0.04804062606443036 -0.9954070945017667 0.09573252433499807
70 0.1431951687984574 -0.2616129438867309 -0.9651728692783061
71 0.06601820525647387 -0.9883505786147875 -0.15219439461364817
72 0.06136350590314895 0.7133275175817007 -0.7008308302727045
73 0.05363750900070806 0.9900786677377743 -0.1405141690029652
74 0.061914513971815036 0.5895053076961849 0.807764502932647
75 0.09850204978894435 -0.7592018522174605 0.6508552431912776
76 0.036630309539038716 -0.06823708631800605 -0.9976691335562251
77 0.024108657052471907 -0.9998522702871365 -0.017188298393349174
78 0.1294825812919191 -0.9273435403274806 0.374211114496743
79 0.09616902280222081 0.9329365824587985 -0.3600407381256981
80 0.11819059533350994 -0.07350204281748836 0.9972950665182577
81 0.03274495140751571 -0.6622759994608708 -0.7492599685944157
82 0.0003237602863466143 -0.9364032913726583 0.35092574129928444
83 0.01622864152459764 -0.7712062518449767 0.6365853572893603
84 0.12996129262229472 -0.38712911264428856 -0.9220255149090212
85 0.057519353013065946 -0.8492138755116315 0.5280490447283427
86 0.03570020595459714 0.4996370054648339 0.8662348773687962
87 0.08709919645685134 -0.9652447787701347 -0.2613475024885328
88 0.08344880227788953 0.19017684426575532 0.9817498499643983
89 0.04135096568841423 0.5228637189186088 0.8524162899889948
90 0.11598691218996238 0.414859718667227 -0.9098853849949176
91 0.0517060212068434 0.11909217143798265 -0.9928832029509745
92 0.12102762970085756 -0.6832267085026634 -0.7302063165904665
93 0.08584312532069427 -0.8411537040907906 -0.5407961224845669
94 0.10418584566760511 0.6373057341642626 -0.7706110570199147
95 0.05752061606175695 -0.8329676757044132 -0.5533216525960172
96 0.03970096936155702 0.6790546633369184 0.7340877087926103
97 0.15342541570784324 -0.5851109578421296 -0.8109532458860162
98 0.08837434513739588 0.8741125315471047 -0.48572346267429994
99 0.07404920333841743 -0.11275743955606347 0.9936225439394784
100 0.04662505129881246 0.992484992855756 -0.12236641269609064
101 0.1526915301293783 0.7422114972779548 0.6701657207798803
102 0.07925295461705181 0.8637029439639234 0.5040012148676347
103 0.022288406585585292 0.6395714392031278 0.7687316658988621
104 0.052584093642609867 -0.900049698411009 -0.4357872650620388
105 0.05390152228165328 0.7890342318254016 -0.6143492337487682
106 0.04854134256782161 -0.395764459978096 -0.9183520524386309
107 0.04049787894134214 -0.2583764023535507 -0.966044323365567
108 0.02641046363192061 -0.9995333639914482 -0.03054593701196903
109 0.09737285677354181 0.012731382276736331 -0.9999189526683269
110 0.04111433161012383 0.7212778703990614 0.6926458212337636
111 0.05345503165958672 0.19735520650912897 -0.9803320470451525
112 0.05132438875711329 -0.511001365659709 0.8595798998894241
113 0.07759569532602725 0.5008526904643457 -0.8655325426895435
114 0.05649294691508698 -0.3557019015651191 -0.9345994635259312
115 0.15491422728591084 0.02867186944013449 0.9995888774405245
116 0.04700423487396314 0.549586955189517 -0.8354365198418824
117 0.05834979345898911 0.450635231254928 -0.8927081764786394
118 0.07582027442331588 -0.9985561940736293 -0.053717104140008125
119 0.021693833659233646 0.4887073120194686 0.8724477996870104
120 0.06129018261867425 0.7726241116965593 -0.634863750756887
121 0.050369909380290144 -0.973769180749872 0.2275380904853586
122 0.10021981687928584 0.9489908522487083 -0.31530360344954894
123 0.1177477362262174 -0.6390716651057657 -0.7691471945336237
124 0.032476824619644226 0.9999870406374392 0.005091027123926957
125 0.0011113583654787204 -0.012081719504240113 0.9999270133633859
126 0.038775932162912786 -0.5751718351611278 0.8180326155095409
127 0.0011056576605350216 0.0739838098231899 0.9972594426146318
128 0.07209931333866301 -0.9619471732614193 -0.27323549523143037
129 0.05702078132266411 -0.12575566048925696 0.9920612450120763
130 0.06132565404210794 0.6593810176353849 -0.75180893422606
131 0.06625382183292847 0.8260573753059585 0.5635860295488444
132 0.04485784136634238 -0.984240072535001 -0.17683743838988372
133 0.134721241802625 -0.37596673152984056 0.9266331619269671
134 0.06613439453864062 0.9816021906541526 0.19093752722544796
135 0.12342639658724155 -0.05127523327742845 0.9986845600350219
136 0.03887641777945792 -0.7267708085711316 -0.686880041789586
137 0.14857336220006387 -0.921611962918473 -0.38811259939038184
138 0.06792619945798878 0.0600376812747374 -0.9981961114065477
139 0.05411046758388611 0.49272559290564855 -0.8701847448075478
140 0.0856924424612454 -0.010517397370925117 0.9999446906467088
141 0.07337575662335803 -0.529317482312121 0.8484238344829532
142 0.04922522068684793 -0.46747594539963666 -0.8840057921036015
143 0.06447292747036895 0.2576373984074903 0.9662416731552309
144 0.0616296275790074 0.4764915224484445 -0.8791790653983769
145 0.07433292577052397 0.7783802843122409 -0.6277930654236274
146 0.13501979455343385 0.09503059857443535 -0.9954743519220295
147 0.08315979202867527 -0.9967412594755792 0.08066512046130017
148 0.05732975784757923 0.24437474154761776 0.9696808679630299
149 0.057894212431186684 -0.9927080022009482 0.12054386075699662
150 0.07575962266047602 -0.290516244483412 -0.9568700599826783
151 0.0502205149614371 0.9701950021244271 0.24232552043229535
152 0.061685504031387915 -0.969664804271804 0.24443847356037054
153 0.02157784663871985 -0.9200930415406032 0.3916998786169862
154 0.14579849722042706 0.9932118010699362 0.11631989604282385
155 0.04639469222006122 -0.796434994218571 0.604724151976804
156 0.06907970207159492 0.9843467211044485 0.17624282297705357
157 0.06032138350703346 0.38282560212258626 0.9238206310531711
158 0.030262369953519774 0.7115587472545538 0.7026266072428015
159 0.04859194181004126 0.9896527680491116 0.14348309549466565
160 0.052551972603989826 0.959425241559991 0.2819631285426394
161 0.09262464020121491 -0.5749607529801929 0.8181809900825426
162 0.04053696498362374 0.42781082558838734 0.9038682965506548
163 0.03929909008861421 0.9369634916501622 0.34942726756041304
164 0.06874936019803048 0.9932027401540049 0.11639723772743132
165 0.009581133672776333 0.9379647546501914 0.3467306145035454
166 0.09757848501371655 -0.8084761885050555 0.5885288885180895
167 0.08800151863183366 0.5794832858778348 0.8149841233964178
168 0.06491899854560708 -0.8340535574302231 0.5516834811175603
169 0.10311266668016156 0.7350087764628627 -0.6780575923345786
170 0.10108853445091809 0.9903501101003395 -0.13858809264956912
171 0.009639091415482203 0.9632211657366315 0.26870985444706813
172 0.07335412735487652 0.9797818617887472 0.20006874645925166
173 0.09310617564112598 -0.80430079587842 0.5942223739891828
174 0.07377272695207572 -0.9971498748796352 -0.07544618630207782
175 0.09665256656377522 0.4814751694375879 -0.8764597316563072
176 0.04921544597679364 -0.8270041489106368 0.5621958179180927
177 0.04162605336641937 0.6478168093892713 -0.7617961548030447
178 0.08531141852474661 -0.9690696440597838 0.24678740843455535
179 0.06143039605822266 -0.8631413398256508 -0.5049624020498757
180 0.11437497587424873 0.946684890450385 0.322161012838212
181 0.05910199340000024 -0.7025688613932575 0.7116157635975904
182 0.061897307731860474 -0.86416985492753 -0.503200220423771
183 0.00477677380225592 -0.2894551649452462 0.9571915730335909
184 0.02639982654460225 0.9758882820300864 0.2182706141384283
185 0.03815766851237927 0.9999999983394404 -5.762915111684184e-05
186 0.08692019369595799 0.757032703890999 -0.653376985544703
187 0.0444742604986177 -0.9999440944268434 0.010573931193268868
188 0.07875273495866167 0.2594510941625001 -0.9657562475790056
189 0.03901028390131719 0.15639914968269347 -0.9876939333510814
190 0.057935390560359415 -0.4866697958727358 0.873586005946289
191 0.07779849386705999 -0.8837499873665556 0.467959357027523
192 0.06577226278085598 0.8527922671352214 -0.522250274403345
193 0.07098239307380387 -0.8460196075291765 -0.5331517829625801
194 0.03313245007379163 0.9959473075844641 -0.08993864861813712
195 9.561991299043852e-05 -0.9959001545682532 0.09045928438214296
196 0.0365724717526656 0.42872933913887323 -0.9034329824406152
197 0.06455413093193633 -0.7221419476259887 0.6917449005803684
198 0.05247415447723158 0.18736173713551613 0.9822909851248569
199 0.07897856764756216 -0.10013110112503873 -0.9949742522233865
200 0.08708993612881535 0.38062006968732454 0.9247315083586242
201 0.11045982743137456 -0.770772703606627 0.6371102254515546
202 0.07563922563585178 -0.28806078735949014 0.9576121254379723
203 0.07131379115452478 -0.7108686353411726 -0.7033248063933043
204 0.03683833407797192 -0.5639336173004215 -0.8258201228345442
205 0.11209193613765886 0.012537071167071605 0.9999214078349117
206 0.0876641247811531 0.6210518923757525 -0.7837694475906143
207 0.0002477249132989335 -0.925263761682714 -0.3793243616178032
208 0.058343412474544165 -0.9876073898093914 -0.15694471508744942
209 0.04599747199569861 0.9058433859767622 0.42361274778051083
210 0.018355919296673462 -0.4081674044308252 -0.9129070982089049
211 0.07422563310897566 0.9842041517872564 -0.17703724920119832
212 0.09184938851094233 0.6750151674505964 -0.7378038517869389
213 0.07152015485546258 0.9927587786475205 0.12012496584092525
214 0.06946390768929336 0.6309139592732993 -0.7758528056236503
215 0.0480491570035151 0.9412125641689978 -0.337814903535087
216 0.10272434361088303 0.8344950958441043 -0.5510153673103312
217 0.06285955897161 -0.3713221039189195 -0.9285041169220668
218 0.0406763608350714 0.5178178342266163 0.8554909061801046
219 0.06238289847379713 0.6454864173344029 0.7637717493052469
220 0.06586667985205755 0.6697127881471153 0.7426202134282482
221 0.04938960341256292 0.22989034315467063 -0.9732165381477176
222 0.07766972493741857 0.9994309610830304 -0.03373060966911296
223 0.05002290905274629 0.8772810415487351 0.4799770558465963
224 0.05451895374603744 -0.9988024973276095 0.048924138542548755
