417
0 208 320 0.020020995754743216
1 64 155 0.02921276181854222
2 204 205 0.03555081606086103
3 63 292 0.06555665143086464
4 374 381 0.07580676980307564
5 136 155 0.050005578828195466
6 21 24 0.056408421032062527
7 221 307 0.007650111772021881
8 86 394 0.028115566519241797
9 321 322 0.03999930121498187
10 13 57 0.06084003636319345
11 2 191 0.03629783475003553
12 88 90 0.05990100631758191
13 40 43 0.01716928296350346
14 74 75 0.020618998417311706
15 176 263 0.08066596999655881
16 182 183 0.034948897368224374
17 211 212 0.039934564051480846
18 235 342 0.035390494504473964
19 99 192 0.08304526256015436
20 298 299 0.052762985153532234
21 343 345 0.03298176125416517
22 224 332 0.013303617645412288
23 25 26 0.07662025743402845
24 8 399 0.05363927872364429
25 19 22 0.044864683774375316
26 23 91 0.04340005319117151
27 201 270 0.02294286054907956
28 213 216 0.06794292677318467
29 50 130 0.05448144214510585
30 328 329 0.05056282766890035
31 171 294 0.049165408556512025
32 279 332 0.04902616135494992
33 243 244 0.027328796735301156
34 6 108 0.024649214022593895
35 14 240 0.08084793522879932
36 338 386 0.03219403780460472
37 297 361 0.07837148348006578
38 356 364 0.05105775369829507
39 359 360 0.04928304570051578
40 179 246 0.04392291027799739
41 177 310 0.05062789818148622
42 71 301 0.035131386620781385
43 339 343 0.035633589337263606
44 274 275 0.06054801214059652
45 17 197 0.056971493534973994
46 305 306 0.011377721503266613
47 159 321 0.024175629365907503
48 360 361 0.030393729435354788
49 32 33 0.02910683795014224
50 392 393 0.040688058783725
51 166 334 0.04936913724342058
52 256 262 0.015835147092233368
53 110 203 0.028364901629171626
54 11 124 0.05157977169631402
55 306 307 0.0044897378902727615
56 33 103 0.03335740659657041
57 110 212 0.0440447111531306
58 164 165 0.035130330842938776
59 284 314 0.021069122019276174
60 219 236 0.04948716562847862
61 87 89 0.055188054078760686
62 187 339 0.022993268669290936
63 68 129 0.021427307879303817
64 296 364 0.04355242380847186
65 195 196 0.04163532256030728
66 0 9 0.03882892078523842
67 45 261 0.061330049687050116
68 111 276 0.05490309967944337
69 356 359 0.04078951490300323
70 28 31 0.03493680800150427
71 224 225 0.012924221252247467
72 45 138 0.046928371289614426
73 128 155 0.03236601830218468
74 170 293 0.03592462256395878
75 117 202 0.03762519135396479
76 256 257 0.018364669784034143
77 30 102 0.03700409165459963
78 14 350 0.03853660141115101
79 41 43 0.06416082162714341
80 40 137 0.05386465976547578
81 353 383 0.040007553958497005
82 52 267 0.08520857149612046
83 80 81 0.04237666631209341
84 287 288 0.033119769655291786
85 2 144 0.054593033381657746
86 318 328 0.033180696339075715
87 42 125 0.04396342831564455
88 31 32 0.019613363040744274
89 106 341 0.0689604595048557
90 70 72 0.04287105163859361
91 170 192 0.05228230030664345
92 126 128 0.04638694611475609
93 157 261 0.027117585265305878
94 233 276 0.024301436242537982
95 6 342 0.036573445611956884
96 58 59 0.050215655688971385
97 113 209 0.054695695990007606
98 359 377 0.050348218577848866
99 177 324 0.03298129845832479
100 206 321 0.045778501832933756
101 91 183 0.031203489645765057
102 203 211 0.02506520339807302
103 22 93 0.05461097564489973
104 37 388 0.10622282008925289
105 268 305 0.03611613627637176
106 87 88 0.029495703545016818
107 133 135 0.081311286671003
108 68 128 0.05494082541593282
109 325 327 0.0001364916300000543
110 146 255 0.03924112593155705
111 0 1 0.023963962627442072
112 226 370 0.06367594673026904
113 52 288 0.048641690085308165
114 355 366 0.048260388016241794
115 228 323 0.0233145433855244
116 77 79 0.037696828090479126
117 65 66 0.0877226591740504
118 125 375 0.08668791919904659
119 221 305 0.0095862309220422
120 70 92 0.057252154390705245
121 53 125 0.05707539050249532
122 56 283 0.06456968777138122
123 85 275 0.10749674232356421
124 69 219 0.04798353975653993
125 54 204 0.052894839707800255
126 94 95 0.07774331641774895
127 373 392 0.053984629685024654
128 111 390 0.04918175931634187
129 177 178 0.06376396178401096
130 313 399 0.014638930595749654
131 210 230 0.06404976396334404
132 362 382 0.05806338474178236
133 16 97 0.07017044397368213
134 13 15 0.05395094364394765
135 349 350 0.01916506329693404
136 33 173 0.03552602289847457
137 13 20 0.10480649584880841
138 222 250 0.026997216751219615
139 293 294 0.033758349734918036
140 153 154 0.05577089692907942
141 142 154 0.03508445995548192
142 156 280 0.04443870542379962
143 350 351 0.07231737583551238
144 225 263 0.021559762145825834
145 226 229 0.035545544781441875
146 73 81 0.025653702282582208
147 252 254 0.042250075477566776
148 237 238 0.0395969718853773
149 369 390 0.03473190772195071
150 277 385 0.09361585578856635
151 10 238 0.02347979390270782
152 215 228 0.04164362479085762
153 48 49 0.01580134366270852
154 212 389 0.03688962595618384
155 304 308 0.056486134179968714
156 268 269 0.04192446032394868
157 202 205 0.023477190908447156
158 237 344 0.03346677901784707
159 66 178 0.03165504278213965
160 220 303 0.037881795844951965
161 357 393 0.08359771882034828
162 27 120 0.0809395589690512
163 10 12 0.025311097560591137
164 117 160 0.034103203647274975
165 87 189 0.09155672388827432
166 138 140 0.03829516828584248
167 36 372 0.02950115686465373
168 340 388 0.02807097187734798
169 285 316 0.011773174860145019
170 129 194 0.06975060265690664
171 181 241 0.04953194781692916
172 166 168 0.09773554901399656
173 59 115 0.11359181362742427
174 150 365 0.035198584121464475
175 278 319 0.07153530589371232
176 100 101 0.03589715952414326
177 308 309 0.032162776001471174
178 232 273 0.039152936180039816
179 114 223 0.02228224143960787
180 142 144 0.044092710958872544
181 21 59 0.030749098883895605
182 4 5 0.032733717060805495
183 44 258 0.0645702428075433
184 41 136 0.060492942866713896
185 242 328 0.08282278811006713
186 217 391 0.03254309763967315
187 254 263 0.028748397699792986
188 369 389 0.02754796124615516
189 246 310 0.02420523867572793
190 26 27 0.06103781124593176
191 358 379 0.07271687509429281
192 76 77 0.06372579654299103
193 12 40 0.05697505565689157
194 112 210 0.04190150347378624
195 361 381 0.04360979953745388
196 112 217 0.034445763290409256
197 364 377 0.03539336893866629
198 236 284 0.038569491641141665
199 250 286 0.049160117087599806
200 84 165 0.08261429176489467
201 30 171 0.049433414878756556
202 19 72 0.03303269388915205
203 79 86 0.04242530330751929
204 82 83 0.06916598819702334
205 116 158 0.07652333501370594
206 214 249 0.03671619088511421
207 55 288 0.1607092727881513
208 246 279 0.03893972406996171
209 180 239 0.06820587822102901
210 330 339 0.031455277422086016
211 119 168 0.037339608286272405
212 264 266 0.03578648133031485
213 199 235 0.05190679258907566
214 206 299 0.044566533370815835
215 135 259 0.0378461726884795
216 285 315 0.01665272424506092
217 131 132 0.05461915566852844
218 34 35 0.03985450234636743
219 60 61 0.039468523589510904
220 120 169 0.046880753866397624
221 104 107 0.016783529562255095
222 82 184 0.049471414192790907
223 187 289 0.07982810614403164
224 234 324 0.03581695179314975
225 272 358 0.01925316051904143
226 235 385 0.025905045532348965
227 37 195 0.03273307698498695
228 196 197 0.02653144160498577
229 71 382 0.03283059667360032
230 78 81 0.03610012037663267
231 158 159 0.03215987487454716
232 39 121 0.024141838914369062
233 62 245 0.06684968249299704
234 282 283 0.029856660424782022
235 107 108 0.012820381663771616
236 57 163 0.016891115150657842
237 347 376 0.02388421828915467
238 123 269 0.04574653479558848
239 89 90 0.008325675457553229
240 41 126 0.052107061931335345
241 172 173 0.012825152864668293
242 124 270 0.04887501624500002
243 20 85 0.024552578574023307
244 267 289 0.04685470098963053
245 148 149 0.042791791645387
246 345 346 0.030864061093659235
247 134 145 0.03737556330652456
248 140 157 0.03473002051184654
249 162 286 0.0518088482728488
250 24 74 0.062371337191918716
251 34 104 0.027871264546644414
252 64 179 0.044042375426844305
253 218 329 0.048869318420711315
254 272 380 0.026947169255418322
255 46 175 0.03935203123080047
256 127 129 0.03942701630181433
257 149 363 0.026639380850645118
258 365 368 0.029712021732642896
259 159 228 0.04807015528148681
260 21 23 0.08245123839688949
261 109 266 0.049086608071557285
262 57 167 0.0615715927986431
263 223 286 0.050087162183496556
264 337 338 0.05767944494230728
265 60 172 0.026957869465544456
266 319 320 0.026956047267007188
267 48 232 0.03103351739938473
268 301 371 0.042739077945683004
269 20 88 0.048899094590500305
270 169 267 0.051305653647933776
271 314 330 0.05285887173456208
272 398 399 0.024651956379806862
273 249 287 0.014971565079708428
274 265 320 0.042423817701127346
275 113 118 0.025858975057379538
276 344 345 0.029361223633709858
277 271 273 0.00868425045251752
278 326 327 0.00022063986202501613
279 130 255 0.03578193902119431
280 394 396 0.060473407431842464
281 29 31 0.03873856731845294
282 375 376 0.07883457057191148
283 300 356 0.045022120400700895
284 36 105 0.04698039078508073
285 131 256 0.044579045547237524
286 113 216 0.027250593687643206
287 241 315 0.04541490467407206
288 213 348 0.03184728894831292
289 160 223 0.076386400093723
290 75 78 0.01070480896955461
291 220 222 0.03417837062573118
292 42 43 0.024645268732296614
293 147 153 0.026658418294135594
294 70 384 0.0337835085987029
295 96 97 0.036140814844368735
296 208 336 0.016557435993677552
297 51 255 0.047032234815861315
298 174 303 0.011159194101854758
299 37 198 0.031139532593985223
300 143 146 0.0324189924279429
301 47 231 0.019334256582308067
302 171 297 0.054730924562077024
303 198 200 0.010438119613410653
304 45 53 0.02642214554017581
305 308 355 0.025320715175186533
306 229 333 0.03424973447510556
307 5 385 0.04002976145926964
308 65 114 0.04673543348827564
309 9 233 0.03634575189424746
310 239 240 0.04291911315522925
311 67 68 0.049872808241064145
312 242 386 0.06657533982745356
313 185 186 0.03944604771964514
314 234 298 0.049047684817045197
315 371 382 0.03318230012872257
316 147 148 0.029780725283827022
317 28 311 0.026640232940436676
318 23 73 0.04907902246638948
319 243 378 0.02638047154112837
320 134 135 0.027155927234953615
321 231 232 0.014371204745909276
322 141 193 0.031361784618166653
323 268 309 0.05829370217616316
324 260 262 0.008332869686529408
325 178 179 0.04831890426408138
326 269 292 0.05376818394411317
327 2 152 0.049811694693795726
328 26 94 0.03531700617848815
329 78 79 0.05777827639194715
330 151 154 0.050897872601627175
331 161 162 0.04144659139831548
332 67 175 0.07579456876388826
333 126 127 0.04169668711107838
334 69 343 0.06742468801043482
335 47 244 0.08762772958547554
336 133 392 0.04618021011295817
337 76 387 0.03481534995146081
338 18 63 0.04848835547713913
339 207 208 0.06091672496457091
340 110 111 0.023661379097998488
341 227 384 0.06018333647836328
342 367 371 0.049619675528613204
343 71 72 0.04189462502502133
344 90 274 0.03662677133967582
345 168 244 0.03206705383167791
346 378 380 0.07331923070238648
347 50 396 0.03257397263523995
348 191 192 0.025924925956981787
349 24 27 0.04075561165235867
350 102 103 0.01191344049944056
351 295 296 0.06588240673532181
352 184 185 0.04037601254141722
353 276 299 0.03948833256482278
354 137 252 0.019451470886218254
355 292 383 0.03589510605448306
356 287 291 0.13673346774834297
357 325 326 0.00021779836839533583
358 143 145 0.06859763688864173
359 0 7 0.06557615445573699
360 198 199 0.008634762949760755
361 211 327 0.03453371347489753
362 355 383 0.03410239241442422
363 160 161 0.06620368546245227
364 91 93 0.040281662325402444
365 190 191 0.06456267046895595
366 119 389 0.05712076028479116
367 122 301 0.03064510993708576
368 243 352 0.05374574092913841
369 162 245 0.09393493283840576
370 15 96 0.09695507137578127
371 3 99 0.0305060365246843
372 247 331 0.03317492887532837
373 274 365 0.01812276959164383
374 277 278 0.04003815302153196
375 98 100 0.04503553921990114
376 174 306 0.00989730115967176
377 296 357 0.01691089270028101
378 236 330 0.019157546477533396
379 11 12 0.02515755029588296
380 92 186 0.0369190775911482
381 136 156 0.022784283773725465
382 123 250 0.038827164546532636
383 95 188 0.02546253047971265
384 3 4 0.03852828728446655
385 378 379 0.031597645651826656
386 5 6 0.018290883112095358
387 331 336 0.045200414743755364
388 56 312 0.01585865792936631
389 284 285 0.04298275985358263
390 119 230 0.03352048838564089
391 137 251 0.016345994574240255
392 80 83 0.016170901121671067
393 363 368 0.025328138286565712
394 17 317 0.05890863776246001
395 121 264 0.07474715385242052
396 203 322 0.03495415535685132
397 11 237 0.020239985575617705
398 174 175 0.044677915883301354
399 337 391 0.04925080957403866
400 17 181 0.04634988000558896
401 138 139 0.05456386088288629
402 29 98 0.03820040782763632
403 69 201 0.043272705721241964
404 10 42 0.07560999198130444
405 116 214 0.05303907830751171
406 163 165 0.07644980802455957
407 84 85 0.03151280370696317
408 48 60 0.029971314056462868
409 166 167 0.028277915348582216
410 38 207 0.02575720856508531
411 139 194 0.033811188448497044
412 150 151 0.047467620348532955
413 251 252 0.01788776415781286
414 207 324 0.03655204223742525
415 46 373 0.05956719262591951
416 300 304 0.043367051218303684
417 190 295 0.011140439585679398
418 164 227 0.04037047825156035
419 146 257 0.036243783658093866
420 132 395 0.05308408960339938
421 62 63 0.07071531698264175
422 363 372 0.036796334828128205
423 230 335 0.05548051197687909
424 249 348 0.06414068080878181
425 180 181 0.03644660549110312
426 142 143 0.046393085662742285
427 39 176 0.0356121131985149
428 290 314 0.025813889940245145
429 157 258 0.016473270516875554
430 103 273 0.011810064014700585
431 226 227 0.05070477416267566
432 315 316 0.013974494841626767
433 18 122 0.055497486064782615
434 89 368 0.02424852708391228
435 258 259 0.02514752057522018
436 352 374 0.06442204701251253
437 316 317 0.034846891312460444
438 105 106 0.01736505134926239
439 109 196 0.06483635871026605
440 353 366 0.03912195330478286
441 259 260 0.05064586407034474
442 289 290 0.01811534740722302
443 362 384 0.04662565365390015
444 115 120 0.051158250449962285
445 149 150 0.03248636922319416
446 346 347 0.05717184229555776
447 18 19 0.05000338461422123
448 25 75 0.0588894442204327
449 121 247 0.07460918448840402
450 233 234 0.08153590986761497
451 290 291 0.03933837577501149
452 7 38 0.05583777544649537
453 225 248 0.016021934036622783
454 189 388 0.017558664467094212
455 98 170 0.06848367492461545
456 49 369 0.05980363835332167
457 264 265 0.05852336550665637
458 35 152 0.03167620223706684
459 36 148 0.027580350352873657
460 53 131 0.05372921132411974
461 209 210 0.03978815836741496
462 9 61 0.052918360384225274
463 281 357 0.023972238022856095
464 167 333 0.04120659087653675
465 183 186 0.02525862380029665
466 294 377 0.06740014647571727
467 370 374 0.03266826988196923
468 4 107 0.02608494025543218
469 109 200 0.03755173641632635
470 362 370 0.026849016952739498
471 54 66 0.05124728239326372
472 241 242 0.025137916912104798
473 55 58 0.05583097910610837
474 238 347 0.02926302317312973
475 116 161 0.04597153041754869
476 65 67 0.04429516242987625
477 187 188 0.03194255154290811
478 95 169 0.052382674663441674
479 38 319 0.0550156053281928
480 112 335 0.054541993410728365
481 340 372 0.08550785957199795
482 16 195 0.05662240758881248
483 35 147 0.025880150609628977
484 83 86 0.06444122972080245
485 118 218 0.06176364234437556
486 22 58 0.09445084926269344
487 215 216 0.029474701432954945
488 302 367 0.07029563541709578
489 275 394 0.06714353244705402
490 163 229 0.05585662855793215
491 32 313 0.036069656110530854
492 190 281 0.06939857080141022
493 310 336 0.04678875396577292
494 338 351 0.019239145470068574
495 282 312 0.05092748562213194
496 311 313 0.03240054802312135
497 55 62 0.025150398323331956
498 158 202 0.03750700453691754
499 1 398 0.0178212484349994
500 395 397 0.03154204595448703
501 293 295 0.051015476922334754
502 240 351 0.014586651799804177
503 73 74 0.037079670341891836
504 96 239 0.04057750632784551
505 102 271 0.012850938730112607
506 80 182 0.06772887986574418
507 50 51 0.040244791422727945
508 323 325 0.03955227427706154
509 173 398 0.030957684484237302
510 28 100 0.04935975339640629
511 104 105 0.014871899497061624
512 164 185 0.03287575998691092
513 396 397 0.045324123989186
514 334 349 0.06162988252602854
515 122 353 0.037280998448242585
516 271 272 0.04498552403412798
517 7 8 0.01934008774245876
518 29 30 0.03135174793232306
519 300 302 0.02678164074485032
520 127 139 0.04722484809977049
521 214 215 0.10024240434606632
522 8 56 0.030179090419122975
523 25 77 0.025049963970372992
524 54 298 0.047696947871520054
525 176 201 0.040638714717696645
526 1 172 0.0373211787408554
527 114 220 0.04068001146322063
528 124 251 0.033196030788159914
529 219 317 0.03360651753122213
530 329 354 0.06679772316996539
531 51 151 0.060042860708349174
532 247 248 0.037468774101326825
533 270 344 0.06987077509945999
534 379 381 0.05034876036640893
535 118 217 0.05763228610941969
536 333 352 0.06468293422949437
537 140 141 0.056077548922674025
538 302 366 0.028753429621470875
539 334 335 0.04772820542912872
540 44 141 0.03604579704956668
541 193 194 0.02666798885596022
542 221 222 0.03260099945756021
543 213 218 0.03221693576114582
544 279 280 0.017234059103065726
545 304 393 0.04205809887663208
546 253 254 0.023689855106287575
547 209 326 0.032425133865804034
548 311 312 0.034012070182587804
549 354 391 0.057079513442737866
550 47 49 0.02466977654525872
551 340 341 0.016890073253797384
552 76 397 0.02963082563225654
553 199 200 0.01166332336002806
554 144 145 0.062023288160660835
555 257 260 0.021869283839037863
556 309 373 0.034806312668577276
557 341 342 0.04623229690198707
558 3 34 0.045819342571974106
559 134 281 0.04243165248541462
560 387 395 0.03220207465975582
561 97 189 0.06953035907581967
562 92 93 0.018894779513179798
563 278 283 0.04042347188882427
564 188 346 0.05354740912628229
565 248 332 0.015946688398372287
566 291 318 0.005049877036659863
567 46 193 0.04803536280083724
568 99 101 0.05833067893646861
569 261 262 0.030980737114194294
570 297 358 0.02171956614481069
571 354 386 0.037636524757188136
572 52 115 0.05070027809742597
573 337 349 0.04113961991607819
574 82 84 0.055345720463088714
575 205 206 0.029080592952753635
576 101 282 0.06798687894910484
577 130 132 0.022822884290685873
578 266 277 0.03585374450633557
579 224 253 0.02596152847744833
580 152 153 0.02430711791569846
581 61 390 0.03441571496199671
582 231 380 0.033662935857858796
583 360 367 0.04501832052488242
584 182 184 0.02080615369087158
585 117 204 0.02735409835856705
586 322 323 0.026544305461492102
587 44 133 0.015892956560647813
588 106 108 0.013410341659292224
589 265 331 0.020940923810186557
590 94 376 0.06841878629879651
591 14 15 0.016293539865420682
592 123 245 0.04255231233694014
593 318 348 0.0920803458882263
594 156 253 0.026619470316718234
595 303 307 0.007109425624466963
596 39 197 0.08463229649535925
597 375 387 0.03621372466388172
598 64 280 0.035548520590224536
599 16 180 0.03155784507550223
