459
0 208 320 0.01901573820562787
1 64 155 0.03014687688513512
2 204 205 0.032993655107136415
3 63 292 0.06367057218888342
4 374 381 0.07487629289519347
5 136 155 0.04692891660511148
6 21 24 0.05477899931960425
7 221 307 0.006474534502475398
8 86 394 0.02961024589527605
9 321 322 0.04033579849168246
10 13 57 0.06210162782596139
11 2 191 0.037869383512004404
12 88 90 0.05729691059708154
13 40 43 0.017698442725672368
14 74 75 0.02145011278717643
15 176 263 0.08101940146921448
16 182 183 0.03555688576984804
17 211 212 0.03769041819975234
18 235 342 0.0353800316718786
19 99 192 0.0821936928766303
20 298 299 0.05172419905626332
21 343 345 0.03301119657756206
22 224 332 0.011165636372588323
23 25 26 0.0760165299825302
24 8 399 0.051963989421221435
25 19 22 0.04504991345792023
26 23 91 0.0461338023468108
27 201 270 0.02427032713451358
28 213 216 0.06594368223715825
29 50 130 0.050753277813943856
30 328 329 0.04900116228930353
31 171 294 0.05047081845660077
32 279 332 0.05050918590059711
33 243 244 0.02715327885694726
34 6 108 0.025189163251955655
35 14 240 0.0760459298015572
36 338 386 0.03422497416182173
37 297 361 0.0770209331111565
38 356 364 0.04884833236394282
39 359 360 0.050297548736199224
40 179 246 0.040743109838470314
41 177 310 0.04898157256651937
42 71 301 0.03244220601948024
43 339 343 0.0364947650362728
44 274 275 0.060717318311577
45 17 197 0.05765814250949635
46 305 306 0.008763442239134896
47 159 321 0.022015324407920672
48 360 361 0.03289340228622885
49 32 33 0.02883644970881092
50 392 393 0.04034393028215868
51 166 334 0.049362468417296225
52 256 262 0.014461720506938922
53 110 203 0.027822473606455497
54 11 124 0.05086521771160204
55 306 307 0.001390211068146865
56 33 103 0.03647257146018502
57 110 212 0.03917910165870303
58 164 165 0.0355113600765775
59 284 314 0.019991854312479043
60 219 236 0.04865517225164473
61 87 89 0.05313183415580401
62 187 339 0.02225915093828687
63 68 129 0.022651338928610324
64 296 364 0.04483528941743285
65 195 196 0.04080341644108034
66 0 9 0.038728768702064466
67 45 261 0.05807083794678602
68 111 276 0.05631133193165964
69 356 359 0.03773713164431732
70 28 31 0.03309410961094208
71 224 225 0.010207024979580169
72 45 138 0.04623853382154281
73 128 155 0.03456353944893992
74 170 293 0.03648156195028981
75 117 202 0.03474214933504486
76 256 257 0.014498709494848728
77 30 102 0.03836745985175549
78 14 350 0.036526443519261945
79 41 43 0.06671199594051885
80 40 137 0.055421944122390966
81 353 383 0.03768268281850436
82 52 267 0.08365025087453501
83 80 81 0.044058213290732125
84 287 288 0.03511492474468306
85 2 144 0.054588040958033324
86 318 328 0.03482859293491999
87 42 125 0.04500506152862201
88 31 32 0.019831454329141445
89 106 341 0.06639571685317938
90 70 72 0.043080583770925114
91 170 192 0.05082355084231624
92 126 128 0.04294199863968675
93 157 261 0.027466475091712635
94 233 276 0.023855407305998826
95 6 342 0.0350820902116758
96 58 59 0.05069080265710216
97 113 209 0.054367854440888694
98 359 377 0.04815832483626249
99 177 324 0.03344036439584857
100 206 321 0.046219210259547026
101 91 183 0.030370272757615554
102 203 211 0.022237806573107668
103 22 93 0.055072533304700244
104 37 388 0.10500210563580617
105 268 305 0.039404066901643636
106 87 88 0.026721913893017948
107 133 135 0.07846248782155443
108 68 128 0.05417829867985476
109 325 327 9.105058590383309e-05
110 146 255 0.041199336092383396
111 0 1 0.025482406295934384
112 226 370 0.06211711034027196
113 52 288 0.04841977149407279
114 355 366 0.0446403913484385
115 228 323 0.023546440843260654
116 77 79 0.036366944976487715
117 65 66 0.08835751446041158
118 125 375 0.08478058246948295
119 221 305 0.005941808542707309
120 70 92 0.05753031638739739
121 53 125 0.059178600401122
122 56 283 0.06072943409290385
123 85 275 0.10515134114524775
124 69 219 0.04797070612845918
125 54 204 0.05403502520811631
126 94 95 0.07666344125364807
127 373 392 0.05353343069662856
128 111 390 0.04751887547610409
129 177 178 0.061255709572298214
130 313 399 0.01518213037736947
131 210 230 0.06150211107378407
132 362 382 0.05897737305485501
133 16 97 0.0685258325175596
134 13 15 0.05625161242305169
135 349 350 0.020214272933968932
136 33 173 0.035938430651358606
137 13 20 0.10507712337193403
138 222 250 0.028029308471642967
139 293 294 0.03425318832901357
140 153 154 0.05649013561786191
141 142 154 0.03643035491740607
142 156 280 0.042442399759823904
143 350 351 0.06812112422419093
144 225 263 0.022422714661036663
145 226 229 0.03726362421471322
146 73 81 0.023895041479563478
147 252 254 0.04686707939901572
148 237 238 0.037048211893115364
149 369 390 0.03412527339012028
150 277 385 0.09403283228101153
151 10 238 0.024633826247538855
152 215 228 0.043099898315897084
153 48 49 0.014544179805399517
154 212 389 0.038908575986349746
155 304 308 0.05501559821499556
156 268 269 0.04088642365959666
157 202 205 0.02097842077322609
158 237 344 0.033735636544708715
159 66 178 0.033975577279435246
160 220 303 0.037534209907426744
161 357 393 0.08486674088002626
162 27 120 0.08062568983345637
163 10 12 0.021930135718600856
164 117 160 0.03745764362203506
165 87 189 0.09359184660963948
166 138 140 0.03597114516085111
167 36 372 0.028076740605523214
168 340 388 0.029824279529587005
169 285 316 0.007088146210883631
170 129 194 0.0660131855163362
171 181 241 0.049129443715840646
172 166 168 0.09616376712871397
173 59 115 0.1128882164945423
174 150 365 0.03486537593960661
175 278 319 0.0707346883613398
176 100 101 0.03611708964043303
177 308 309 0.033564280278169364
178 232 273 0.04109620800949444
179 114 223 0.023737085428744083
180 142 144 0.041789030267395874
181 21 59 0.03229597438073379
182 4 5 0.03193685906282765
183 44 258 0.06254355029824114
184 41 136 0.05889704408627974
185 242 328 0.08081147102899727
186 217 391 0.034687335379584315
187 254 263 0.026256086050387237
188 369 389 0.028395869610181868
189 246 310 0.025545743618634025
190 26 27 0.0596574324643627
191 358 379 0.07014374497185726
192 76 77 0.06584907265317118
193 12 40 0.055916787839540204
194 112 210 0.03919238883176995
195 361 381 0.043894294501060215
196 112 217 0.03611160289451295
197 364 377 0.03289765905060826
198 236 284 0.03532027098383569
199 250 286 0.04812041852504924
200 84 165 0.08109438014880511
201 30 171 0.049240600851504814
202 19 72 0.032808022056172545
203 79 86 0.04280127212011584
204 82 83 0.06784805558092105
205 116 158 0.07509735691635333
206 214 249 0.03868588506907419
207 55 288 0.15978020152660719
208 246 279 0.039341360927943034
209 180 239 0.06769027968971476
210 330 339 0.03315927678735334
211 119 168 0.03744011013511272
212 264 266 0.03768139053747297
213 199 235 0.05563303302180826
214 206 299 0.04538811332022057
215 135 259 0.03725668502799305
216 285 315 0.010698653786530584
217 131 132 0.05528283907833236
218 34 35 0.04284646989219733
219 60 61 0.03880180890305463
220 120 169 0.04662056008680527
221 104 107 0.015763224610287778
222 82 184 0.048014226526558665
223 187 289 0.07768064878801972
224 234 324 0.039003216934213214
225 272 358 0.02025597233965555
226 235 385 0.02349949068549572
227 37 195 0.03289830646625821
228 196 197 0.028282879253483967
229 71 382 0.03004304416209386
230 78 81 0.03457400987925417
231 158 159 0.0335264055538282
232 39 121 0.025959184534723557
233 62 245 0.0673429088617751
234 282 283 0.028194486573593167
235 107 108 0.012021356267547407
236 57 163 0.01746852642113369
237 347 376 0.025040446072803087
238 123 269 0.046186170787138076
239 89 90 0.005451291263810763
240 41 126 0.052006988645586415
241 172 173 0.011598480012345487
242 124 270 0.04744788080811906
243 20 85 0.025093460774736356
244 267 289 0.047166208387865734
245 148 149 0.04238031634239144
246 345 346 0.03008684616089653
247 134 145 0.03967953297659048
248 140 157 0.035003340275797684
249 162 286 0.049595166841140015
250 24 74 0.06256872589168633
251 34 104 0.02783418891877856
252 64 179 0.04361147796977741
253 218 329 0.04958321728041958
254 272 380 0.025983234045055745
255 46 175 0.040760827195518975
256 127 129 0.03544447608606934
257 149 363 0.024127769662078868
258 365 368 0.026412977092977713
259 159 228 0.046820482897093334
260 21 23 0.08074536508912517
261 109 266 0.05054591562939433
262 57 167 0.06035087290914996
263 223 286 0.048007187248049275
264 337 338 0.05434010147226893
265 60 172 0.02882796657038391
266 319 320 0.027054741292711664
267 48 232 0.029890952725266227
268 301 371 0.03918746384002285
269 20 88 0.05137917104770612
270 169 267 0.04967414649740572
271 314 330 0.04800275996144148
272 398 399 0.026450322553481845
273 249 287 0.015723506243434878
274 265 320 0.04166522925701703
275 113 118 0.025508654970007382
276 344 345 0.0299715209163451
277 271 273 0.006158195654123674
278 326 327 0.00016021674838681736
279 130 255 0.033704305255332745
280 394 396 0.061668726132374355
281 29 31 0.03841570685143314
282 375 376 0.07896734985474352
283 300 356 0.04664103155284111
284 36 105 0.04845872056298102
285 131 256 0.04531306506252491
286 113 216 0.027602935172597563
287 241 315 0.04783437363177543
288 213 348 0.0331707954622163
289 160 223 0.07508720882670258
290 75 78 0.010068446664566036
291 220 222 0.029862360782952027
292 42 43 0.025221669572523597
293 147 153 0.024982629648533303
294 70 384 0.03443993346334614
295 96 97 0.03698413541872395
296 208 336 0.016243332981376188
297 51 255 0.04441386142471265
298 174 303 0.006796395020975307
299 37 198 0.033281093524885695
300 143 146 0.03414611466234862
301 47 231 0.018834035725138358
302 171 297 0.054828735009190076
303 198 200 0.005145862819891143
304 45 53 0.02811304539991223
305 308 355 0.026499393647846814
306 229 333 0.03356769806202895
307 5 385 0.04116658372931054
308 65 114 0.04736192626227622
309 9 233 0.03783635408489386
310 239 240 0.04439293038367373
311 67 68 0.05099073592843914
312 242 386 0.06665376260984629
313 185 186 0.038453612746070245
314 234 298 0.04696934195426918
315 371 382 0.03198343391567223
316 147 148 0.03239097207081498
317 28 311 0.026362453845524915
318 23 73 0.04926318788492753
319 243 378 0.028274061219744778
320 134 135 0.029469755116174178
321 231 232 0.013717113487030828
322 141 193 0.033539870533469136
323 268 309 0.05870215551942745
324 260 262 0.005841762227040829
325 178 179 0.04838772271224416
326 269 292 0.05363948561494985
327 2 152 0.051382598832998366
328 26 94 0.03714097018353084
329 78 79 0.055550061527535936
330 151 154 0.05014887165635696
331 161 162 0.04368499865084229
332 67 175 0.07415233683261789
333 126 127 0.04194142674541237
334 69 343 0.06492274029075207
335 47 244 0.08740816242539441
336 133 392 0.04710470636867857
337 76 387 0.03284343011962067
338 18 63 0.04887063673668586
339 207 208 0.059378274422845406
340 110 111 0.02483854786341171
341 227 384 0.05869913487773521
342 367 371 0.05142060634207261
343 71 72 0.04327843854239489
344 90 274 0.03570282007493699
345 168 244 0.033746927025298995
346 378 380 0.07097945230442206
347 50 396 0.034222622488229854
348 191 192 0.02684607566872186
349 24 27 0.042229904334195247
350 102 103 0.008733864522941268
351 295 296 0.06431180794504995
352 184 185 0.039264638315562775
353 276 299 0.04006455393684219
354 137 252 0.01400405417581147
355 292 383 0.03788974949832806
356 287 291 0.13315472499626244
357 325 326 0.00014901088026450908
358 143 145 0.06465788818027006
359 0 7 0.06476513882431564
360 198 199 0.004039509836640511
361 211 327 0.034975824625874466
362 355 383 0.032578603063347936
363 160 161 0.06315314591774668
364 91 93 0.03932726435097611
365 190 191 0.06518434385157304
366 119 389 0.058294134624804046
367 122 301 0.03246520278569446
368 243 352 0.05552817816311187
369 162 245 0.09153717968292711
370 15 96 0.09507817256602387
371 3 99 0.03375058619741307
372 247 331 0.035030791730346844
373 274 365 0.018156675641223
374 277 278 0.042238660771368834
375 98 100 0.04401859905222977
376 174 306 0.007979834757430054
377 296 357 0.017206294330358418
378 236 330 0.017475435404332534
379 11 12 0.024438875288382452
380 92 186 0.03727642358393292
381 136 156 0.023572336354502618
382 123 250 0.03912875651050089
383 95 188 0.02614894933125242
384 3 4 0.038123723955951344
385 378 379 0.03055461797582515
386 5 6 0.015726769073682874
387 331 336 0.04449966020810336
388 56 312 0.013509493226915434
389 284 285 0.0461346000645974
390 119 230 0.03553052982418044
391 137 251 0.010909682603897384
392 80 83 0.015878422610873133
393 363 368 0.026602490813737428
394 17 317 0.05842634617473388
395 121 264 0.07128224360984864
396 203 322 0.03605388331348256
397 11 237 0.019375331831131826
398 174 175 0.04703461927853773
399 337 391 0.04777780720300421
400 17 181 0.04563536961821458
401 138 139 0.05604921967014168
402 29 98 0.03767459941852032
403 69 201 0.044473673536109815
404 10 42 0.07215476445590954
405 116 214 0.05391479970544326
406 163 165 0.07547582485893597
407 84 85 0.033287726507054194
408 48 60 0.031918333302993894
409 166 167 0.03055379218071985
410 38 207 0.02477514187834074
411 139 194 0.03095777322813059
412 150 151 0.04960133954335368
413 251 252 0.012757038073253114
414 207 324 0.03787310862499909
415 46 373 0.05868501096859743
416 300 304 0.043446476371787064
417 190 295 0.009396254362745021
418 164 227 0.04189679284559562
419 146 257 0.03881471812679703
420 132 395 0.05387523939557795
421 62 63 0.07109010826239043
422 363 372 0.03735315804597173
423 230 335 0.05272012094438783
424 249 348 0.06324478903906375
425 180 181 0.03851229286667086
426 142 143 0.045159899277714785
427 39 176 0.03619970462923621
428 290 314 0.028180039386611254
429 157 258 0.01637304833223312
430 103 273 0.009786072038391283
431 226 227 0.048924821379241853
432 315 316 0.008821920331862021
433 18 122 0.05392725258100312
434 89 368 0.025529443152779385
435 258 259 0.024402308887364006
436 352 374 0.061267178858406934
437 316 317 0.035679410784179424
438 105 106 0.016604555126926396
439 109 196 0.062412704394336424
440 353 366 0.03660135946780826
441 259 260 0.05120684290261125
442 289 290 0.018588832468611906
443 362 384 0.04533684865980437
444 115 120 0.04958673346141008
445 149 150 0.03176047263791557
446 346 347 0.05682371085951275
447 18 19 0.05003248991570383
448 25 75 0.056877557452598336
449 121 247 0.07176542357513929
450 233 234 0.07945832651491337
451 290 291 0.04206209022925225
452 7 38 0.058574246985491595
453 225 248 0.013408190702740585
454 189 388 0.018123012190989305
455 98 170 0.06902883537985215
456 49 369 0.059748576105479866
457 264 265 0.05877428113629969
458 35 152 0.02924094185098021
459 36 148 0.026621655596442393
460 53 131 0.05270671627414451
461 209 210 0.04097443375542479
462 9 61 0.05186528486279041
463 281 357 0.023751019374107722
464 167 333 0.03959384397218203
465 183 186 0.023045045891851728
466 294 377 0.06808869122749672
467 370 374 0.03475911351128224
468 4 107 0.024111887794611125
469 109 200 0.039515891119516575
470 362 370 0.028134575546863907
471 54 66 0.05193868329763034
472 241 242 0.027105272570000366
473 55 58 0.05569729762925547
474 238 347 0.030567912124241457
475 116 161 0.04703728889959156
476 65 67 0.04501040425149829
477 187 188 0.03259757214830203
478 95 169 0.0531770679546869
479 38 319 0.05373127004169303
480 112 335 0.05247537950727248
481 340 372 0.08466494502839693
482 16 195 0.05741502596681289
483 35 147 0.022829456333795517
484 83 86 0.06476134814097231
485 118 218 0.060665368106475014
486 22 58 0.09444462011457826
487 215 216 0.02992661291388818
488 302 367 0.06875017339760038
489 275 394 0.06884279067810367
490 163 229 0.0538537112034237
491 32 313 0.03492495949616763
492 190 281 0.06772265568297993
493 310 336 0.0476412314789648
494 338 351 0.019701043623816018
495 282 312 0.04805732920232891
496 311 313 0.030819046262140756
497 55 62 0.027114426248065683
498 158 202 0.038157904236101756
499 1 398 0.01504540653672168
500 395 397 0.028596777492839766
501 293 295 0.05137653107101651
502 240 351 0.014634224139740469
503 73 74 0.03463106734336213
504 96 239 0.03785639868028698
505 102 271 0.01059726214226764
506 80 182 0.06701627174965667
507 50 51 0.03854930790497977
508 323 325 0.039190844149395616
509 173 398 0.028511419712155657
510 28 100 0.04836508558489287
511 104 105 0.013944432061071156
512 164 185 0.034959315664295006
513 396 397 0.04623591190264588
514 334 349 0.06320965584274256
515 122 353 0.039511790534893745
516 271 272 0.0461214466431062
517 7 8 0.019184441747016303
518 29 30 0.03230810812915054
519 300 302 0.02663271341281927
520 127 139 0.047439080516837255
521 214 215 0.09733603541743296
522 8 56 0.031829300778612235
523 25 77 0.025925529952119757
524 54 298 0.04712749135997114
525 176 201 0.04250961593255413
526 1 172 0.03362938373035056
527 114 220 0.04269411942223347
528 124 251 0.03609847255028785
529 219 317 0.03476943407403049
530 329 354 0.06617532281919031
531 51 151 0.06165417937733094
532 247 248 0.03983936326606525
533 270 344 0.0671479600794466
534 379 381 0.048734205036586715
535 118 217 0.057349873157142864
536 333 352 0.06490432091394008
537 140 141 0.05341368566244794
538 302 366 0.031158116399935838
539 334 335 0.047787389889972366
540 44 141 0.035048685184857035
541 193 194 0.02863981672557671
542 221 222 0.032759124563745516
543 213 218 0.03048393103971776
544 279 280 0.016688914555125396
545 304 393 0.04200517468156501
546 253 254 0.022881174433904986
547 209 326 0.03324127221176641
548 311 312 0.03600275739043268
549 354 391 0.05560749368116565
550 47 49 0.02375852745949557
551 340 341 0.01799887029666468
552 76 397 0.0265229057010615
553 199 200 0.005728521344957623
554 144 145 0.059410054285825846
555 257 260 0.01935413099350147
556 309 373 0.03528163037329969
557 341 342 0.044740645655499595
558 3 34 0.04293179924578189
559 134 281 0.04364057452123007
560 387 395 0.02998802246941402
561 97 189 0.07041447680717289
562 92 93 0.017860905425239246
563 278 283 0.04239001977374907
564 188 346 0.05291673768745797
565 248 332 0.013344909780783119
566 291 318 0.00530006543241602
567 46 193 0.04848099185152935
568 99 101 0.059748735719803936
569 261 262 0.03216465989050718
570 297 358 0.021901426757079887
571 354 386 0.03642088689754825
572 52 115 0.050284889969097225
573 337 349 0.04082151511158708
574 82 84 0.05494299532794593
575 205 206 0.02993429024222481
576 101 282 0.06797062042959645
577 130 132 0.02369608573191604
578 266 277 0.03563769715868789
579 224 253 0.025486986587324584
580 152 153 0.021504412443404182
581 61 390 0.03397687911524453
582 231 380 0.033600890594026024
583 360 367 0.04544998676969853
584 182 184 0.019582219971049628
585 117 204 0.025296779746859857
586 322 323 0.02457210612223525
587 44 133 0.01633480785472472
588 106 108 0.012399170338664688
589 265 331 0.019030494496866737
590 94 376 0.06778950282063094
591 14 15 0.01743680456021884
592 123 245 0.041898060234452084
593 318 348 0.08956054396465792
594 156 253 0.028719642813165507
595 303 307 0.0056653385878215915
596 39 197 0.08469301522687267
597 375 387 0.039268663979199106
598 64 280 0.0335735712320259
599 16 180 0.030684149837129852
