485
0 208 320 0.018395243760561068
1 64 155 0.030694647354210677
2 204 205 0.03140769503342616
3 63 292 0.06256540536591076
4 374 381 0.07441578247497896
5 136 155 0.045031059986303
6 21 24 0.053771378415153295
7 221 307 0.005680768600380558
8 86 394 0.030494421123758685
9 321 322 0.040564482063266155
10 13 57 0.0628889830134681
11 2 191 0.03884140664433577
12 88 90 0.055685858399332926
13 40 43 0.017984292503268884
14 74 75 0.021891068334942743
15 176 263 0.08122478436251276
16 182 183 0.03591433958023542
17 211 212 0.036294960342029586
18 235 342 0.03537208135326406
19 99 192 0.08167365309394661
20 298 299 0.05105731299771401
21 343 345 0.03305468714967719
22 224 332 0.009840073737796844
23 25 26 0.0757402416984242
24 8 399 0.05096456927165211
25 19 22 0.045174854274888904
26 23 91 0.04781180476142407
27 201 270 0.02506594452562167
28 213 216 0.0647564547203971
29 50 130 0.04848622215620848
30 328 329 0.04805911975798822
31 171 294 0.051260308155491645
32 279 332 0.0514793712803223
33 243 244 0.027047344568049907
34 6 108 0.02548099682528185
35 14 240 0.07308982414154674
36 338 386 0.03542709994416371
37 297 361 0.07617632868590615
38 356 364 0.04749497380581329
39 359 360 0.05091202223095131
40 179 246 0.038792221531475046
41 177 310 0.04797370236904839
42 71 301 0.030836589123770995
43 339 343 0.036978768718381315
44 274 275 0.06086213339475065
45 17 197 0.05811808434585011
46 305 306 0.007112791742274204
47 159 321 0.020696547518073403
48 360 361 0.03443829373915785
49 32 33 0.028693552714802915
50 392 393 0.04014049087790357
51 166 334 0.049374892852968796
52 256 262 0.0136408639182971
53 110 203 0.027467598565673705
54 11 124 0.050407201367227115
55 306 307 6.587973791327273e-05
56 33 103 0.03838342790027788
57 110 212 0.03622557379412974
58 164 165 0.035657793062230644
59 284 314 0.019273536349464524
60 219 236 0.04814975764572879
61 87 89 0.05187700547205469
62 187 339 0.021826448329701965
63 68 129 0.02335512522711243
64 296 364 0.04566365825435106
65 195 196 0.040296509620025706
66 0 9 0.03870059928598465
67 45 261 0.056122264711724455
68 111 276 0.05713848455764897
69 356 359 0.03585247947686748
70 28 31 0.031971597789557986
71 224 225 0.008596009492584232
72 45 138 0.04586241620128214
73 128 155 0.03590918834452859
74 170 293 0.03682019813347223
75 117 202 0.0329670026876736
76 256 257 0.012138565196801147
77 30 102 0.03922587622721958
78 14 350 0.03529427016632749
79 41 43 0.06830614995863798
80 40 137 0.05641792774478622
81 353 383 0.03621156194074271
82 52 267 0.08269842051138201
83 80 81 0.04507091574271243
84 287 288 0.03635163269836801
85 2 144 0.0546030350623137
86 318 328 0.03581581746070205
87 42 125 0.04569873990211648
88 31 32 0.01992959176768193
89 106 341 0.06484421334173711
90 70 72 0.04318824438135055
91 170 192 0.0499451355911778
92 126 128 0.040811486649226535
93 157 261 0.02762338729717429
94 233 276 0.023531310928874068
95 6 342 0.03418058733231647
96 58 59 0.05098067054993288
97 113 209 0.05419616506977158
98 359 377 0.046817237602772295
99 177 324 0.033708078800174575
100 206 321 0.04651354341397916
101 91 183 0.029874410722884978
102 203 211 0.020472623826429035
103 22 93 0.05538869000884215
104 37 388 0.10429212989766315
105 268 305 0.041501183262977165
106 87 88 0.024954415113028136
107 133 135 0.07674127073680155
108 68 128 0.05369985580016159
109 325 327 0.00032707788713792123
110 146 255 0.04238964729344973
111 0 1 0.02636723973279867
112 226 370 0.06114858108646307
113 52 288 0.04829276582311062
114 355 366 0.04244291759318451
115 228 323 0.023645564363081014
116 77 79 0.035572641413409975
117 65 66 0.08877583166603523
118 125 375 0.08361264390224582
119 221 305 0.003642710511364732
120 70 92 0.05774132437878504
121 53 125 0.060474702366276736
122 56 283 0.05836395147086479
123 85 275 0.10374131730809116
124 69 219 0.04801180370355838
125 54 204 0.054774084460058985
126 94 95 0.0760127891182079
127 373 392 0.053293807265900946
128 111 390 0.04657207954285058
129 177 178 0.05972885173540762
130 313 399 0.015503004972006944
131 210 230 0.05991353150034087
132 362 382 0.05961968696507406
133 16 97 0.06748922752806294
134 13 15 0.057678639507394575
135 349 350 0.020843990231108094
136 33 173 0.03622599726198613
137 13 20 0.10524917535538425
138 222 250 0.028684603163638495
139 293 294 0.0345407274445474
140 153 154 0.05696850612595763
141 142 154 0.03724683027070176
142 156 280 0.04125066569733998
143 350 351 0.06552698188843875
144 225 263 0.022925625213966103
145 226 229 0.03828057705640982
146 73 81 0.022891910752550714
147 252 254 0.04982461045881824
148 237 238 0.03547641883662142
149 369 390 0.03373035577182728
150 277 385 0.0943127161096496
151 10 238 0.025262107445173352
152 215 228 0.04400091367123894
153 48 49 0.01376371384430374
154 212 389 0.04013644559300794
155 304 308 0.05413629568369647
156 268 269 0.04027880788578296
157 202 205 0.019469158351002262
158 237 344 0.03391240210785386
159 66 178 0.03539518155540235
160 220 303 0.037224182917233874
161 357 393 0.08563010961738061
162 27 120 0.08046509628770261
163 10 12 0.019951915707870464
164 117 160 0.039537061903400283
165 87 189 0.09489191312678995
166 138 140 0.034606900863272894
167 36 372 0.02716134626517963
168 340 388 0.03089089002272466
169 285 316 0.004291483139665976
170 129 194 0.06379977731782921
171 181 241 0.04887730281180303
172 166 168 0.0952098633237632
173 59 115 0.11248282337811313
174 150 365 0.03466988506242794
175 278 319 0.07027860162364813
176 100 101 0.03621618638670205
177 308 309 0.03438919360947337
178 232 273 0.04232574263890596
179 114 223 0.024594387089560677
180 142 144 0.04035260969914932
181 21 59 0.033223398197029214
182 4 5 0.03148805296639315
183 44 258 0.06131171474130797
184 41 136 0.05793069345558837
185 242 328 0.07959912253726992
186 217 391 0.03597570471463348
187 254 263 0.024737150660909195
188 369 389 0.028879344211120667
189 246 310 0.026337976977328616
190 26 27 0.058815427885614904
191 358 379 0.06861033498264346
192 76 77 0.06727644245922544
193 12 40 0.055224912409572904
194 112 210 0.03754810646904868
195 361 381 0.04400574213946888
196 112 217 0.03711947200903885
197 364 377 0.03132283288959313
198 236 284 0.03332569092368165
199 250 286 0.047531384051857244
200 84 165 0.0802400810745203
201 30 171 0.049133164511890016
202 19 72 0.032643582677330446
203 79 86 0.04298141166064029
204 82 83 0.06705695488449274
205 116 158 0.07421755265533371
206 214 249 0.039883951453420836
207 55 288 0.15923230154874735
208 246 279 0.0395889315354559
209 180 239 0.06742656674291103
210 330 339 0.034199169371080515
211 119 168 0.03748752514939775
212 264 266 0.03884688480250094
213 199 235 0.05794957413358513
214 206 299 0.04589718242755728
215 135 259 0.03689824806932156
216 285 315 0.006920822819522168
217 131 132 0.0557121172784178
218 34 35 0.0447015375512673
219 60 61 0.03839059304176144
220 120 169 0.0464617910397475
221 104 107 0.015155095158755365
222 82 184 0.04715645547476437
223 187 289 0.07640628420776363
224 234 324 0.040940136719052916
225 272 358 0.02086681041182086
226 235 385 0.02198788811154153
227 37 195 0.032948828424420554
228 196 197 0.029328655690686205
229 71 382 0.028330564158071933
230 78 81 0.033758777436939856
231 158 159 0.03433841074068634
232 39 121 0.02706130008668982
233 62 245 0.06766917913596156
234 282 283 0.027104706748309223
235 107 108 0.011527380432855843
236 57 163 0.01774758138547581
237 347 376 0.02572761544261121
238 123 269 0.04642447096086189
239 89 90 0.0037171692904498844
240 41 126 0.0519385548470053
241 172 173 0.010772504818595745
242 124 270 0.04657331239322671
243 20 85 0.02538389489744131
244 267 289 0.0474028913740522
245 148 149 0.042149692375069686
246 345 346 0.02961640715365498
247 134 145 0.041096201844264685
248 140 157 0.035099915894984395
249 162 286 0.04822560913785528
250 24 74 0.06268035309443414
251 34 104 0.027813996544981533
252 64 179 0.043380269229751696
253 218 329 0.05002540718108717
254 272 380 0.02535917808416378
255 46 175 0.04159875082002257
256 127 129 0.03300803520488444
257 149 363 0.022590635355942395
258 365 368 0.024389410687046822
259 159 228 0.04606768438097401
260 21 23 0.07968301728857903
261 109 266 0.051424624762197176
262 57 167 0.05960490493733838
263 223 286 0.04674954785440177
264 337 338 0.05232537524843314
265 60 172 0.02999870271628106
266 319 320 0.027113334210620434
267 48 232 0.029229821084245846
268 301 371 0.03700334795918827
269 20 88 0.05291332820339979
270 169 267 0.048657891843685394
271 314 330 0.04505411100449292
272 398 399 0.02755976096625546
273 249 287 0.01617514957197654
274 265 320 0.04125895788056467
275 113 118 0.025260840669437068
276 344 345 0.030356334953328176
277 271 273 0.0045646502610720225
278 326 327 0.0002599580495518038
279 130 255 0.032441153140305226
280 394 396 0.06241131740936228
281 29 31 0.03822998276787758
282 375 376 0.07907171227810157
283 300 356 0.047672467510827835
284 36 105 0.049395338219029306
285 131 256 0.045781119299211
286 113 216 0.02777824145296885
287 241 315 0.04940097780094295
288 213 348 0.03397169731496539
289 160 223 0.07433624859609664
290 75 78 0.009612901578025034
291 220 222 0.027270754716209912
292 42 43 0.025500091760788005
293 147 153 0.023935874087731512
294 70 384 0.034836354534750785
295 96 97 0.03748043897511796
296 208 336 0.0160097653332618
297 51 255 0.042772802675277034
298 174 303 0.0041795753033544
299 37 198 0.03456225551775477
300 143 146 0.03522571581050902
301 47 231 0.018492165258620845
302 171 297 0.05489478101119839
303 198 200 0.0018281609115280216
304 45 53 0.029130924751404132
305 308 355 0.027247482809569006
306 229 333 0.03313685636547164
307 5 385 0.04184674040240486
308 65 114 0.04773374467096524
309 9 233 0.03875604373670329
310 239 240 0.04530679145328029
311 67 68 0.05173262552844973
312 242 386 0.06667388581858423
313 185 186 0.03785842312042108
314 234 298 0.04574319376371975
315 371 382 0.031166303515060726
316 147 148 0.033995625266565827
317 28 311 0.02619758448721444
318 23 73 0.04936688452317472
319 243 378 0.029397247796204284
320 134 135 0.030876199622309967
321 231 232 0.013271226165509917
322 141 193 0.03481028831499515
323 268 309 0.058961517892404176
324 260 262 0.004323860390551742
325 178 179 0.04843383168940371
326 269 292 0.05363766867307235
327 2 152 0.05234389926856468
328 26 94 0.03824260002144298
329 78 79 0.05431036136547962
330 151 154 0.04969637038451864
331 161 162 0.045045037476711056
332 67 175 0.07317182512701119
333 126 127 0.04216323892654671
334 69 343 0.0634159535151796
335 47 244 0.08728486834201281
336 133 392 0.047731296060353964
337 76 387 0.031524087665453344
338 18 63 0.049132913821122795
339 207 208 0.0584698556769244
340 110 111 0.025623561895543323
341 227 384 0.057827160067797166
342 367 371 0.05258280953161045
343 71 72 0.044107130461909096
344 90 274 0.035126501181385224
345 168 244 0.034765593579781554
346 378 380 0.06961126179119848
347 50 396 0.035240099572563695
348 191 192 0.02738507421516427
349 24 27 0.0431010157966977
350 102 103 0.00677605382566264
351 295 296 0.063367305950282
352 184 185 0.03858617891180128
353 276 299 0.040399084435674144
354 137 252 0.010555313792675347
355 292 383 0.03908885452304318
356 287 291 0.1309613553153134
357 325 326 0.0003218313765611361
358 143 145 0.06224583363753225
359 0 7 0.0642716629829849
360 198 199 0.0013135099035903044
361 211 327 0.03526283985103216
362 355 383 0.03160646460060816
363 160 161 0.06124828495188939
364 91 93 0.03873795081908181
365 190 191 0.0655542599645887
366 119 389 0.059013957437979166
367 122 301 0.03358393935188292
368 243 352 0.056564974561862436
369 162 245 0.09010767033632218
370 15 96 0.0939401238277723
371 3 99 0.03577491503455592
372 247 331 0.03611478769534099
373 274 365 0.018142665778966692
374 277 278 0.043579364510035946
375 98 100 0.04336593406721408
376 174 306 0.006499658670491984
377 296 357 0.017342178366092923
378 236 330 0.016452867468838266
379 11 12 0.02405084782951583
380 92 186 0.03749011379819115
381 136 156 0.024033300392793087
382 123 250 0.039284285008526744
383 95 188 0.0265601159893631
384 3 4 0.03785475068163336
385 378 379 0.029896949213768276
386 5 6 0.014165256443762117
387 331 336 0.0440553917698361
388 56 312 0.012090984276728412
389 284 285 0.04817518428298332
390 119 230 0.036765734094218114
391 137 251 0.007666970742555693
392 80 83 0.015615845022628735
393 363 368 0.027393852603946476
394 17 317 0.05815626922177454
395 121 264 0.0692094635601889
396 203 322 0.036743438551426984
397 11 237 0.01883074390418705
398 174 175 0.04861307762623542
399 337 391 0.04693601729259533
400 17 181 0.04514291991286744
401 138 139 0.057002532994413296
402 29 98 0.03733233962532194
403 69 201 0.04518953163571578
404 10 42 0.07015759989380828
405 116 214 0.054467688079195005
406 163 165 0.07499147088496833
407 84 85 0.034385432057501795
408 48 60 0.03307701611178403
409 166 167 0.031956728406015225
410 38 207 0.024176609139546945
411 139 194 0.029156996853730428
412 150 151 0.05091923903139352
413 251 252 0.009579107931976135
414 207 324 0.03866877949435383
415 46 373 0.05818692189343823
416 300 304 0.043488626010558695
417 190 295 0.008384733365566164
418 164 227 0.04282096350015177
419 146 257 0.04040824092687604
420 132 395 0.054428260833531576
421 62 63 0.07128073913974825
422 363 372 0.037695509941353254
423 230 335 0.05098204273866571
424 249 348 0.06267012561018612
425 180 181 0.03980261357686357
426 142 143 0.04437719879034256
427 39 176 0.036555573549817276
428 290 314 0.029635146177184782
429 157 258 0.016299297249351776
430 103 273 0.008555128478905464
431 226 227 0.04785893553262711
432 315 316 0.005678498127232841
433 18 122 0.0529647694079521
434 89 368 0.02631888717811187
435 258 259 0.023926557597398708
436 352 374 0.05939058471845032
437 316 317 0.036100953236772024
438 105 106 0.016114998271963894
439 109 196 0.06097246308326543
440 353 366 0.035065229181112885
441 259 260 0.05166768610933909
442 289 290 0.01884943215178212
443 362 384 0.04452587463931425
444 115 120 0.048641638300975065
445 149 150 0.031269545457948224
446 346 347 0.05658103580616022
447 18 19 0.05007803889373775
448 25 75 0.05572659863246301
449 121 247 0.0700645155024608
450 233 234 0.07823164851639902
451 290 291 0.04373051874110638
452 7 38 0.06026454697088912
453 225 248 0.011797275529029205
454 189 388 0.018444322446111626
455 98 170 0.06942009106187015
456 49 369 0.05978852473218805
457 264 265 0.0589221363707565
458 35 152 0.027756020074538302
459 36 148 0.02602479779429364
460 53 131 0.05205406605847364
461 209 210 0.0417146734404675
462 9 61 0.05120805165707145
463 281 357 0.023579656277094282
464 167 333 0.03863726034363894
465 183 186 0.021710362779547215
466 294 377 0.06854597437366897
467 370 374 0.03603704853148046
468 4 107 0.022890216893992836
469 109 200 0.04080954669124903
470 362 370 0.028885608841355603
471 54 66 0.05236480865661806
472 241 242 0.02834375639365142
473 55 58 0.05560188717855648
474 238 347 0.03137653077762248
475 116 161 0.04769908097845956
476 65 67 0.04541628595696431
477 187 188 0.03297960998250716
478 95 169 0.05365038210995579
479 38 319 0.052893916804339795
480 112 335 0.05122123690697837
481 340 372 0.08416163318192371
482 16 195 0.05794246017794603
483 35 147 0.020944555275748195
484 83 86 0.06497103206137221
485 118 218 0.059989094508644564
486 22 58 0.09447049474280304
487 215 216 0.030236117193845894
488 302 367 0.06781667526460432
489 275 394 0.06988318578299821
490 163 229 0.05268184163057842
491 32 313 0.034213141903068144
492 190 281 0.0667074456004444
493 310 336 0.0482073998087492
494 338 351 0.020026489823659583
495 282 312 0.04631426430516476
496 311 313 0.029865924254495357
497 55 62 0.028317921125116056
498 158 202 0.03856509558220932
499 1 398 0.013384786122321869
500 395 397 0.026853574253160088
501 293 295 0.05158756705553737
502 240 351 0.014641429886514408
503 73 74 0.03315549294389229
504 96 239 0.03617010914199636
505 102 271 0.009198368634022229
506 80 182 0.06662479056518958
507 50 51 0.03746538111483053
508 323 325 0.03883704340042119
509 173 398 0.026971167431415432
510 28 100 0.04776490549239378
511 104 105 0.013351351040139214
512 164 185 0.036217868193868415
513 396 397 0.046727345992166
514 334 349 0.06420155342543422
515 122 353 0.04088106641155053
516 271 272 0.04685989452890875
517 7 8 0.019078805575363823
518 29 30 0.032904473963064694
519 300 302 0.02653392834373326
520 127 139 0.047497485616916864
521 214 215 0.09557284595381976
522 8 56 0.032831728042471794
523 25 77 0.026359709766541006
524 54 298 0.04679502954458029
525 176 201 0.04364107047143278
526 1 172 0.031391101802313415
527 114 220 0.043898946722182516
528 124 251 0.03785644093898958
529 219 317 0.03544058245474182
530 329 354 0.06581285160021283
531 51 151 0.06270843600825096
532 247 248 0.041385291635189905
533 270 344 0.0654864742002819
534 379 381 0.04781013196425827
535 118 217 0.057183897044321565
536 333 352 0.06510528182207152
537 140 141 0.05186908949083845
538 302 366 0.032603988981715674
539 334 335 0.04785563600064045
540 44 141 0.03446116383078089
541 193 194 0.029831321863426994
542 221 222 0.03284059654785345
543 213 218 0.02945778559601892
544 279 280 0.016311494597375114
545 304 393 0.041990113527928155
546 253 254 0.0223716307166427
547 209 326 0.0337102997142897
548 311 312 0.03720307170661927
549 354 391 0.054713656946308274
550 47 49 0.02323719314045475
551 340 341 0.01868605504319056
552 76 397 0.02472004487138326
553 199 200 0.0020193280143013313
554 144 145 0.05779979369540201
555 257 260 0.01772611054187771
556 309 373 0.03554878005742154
557 341 342 0.043813233370507604
558 3 34 0.04115065529067775
559 134 281 0.0443978150558989
560 387 395 0.028556741137930684
561 97 189 0.07097519060446758
562 92 93 0.01718175257332577
563 278 283 0.04365455592769585
564 188 346 0.05256736126728493
565 248 332 0.011656835674801738
566 291 318 0.005463495165911322
567 46 193 0.048758401806274505
568 99 101 0.06060947262163945
569 261 262 0.032885873154595936
570 297 358 0.02198262575486135
571 354 386 0.0356282692905228
572 52 115 0.050000736067477736
573 337 349 0.040580938896674086
574 82 84 0.05472855829498913
575 205 206 0.030450335102707168
576 101 282 0.06800449680638362
577 130 132 0.024205249907325872
578 266 277 0.03546607215390149
579 224 253 0.025184268592706154
580 152 153 0.01975207248972374
581 61 390 0.03376672696165504
582 231 380 0.03361118639022934
583 360 367 0.04570146449800589
584 182 184 0.018799236737524306
585 117 204 0.023982986607815192
586 322 323 0.023346832529725938
587 44 133 0.016577068844618868
588 106 108 0.011782812895253831
589 265 331 0.017845803746639143
590 94 376 0.06742895471209387
591 14 15 0.018117139566090356
592 123 245 0.041447074421679365
593 318 348 0.08802961894624511
594 156 253 0.029996316150545887
595 303 307 0.004858291414047578
596 39 197 0.08476501079720632
597 375 387 0.04115229214747941
598 64 280 0.032371157267154387
599 16 180 0.03013566581353579
