498
0 208 320 0.018084127971074383
1 64 155 0.030960594135937148
2 204 205 0.030613707694679426
3 63 292 0.062028764868116516
4 374 381 0.07421703813306778
5 136 155 0.0440839040373145
6 21 24 0.05326807919540333
7 221 307 0.00519765572693505
8 86 394 0.030925644947199387
9 321 322 0.040683500487561405
10 13 57 0.0632840970773766
11 2 191 0.039327154600585355
12 88 90 0.05488251113507967
13 40 43 0.018114844439296635
14 74 75 0.022091653849724932
15 176 263 0.0813238109795906
16 182 183 0.03608757373329759
17 211 212 0.03559715585035932
18 235 342 0.035368420183128836
19 99 192 0.08141556478939688
20 298 299 0.050717139716341446
21 343 345 0.033083302933309966
22 224 332 0.00917745676793732
23 25 26 0.0756283535915526
24 8 399 0.050475274819867216
25 19 22 0.0452398145169454
26 23 91 0.048646557617740664
27 201 270 0.025456221872684447
28 213 216 0.06417616526457454
29 50 130 0.04736376551958839
30 328 329 0.04759483241342699
31 171 294 0.05165016541934128
32 279 332 0.05197766327601158
33 243 244 0.026995207485642395
34 6 108 0.025615234439101273
35 14 240 0.07161623281524643
36 338 386 0.036012488199183436
37 297 361 0.07575120375392301
38 356 364 0.04682175732849109
39 359 360 0.051215513612993806
40 179 246 0.037821406266732006
41 177 310 0.04747270049276119
42 71 301 0.03005041836119169
43 339 343 0.037207386151553466
44 274 275 0.06094563648629005
45 17 197 0.05835732845910835
46 305 306 0.00621938597418471
47 159 321 0.02004223377508122
48 360 361 0.035210286883604516
49 32 33 0.028628818726016466
50 392 393 0.04004189946230785
51 166 334 0.04938505274805118
52 256 262 0.013234297683194425
53 110 203 0.027283251838667477
54 11 124 0.05017369606823533
55 306 307 7.395942607243456e-05
56 33 103 0.03933443517375903
57 110 212 0.03476530352497801
58 164 165 0.03570672772278543
59 284 314 0.018899129466210418
60 219 236 0.047899944398662735
61 87 89 0.05125221258698683
62 187 339 0.0216166070911333
63 68 129 0.023691127859173964
64 296 364 0.04608705818578908
65 195 196 0.04004464748106965
66 0 9 0.03869586449260178
67 45 261 0.05516664492028769
68 111 276 0.057539976284837875
69 356 359 0.03491133875517347
70 28 31 0.03141494985562062
71 224 225 0.0078088186510473665
72 45 138 0.045687961470730024
73 128 155 0.03657777413509229
74 170 293 0.036988156967410035
75 117 202 0.03208208075333007
76 256 257 0.010968296897291147
77 30 102 0.039658825382215164
78 14 350 0.03468190351234305
79 41 43 0.06910746041318491
80 40 137 0.05692219548408396
81 353 383 0.03546726298119842
82 52 267 0.08222576666608668
83 80 81 0.0455700132087836
84 287 288 0.03697053741070249
85 2 144 0.05461559106218748
86 318 328 0.03630034786172167
87 42 125 0.04605976645989167
88 31 32 0.01996942329048186
89 106 341 0.0640783574148034
90 70 72 0.04323598099640673
91 170 192 0.049512795299014936
92 126 128 0.039746971527761056
93 157 261 0.027686106976107835
94 233 276 0.02335615179510342
95 6 342 0.03373539608475091
96 58 59 0.051124531582117154
97 113 209 0.0541179329874791
98 359 377 0.04615058538838766
99 177 324 0.03383752796478838
100 206 321 0.046666571876905344
101 91 183 0.029632217646312544
102 203 211 0.01958542353896398
103 22 93 0.05555423292191089
104 37 388 0.1039516643217057
105 268 305 0.042534989518206806
106 87 88 0.024057465996871783
107 133 135 0.07589129407885828
108 68 128 0.0534587575087621
109 325 327 0.00020852579468066428
110 146 255 0.04297844067816793
111 0 1 0.02679380971383048
112 226 370 0.060663242339909086
113 52 288 0.048232442427628586
114 355 366 0.041356113993461084
115 228 323 0.02368404869136
116 77 79 0.035182717083008776
117 65 66 0.08899168906595491
118 125 375 0.08303247813303048
119 221 305 0.0026159163645004323
120 70 92 0.05785731500110478
121 53 125 0.06112076174542166
122 56 283 0.05718487844116351
123 85 275 0.1030477031872935
124 69 219 0.048046036388157264
125 54 204 0.055152420691884405
126 94 95 0.07569207922707602
127 373 392 0.05318371892509102
128 111 390 0.04611988580664934
129 177 178 0.0589726212077413
130 313 399 0.015659241388195896
131 210 230 0.05911639742655948
132 362 382 0.05996167797503952
133 16 97 0.06696606527335491
134 13 15 0.05839301399797913
135 349 350 0.02115357708740451
136 33 173 0.03637906271235341
137 13 20 0.10533637353006783
138 222 250 0.02901728205930934
139 293 294 0.034679154640594435
140 153 154 0.05721604027554478
141 142 154 0.03765069575364988
142 156 280 0.040666326167819226
143 350 351 0.06423059666651708
144 225 263 0.023168321600300683
145 226 229 0.03877633015502275
146 73 81 0.022413083480989276
147 252 254 0.05133625138988736
148 237 238 0.03469260173674873
149 369 390 0.033527709345503205
150 277 385 0.09445888971234045
151 10 238 0.02554999556067383
152 215 228 0.044450810103287226
153 48 49 0.013372656041422574
154 212 389 0.0407434581047206
155 304 308 0.05370522568417091
156 268 269 0.0399856189419425
157 202 205 0.01872480557731106
158 237 344 0.03400280283526935
159 66 178 0.03610046416221929
160 220 303 0.03696786333874013
161 357 393 0.08600586042173503
162 27 120 0.08039383596447901
163 10 12 0.018994607722725213
164 117 160 0.040577370928753666
165 87 189 0.09555267718924389
166 138 140 0.03394444432561534
167 36 372 0.02669474544039672
168 340 388 0.03141905381543679
169 285 316 0.00294105818605407
170 129 194 0.06272217207341656
171 181 241 0.04874980754876521
172 166 168 0.09473797187690425
173 59 115 0.11228809895996986
174 150 365 0.03457501575538389
175 278 319 0.07006136083201799
176 100 101 0.03625589311222191
177 308 309 0.03479001631407272
178 232 273 0.04294593794298103
179 114 223 0.025010826850607164
180 142 144 0.039631500529745275
181 21 59 0.03367911249770084
182 4 5 0.03127578928424863
183 44 258 0.06070152942091112
184 41 136 0.05745364957643951
185 242 328 0.07900169032769706
186 217 391 0.03660916651695585
187 254 263 0.023984548422268496
188 369 389 0.02910973783099699
189 246 310 0.026724137395814446
190 26 27 0.05839777044759521
191 358 379 0.06785877972535845
192 76 77 0.06802001612171896
193 12 40 0.054869170134002346
194 112 210 0.03673441896585821
195 361 381 0.044043656268929476
196 112 217 0.03761690244704385
197 364 377 0.030527885073975813
198 236 284 0.03233359711494435
199 250 286 0.047251651828888484
200 84 165 0.07983573787093584
201 30 171 0.049082931999327506
202 19 72 0.03255495029924868
203 79 86 0.04305787875357716
204 82 83 0.0666678345756133
205 116 158 0.0737783826405115
206 214 249 0.0404770834168847
207 55 288 0.1589655325109826
208 246 279 0.03971200927482782
209 180 239 0.06730874383307385
210 330 339 0.03471445039816801
211 119 168 0.03750718882858732
212 264 266 0.03942793364951996
213 199 235 0.05908587786317912
214 206 299 0.04615176718789647
215 135 259 0.03672051104525837
216 285 315 0.0049997600578578025
217 131 132 0.055931805781019354
218 34 35 0.0456296282170577
219 60 61 0.0381848565798182
220 120 169 0.04638318397970808
221 104 107 0.014856659759665021
222 82 184 0.04673904960531087
223 187 289 0.07578378482508286
224 234 324 0.041898505480498456
225 272 358 0.021168865149069044
226 235 385 0.021226183216206916
227 37 195 0.032958120142858316
228 196 197 0.029841360483029086
229 71 382 0.02747737732814234
230 78 81 0.033382993008522606
231 158 159 0.034735000338161875
232 39 121 0.027605550299614208
233 62 245 0.06783802741225539
234 282 283 0.026542820196520222
235 107 108 0.011280068988565414
236 57 163 0.017865962819689753
237 347 376 0.02606365085180084
238 123 269 0.04653496254725884
239 89 90 0.0028617904898225787
240 41 126 0.051902507483020326
241 172 173 0.010340855432763845
242 124 270 0.04613847583218958
243 20 85 0.025516952235403206
244 267 289 0.04753331291721288
245 148 149 0.04204071166010659
246 345 346 0.029383792390768198
247 134 145 0.04180190018837982
248 140 157 0.03512788975712593
249 162 286 0.04754116779324086
250 24 74 0.06273306584630704
251 34 104 0.027804166172592907
252 64 179 0.04327430598577062
253 218 329 0.050246667618460125
254 272 380 0.02503988653967759
255 46 175 0.04200651974366051
256 127 129 0.03179791796986301
257 149 363 0.021826485644990283
258 365 368 0.023382648985659747
259 159 228 0.04569714389789287
260 21 23 0.07915067693975307
261 109 266 0.05185598131042141
262 57 167 0.05923406613754548
263 223 286 0.04612938439236377
264 337 338 0.051331738328770776
265 60 172 0.030588075200950415
266 319 320 0.027142821223682546
267 48 232 0.028911550341993712
268 301 371 0.03591573999162542
269 20 88 0.053679614334924755
270 169 267 0.048148514635705165
271 314 330 0.04359616459200737
272 398 399 0.028113440824304576
273 249 287 0.016397059175459736
274 265 320 0.04107146932748796
275 113 118 0.02512868416457706
276 344 345 0.030551094691474434
277 271 273 0.003761269261751362
278 326 327 0.00025319755941108265
279 130 255 0.03181590578462069
280 394 396 0.0627829431765886
281 29 31 0.038140483750012506
282 375 376 0.0791297992435475
283 300 356 0.048196066397249486
284 36 105 0.04986914397695184
285 131 256 0.04601863528512304
286 113 216 0.02785418161260079
287 241 315 0.05020953824002561
288 213 348 0.034367028630815644
289 160 223 0.07397588746999857
290 75 78 0.009368686914505903
291 220 222 0.025997154832978583
292 42 43 0.0256168999241824
293 147 153 0.02341019795728243
294 70 384 0.03503211715897889
295 96 97 0.03772188206639533
296 208 336 0.015883437748655138
297 51 255 0.04194680361985683
298 174 303 0.0030356826690598362
299 37 198 0.03516478935777474
300 143 146 0.03576880906254512
301 47 231 0.018312572047294345
302 171 297 0.054929542364740354
303 198 200 0.00013072928812561815
304 45 53 0.02963174971286561
305 308 355 0.027626999389335213
306 229 333 0.03291963104625866
307 5 385 0.04217980221563426
308 65 114 0.04791532994936342
309 9 233 0.039215167611917144
310 239 240 0.0457640111890135
311 67 68 0.05211745227573018
312 242 386 0.0666762629018786
313 185 186 0.037566427981662355
314 234 298 0.0451465307816368
315 371 382 0.030736648970580146
316 147 148 0.034795144273875075
317 28 311 0.026116758328322102
318 23 73 0.0494153067807237
319 243 378 0.029944392641650244
320 134 135 0.031572311947681245
321 231 232 0.013037517807425049
322 141 193 0.03542369909426516
323 268 309 0.05909143741974607
324 260 262 0.0035687058397974513
325 178 179 0.04845769825380551
326 269 292 0.05365685638518958
327 2 152 0.052821568007201565
328 26 94 0.03878598092200156
329 78 79 0.053726447852141514
330 151 154 0.04947309658813579
331 161 162 0.04571701154449014
332 67 175 0.0726929922932835
333 126 127 0.042294487201221066
334 69 343 0.06267379004308318
335 47 244 0.08722712520950193
336 133 392 0.04805886825120691
337 76 387 0.03083755781076454
338 18 63 0.049270721500446465
339 207 208 0.05802669131449943
340 110 111 0.0260322278564656
341 227 384 0.057404017917103485
342 367 371 0.05317727107890846
343 71 72 0.0445138271176067
344 90 274 0.03483573831000124
345 168 244 0.03526931153042599
346 378 380 0.06894939618623533
347 50 396 0.0357482122479939
348 191 192 0.02764618026761487
349 24 27 0.04352513956048751
350 102 103 0.005798834692647032
351 295 296 0.06290197162715525
352 184 185 0.03824949684620931
353 276 299 0.04056040110398536
354 137 252 0.008804087521917777
355 292 383 0.039679148304810424
356 287 291 0.12987080273134538
357 325 326 0.0002655718817451193
358 143 145 0.06104734974961832
359 0 7 0.06402721374905508
360 198 199 5.942829325931466e-05
361 211 327 0.0353716179215509
362 355 383 0.031112172504821158
363 160 161 0.060291438954649806
364 91 93 0.038443927625866174
365 190 191 0.06573470681045437
366 119 389 0.05937200828518201
367 122 301 0.0341405839843334
368 243 352 0.057064861642579685
369 162 245 0.08940832553988272
370 15 96 0.09337729211978107
371 3 99 0.03679138595862423
372 247 331 0.036638260131686994
373 274 365 0.018126583924028522
374 277 278 0.044243734435087646
375 98 100 0.04303362044657385
376 174 306 0.005603272512269101
377 296 357 0.017397460118281922
378 236 330 0.015947009058124816
379 11 12 0.02387296893184028
380 92 186 0.03759427491062517
381 136 156 0.02425678687536502
382 123 250 0.03935318100388931
383 95 188 0.026762106724734305
384 3 4 0.03771532675318612
385 378 379 0.029565440220669655
386 5 6 0.013391003783285236
387 331 336 0.043831321023540176
388 56 312 0.011391949920978134
389 284 285 0.04921729356928893
390 119 230 0.03738064970780297
391 137 251 0.006096259763197804
392 80 83 0.015462555984838538
393 363 368 0.02779012935883309
394 17 317 0.0580291321592762
395 121 264 0.0681931946781413
396 203 322 0.03709148224582591
397 11 237 0.01855713690948542
398 174 175 0.049408597893855544
399 337 391 0.046534677260732835
400 17 181 0.04488320567804958
401 138 139 0.057489167570114755
402 29 98 0.03715640238299608
403 69 201 0.04553985234475763
404 10 42 0.06919992151637273
405 116 214 0.054747311795666324
406 163 165 0.07478081216309118
407 84 85 0.03493391558378443
408 48 60 0.033644076632230374
409 166 167 0.03265707966829466
410 38 207 0.023880541678060512
411 139 194 0.028247099476421296
412 150 151 0.051577255295031356
413 251 252 0.007987504660353646
414 207 324 0.039060305432898595
415 46 373 0.05795089636768533
416 300 304 0.04350751499554594
417 190 295 0.007897188716923818
418 164 227 0.04327702392606118
419 146 257 0.04120497144256137
420 132 395 0.05472115932916516
421 62 63 0.07136484479683496
422 363 372 0.037865679257202134
423 230 335 0.05010549062007775
424 249 348 0.06237716596413214
425 180 181 0.04045113749028589
426 142 143 0.043980243835095134
427 39 176 0.0367311290156612
428 290 314 0.030359973344802168
429 157 258 0.016259469115924356
430 103 273 0.007945323784168321
431 226 227 0.04733611664273395
432 315 316 0.004116755386913752
433 18 122 0.052486325427479795
434 89 368 0.026713992183040148
435 258 259 0.023685694922979453
436 352 374 0.05847290755966652
437 316 317 0.03627554054023171
438 105 106 0.01586561390058897
439 109 196 0.06026985236146478
440 353 366 0.03430404004848301
441 259 260 0.051924876606803914
442 289 290 0.018970649377110474
443 362 384 0.044116555972905945
444 115 120 0.04817649003179751
445 149 150 0.031013163921792028
446 346 347 0.0564522773970075
447 18 19 0.050107802210775626
448 25 75 0.05517595657947793
449 121 247 0.0692303719307267
450 233 234 0.07763468986018292
451 290 291 0.0445599069641936
452 7 38 0.06110827411707549
453 225 248 0.010992943507959046
454 189 388 0.018597721679270603
455 98 170 0.06962967666404747
456 49 369 0.05982787680048548
457 264 265 0.05899362553277723
458 35 152 0.027019407089141953
459 36 148 0.02572594421262048
460 53 131 0.05172230963374569
461 209 210 0.04208709222540814
462 9 61 0.05087842931215427
463 281 357 0.023484598613608458
464 167 333 0.038169834322613276
465 183 186 0.021051814247560273
466 294 377 0.06878273939135603
467 370 374 0.036671077765843885
468 4 107 0.022280014025731015
469 109 200 0.04150420562000948
470 362 370 0.029248664136718054
471 54 66 0.05257748595337722
472 241 242 0.028969273185509455
473 55 58 0.0555506803647046
474 238 347 0.03178112803303809
475 116 161 0.048030727977522475
476 65 67 0.045609047615672485
477 187 188 0.0331639889752705
478 95 169 0.053881852208466786
479 38 319 0.05246389780469114
480 112 335 0.05060029509130808
481 340 372 0.08391529412822446
482 16 195 0.05821595527524756
483 35 147 0.02000286196633722
484 83 86 0.06507884330999945
485 118 218 0.05965186844169813
486 22 58 0.09449140264326789
487 215 216 0.030399274398270434
488 302 367 0.06735627561653387
489 275 394 0.07039976358535185
490 163 229 0.052113946823205255
491 32 313 0.033855949387040056
492 190 281 0.06620612585528908
493 310 336 0.04850069512174888
494 338 351 0.02020080747749929
495 282 312 0.04545133614871113
496 311 313 0.029396570723436346
497 55 62 0.028916857705287576
498 158 202 0.03876975800360531
499 1 398 0.012570771707962603
500 395 397 0.026003018344039425
501 293 295 0.05168959583204517
502 240 351 0.014638709648137923
503 73 74 0.032428977323176476
504 96 239 0.035326906370639746
505 102 271 0.00849781457590399
506 80 182 0.06644230106210877
507 50 51 0.036913873224827184
508 323 325 0.03876226635448658
509 173 398 0.02619354493018639
510 28 100 0.04746948291245176
511 104 105 0.013050077671979765
512 164 185 0.03683860982122754
513 396 397 0.04695268306121376
514 334 349 0.06470134130490098
515 122 353 0.04156239535252918
516 271 272 0.047238924783549636
517 7 8 0.019023644768720382
518 29 30 0.033203802362007935
519 300 302 0.026482689792367207
520 127 139 0.04750458226527344
521 214 215 0.09470119288567404
522 8 56 0.033326904225702475
523 25 77 0.026547147914705374
524 54 298 0.04663429088001034
525 176 201 0.04419966566253754
526 1 172 0.030285115796241345
527 114 220 0.044489066017880705
528 124 251 0.03871796624219282
529 219 317 0.035762471244020655
530 329 354 0.06563765823735987
531 51 151 0.06325086333949059
532 247 248 0.042180012051975885
533 270 344 0.06466261021975397
534 379 381 0.04736859606261843
535 118 217 0.05710315997671956
536 333 352 0.0652226357782386
537 140 141 0.05112474066775427
538 302 366 0.033314892318492856
539 334 335 0.047898625488072215
540 44 141 0.0341757983714114
541 193 194 0.030418608955268746
542 221 222 0.0328116485595129
543 213 218 0.028957562507078646
544 279 280 0.016112610190907525
545 304 393 0.04198766924457021
546 253 254 0.0221145328642899
547 209 326 0.03395804096744902
548 311 312 0.03779461587265433
549 354 391 0.0542716447238739
550 47 49 0.022987538784624464
551 340 341 0.019029488555226178
552 76 397 0.023849869008654045
553 199 200 0.0001375782809416381
554 144 145 0.056996926948227895
555 257 260 0.016897608330263533
556 309 373 0.03567480207788585
557 341 342 0.04334864308939385
558 3 34 0.04026217365044866
559 134 281 0.044778710326504
560 387 395 0.02782537632755759
561 97 189 0.07125889433657626
562 92 93 0.016832188923314517
563 278 283 0.04430002666752505
564 188 346 0.052403584483345735
565 248 332 0.010792525024868717
566 291 318 0.005547678720656085
567 46 193 0.048897974414842844
568 99 101 0.0610349014610646
569 261 262 0.03324646258301375
570 297 358 0.022015131243858326
571 354 386 0.035221110304912574
572 52 115 0.049851183577029126
573 337 349 0.04044808012494516
574 82 84 0.054631192362040545
575 205 206 0.030705000183875442
576 101 282 0.06803334041199047
577 130 132 0.024451953314508237
578 266 277 0.03536992881553644
579 224 253 0.025030624834281263
580 152 153 0.01887143111252966
581 61 390 0.03367799916173611
582 231 380 0.03362938794664933
583 360 367 0.04582305773203499
584 182 184 0.018401366379332318
585 117 204 0.02331506894140246
586 322 323 0.022732293223821816
587 44 133 0.01668997278281458
588 106 108 0.011477394359995665
589 265 331 0.01725342413053801
590 94 376 0.06725649066754179
591 14 15 0.01844978418970327
592 123 245 0.041209054416515845
593 318 348 0.08727209871560301
594 156 253 0.03062794422391939
595 303 307 0.00436360322563098
596 39 197 0.08481024853479754
597 375 387 0.04209220930763347
598 64 280 0.0317747898226095
599 16 180 0.02985928275098034
