0 0.031799449017084175 -0.6443382521816271 0.7647406205868275
1 0.0245607779333215 0.20980693778915993 0.9777428337019585
2 0.0069001006407174775 -0.06762342648974021 0.9977109161424399
3 0.04571443301482444 0.6032754052521676 -0.7975329368858899
4 0.06206679351779883 -0.9218416312553215 0.3875667773229897
5 0.020098430207245877 -0.5713454970823197 -0.8207096459551069
6 0.11177676733303614 0.8033326814713091 0.5955305222069783
7 0.022847622057452367 0.22724115468328446 -0.9738385172184388
8 0.031009699416502508 0.7597668498139898 0.6501956120458876
9 0.05798968376883864 0.029105319706130152 0.9995763504429284
10 0.05406418753813437 0.8362837092707448 -0.54829696115186
11 0.10633452244733943 0.4748745014534854 0.8800535255706347
12 0.012209171782004187 -0.9976236384724831 -0.06889902728576182
13 0.014035543241487638 0.9828769044480106 0.1842633731990606
14 0.054111695427051715 0.7976855075135003 0.6030736531327906
15 0.11591455666750851 0.12213068218796355 0.9925140283483668
16 0.07481753252915012 0.9999616511059773 -0.008757643370653226
17 0.12715163493889783 -0.36379063825074354 0.9314807413581435
18 0.10000853935648191 0.3344296570300388 0.9424207152321996
19 0.07953815878966213 -0.9093075350838609 0.4161247488911385
20 0.12310126148355768 -0.49493645535973224 -0.8689291715415841
21 0.13301296197728957 0.1508631103331939 0.9885546631019423
22 0.07400765425159377 -0.4895298418947134 -0.8719865445604863
23 0.05743165461165056 -0.3915789858844109 -0.9201444983336782
24 0.06593623952986641 0.8819235736284583 -0.4713924164413438
25 0.056371868486049984 -0.16442299603714886 -0.9863899220765425
26 0.07196040053095869 -0.5779091969154588 0.8161010722456682
27 0.14164841027464659 -0.931799788089543 -0.3629726641446745
28 0.07288139685079978 0.8374163424789225 -0.5465655215518301
29 0.05915985687976369 -0.42204966449399445 0.9065727112044056
30 0.1294246999809036 0.9003629858602072 -0.43513962551449187
31 0.1215855264869885 -0.9868828280054268 -0.1614381732676976
32 0.10590072738185977 0.12557758243881226 -0.99208380230141
33 0.06191735542033506 0.989606670617155 0.14380068661181566
34 0.06893655226957948 0.2723626046348722 -0.9621946848723019
35 1.1102230246251565e-16 6.123233995736766e-17 -1.0
36 0.09869557080774781 -0.7100844366451785 -0.7041165335612418
37 0.05470303631364843 0.5328076416673131 0.8462363836310255
38 0.10125846181148099 0.6874546061469002 -0.7262273504126723
39 0.08214492416093573 -0.08997891209524274 -0.995943670785731
40 0.038510154480580774 0.43346310161355395 0.9011713153111109
41 0.09020415531988445 -0.7273473241877075 0.6862695315959918
42 0.013992205956376786 -0.10997173151820865 -0.9939347152941621
43 0.11737400458603563 -0.7084927276012087 0.7057181129432626
44 0.05324171301014771 -0.9920141042083785 -0.12612698780058282
45 0.08768826366232646 0.3885972783568729 -0.9214077030574637
46 0.13667637255351955 -0.862092991425796 -0.5067501101475187
47 0.05529825804828966 -0.9700744218486563 -0.2428077759772019
48 0.06927809889200638 0.9980354767248927 0.06265131441970015
49 0.08057635454933268 -0.7210856959996853 0.6928458840352949
50 0.03344067823148368 0.4618096697867094 0.886979046478264
51 0.041618535552711534 -0.5892720723875043 0.8079346661111503
52 0.0672931526459032 0.9811130910132362 0.19343500883359568
53 0.04614528934211087 0.9934010200692429 -0.11469269081065149
54 0.10359636256950368 -0.4651788676262642 -0.8852167085600828
55 0.1222262775450554 0.3284789006832835 -0.9445113084584544
56 0.06469392927478462 -0.9610195024543217 -0.27648058865397396
57 0.03611451111431005 -0.5820173755081843 0.8131763490206568
58 0.00847374279904139 0.05950642540791548 0.998227922538321
59 0.06918519595630312 0.6998376380523921 0.7143019532139395
60 0.00022036574346446245 0.3356207341780223 -0.9419971989288531
61 0.07125057751642423 0.1635259525857399 -0.9865390325937066
62 0.1165725447806113 -0.05992704254957557 -0.9982027597493714
63 0.10807888505297823 -0.9275766601210218 -0.37363289416047185
64 0.0003979380867051106 0.2732702898559319 -0.9619372893708067
65 0.12735031132910007 -0.8175378597507342 0.5758748543513502
66 0.08858828365106917 0.9973931490021208 0.07215889635819818
67 0.09394680834709634 0.4374374385118592 0.8992488461978605
68 0.058872108308181265 -0.32897709618290716 0.9443379004292173
69 0.035771945356950094 -0.9974471586894474 0.07140844223443263
70 0.144244548994054 -0.2990786007035554 -0.9542284792444644
71 0.08193503784580389 -0.9901924771108889 -0.1397099075692264
72 0.034736072066422326 0.7137302908383367 -0.7004206392874379
73 0.034111502621842885 0.9867940754025 -0.16197979117940994
74 0.06921394158146688 0.6131683430902622 0.7899522662996432
75 0.09039372233911674 -0.7442469792453175 0.6679045095552358
76 0.02472697682370336 -0.1027754174213674 -0.9947045860826539
77 0.008371233753481198 -0.9996892262469791 0.02492891745977276
78 0.13924240230384344 -0.9217444604638222 0.3877978205254089
79 0.06693035551267634 0.8948900140012648 -0.4462867495689471
80 0.10832838296526846 -0.022765952681305636 0.9997408221126677
81 0.028689002046730867 -0.6236770269540592 -0.7816821387557386
82 0.0003237602863466143 -0.9364032913726583 0.35092574129928444
83 0.01376511750835424 -0.7805665986927327 0.6250726237848354
84 0.11873262719550864 -0.421569597113696 -0.90679604916949
85 0.05591296949070267 -0.8453914426171872 0.5341472725284956
86 0.03541992894090687 0.5022276369320248 0.8647354512807223
87 0.09464240282898716 -0.948160242406402 -0.3177926284856731
88 0.11213900077767085 0.18475079635662525 0.9827854004031565
89 0.04570611853306958 0.4403575891950404 0.8978224733422149
90 0.13477276769810342 0.4315319020622471 -0.9020976762538185
91 0.07364711890687696 0.09651314450630595 -0.9953317100030045
92 0.10241699801838652 -0.6395311330017762 -0.7687651981726699
93 0.052896202674067784 -0.786757869380261 -0.6172617394333073
94 0.10246103389328104 0.5791621152592885 -0.8152123921091893
95 0.04585318151521532 -0.8075323455194966 -0.5898232878920434
96 0.029509515570919378 0.46345102635860014 0.8861225345104141
97 0.1531192223870472 -0.5963311745152315 -0.8027385192584722
98 0.09062272119038056 0.871818782402469 -0.48982855230200334
99 0.08950019435938145 -0.11378831252203342 0.9935050175683
100 0.01123326283169591 0.9978674897576403 -0.06527229798915993
101 0.15432043896353298 0.6725151150329587 0.740083387228903
102 0.06522314536571996 0.847291356347815 0.5311283813338165
103 0.0104390987311401 0.600527475466017 0.799604121556669
104 0.0683769883170414 -0.9014567894571721 -0.43286909885272196
105 0.05858643228306819 0.8014338801498618 -0.5980833852799597
106 0.05612883445260463 -0.4096595647817305 -0.912238478131044
107 0.042502034109686476 -0.269087599511166 -0.9631157063350791
108 0.010438022314253406 -0.9999810014330974 -0.0061641522417638876
109 0.12193467270161104 0.06917319978717743 -0.9976046654016827
110 0.045665858993469775 0.7123609837156225 0.7018132435909931
111 0.04070166286049684 0.1785135500283001 -0.9839374535285734
112 0.03159339832947005 -0.4309145239004223 0.9023927488026887
113 0.0794016072595118 0.5168952330021552 -0.8560486657308961
114 0.07744073334161448 -0.3667936197413542 -0.9303023382304458
115 0.13931831219528856 -0.005104976334675607 0.9999869695234146
116 0.028133471589501236 0.3771570947465266 -0.9261492999956106
117 0.038590985045266944 0.45346764915471455 -0.8912727366918034
118 0.08621464850283973 -0.9983408382316894 -0.05758099268723862
119 0.022139944190450594 0.4961485627626569 0.8682376423932274
120 0.07830769395122446 0.7586783908429089 -0.6514653477108466
121 0.05800300862700901 -0.9618108126991592 0.273715108415635
122 0.11148062346096481 0.9463545226914728 -0.32313018642862
123 0.11019131550301206 -0.6944641178957094 -0.7195273371841644
124 0.029573784446381698 0.99897116640609 -0.04534984773134338
125 0.0011113583654787204 -0.012081719504240113 0.9999270133633859
126 0.015953355521877325 -0.7192796150331424 0.6947206887647541
127 0.0011056576605350216 0.0739838098231899 0.9972594426146318
128 0.06419935848777508 -0.9742683307423153 -0.2253912591752005
129 0.06928737050858573 -0.11108282016382894 0.9938111526162556
130 0.06240397572812811 0.6544056373501452 -0.7561436780165196
131 0.041088325561039744 0.8353730577717995 0.5496834128377841
132 0.04855638974755945 -0.9883449866766887 -0.15223070423228036
133 0.12713385422139933 -0.48233320695952625 0.8759878295182753
134 0.08797606544798328 0.9907832383390595 0.13545691058918502
135 0.11532942051120784 -0.02847585877985582 0.9995944805103466
136 0.04515475033078737 -0.760897785875007 -0.6488717588634229
137 0.15108135804800332 -0.9090427626150368 -0.4167028386479049
138 0.05927835444358554 0.038854562153209385 -0.9992448763941111
139 0.03519649840144183 0.5288223665288783 -0.8487325283378719
140 0.11085676047704134 -0.07604738033488934 0.9971042051582175
141 0.07106114651084634 -0.5220135711987596 0.8529371790960443
142 0.0516483375301111 -0.4761605828344613 -0.8793583452465474
143 0.06400013422486671 0.27281043398052673 0.962067807959167
144 0.0795531475704515 0.4844014970258732 -0.8748458090881461
145 0.10166006704248842 0.779613369324806 -0.6262611231507379
146 0.13402843717851845 0.11926556785412278 -0.9928623894198196
147 0.06760525204784161 -0.9982794440131413 0.058635754116524066
148 0.0581399476950618 0.27530662187738736 0.9613564708007437
149 0.0463512320184373 -0.9998528001231314 0.017157449866850995
150 0.0827890232930022 -0.28756742183288175 -0.957760396915841
151 0.060116207757716915 0.9507179387728188 0.31005709296121997
152 0.041744378215824676 -0.955622239312288 0.294594867117145
153 1.5700924586837752e-16 -0.7071067811865475 0.7071067811865476
154 0.1537256422972055 0.996326597442411 0.08563475479516423
155 0.03867875150466263 -0.8157544338964672 0.5783983952071914
156 0.06522322935397107 0.9884952609792652 0.15125183972942086
157 0.06115126791339907 0.39068555790472165 0.9205241956867165
158 0.02401944237479121 0.7149068056218584 0.699219750347164
159 0.03149416860965749 0.9810619805290131 0.19369406382357288
160 0.03767321511110114 0.9705341717595015 0.24096352721334915
161 0.07713691493763108 -0.5387008375695616 0.842497126168305
162 0.035955447763840194 0.4291152089740748 0.9032497646980796
163 0.03123713638832465 0.9563345766771979 0.29227414776480765
164 0.05544414992732165 0.9725979643002983 0.23249344042126344
165 0.0029939077045610025 0.9388187132418977 0.3444117066344107
166 0.07119307567127482 -0.8451702500975734 0.5344971920880457
167 0.09336301493779567 0.5765364823145313 0.8170714072591123
168 0.0708720182000883 -0.8238834107400004 0.5667593188536241
169 0.10522221490615015 0.738591775926918 -0.674152941500014
170 0.12080579313161717 0.9880227344354398 -0.15430838032562127
171 0.0029906056929129643 0.9762173736170324 0.21679400233462032
172 0.07324860961580346 0.9778746293799394 0.20919180006646074
173 0.06598428458413508 -0.8338863657573006 0.5519361638849927
174 0.09862569979546781 -0.9968155255341941 -0.079742134746874
175 0.10566997856624877 0.4987011998649558 -0.86677396895226
176 0.032609684655793995 -0.6889525994814142 0.7248063987492123
177 0.03397549157671725 0.644711881030771 -0.7644256605175973
178 0.07103577645687709 -0.9506170650637091 0.3103662282041328
179 0.07347236375565573 -0.8872103927347281 -0.4613650604710866
180 0.10841028253690096 0.9284059686872463 0.3715674330534038
181 0.07442572033504515 -0.6794344153358334 0.7337362436579334
182 0.05969968544146756 -0.868015589490464 -0.4965369436421848
183 7.850462293418876e-17 0.7071067811865476 0.7071067811865476
184 0.01437144175403169 0.9702732442414773 0.24201204827263956
185 0.03274577671045213 0.9937663915017466 0.111482550749421
186 0.09257409720776434 0.7172643419781963 -0.6968011651300426
187 0.044810734616432264 -0.9996175439973497 0.027654398071676214
188 0.07730090527653714 0.24349015844201002 -0.969903367734067
189 0.04700624362557583 0.11489901074317876 -0.9933771777780275
190 0.07129799183089237 -0.48973795409219856 0.8718696785194376
191 0.0596995370716257 -0.8310238648940976 0.5562367625179736
192 0.03754292636531913 0.8556147507951156 -0.5176131743124514
193 0.06460797956215375 -0.8474897557615667 -0.5308117499445543
194 0.017459923023729618 0.9995304567705726 -0.030640920156067394
195 9.561991299043852e-05 -0.9959001545682532 0.09045928438214296
196 0.02687677653875059 0.4771376024517332 -0.8788286000845739
197 0.05440502216097484 -0.7158168885717868 0.698288036583333
198 0.05154068057400473 0.2234099012808607 0.9747245846954288
199 0.06448947780726452 -0.16274817367176675 -0.9866676400726359
200 0.06605224747747508 0.30460696692864186 0.9524781339739686
201 0.07057531945596854 -0.7925607172427225 0.6097930054401258
202 0.0797936956075187 -0.30472824985962466 0.9524393386129587
203 0.05104594926229051 -0.7543005446249635 -0.6565292745784329
204 0.05644942332138934 -0.599215165491947 -0.8005880247945623
205 0.1220842186005162 0.03104740926562926 0.9995179129850013
206 0.07233995755640983 0.5844555744539228 -0.8114257091624193
207 0.0002477249132989335 -0.925263761682714 -0.3793243616178032
208 0.08496315492140613 -0.9876353693665971 -0.15676854651397798
209 0.043917039401248595 0.9256570850942959 0.37836352997445644
210 2.905843646885552e-11 -0.435421111307952 -0.9002268913042689
211 0.06557316814402334 0.9795991842288198 -0.20096128547118433
212 0.11468325742111471 0.7104091999056309 -0.7037888665568968
213 0.08028014461715544 0.992326085517655 0.12364845329080229
214 0.05126874228985829 0.7604441882270858 -0.6494032927169745
215 0.04436760941178558 0.949238114272244 -0.3145584244824388
216 0.10763852906125346 0.8409063752751036 -0.5411806242112579
217 0.06453716519978984 -0.37464165762721796 -0.9271696869345603
218 0.02490505985163006 0.4899990697642069 0.8717229557779306
219 0.08469907006601579 0.633120574387132 0.7740531882808236
220 0.07249212530989019 0.6972995044226531 0.7167798833197835
221 0.038938565223995046 0.2576382895057236 -0.9662414355535396
222 0.08009337081575449 0.9979361342351173 -0.06421426623321361
223 0.03735269460373656 0.8527091485593866 0.5223859760398684
224 0.05441848518214364 -0.996917679397746 0.07845470351873647
