568
0 208 320 0.016383087035893338
1 64 155 0.032312968525291995
2 204 205 0.026324294731371475
3 63 292 0.05929579856261775
4 374 381 0.0734835804776841
5 136 155 0.039001837701706926
6 21 24 0.050566320339808186
7 221 307 0.0023086132267587083
8 86 394 0.03313545069080887
9 321 322 0.041362312307389515
10 13 57 0.06542361767743606
11 2 191 0.04193933167865421
12 88 90 0.050393227361093855
13 40 43 0.01865928353306537
14 74 75 0.022964662160139378
15 176 263 0.08181938248295895
16 182 183 0.036958057000951235
17 211 212 0.03187003016182554
18 235 342 0.03534484313934548
19 99 192 0.0800463461033638
20 298 299 0.04881114515494274
21 343 345 0.03331059890191802
22 224 332 0.005625686863634885
23 25 26 0.07530093098279396
24 8 399 0.04795450178857059
25 19 22 0.04561258462081622
26 23 91 0.053091401297276755
27 201 270 0.027470287010510682
28 213 216 0.06118846085398413
29 50 130 0.0414376033089621
30 328 329 0.045166321073109014
31 171 294 0.05369973608839236
32 279 332 0.05478646411516843
33 243 244 0.026724226303838534
34 6 108 0.026213760778163096
35 14 240 0.06372947909510228
36 338 386 0.038988011619793386
37 297 361 0.07342582155575851
38 356 364 0.0432281387864834
39 359 360 0.05280931091737038
40 179 246 0.03264182201983028
41 177 310 0.04480434311590802
42 71 301 0.026002718077579888
43 339 343 0.038295386580174846
44 274 275 0.06149239192711363
45 17 197 0.0597417440651494
46 305 306 0.002343223790904289
47 159 321 0.016573209574650548
48 360 361 0.039365094493560585
49 32 33 0.028353192057472158
50 392 393 0.03955068908556344
51 166 334 0.049475192226118306
52 256 262 0.010909225569797232
53 110 203 0.026189509476359746
54 11 124 0.048885574410546404
55 306 307 2.3126087043012313e-05
56 33 103 0.04439100709051912
57 110 212 0.027087064136173296
58 164 165 0.03571366354592315
59 284 314 0.01669635887774207
60 219 236 0.0465904836020948
61 87 89 0.047740145930733044
62 187 339 0.020563545946472583
63 68 129 0.02531116768168698
64 296 364 0.048464714238121334
65 195 196 0.03869740526166256
66 0 9 0.0387714162053949
67 45 261 0.05021427063383122
68 111 276 0.059575001699237205
69 356 359 0.029854750189025458
70 28 31 0.02846282459226421
71 224 225 0.0037500905883709255
72 45 138 0.04488677713185831
73 128 155 0.04012896804300189
74 170 293 0.03788212701281217
75 117 202 0.027346481251949842
76 256 257 0.004799295293758886
77 30 102 0.04200091905551673
78 14 350 0.03143032624596375
79 41 43 0.07346882007967524
80 40 137 0.05874158227819356
81 353 383 0.031365545122697465
82 52 267 0.07971293983005502
83 80 81 0.048190809784818746
84 287 288 0.04031074218194405
85 2 144 0.05473952550057934
86 318 328 0.038810930632816876
87 42 125 0.04816637949010542
88 31 32 0.02009532598684113
89 106 341 0.060061993046852356
90 70 72 0.043426762063297236
91 170 192 0.04726013947047901
92 126 128 0.034025536126840124
93 157 261 0.027865152733422868
94 233 276 0.02227184869666404
95 6 342 0.03139294712602611
96 58 59 0.05188893583073536
97 113 209 0.053771954768300566
98 359 377 0.04260126551025829
99 177 324 0.03448837207160662
100 206 321 0.04755316120579873
101 91 183 0.0283927108118405
102 203 211 0.014744569789481687
103 22 93 0.05651493130686866
104 37 388 0.10224671382671988
105 268 305 0.04684044218691887
106 87 88 0.019137208485323798
107 133 135 0.07141806834960794
108 68 128 0.052138766779190195
109 325 327 0.00012676599743569056
110 146 255 0.04607493463953483
111 0 1 0.028911233988118113
112 226 370 0.05803718621755282
113 52 288 0.047946198384281956
114 355 366 0.03563300339664151
115 228 323 0.023772975190927206
116 77 79 0.03314965441139096
117 65 66 0.09022329363187667
118 125 375 0.07995395628996817
119 221 305 0.0001307496928770813
120 70 92 0.05859368549792037
121 53 125 0.06457314840811963
122 56 283 0.05088144969299194
123 85 275 0.09943421230703724
124 69 219 0.048380812898520836
125 54 204 0.05728052849424653
126 94 95 0.07401158068630695
127 373 392 0.052681179144211124
128 111 390 0.043895086841910604
129 177 178 0.054979804552430254
130 313 399 0.016455154827480955
131 210 230 0.05479905008235638
132 362 382 0.06202562668039666
133 16 97 0.06409974165994632
134 13 15 0.06225002783700624
135 349 350 0.022764536653155948
136 33 173 0.03730860715932614
137 13 20 0.1058179854324935
138 222 250 0.030925200103292548
139 293 294 0.03536377622474553
140 153 154 0.05862892289911988
141 142 154 0.039780742614810516
142 156 280 0.03763712799677134
143 350 351 0.057254296608619915
144 225 263 0.02438045397022811
145 226 229 0.04131035204849492
146 73 81 0.020065795611584763
147 252 254 0.05935555066975573
148 237 238 0.03050224049190074
149 369 390 0.03238290475566349
150 277 385 0.0953188802482025
151 10 238 0.026783120225884593
152 215 228 0.04685958186978575
153 48 49 0.011254178807747922
154 212 389 0.043922377756351494
155 304 308 0.05147763952304731
156 268 269 0.038571079739585935
157 202 205 0.014827141339586142
158 237 344 0.034498860127191056
159 66 178 0.03985069909041544
160 220 303 0.034345547679106844
161 357 393 0.08796771073522155
162 27 120 0.08010504276335105
163 10 12 0.014183891937083174
164 117 160 0.046182393564866205
165 87 189 0.09920569399317726
166 138 140 0.030577982958263285
167 36 372 0.024090445913756187
168 340 388 0.034207996842556106
169 285 316 0.00015049050531353936
170 129 194 0.05725849866752085
171 181 241 0.048036900045927235
172 166 168 0.09224956948215023
173 59 115 0.11132209304384982
174 150 365 0.03409290104959027
175 278 319 0.06900764889817101
176 100 101 0.03636755917921486
177 308 309 0.03682511720897939
178 232 273 0.04611760435343995
179 114 223 0.027113697621001853
180 142 144 0.03571608375951321
181 21 59 0.03604996519238065
182 4 5 0.03026066585881254
183 44 258 0.05747192947058128
184 41 136 0.05495395815502564
185 242 328 0.0758755408725062
186 217 391 0.03990388363955187
187 254 263 0.020009362494860836
188 369 389 0.030228556972377307
189 246 310 0.028700760673424815
190 26 27 0.05618385602975907
191 358 379 0.06395966497192619
192 76 77 0.07232648400815724
193 12 40 0.05287107417430661
194 112 210 0.032435986091412634
195 361 381 0.04405574600831023
196 112 217 0.04022512958231913
197 364 377 0.026174304799301013
198 236 284 0.027065018524109224
199 250 286 0.04589794236481196
200 84 165 0.07789021516643786
201 30 171 0.048853601394371636
202 19 72 0.03201538002456745
203 79 86 0.04333712418914534
204 82 83 0.0646375126267795
205 116 158 0.07142065408504011
206 214 249 0.04360608960177493
207 55 288 0.1576031605691523
208 246 279 0.04036161129272259
209 180 239 0.06681071222273674
210 330 339 0.037430715525469595
211 119 168 0.0375694047319663
212 264 266 0.04254396194438748
213 199 235 0.060475291293589035
214 206 299 0.04752246990341204
215 135 259 0.03577485459749621
216 285 315 0.00017112209675508727
217 131 132 0.05717052934975357
218 34 35 0.050629994907429685
219 60 61 0.03706914031438611
220 120 169 0.04597002950035501
221 104 107 0.01330162163530486
222 82 184 0.044606988101055726
223 187 289 0.07258556301974725
224 234 324 0.04694584064616661
225 272 358 0.022746656754034207
226 235 385 0.017086799989617596
227 37 195 0.032859739359403076
228 196 197 0.03249718051949608
229 71 382 0.022908755134820782
230 78 81 0.03164830893402732
231 158 159 0.03676829614336204
232 39 121 0.030454659839858147
233 62 245 0.06880860320756019
234 282 283 0.02332890195753886
235 107 108 0.009940414053207487
236 57 163 0.018281630458937527
237 347 376 0.027795002336648784
238 123 269 0.04704762029928314
239 89 90 0.000271711280053345
240 41 126 0.051688398464653895
241 172 173 0.00780934326611675
242 124 270 0.04381046735225945
243 20 85 0.02610187799979386
244 267 289 0.04836632910019228
245 148 149 0.04151774384752194
246 345 346 0.02815507065372694
247 134 145 0.0455723309019247
248 140 157 0.03505775231601056
249 162 286 0.04386100315816362
250 24 74 0.06298075166618261
251 34 104 0.027748470052518456
252 64 179 0.042806478530981705
253 218 329 0.051440826788373514
254 272 380 0.02324908291637662
255 46 175 0.044026044878317315
256 127 129 0.025371761939998818
257 149 363 0.01775492271937621
258 365 368 0.018047288045851824
259 159 228 0.04376698185744111
260 21 23 0.07627931618768888
261 109 266 0.05407456993075385
262 57 167 0.05725361259313484
263 223 286 0.04288962399981389
264 337 338 0.04612026658147273
265 60 172 0.03381116446901846
266 319 320 0.027313024795619256
267 48 232 0.027323580038207874
268 301 371 0.030113688350617382
269 20 88 0.05777584776085498
270 169 267 0.04539862324580209
271 314 330 0.03593371720423609
272 398 399 0.031081089208498613
273 249 287 0.01754785132204189
274 265 320 0.040210409938272046
275 113 118 0.024331244268293757
276 344 345 0.0316308328152374
277 271 273 0.0001062190647819266
278 326 327 0.0001725286743362643
279 130 255 0.028517565445747444
280 394 396 0.06478249279307888
281 29 31 0.03768784057345528
282 375 376 0.07950398167504766
283 300 356 0.05109834384945599
284 36 105 0.05247491672190999
285 131 256 0.047332520881549926
286 113 216 0.028136744582483785
287 241 315 0.051682134314557135
288 213 348 0.03644003294435039
289 160 223 0.07220568511658967
290 75 78 0.007887825940283507
291 220 222 0.019224688133322537
292 42 43 0.025993619906248093
293 147 153 0.020558227434570784
294 70 384 0.03606284144702458
295 96 97 0.038954642614730625
296 208 336 0.015114621719429603
297 51 255 0.03744086056371298
298 174 303 8.462146136567082e-05
299 37 198 0.03414120781559577
300 143 146 0.038734865209413355
301 47 231 0.01725551043923966
302 171 297 0.05513835203949208
303 198 200 0.0002474487705644509
304 45 53 0.03223875518224266
305 308 355 0.029735184001739804
306 229 333 0.031737446417032904
307 5 385 0.04388970040624596
308 65 114 0.048849931793050826
309 9 233 0.04168102178126642
310 239 240 0.04822903812809616
311 67 68 0.05434168397792927
312 242 386 0.06660771425931576
313 185 186 0.03605825200670498
314 234 298 0.042108524580710446
315 371 382 0.028188357363451676
316 147 148 0.03907370460536512
317 28 311 0.02569375283373983
318 23 73 0.04963055816610606
319 243 378 0.03272109836891847
320 134 135 0.03524343318103873
321 231 232 0.011672415619092108
322 141 193 0.038487284942075276
323 268 309 0.0597400045924313
324 260 262 0.00028765475896033006
325 178 179 0.04859293882138119
326 269 292 0.05395845803426891
327 2 152 0.05536349987625299
328 26 94 0.041632810218877644
329 78 79 0.05093694002224608
330 151 154 0.04830241406364143
331 161 162 0.049233629121754156
332 67 175 0.07029365303032457
333 126 127 0.0432363373969685
334 69 343 0.05879494677189902
335 47 244 0.08696324371735246
336 133 392 0.04996899835859495
337 76 387 0.026859990623623976
338 18 63 0.050079201006900144
339 207 208 0.055748274186961065
340 110 111 0.028417458095595222
341 227 384 0.0552642435032305
342 367 371 0.05652801728270608
343 71 72 0.046622434561374604
344 90 274 0.032761391961399045
345 168 244 0.03792405608102611
346 378 380 0.06562778815664075
347 50 396 0.03848055940072328
348 191 192 0.02896345609334977
349 24 27 0.04568521495876925
350 102 103 0.0006117036826389253
351 295 296 0.06046383537582041
352 184 185 0.03646315543470418
353 276 299 0.0413661721703531
354 137 252 0.00023313423027106238
355 292 383 0.04276597312499131
356 287 291 0.12406643830295573
357 325 326 0.00012658893674404913
358 143 145 0.054678241349898724
359 0 7 0.06273572493357994
360 198 199 0.000382469128457092
361 211 327 0.036337757921949904
362 355 383 0.028357203823064753
363 160 161 0.05509315453907452
364 91 93 0.03687053855806403
365 190 191 0.0666538961636005
366 119 389 0.06127931296601677
367 122 301 0.03709994086539265
368 243 352 0.05955459730849824
369 162 245 0.08581541416427431
370 15 96 0.09040879807461118
371 3 99 0.042310448435606406
372 247 331 0.03924779919029469
373 274 365 0.0179780335951516
374 277 278 0.04775549263639171
375 98 100 0.041184723880448734
376 174 306 0.0014232971981646835
377 296 357 0.0175611144284325
378 236 330 0.013285041353838279
379 11 12 0.023092003498662986
380 92 186 0.03811897086437634
381 136 156 0.025390014013622147
382 123 250 0.03962685634668958
383 95 188 0.027812724257535112
384 3 4 0.03691404656110326
385 378 379 0.027760997824538575
386 5 6 0.009285384819453213
387 331 336 0.04261614538546136
388 56 312 0.007744319884035967
389 284 285 0.05205778322094977
390 119 230 0.04065997859547992
391 137 251 0.0001811065780018637
392 80 83 0.014405389565918289
393 363 368 0.02990600633952289
394 17 317 0.05741717360863219
395 121 264 0.06294333695690811
396 203 322 0.03901467816678946
397 11 237 0.01708572427125512
398 174 175 0.052706342859254345
399 337 391 0.04458861954290835
400 17 181 0.04334274421851883
401 138 139 0.06022988632402523
402 29 98 0.036154280488187925
403 69 201 0.047343906802608235
404 10 42 0.0645063165353164
405 116 214 0.05629016396976243
406 163 165 0.07397108627932619
407 84 85 0.037882817397043196
408 48 60 0.036572311580344685
409 166 167 0.0364226816055756
410 38 207 0.02232848153364611
411 139 194 0.023243069301688374
412 150 151 0.05510888620887117
413 251 252 0.00020632518492477394
414 207 324 0.04109733595861179
415 46 373 0.05681574832929341
416 300 304 0.04358228221802331
417 190 295 0.005462016044656158
418 164 227 0.04566306664323761
419 146 257 0.04547678674586585
420 132 395 0.05645907772935408
421 62 63 0.07169929997461734
422 363 372 0.03876660038670831
423 230 335 0.04531171426075591
424 249 348 0.0607370582156035
425 180 181 0.043981845193719823
426 142 143 0.04177754624020664
427 39 176 0.0376479685710136
428 290 314 0.03423088844215862
429 157 258 0.0160159662983914
430 103 273 0.004660018060786554
431 226 227 0.044633530614589786
432 315 316 0.00012768516941570805
433 18 122 0.04994286697023826
434 89 368 0.028421603724276583
435 258 259 0.02236937397183236
436 352 374 0.05374875469227777
437 316 317 0.03487775321568715
438 105 106 0.014479958850078677
439 109 196 0.056689936565923166
440 353 366 0.03028294564345336
441 259 260 0.05336707547535229
442 289 290 0.0195235240640064
443 362 384 0.0418682222710663
444 115 120 0.045748717777902535
445 149 150 0.02952214684579443
446 346 347 0.055680071120164126
447 18 19 0.05033661321263772
448 25 75 0.052461237706415455
449 121 247 0.06491421182407774
450 233 234 0.0745979391413563
451 290 291 0.04897365584437148
452 7 38 0.06563043586154958
453 225 248 0.006658677060019497
454 189 388 0.019350384379848356
455 98 170 0.07089919679252976
456 49 369 0.060237198859861854
457 264 265 0.05934802581246811
458 35 152 0.023111800212664894
459 36 148 0.024118796398203825
460 53 131 0.04987568716311406
461 209 210 0.04412142329779618
462 9 61 0.04909818084594302
463 281 357 0.022872389931739207
464 167 333 0.035762790000563593
465 183 186 0.017589492703178167
466 294 377 0.07014020109762131
467 370 374 0.040026173061262264
468 4 107 0.01900765158978492
469 109 200 0.03948131748374279
470 362 370 0.03106638551938234
471 54 66 0.05372028890268732
472 241 242 0.03241625968996758
473 55 58 0.05523657552194569
474 238 347 0.03396351521596043
475 116 161 0.04982749828595368
476 65 67 0.04653699002349485
477 187 188 0.03408261096928158
478 95 169 0.055070647836335584
479 38 319 0.05003015043227542
480 112 335 0.04731174040971033
481 340 372 0.08264949345335677
482 16 195 0.05979045300682863
483 35 147 0.014937343488250581
484 83 86 0.06568874154880427
485 118 218 0.05784556328984661
486 22 58 0.09468781570494976
487 215 216 0.03137109598817401
488 302 367 0.0649458448249541
489 275 394 0.07313663858127459
490 163 229 0.04924074883539447
491 32 313 0.031914159319942355
492 190 281 0.06357571655978744
493 310 336 0.050185813588441465
494 338 351 0.021274755986161492
495 282 312 0.040889696311149866
496 311 313 0.026948540239666852
497 55 62 0.03211908034261313
498 158 202 0.0398817833600374
499 1 398 0.00836951349081049
500 395 397 0.021631858464493517
501 293 295 0.05219966487539445
502 240 351 0.01455154501989943
503 73 74 0.02864289265793703
504 96 239 0.03079072960915691
505 102 271 0.004703880021442182
506 80 182 0.0655974348280809
507 50 51 0.03383971167288876
508 323 325 0.038242205655383915
509 173 398 0.021923335910640832
510 28 100 0.04593440735907397
511 104 105 0.011381350088191073
512 164 185 0.040089585634464575
513 396 397 0.04794992875990358
514 334 349 0.06743484167794189
515 122 353 0.045193828099785366
516 271 272 0.04918760443234452
517 7 8 0.018703791231633477
518 29 30 0.03482696717164768
519 300 302 0.0261858984582059
520 127 139 0.047277659375371706
521 214 215 0.09011623358497901
522 8 56 0.03591636912469874
523 25 77 0.027238487096361855
524 54 298 0.04582791500666673
525 176 201 0.04713297674102456
526 1 172 0.024471915513011647
527 114 220 0.04756454222547309
528 124 251 0.04232761097006496
529 219 317 0.03735699631680458
530 329 354 0.06475704772186454
531 51 151 0.06633338401645901
532 247 248 0.046697598674288764
533 270 344 0.060306154829589786
534 379 381 0.045207869867833476
535 118 217 0.05669035856971423
536 333 352 0.06602728466915155
537 140 141 0.04740424152508501
538 302 366 0.03700886620191901
539 334 335 0.048228055686702125
540 44 141 0.032731360743729884
541 193 194 0.03348258720299402
542 221 222 0.031574400019151024
543 213 218 0.02640283195865457
544 279 280 0.014942862437526279
545 304 393 0.0420316333132153
546 253 254 0.020707099704785892
547 209 326 0.035552835207938754
548 311 312 0.04088996995322843
549 354 391 0.05194648372484779
550 47 49 0.021752550021189136
551 340 341 0.020871335210279462
552 76 397 0.019469730208812732
553 199 200 0.00022501686490564035
554 144 145 0.0527017080951886
555 257 260 0.012312999088090222
556 309 373 0.03626922541815633
557 341 342 0.04083985688044878
558 3 34 0.035504591119366505
559 134 281 0.04685216016645891
560 387 395 0.023733949142262623
561 97 189 0.07281842515175227
562 92 93 0.014850851557048185
563 278 283 0.04792225029388271
564 188 346 0.05163544362213283
565 248 332 0.005935521897909374
566 291 318 0.006028990264919631
567 46 193 0.04966722924765136
568 99 101 0.0632689436986551
569 261 262 0.035026577336942574
570 297 358 0.0221102601659783
571 354 386 0.032913674137389146
572 52 115 0.04896431642185153
573 337 349 0.0395895987044749
574 82 84 0.05421636227020797
575 205 206 0.03204062606113066
576 101 282 0.06831531336938314
577 130 132 0.02570451583660767
578 266 277 0.03474045029953235
579 224 253 0.02418063375461994
580 152 153 0.014084808332198905
581 61 390 0.03336887926693383
582 231 380 0.03386411255646078
583 360 367 0.046435111466598455
584 182 184 0.01619664638272515
585 117 204 0.01960001252970057
586 322 323 0.019413182611884284
587 44 133 0.017213148882988145
588 106 108 0.009862492438924082
589 265 331 0.014069027889375484
590 94 376 0.06641016655451484
591 14 15 0.020159156332249697
592 123 245 0.03979318923352789
593 318 348 0.08327970164083527
594 156 253 0.03395282842123561
595 303 307 0.0014091766494753984
596 39 197 0.08515102404093207
597 375 387 0.04713516612496819
598 64 280 0.02860633560647828
599 16 180 0.028347566132190118
