643
0 208 320 0.014483164362000749
1 64 155 0.03363978437295773
2 204 205 0.02169558695423877
3 63 292 0.05660256843008562
4 374 381 0.07326354118596767
5 136 155 0.03358482722602357
6 21 24 0.047692145734857035
7 221 307 0.00023294022029715292
8 86 394 0.035321097486308614
9 321 322 0.042126040378373905
10 13 57 0.06772998678055442
11 2 191 0.044730697243373675
12 88 90 0.04556357430744155
13 40 43 0.01890634671261973
14 74 75 0.023572557260437416
15 176 263 0.08229271822672911
16 182 183 0.037779555897266115
17 211 212 0.02800540539770039
18 235 342 0.03533417997569067
19 99 192 0.07861340983360983
20 298 299 0.046640176194044564
21 343 345 0.03367714168453309
22 224 332 0.001860113570661067
23 25 26 0.07539773366326223
24 8 399 0.045452844836145145
25 19 22 0.046043683845184806
26 23 91 0.05775883899914096
27 201 270 0.0294577214067849
28 213 216 0.05820558440401492
29 50 130 0.0352867010359686
30 328 329 0.04268266998653529
31 171 294 0.05581950833460855
32 279 332 0.05793114495014931
33 243 244 0.026451612660979045
34 6 108 0.02665160763123341
35 14 240 0.05536312890488177
36 338 386 0.04185633590757637
37 297 361 0.0708613802926015
38 356 364 0.03941911336934906
39 359 360 0.05444918778459203
40 179 246 0.02717063160430977
41 177 310 0.041989932124142725
42 71 301 0.02199827497816785
43 339 343 0.03922006262107511
44 274 275 0.06199531155561145
45 17 197 0.06138025023490351
46 305 306 0.00022994296481565994
47 159 321 0.012947116083505125
48 360 361 0.04381846531019099
49 32 33 0.028279008317695836
50 392 393 0.03910405793836324
51 166 334 0.04961804243123695
52 256 262 0.007702870940732293
53 110 203 0.024769568927420483
54 11 124 0.04747819236249103
55 306 307 0.0003979677925949916
56 33 103 0.04791053768618469
57 110 212 0.019193866060710333
58 164 165 0.03529952573744297
59 284 314 0.014005784214479844
60 219 236 0.045258599107824315
61 87 89 0.04390046901701809
62 187 339 0.019580447296180782
63 68 129 0.026672400815228054
64 296 364 0.05117776164538206
65 195 196 0.037256091718628453
66 0 9 0.039023122811564497
67 45 261 0.04504888686168348
68 111 276 0.06154940587757724
69 356 359 0.024453387256902433
70 28 31 0.02536829115460853
71 224 225 1.8800068345343277e-05
72 45 138 0.04424171088060757
73 128 155 0.04384134614918317
74 170 293 0.03883129820700845
75 117 202 0.02232580289613554
76 256 257 2.6492755415229342e-05
77 30 102 0.042675399043473825
78 14 350 0.028040128761658373
79 41 43 0.07821608283406364
80 40 137 0.056548110791731804
81 353 383 0.026811529364725487
82 52 267 0.07707061353995102
83 80 81 0.05092067929263001
84 287 288 0.04390717368827221
85 2 144 0.054973909429555025
86 318 328 0.041332264250340874
87 42 125 0.050719277673114946
88 31 32 0.02010627526648674
89 106 341 0.05594825452567861
90 70 72 0.043516661771254656
91 170 192 0.044977935059048985
92 126 128 0.027920417844097104
93 157 261 0.027977939438024364
94 233 276 0.02086871123209196
95 6 342 0.02896405431208809
96 58 59 0.05269342703449046
97 113 209 0.05351612674173978
98 359 377 0.03886305913099624
99 177 324 0.03510977752088082
100 206 321 0.04860808416536084
101 91 183 0.027179033373679707
102 203 211 0.009429795004233325
103 22 93 0.05763855726169477
104 37 388 0.1006013830364209
105 268 305 0.04895843597853635
106 87 88 0.014183856780874495
107 133 135 0.06679093093503989
108 68 128 0.05068406325958359
109 325 327 0.0001295414130444418
110 146 255 0.04927821558157955
111 0 1 0.030860638876627013
112 226 370 0.05520005079027649
113 52 288 0.0477150467644199
114 355 366 0.0297216798939859
115 228 323 0.023693883892560327
116 77 79 0.031055671301087346
117 65 66 0.09165461500888122
118 125 375 0.07674477477471425
119 221 305 1.9542076380428922e-05
120 70 92 0.05957284051851798
121 53 125 0.06821694730967534
122 56 283 0.044216840238414074
123 85 275 0.09575695928699866
124 69 219 0.04900419735814041
125 54 204 0.05970707111320275
126 94 95 0.07228350929984582
127 373 392 0.05226638860313786
128 111 390 0.04183177374050173
129 177 178 0.050841393755647224
130 313 399 0.01722984313806905
131 210 230 0.050147419754461055
132 362 382 0.06461174119358147
133 16 97 0.06095172272491931
134 13 15 0.06640262641524657
135 349 350 0.024393051287475792
136 33 173 0.038409236125087225
137 13 20 0.10636167015340325
138 222 250 0.0332747782228821
139 293 294 0.035984917636711015
140 153 154 0.06025562994060422
141 142 154 0.04199180995487213
142 156 280 0.03457728106071962
143 350 351 0.0497810453918923
144 225 263 0.025443987583408628
145 226 229 0.043800106832797
146 73 81 0.01790561111683849
147 252 254 0.06280245749605431
148 237 238 0.02608920624473792
149 369 390 0.03107116779372952
150 277 385 0.0963856303973228
151 10 238 0.02750003059921306
152 215 228 0.049399749055901665
153 48 49 0.008962797504341681
154 212 389 0.04713095243212525
155 304 308 0.04925325635053325
156 268 269 0.03737389781110979
157 202 205 0.010838692247699433
158 237 344 0.035012688753175
159 66 178 0.04378978270234835
160 220 303 0.030055654237504496
161 357 393 0.0899715059382625
162 27 120 0.07995279992062662
163 10 12 0.009607039652497859
164 117 160 0.05218433731766771
165 87 189 0.10309939388665951
166 138 140 0.027284434019538402
167 36 372 0.021153885810401098
168 340 388 0.037102282635213014
169 285 316 0.00013139048090614488
170 129 194 0.05205244412518739
171 181 241 0.04721872000833482
172 166 168 0.08966949854326432
173 59 115 0.11042158665175122
174 150 365 0.033593017998709056
175 278 319 0.06807689244072514
176 100 101 0.0363209142308229
177 308 309 0.03880377273385534
178 232 273 0.048413779107856464
179 114 223 0.029095498317487783
180 142 144 0.031461437677757595
181 21 59 0.038454506628845406
182 4 5 0.0293771153625112
183 44 258 0.05409306814733577
184 41 136 0.05240053858774845
185 242 328 0.07267211446033664
186 217 391 0.04323268510445042
187 254 263 0.015890740598841487
188 369 389 0.031220999344498207
189 246 310 0.030653385429121917
190 26 27 0.05386970808841339
191 358 379 0.06001226598404703
192 76 77 0.07740078008634022
193 12 40 0.0506598105839318
194 112 210 0.027951709768783136
195 361 381 0.04374264472572526
196 112 217 0.04290282904963801
197 364 377 0.0214018003978352
198 236 284 0.02151114869934954
199 250 286 0.04467062694234898
200 84 165 0.07616623050989818
201 30 171 0.04856613027226029
202 19 72 0.03134523070034046
203 79 86 0.04344843616231205
204 82 83 0.06256432921512059
205 116 158 0.06890495300952014
206 214 249 0.04684454474201076
207 55 288 0.1562636946831428
208 246 279 0.04102213608813778
209 180 239 0.0664774464293206
210 330 339 0.040222332747821915
211 119 168 0.03756056485537903
212 264 266 0.04587395762318348
213 199 235 0.06205977718905965
214 206 299 0.04899032457643557
215 135 259 0.03468325968172673
216 285 315 0.00016739029299880519
217 131 132 0.05863193097300591
218 34 35 0.055985334442436974
219 60 61 0.0358480135627765
220 120 169 0.045547874029785745
221 104 107 0.011707655480794495
222 82 184 0.04250273993305372
223 187 289 0.06941293071251903
224 234 324 0.052151374670524796
225 272 358 0.024219374460761896
226 235 385 0.01260006781086689
227 37 195 0.032537624221436585
228 196 197 0.03517412260509494
229 71 382 0.018040826189516558
230 78 81 0.03015413276998881
231 158 159 0.038772635992352464
232 39 121 0.03334676781145382
233 62 245 0.06995352981056965
234 282 283 0.0195487435090949
235 107 108 0.008487138424917797
236 57 163 0.018366005476977892
237 347 376 0.02952255791747508
238 123 269 0.04749006950714199
239 89 90 4.3923105628074354e-05
240 41 126 0.05142554215175021
241 172 173 0.004725518447599442
242 124 270 0.04132404546595632
243 20 85 0.02649229548513405
244 267 289 0.04948278842950829
245 148 149 0.041052527286715296
246 345 346 0.026869864043499437
247 134 145 0.04955618464910822
248 140 157 0.03460071235044214
249 162 286 0.03993172105899151
250 24 74 0.06317773061871437
251 34 104 0.02767274736414112
252 64 179 0.04247899221505008
253 218 329 0.05272621192357334
254 272 380 0.021369952438861903
255 46 175 0.04584043201964765
256 127 129 0.018645311947194064
257 149 363 0.013480605898402984
258 365 368 0.012737955824208468
259 159 228 0.04181218318862556
260 21 23 0.0732124406181123
261 109 266 0.0562544636762839
262 57 167 0.05514498389438534
263 223 286 0.03960300957801089
264 337 338 0.040752769434791405
265 60 172 0.037364088137651054
266 319 320 0.027530300411971232
267 48 232 0.025712460320139244
268 301 371 0.02400373958187499
269 20 88 0.06193444392107409
270 169 267 0.04245508102317504
271 314 330 0.02807288565414455
272 398 399 0.03422124938766559
273 249 287 0.018699982534436877
274 265 320 0.03950232583445334
275 113 118 0.023337155194751616
276 344 345 0.03285366002685846
277 271 273 0.0001742915409962474
278 326 327 0.0001470793784421194
279 130 255 0.025100946003698655
280 394 396 0.06691153886297774
281 29 31 0.03723990646441826
282 375 376 0.08000480804589565
283 300 356 0.054344035869894836
284 36 105 0.055350232562594
285 131 256 0.04834469476780693
286 113 216 0.02822240296230022
287 241 315 0.05035752536459961
288 213 348 0.03856602293319526
289 160 223 0.07061831421077704
290 75 78 0.0060547269905752285
291 220 222 0.011903154538073052
292 42 43 0.025951754087457122
293 147 153 0.017473428704254758
294 70 384 0.03713236653782273
295 96 97 0.04017307646511773
296 208 336 0.014168151781106987
297 51 255 0.032514525340071605
298 174 303 8.189100039586508e-05
299 37 198 0.03314614169422102
300 143 146 0.0419728555301056
301 47 231 0.015960236579434697
302 171 297 0.055402349957451656
303 198 200 0.00029543626060620144
304 45 53 0.034868133880572985
305 308 355 0.03211767362891347
306 229 333 0.030463426723282602
307 5 385 0.0455581272677862
308 65 114 0.04979760991307111
309 9 233 0.04431505045312561
310 239 240 0.05087966145006502
311 67 68 0.05698845467151556
312 242 386 0.06639895718226187
313 185 186 0.03455824345043782
314 234 298 0.03914758636758482
315 371 382 0.02503882571138263
316 147 148 0.04362165396953418
317 28 311 0.025248095136655584
318 23 73 0.049763735479127574
319 243 378 0.035375163689780546
320 134 135 0.039035747397837814
321 231 232 0.01018145046598767
322 141 193 0.04135450385998417
323 268 309 0.06029464065122098
324 260 262 0.00027944703545031954
325 178 179 0.04874463742411501
326 269 292 0.05457401063776692
327 2 152 0.05804272661439362
328 26 94 0.044549497952247004
329 78 79 0.04848228481356773
330 151 154 0.04710243345252527
331 161 162 0.05278886979333149
332 67 175 0.06805462606505074
333 126 127 0.0446886636808187
334 69 343 0.05483256902427392
335 47 244 0.0867707728568211
336 133 392 0.05224903059731056
337 76 387 0.022155209604158732
338 18 63 0.05104474999125845
339 207 208 0.05347084904511422
340 110 111 0.03131713902899095
341 227 384 0.053209341943307946
342 367 371 0.06038944557430998
343 71 72 0.048747546577200054
344 90 274 0.029895257082847296
345 168 244 0.040677081463122586
346 378 380 0.06248221082657611
347 50 396 0.04140843899728901
348 191 192 0.030226379694152806
349 24 27 0.04778746320433349
350 102 103 2.659864846001075e-05
351 295 296 0.057956212257069754
352 184 185 0.03459285086821607
353 276 299 0.042123535014673225
354 137 252 0.00014885541058663894
355 292 383 0.045937240378740654
356 287 291 0.11796886242869424
357 325 326 0.00017739359700542714
358 143 145 0.048005895485265376
359 0 7 0.061397853204104076
360 198 199 0.0003650781182660542
361 211 327 0.037497185786148024
362 355 383 0.025233614258105126
363 160 161 0.04944948622697998
364 91 93 0.035208408633139614
365 190 191 0.06754469882262597
366 119 389 0.06328713983277781
367 122 301 0.040182124159205884
368 243 352 0.06187408292372082
369 162 245 0.08228089549736306
370 15 96 0.08732336013562479
371 3 99 0.04829959908340993
372 247 331 0.041666988728454035
373 274 365 0.0180431230975971
374 277 278 0.05140301329996844
375 98 100 0.0391137349663506
376 174 306 0.0003083547821606248
377 296 357 0.017511849711053903
378 236 330 0.010544678229216084
379 11 12 0.022546602265684258
380 92 186 0.03860550948573215
381 136 156 0.026496780031965206
382 123 250 0.03976616948163746
383 95 188 0.028877453489136652
384 3 4 0.03597781713234979
385 378 379 0.025819218275705973
386 5 6 0.0049823164157848905
387 331 336 0.04132615828973961
388 56 312 0.004051651638486997
389 284 285 0.05306619089075371
390 119 230 0.04411206682235209
391 137 251 0.00013643694975067934
392 80 83 0.012890752426654887
393 363 368 0.031951756752988
394 17 317 0.05693924804851131
395 121 264 0.057713529092663154
396 203 322 0.04119736149221131
397 11 237 0.015543668405636943
398 174 175 0.05353929523537009
399 337 391 0.04287961453995063
400 17 181 0.041458306205448436
401 138 139 0.0634110114360279
402 29 98 0.03497705861895462
403 69 201 0.04913697456671338
404 10 42 0.06029306783404668
405 116 214 0.05801320427183659
406 163 165 0.0736199696990666
407 84 85 0.041035435989586595
408 48 60 0.03950422280795291
409 166 167 0.040461475422525664
410 38 207 0.02075385591660969
411 139 194 0.017696224616948055
412 150 151 0.05886999550586065
413 251 252 0.00016874181473197506
414 207 324 0.043151062756281444
415 46 373 0.055815799948540926
416 300 304 0.04360908927359582
417 190 295 0.0031638341303651717
418 164 227 0.04808968126290493
419 146 257 0.04939100932409279
420 132 395 0.05855023643297837
421 62 63 0.07186196855685334
422 363 372 0.03968117205229681
423 230 335 0.04006621824822267
424 249 348 0.05886755002261135
425 180 181 0.04783568247613188
426 142 143 0.03929327649261135
427 39 176 0.038575423834434304
428 290 314 0.03831615194372709
429 157 258 0.015723131218143532
430 103 273 0.0010671142918964086
431 226 227 0.04193838498737239
432 315 316 0.0001719103558859327
433 18 122 0.047280499338570495
434 89 368 0.029715057341390037
435 258 259 0.02108741716535246
436 352 374 0.049045229832975226
437 316 317 0.031559505314647185
438 105 106 0.012936382495666428
439 109 196 0.05320506723910953
440 353 366 0.026116204117282403
441 259 260 0.054410353222083534
442 289 290 0.019942108260824334
443 362 384 0.03937671972912638
444 115 120 0.04327206995330335
445 149 150 0.02775590924734899
446 346 347 0.054722250096307504
447 18 19 0.050685378727854453
448 25 75 0.049934378152536166
449 121 247 0.06058677527921439
450 233 234 0.07164990103041953
451 290 291 0.053611422643181646
452 7 38 0.07042599405149509
453 225 248 0.0019353469460992995
454 189 388 0.020036416436796115
455 98 170 0.07248118686779596
456 49 369 0.060989225127938626
457 264 265 0.05966735287943621
458 35 152 0.01901653519265926
459 36 148 0.022415454127732246
460 53 131 0.0477563188109831
461 209 210 0.04635776289650768
462 9 61 0.04719203588600282
463 281 357 0.02204640646679541
464 167 333 0.03335647946265841
465 183 186 0.014001730153766196
466 294 377 0.07172459859073262
467 370 374 0.04350841814469803
468 4 107 0.015533216774611738
469 109 200 0.03701503990564887
470 362 370 0.032771710595014526
471 54 66 0.05494466946873872
472 241 242 0.03625478799939779
473 55 58 0.0548322799012573
474 238 347 0.036308796386943475
475 116 161 0.05177905560500528
476 65 67 0.047345858104954876
477 187 188 0.03493437515904575
478 95 169 0.056242316291021374
479 38 319 0.04723075980431641
480 112 335 0.04385468122907094
481 340 372 0.0814039480879448
482 16 195 0.06163980498189473
483 35 147 0.009512309493234405
484 83 86 0.06638622755725483
485 118 218 0.05592790105019516
486 22 58 0.09503750484590458
487 215 216 0.03257637735897703
488 302 367 0.06248234409757138
489 275 394 0.07598655924479802
490 163 229 0.04645245552627357
491 32 313 0.02978913399388496
492 190 281 0.060875212473824124
493 310 336 0.05216307684209085
494 338 351 0.022680937113976247
495 282 312 0.03613352026066101
496 311 313 0.024465171672905902
497 55 62 0.0355278790182335
498 158 202 0.041086557813387145
499 1 398 0.004192314337053542
500 395 397 0.01724950057683364
501 293 295 0.05267286393756113
502 240 351 0.014320448104541745
503 73 74 0.024812469472356564
504 96 239 0.025946336672443
505 102 271 0.0010766589453062674
506 80 182 0.06491559727314523
507 50 51 0.030363839925124418
508 323 325 0.03755164292655431
509 173 398 0.017217383433173316
510 28 100 0.0443970663404822
511 104 105 0.00952105466374024
512 164 185 0.04341743349100155
513 396 397 0.04868283346669415
514 334 349 0.0704397064908111
515 122 353 0.049016503583918666
516 271 272 0.0503255207067495
517 7 8 0.018326860401342876
518 29 30 0.0366999418681178
519 300 302 0.025828612572145127
520 127 139 0.04650877471203273
521 214 215 0.08539356342825392
522 8 56 0.038530172724767074
523 25 77 0.027446734331094225
524 54 298 0.045064677254241965
525 176 201 0.05015268665372051
526 1 172 0.01847495167457711
527 114 220 0.05071921994206538
528 124 251 0.04243524829857722
529 219 317 0.03876872571098018
530 329 354 0.06391669058476468
531 51 151 0.06990648429174026
532 247 248 0.05193396131156782
533 270 344 0.05579671866579313
534 379 381 0.043248661471977215
535 118 217 0.05628047741081192
536 333 352 0.06716256637668173
537 140 141 0.0438673850892021
538 302 366 0.04072796995461266
539 334 335 0.04875323821135279
540 44 141 0.031340569979409365
541 193 194 0.036578324272540666
542 221 222 0.028833554565030225
543 213 218 0.023902316184291776
544 279 280 0.01354688331867041
545 304 393 0.042179536120801345
546 253 254 0.01916851259121206
547 209 326 0.03730048873939012
548 311 312 0.04405988218232959
549 354 391 0.049554597945315026
550 47 49 0.020593756731888884
551 340 341 0.022816818982942792
552 76 397 0.015215156260228723
553 199 200 0.00031768556198922914
554 144 145 0.04815721974284256
555 257 260 0.007727733195410899
556 309 373 0.036752995283418875
557 341 342 0.03814435449791499
558 3 34 0.030460882865491697
559 134 281 0.049107709827301914
560 387 395 0.01913679345418214
561 97 189 0.07453900004959682
562 92 93 0.012575200902241249
563 278 283 0.052065999535856264
564 188 346 0.05099951476260331
565 248 332 0.000504122755432195
566 291 318 0.0065951579989554365
567 46 193 0.050545986652656576
568 99 101 0.06555711299290123
569 261 262 0.03620741120385391
570 297 358 0.022084140392951195
571 354 386 0.03024947211927427
572 52 115 0.04787228416033566
573 337 349 0.03840890144012115
574 82 84 0.05396464608559597
575 205 206 0.03341154980982026
576 101 282 0.06883037063595585
577 130 132 0.02693629489602042
578 266 277 0.033872570655887065
579 224 253 0.023151154715859167
580 152 153 0.008887022693812944
581 61 390 0.033306993570075646
582 231 380 0.034360206344764756
583 360 367 0.04702187820122208
584 182 184 0.013739910324487056
585 117 204 0.01541787478634569
586 322 323 0.01583513353801554
587 44 133 0.017635579139217185
588 106 108 0.008178854148187224
589 265 331 0.010675604232126079
590 94 376 0.06564007513101686
591 14 15 0.02184745956333187
592 123 245 0.038046693612698974
593 318 348 0.0791543838878494
594 156 253 0.03737358569918381
595 303 307 0.0001433922996962809
596 39 197 0.0856771521672479
597 375 387 0.052512594836044826
598 64 280 0.025262869070133608
599 16 180 0.026687359334298954
