0 0.013013548420742512 -0.6193392894979123 0.785123458116124
1 0.01659828127056305 0.206619932339254 0.9784212812281436
2 0.0016703126381869774 -0.11619897447112953 0.9932259553253014
3 0.024503581328215517 0.6510850410498434 -0.7590047887339866
4 0.06911840647137954 -0.9185988172132276 0.3951913625251181
5 0.003559013262605999 -0.5478593578014993 -0.8365704537391508
6 0.09313141017986204 0.8085625910516208 0.5884101769615219
7 0.013331172442539844 0.21052337050603484 -0.977588824849578
8 0.016558216157043972 0.7411235382333492 0.6713686774615579
9 0.054220252614280304 0.11929449753148713 0.9928589138738243
10 0.05406418753811884 0.8362837092707776 -0.5482969611518101
11 0.10620590543053482 0.4735825981725353 0.8807494097120651
12 0.0003668832288166413 -0.996052263887634 -0.08876873100545696
13 0.002856028755794062 0.8948537926503419 0.4463593729040523
14 0.040600759811797706 0.7968708452211886 0.6041496967113933
15 0.12600847277691649 0.11053086126665151 0.993872692404642
16 0.06480858135732723 0.9999797915271672 0.006357400198449094
17 0.14472256010599188 -0.4093060747533771 0.9123971378571849
18 0.11368562413687193 0.3177981751457619 0.9481583833273973
19 0.10224297291727763 -0.9119645844834885 0.4102689321016863
20 0.10379475773012539 -0.444789366271693 -0.8956352045624523
21 0.12146571433463985 0.20231579114233136 0.9793203360772472
22 0.06979415826000847 -0.5328651049118391 -0.8462002008787842
23 0.06018984081711482 -0.35385168878320705 -0.9353015462113128
24 0.0685516067414761 0.8802853310548937 -0.47444466055545004
25 0.056371868486049984 -0.16442299603714886 -0.9863899220765425
26 0.06789216680154914 -0.504657821845034 0.8633194558508606
27 0.1415266073175667 -0.9214239723956759 -0.38855869967686063
28 0.07904903405590337 0.83010271112288 -0.5576105172846404
29 0.05473179103742053 -0.42417741785000823 0.9055791065313397
30 0.15280474453774096 0.8992771326993245 -0.43737928460785774
31 0.12295957685482496 -0.9879208268118367 -0.15495947841747854
32 0.1048129265585121 0.10195541700494534 -0.9947889690498923
33 0.07440039085577607 0.9871985060362863 0.15949642528823096
34 0.0766011483929595 0.21395640348387965 -0.9768432102483199
35 1.1102230246251565e-16 6.123233995736766e-17 -1.0
36 0.11403406082020281 -0.7282331230374451 -0.6853294963089867
37 0.06637150930905769 0.5263775435129985 0.8502509521813083
38 0.09951597633496295 0.701818727996888 -0.7123555804742672
39 0.08214492416093573 -0.08997891209524274 -0.995943670785731
40 0.02946110294409331 0.3919548269772162 0.9199844637868949
41 0.09472681823047364 -0.7094683683242229 0.7047372803728811
42 0.013992205956376786 -0.10997173151820865 -0.9939347152941621
43 0.11791170631610115 -0.7128712018630083 0.7012949804143689
44 0.04890582373058511 -0.9846720760596579 -0.17441588983909487
45 0.07474696836135171 0.22936084201801363 -0.9733414632844878
46 0.13753363234114588 -0.8637468001533579 -0.5039260513456664
47 0.052678386966230194 -0.9702917132346556 -0.24193799046068987
48 0.08569522252219311 0.9969396751966599 0.07817470191038904
49 0.09848329424430362 -0.7221417959716658 0.6917450588987369
50 0.006084383682206417 0.5435067239471056 0.8394048135579666
51 0.02623033274437362 -0.5942789783157854 0.8042589731746524
52 0.06058099045441593 0.9789085769381975 0.2042987958770998
53 0.045171828026624214 0.9969523565551655 -0.07801281150620243
54 0.10650138323742625 -0.4407635646083602 -0.8976232395129551
55 0.14051561803932747 0.32232327062400584 -0.9466296578991406
56 0.08275718736654236 -0.9577195183588303 -0.28770353517906255
57 0.024599335883747266 -0.5874440983119478 0.8092647473839835
58 0.0017002216916576311 0.1007787724873464 0.9949088596529552
59 0.06088468018428116 0.6332773459525373 0.7739249337650974
60 0.00022036574346446245 0.3356207341780223 -0.9419971989288531
61 0.08404330444765709 0.15612581110507082 -0.9877371771411582
62 0.11623240219808267 -0.05927350264635261 -0.9982417802737135
63 0.14068049511487388 -0.9440262958373952 -0.3298702059409531
64 0.0003979380867051106 0.2732702898559319 -0.9619372893708067
65 0.12319159001004329 -0.8208291827020993 0.5711737501186515
66 0.11028568462382947 0.995306354846325 0.0967742734538538
67 0.07266839632117005 0.4199680814675393 0.9075388755025727
68 0.051974814400372875 -0.3228435093346135 0.946452359329571
69 0.025310055633238047 -0.9918011821794762 0.12779051227455623
70 0.1461323657521504 -0.3250393292111501 -0.9457004993474232
71 0.08193503786527932 -0.9901924770902361 -0.1397099077156028
72 0.007864724183421296 0.707415629822006 -0.7067977975938625
73 0.03411150261511458 0.986794075452329 -0.16197979087584757
74 0.07261675715337723 0.7109446386278624 0.7032479795963144
75 0.08577531128540232 -0.741640484090404 0.6707975792727275
76 0.010366852731252917 -0.11639689582472373 -0.9932027802228347
77 1.6966111473353351e-06 0.012752809482995491 0.999918679618643
78 0.15427912409861616 -0.9127443257667669 0.40853126658870326
79 0.030473357812070816 0.8612412934820076 -0.5081962557924236
80 0.10019148293955223 0.004597694269348054 0.9999894305478462
81 0.025767524519980968 -0.6951733366354217 -0.7188421468105322
82 0.0003237602863466143 -0.9364032913726583 0.35092574129928444
83 0.011595866166571246 -0.7859655764607618 0.6182702585590725
84 0.10917733852260032 -0.43990650691039884 -0.8980435764359607
85 0.05390809407434548 -0.8479393936986044 0.5300931848402157
86 0.029893432382374036 0.49220423318545 0.8704797486641049
87 0.10917397350532781 -0.9277234159926252 -0.3732683530906075
88 0.14746922004440563 0.1745995885630104 0.9846395196586554
89 0.04560107378255212 0.3745447344023852 0.92720884483025
90 0.12525626991799224 0.43845007694941696 -0.8987555451973859
91 0.0958413021432756 0.07812640985298432 -0.9969434608258803
92 0.08254515771280714 -0.6048409804534494 -0.796346274157235
93 0.015568597529565926 -0.7324064827261092 -0.680867640632722
94 0.10574389951078976 0.5518521045223116 -0.8339419972242048
95 0.039808035079465724 -0.8210888608417125 -0.570800387702793
96 0.025539270743844794 0.3950601044770408 0.9186552747633846
97 0.15420248932700012 -0.6138984589065111 -0.789385002487513
98 0.09062272119038546 0.8718187824024838 -0.4898285523019769
99 0.10492324913808031 -0.11236880830417735 0.9936665692878568
100 1.5700924586837752e-16 0.7071067811865476 0.7071067811865476
101 0.15861999755443032 0.6399301820855275 0.768433056326954
102 0.05199880769080689 0.8470804899404659 0.531464621176443
103 0.0104390987311401 0.600527475466017 0.799604121556669
104 0.08272046417462624 -0.8831178927664207 -0.469151135004272
105 0.0603220011950666 0.8099593636446234 -0.5864860008937951
106 0.05894672374429278 -0.3980349202028304 -0.9173702645601319
107 0.039889100963438645 -0.284942464126229 -0.9585446218813565
108 0.009901677296181244 -0.9999999995392109 -3.0357505305012498e-05
109 0.13655090466000255 0.10499542691145429 -0.9944727046669916
110 0.045665858993469775 0.7123609837156225 0.7018132435909931
111 0.04064553481822955 0.16275088562523612 -0.9866671927393762
112 0.027630085085653042 -0.3805901422150393 0.924743825958701
113 0.08315860045543168 0.5371869252806457 -0.8434632222613657
114 0.09887390318629556 -0.3144953512749052 -0.9492590131394455
115 0.12393111432436558 -0.036462166516495045 0.9993350341166487
116 0.017779791890797012 0.19796049520860867 -0.9802099991005817
117 0.010516906107697992 0.44871885346020535 -0.8936729774080442
118 0.09870419722373959 -0.9985822975932254 -0.05322964337129415
119 0.020104763889415685 0.4626127666994201 0.8865604480726105
120 0.0972620776618534 0.747510374815167 -0.6642501332658417
121 0.061994437135057485 -0.9452214925016676 0.3264296710057464
122 0.11779253456072487 0.9278886966406469 -0.3728573006480115
123 0.0988963728197428 -0.7389519904160485 -0.6737580840777794
124 0.032923691903319535 0.9914341996236079 -0.1306071507104264
125 0.0011113583654787204 -0.012081719504240113 0.9999270133633859
126 7.177917248264471e-06 0.5670056675906427 0.823713890207085
127 0.0011056576605350216 0.0739838098231899 0.9972594426146318
128 0.05437466118166576 -0.9806638429284383 -0.195699839480842
129 0.08334931425001672 -0.07992430397369837 0.9968009358113182
130 0.06269945082219548 0.6529490693642239 -0.7574018172782488
131 0.01253687862655959 0.8421591459172227 0.539229054250579
132 0.04934066799898192 -0.9907329346203112 -0.13582434339479138
133 0.1205202200700545 -0.5628064509590537 0.8265887119716034
134 0.10148733015444232 0.9935741746029049 0.1131828589591031
135 0.10755379460369635 -0.010746354228186109 0.9999422562682319
136 0.04513725221898057 -0.7908954647353885 -0.6119512757246233
137 0.1564444580162979 -0.8994045174759014 -0.43711727710528775
138 0.051329716945814174 0.016771523418925433 -0.9998593481096271
139 0.02465284189918982 0.5607827987839383 -0.8279629536326205
140 0.14087107540559438 -0.1210964011816689 0.9926407515414871
141 0.071396058674022 -0.5183103305694268 0.8551926106000984
142 0.05061525171304893 -0.48735300722588076 -0.8732050425575258
143 0.06454496121441149 0.29197640256667196 0.9564255226332182
144 0.0852822692609747 0.46909325581775896 -0.8831486383085775
145 0.12246947395287856 0.7801345229638703 -0.6256118014231625
146 0.1336585152499712 0.12232727982673051 -0.9924898168798473
147 0.05559024899947628 -0.9994174237332216 0.03412935889304351
148 0.054975598595985914 0.3036117005700754 0.9527958518365552
149 0.03467620117519 -0.9968271066917108 -0.07959723214178151
150 0.08910418765053081 -0.2810868998759248 -0.959682319686125
151 0.06426049229946883 0.9361571358965111 0.35158187796022883
152 0.022058363756698823 -0.9357343698984724 0.3527055273038813
153 1.5700924586837752e-16 -0.7071067811865475 0.7071067811865476
154 0.1586766897961565 0.9933416793440892 0.11520550367870695
155 0.027188006468387677 -0.8246098144417147 0.565701912606278
156 0.05715588224340073 0.990519144225478 0.13737476086540304
157 0.060100483618458614 0.38395181355296937 0.9233531311851311
158 0.022493255366009275 0.7599405978911705 0.6499925289392259
159 0.013451887842153653 0.9696730254949537 0.24440585841477452
160 0.020368606822236266 0.9743208610623456 0.22516407284184867
161 0.06540172395748688 -0.5114728839326779 0.8592994175498954
162 0.03532576507585761 0.38260854783554504 0.9239105471435941
163 0.02233970068356727 0.9652858264029299 0.26119585246632976
164 0.05200909241877431 0.9449212735739239 0.32729770354744897
165 0.002993907704555739 0.9388187132416757 0.3444117066350162
166 0.045243940933523484 -0.8586569572678162 0.512550709428419
167 0.08720122827579979 0.4986620653801762 0.8667964839284806
168 0.07170533313508219 -0.8201285731328737 0.5721792756916635
169 0.10810982315362552 0.7420313170058292 -0.6703652173126187
170 0.13974642672682203 0.988927477433894 -0.1483996104315477
171 0.0029906056929074917 0.9762173736169443 0.2167940023350171
172 0.07159245603219515 0.9764402210177093 0.21578807839843014
173 0.044129766463079485 -0.8837831772158458 0.46789667200169843
174 0.12530635677578034 -0.9963330120939384 -0.0855600900643515
175 0.11839996398809262 0.5098264743100187 -0.8602772611737542
176 0.018104734720636784 -0.5356056336166618 0.8444682381464055
177 0.0265794521566797 0.6337524939019733 -0.7735358921685724
178 0.05654992110032434 -0.9400428647244801 0.3410563186346102
179 0.08684554697106688 -0.9002276203511838 -0.4354196040107118
180 0.10490187609072928 0.9161300833327477 0.40088111755573214
181 0.08844766920184213 -0.6606775445094349 0.7506698223460055
182 0.05821235766692957 -0.8735714559835767 -0.48669591254779815
183 7.850462293418876e-17 0.7071067811865476 0.7071067811865476
184 0.0031614067416058716 0.9158002148809212 0.4016341200944692
185 0.02290884936031219 0.9878189154913761 0.15560780892179382
186 0.10132557485737054 0.691063297426448 -0.722794243855113
187 0.042047307325352674 -0.9982540172196673 0.05906705600244638
188 0.07022246491146884 0.14969951790246364 -0.9887315380525544
189 0.05758840318598951 0.07591196575506573 -0.9971145237409802
190 0.07129799184328976 -0.48973795407632503 0.871869678528354
191 0.04375253725909468 -0.7976914491937117 0.6030657939920288
192 0.03754292635788324 0.8556147504959916 -0.5176131748069035
193 0.057340832003132856 -0.8528856937881819 -0.5220976856216197
194 5.485665417927469e-13 0.9999902558303327 0.004414549171280942
195 9.561991299043852e-05 -0.9959001545682532 0.09045928438214296
196 0.02708095958447569 0.4933380367421936 -0.8698376753759048
197 0.054405022160958987 -0.7158168885717893 0.6982880365833305
198 0.05040365787391495 0.24509952671557722 0.9694979226402706
199 0.0519222485629559 -0.1910701958430941 -0.9815763751540079
200 0.04311865514062271 0.26162695501930894 0.9651690714104574
201 0.03049164722305666 -0.8162185924181145 0.5777432036735629
202 0.07979369560753279 -0.30472824985971136 0.952439338612931
203 0.047585312520438766 -0.7836040623702313 -0.6212605519722547
204 0.06534191436592819 -0.6000187133124171 -0.7999859646737006
205 0.1329223471116939 0.04446792993098118 0.9990108123577308
206 0.059431363580145405 0.594339970253407 -0.8042139017445417
207 0.0002477249132989335 -0.925263761682714 -0.3793243616178032
208 0.11312740114281064 -0.9855457356074045 -0.1694095718253836
209 0.03968200356097376 0.9414002431025001 0.33729153900824976
210 1.5218182408308987e-16 -0.729537204140085 -0.6839411288813299
211 0.05855635480757549 0.9728288111241781 -0.23152560170900818
212 0.12197346999277062 0.7151707638756037 -0.6989497682219985
213 0.08861799549969407 0.9918734584684719 0.12722830811494998
214 0.03352404730137106 0.835935705148889 -0.548827383479751
215 0.03761426729245982 0.95497645873792 -0.2966815856375009
216 0.11270197020622415 0.8470732544492348 -0.5314761533660582
217 0.061760375738867 -0.3657609883088765 -0.9307088155977217
218 0.007678221518292277 0.4812208424031122 0.8765993958683973
219 0.10943004325017713 0.6223983007565617 0.7827006804745634
220 0.07249212530989019 0.6972995044226531 0.7167798833197835
221 0.027102689788051228 0.2508225903066657 -0.968033071848196
222 0.0800933708157664 0.9979361342351089 -0.06421426623334407
223 0.021231194440597675 0.8293492101704636 0.5587306037703933
224 0.051364408348106794 -0.9946886815381663 0.10292923209596212
