722
0 208 320 0.012369688742536519
1 64 155 0.03493560673873751
2 204 205 0.01677484514136834
3 63 292 0.05395774341233039
4 374 381 0.07356730574771415
5 136 155 0.027902062379600683
6 21 24 0.04469317763586704
7 221 307 0.00017604618992554362
8 86 394 0.03745453512344123
9 321 322 0.04292879689610205
10 13 57 0.07016688715005902
11 2 191 0.04766096825684542
12 88 90 0.04078578568833721
13 40 43 0.018806695572312047
14 74 75 0.023938991576702363
15 176 263 0.08258486011390902
16 182 183 0.03853397777020416
17 211 212 0.024188761418235567
18 235 342 0.0353873433376293
19 99 192 0.07713590133685204
20 298 299 0.04422811520108798
21 343 345 0.03418046632172438
22 224 332 0.00039704143287886746
23 25 26 0.07590322474123122
24 8 399 0.04301907441392205
25 19 22 0.04652087049112491
26 23 91 0.0625702965362003
27 201 270 0.03135394653786588
28 213 216 0.05525600407412144
29 50 130 0.02899857555097245
30 328 329 0.0401752980076485
31 171 294 0.05799574432630327
32 279 332 0.058459805946466215
33 243 244 0.026182004100494417
34 6 108 0.026934438672158254
35 14 240 0.04663735082589911
36 338 386 0.04454057748202241
37 297 361 0.06808173815479371
38 356 364 0.03543347504488347
39 359 360 0.056114654060850304
40 179 246 0.021478607162452285
41 177 310 0.03906094520522119
42 71 301 0.018126105183319512
43 339 343 0.03996362365167559
44 274 275 0.062382806587056014
45 17 197 0.06324518109567098
46 305 306 0.0002145451619024174
47 159 321 0.009212907039546057
48 360 361 0.04851611404795955
49 32 33 0.02845427418834716
50 392 393 0.038724416569556976
51 166 334 0.04979866993406272
52 256 262 0.003964784539035273
53 110 203 0.022899657048930096
54 11 124 0.04588688252309187
55 306 307 0.00013073656830698806
56 33 103 0.05022770975724954
57 110 212 0.011230456564627655
58 164 165 0.03448012920712937
59 284 314 0.01083270967913447
60 219 236 0.04393537545225062
61 87 89 0.03992973496674854
62 187 339 0.01870246304901857
63 68 129 0.027655253375267513
64 296 364 0.054198638275715076
65 195 196 0.03572562461923049
66 0 9 0.039447090463298376
67 45 261 0.03967665675415085
68 111 276 0.0634447919327481
69 356 359 0.018778889675144215
70 28 31 0.022163420724071296
71 224 225 0.0002537119805826018
72 45 138 0.04374356268739951
73 128 155 0.047646377335157364
74 170 293 0.03983318986883192
75 117 202 0.017094637288232583
76 256 257 0.00034540766941380563
77 30 102 0.042133803578818685
78 14 350 0.02458552682690537
79 41 43 0.08328815845326
80 40 137 0.054346037923076886
81 353 383 0.02186263122309351
82 52 267 0.07433255514806392
83 80 81 0.05377256680685978
84 287 288 0.04771972291424765
85 2 144 0.0553290673474779
86 318 328 0.04382432738640573
87 42 125 0.05371103415707243
88 31 32 0.020040944016739354
89 106 341 0.051815160150310936
90 70 72 0.043497715254791666
91 170 192 0.04270569135138313
92 126 128 0.02152514322178036
93 157 261 0.02811754005552913
94 233 276 0.019154253839111134
95 6 342 0.026458066924718446
96 58 59 0.053530120318708546
97 113 209 0.05334244115062245
98 359 377 0.034981923094804745
99 177 324 0.03569430560282923
100 206 321 0.04981794299853595
101 91 183 0.026013451696515644
102 203 211 0.003689878166159103
103 22 93 0.05888515179656493
104 37 388 0.0990419879974746
105 268 305 0.049333037083980784
106 87 88 0.009490168236547952
107 133 135 0.06208872840547934
108 68 128 0.04910881462436803
109 325 327 0.000141890615123809
110 146 255 0.05265935372679519
111 0 1 0.032609047382004056
112 226 370 0.05218749149999879
113 52 288 0.047557756670067335
114 355 366 0.02370927780346568
115 228 323 0.023468357935336314
116 77 79 0.028891927622490685
117 65 66 0.09326320189222537
118 125 375 0.0734687769449386
119 221 305 0.0002576464131060497
120 70 92 0.06079171412801756
121 53 125 0.07199701179595888
122 56 283 0.0372878902013301
123 85 275 0.09204684118568025
124 69 219 0.04993012293283046
125 54 204 0.062395321593953515
126 94 95 0.07052670786192912
127 373 392 0.051915115071309303
128 111 390 0.039930076680755676
129 177 178 0.0466253738884277
130 313 399 0.017968798544414383
131 210 230 0.04525154503042781
132 362 382 0.06769382784401452
133 16 97 0.05756970934906819
134 13 15 0.07079958564235606
135 349 350 0.02600485244887078
136 33 173 0.0396566471562741
137 13 20 0.10697683878811774
138 222 250 0.03571851087856832
139 293 294 0.03651696618232369
140 153 154 0.062046289662505964
141 142 154 0.044257020772117
142 156 280 0.03150865432168467
143 350 351 0.04190467150731896
144 225 263 0.024412665766523907
145 226 229 0.046213008310881945
146 73 81 0.01591999923429184
147 252 254 0.06653059563796634
148 237 238 0.02156225020283478
149 369 390 0.029615945382309626
150 277 385 0.09768549260059094
151 10 238 0.027637762656702543
152 215 228 0.05201062021968381
153 48 49 0.0065447350935453966
154 212 389 0.050238544233961166
155 304 308 0.047072271160059964
156 268 269 0.03618159516210195
157 202 205 0.006819198132440801
158 237 344 0.0354854845606679
159 66 178 0.047862816708866156
160 220 303 0.02543504120707395
161 357 393 0.09199620045713709
162 27 120 0.07994083281436504
163 10 12 0.005314680339539875
164 117 160 0.058487138682318245
165 87 189 0.10712512731820904
166 138 140 0.024078504534959577
167 36 372 0.017935865611471542
168 340 388 0.04005817785153974
169 285 316 0.00015609142773403717
170 129 194 0.0473124039941219
171 181 241 0.04628064944483558
172 166 168 0.08703234488303943
173 59 115 0.10959808184031586
174 150 365 0.0329991324023329
175 278 319 0.06729223005223475
176 100 101 0.036118645583371065
177 308 309 0.04069539768760227
178 232 273 0.049723799080153
179 114 223 0.030909820403801636
180 142 144 0.026914464799565097
181 21 59 0.04086060602680946
182 4 5 0.028611422614483857
183 44 258 0.05058682047107226
184 41 136 0.04984288542657249
185 242 328 0.06942669807914123
186 217 391 0.046536505434430615
187 254 263 0.011913731175801698
188 369 389 0.032067367003701414
189 246 310 0.032563794984767844
190 26 27 0.05148709486895855
191 358 379 0.05606650257560852
192 76 77 0.08310846674899439
193 12 40 0.048321949597801825
194 112 210 0.02331792092482578
195 361 381 0.04310020770714449
196 112 217 0.04561965172982822
197 364 377 0.016288286115887063
198 236 284 0.0157144838119902
199 250 286 0.04359841517498634
200 84 165 0.07465423566687422
201 30 171 0.04815315041269565
202 19 72 0.030566014981940025
203 79 86 0.04343695976381233
204 82 83 0.06047114057721824
205 116 158 0.0662638152316859
206 214 249 0.05013874988688686
207 55 288 0.15496402665406106
208 246 279 0.04170394440176781
209 180 239 0.06628081014975429
210 330 339 0.04302277209152389
211 119 168 0.03747506675119671
212 264 266 0.049389522879011466
213 199 235 0.06400686579717223
214 206 299 0.0505367942239968
215 135 259 0.033416367355902095
216 285 315 0.00017209918367620477
217 131 132 0.06048843773950702
218 34 35 0.06161351847146308
219 60 61 0.03452809073626707
220 120 169 0.04512584595473843
221 104 107 0.010080711224141932
222 82 184 0.04044220137840494
223 187 289 0.06631110397791153
224 234 324 0.05742677258772737
225 272 358 0.02550188680842423
226 235 385 0.007814877900831445
227 37 195 0.03199748545582726
228 196 197 0.037841224609048305
229 71 382 0.012921578002507199
230 78 81 0.028777579717973102
231 158 159 0.04071780172761798
232 39 121 0.036203198923074185
233 62 245 0.07126331774056426
234 282 283 0.015212863713665335
235 107 108 0.006942872944163586
236 57 163 0.018130544284421457
237 347 376 0.031222320569236375
238 123 269 0.04788803027750982
239 89 90 3.0557597001702244e-05
240 41 126 0.051119628845483864
241 172 173 0.0010888660737087147
242 124 270 0.03878940462237633
243 20 85 0.026648564739880483
244 267 289 0.05087709725583625
245 148 149 0.040625687118640466
246 345 346 0.02553520087723413
247 134 145 0.053684049798418405
248 140 157 0.03373972333788771
249 162 286 0.03581393159118185
250 24 74 0.0633088034741086
251 34 104 0.027563708459952048
252 64 179 0.0423038057018923
253 218 329 0.0540857320781095
254 272 380 0.01945166008929854
255 46 175 0.04757658139241112
256 127 129 0.011717315299364924
257 149 363 0.009088047955286439
258 365 368 0.007497874518138828
259 159 228 0.03986481957889459
260 21 23 0.07001548925209086
261 109 266 0.05833508044576864
262 57 167 0.05291979172046759
263 223 286 0.03634042474381374
264 337 338 0.03528313699389811
265 60 172 0.041214886620547356
266 319 320 0.027804197657819205
267 48 232 0.02411068492308439
268 301 371 0.01768619105213039
269 20 88 0.0659679401781502
270 169 267 0.03937691624860749
271 314 330 0.020162092874718287
272 398 399 0.037448705511973567
273 249 287 0.019825593347857984
274 265 320 0.03892685860667076
275 113 118 0.02216256593361371
276 344 345 0.034222805625046565
277 271 273 8.832512708964167e-05
278 326 327 0.00018025630319258267
279 130 255 0.021620979257050817
280 394 396 0.06912962935103792
281 29 31 0.036799537716940556
282 375 376 0.08062383419061883
283 300 356 0.057886542703683874
284 36 105 0.058449494745297224
285 131 256 0.04762998251776906
286 113 216 0.028097339564519434
287 241 315 0.049143441019613966
288 213 348 0.04071471515012633
289 160 223 0.06927553212692515
290 75 78 0.003940406087748631
291 220 222 0.005307922504344154
292 42 43 0.025454313057010867
293 147 153 0.014205820394929543
294 70 384 0.038228852555900646
295 96 97 0.041375650219787674
296 208 336 0.013081897446206144
297 51 255 0.02722619930315342
298 174 303 0.00028668631978105615
299 37 198 0.03208888538659294
300 143 146 0.045319917106499255
301 47 231 0.014408761241698995
302 171 297 0.05571095071080605
303 198 200 0.0003509956153916983
304 45 53 0.037442008929888235
305 308 355 0.03476530844089202
306 229 333 0.029128571433001987
307 5 385 0.04713179033553678
308 65 114 0.05073857561659692
309 9 233 0.047085169081573064
310 239 240 0.053694210889910644
311 67 68 0.06004226054858001
312 242 386 0.06605179794695161
313 185 186 0.03309594257136128
314 234 298 0.03631060979225583
315 371 382 0.02128709578235285
316 147 148 0.04838990879537755
317 28 311 0.024766913608100242
318 23 73 0.04978591357985064
319 243 378 0.03781878623948467
320 134 135 0.04286509191785781
321 231 232 0.008610756735194564
322 141 193 0.04396787612895631
323 268 309 0.06095489109050453
324 260 262 8.572940460684008e-05
325 178 179 0.048904943289331766
326 269 292 0.05545995338852973
327 2 152 0.060835654083258854
328 26 94 0.04749219703895428
329 78 79 0.04633730511216529
330 151 154 0.045894550606857105
331 161 162 0.05626767460266136
332 67 175 0.06579876719656139
333 126 127 0.04671407284973507
334 69 343 0.05084104537721823
335 47 244 0.0866702730224739
336 133 392 0.054858545657060165
337 76 387 0.01683774769163682
338 18 63 0.05213780032977242
339 207 208 0.05121227848710444
340 110 111 0.03475601568872418
341 227 384 0.05127839860208832
342 367 371 0.06474533278218945
343 71 72 0.050863558497876264
344 90 274 0.0267964580361704
345 168 244 0.04349709714793058
346 378 380 0.059551643210998456
347 50 396 0.044499347217361936
348 191 192 0.03141435681009461
349 24 27 0.049793768045832076
350 102 103 0.0002839528752741216
351 295 296 0.05540936432542344
352 184 185 0.03266425302455586
353 276 299 0.04281709951635102
354 137 252 0.00017517285557189843
355 292 383 0.04917308267745117
356 287 291 0.11167419988840499
357 325 326 0.00012968421691772773
358 143 145 0.04113410448168964
359 0 7 0.06004527152536915
360 198 199 0.00035040730984888007
361 211 327 0.0387035063256612
362 355 383 0.02175803788702544
363 160 161 0.04344009666555159
364 91 93 0.03348950115198386
365 190 191 0.06839041077047299
366 119 389 0.06536886563842492
367 122 301 0.0433058348468131
368 243 352 0.06397811473724072
369 162 245 0.07889867558702528
370 15 96 0.08415032341165732
371 3 99 0.054678182595313124
372 247 331 0.043879407391504664
373 274 365 0.01848924765316727
374 277 278 0.05512773324673467
375 98 100 0.03686081417228307
376 174 306 0.0001323255599626871
377 296 357 0.01724442273078028
378 236 330 0.0077736445992205045
379 11 12 0.022194830958643868
380 92 186 0.0390309234747806
381 136 156 0.027580157772423442
382 123 250 0.039730898788721054
383 95 188 0.029940358296349123
384 3 4 0.03493177841006768
385 378 379 0.023801933720319777
386 5 6 0.0005322686547698118
387 331 336 0.04001172069729983
388 56 312 0.0003991912535380601
389 284 285 0.05441372120045891
390 119 230 0.04767739866683162
391 137 251 0.00014511965138184314
392 80 83 0.010942609656021032
393 363 368 0.033933474691570306
394 17 317 0.05662051078434317
395 121 264 0.05261574263774007
396 203 322 0.04368166229173508
397 11 237 0.013983467317824324
398 174 175 0.05325910641849651
399 337 391 0.04145642578728948
400 17 181 0.03925760924251556
401 138 139 0.06706730321099043
402 29 98 0.03361261123216183
403 69 201 0.050892298695395785
404 10 42 0.0566149399920911
405 116 214 0.059904464012017156
406 163 165 0.07370253883515912
407 84 85 0.04435396189015482
408 48 60 0.04238731982073421
409 166 167 0.0447345543099153
410 38 207 0.019200854303684744
411 139 194 0.011662421635609148
412 150 151 0.06280597828601384
413 251 252 0.0001310681577312621
414 207 324 0.045179191716344984
415 46 373 0.05496215167421835
416 300 304 0.04357704989296411
417 190 295 0.0010298999916526798
418 164 227 0.05050502528352729
419 146 257 0.05122628348556368
420 132 395 0.06090095045013569
421 62 63 0.07185184352790323
422 363 372 0.04056965600670355
423 230 335 0.03445686127121195
424 249 348 0.05678075865178718
425 180 181 0.05196968264845668
426 142 143 0.03653844258264945
427 39 176 0.0394851982684329
428 290 314 0.04255040538319497
429 157 258 0.015428735967711195
430 103 273 0.0003203037837714891
431 226 227 0.03930614500766969
432 315 316 0.00012584222501628388
433 18 122 0.044547529981459166
434 89 368 0.03094712462743124
435 258 259 0.0199274761469999
436 352 374 0.04442226456375956
437 316 317 0.028012686319188497
438 105 106 0.011268774393044932
439 109 196 0.04988021841244724
440 353 366 0.0218780232864882
441 259 260 0.05569570732870062
442 289 290 0.020209716951367352
443 362 384 0.03666273667760226
444 115 120 0.04077597109832915
445 149 150 0.02576623692583026
446 346 347 0.053594325657544684
447 18 19 0.05114016894171249
448 25 75 0.047582935836946255
449 121 247 0.05625878034501991
450 233 234 0.06884487940731933
451 290 291 0.058402500024351836
452 7 38 0.07540934145586362
453 225 248 0.00039551055545887775
454 189 388 0.02063818640082375
455 98 170 0.07434277623463584
456 49 369 0.06205878035499193
457 264 265 0.05993448891949248
458 35 152 0.014780976912789888
459 36 148 0.020658632016051733
460 53 131 0.04519838115760021
461 209 210 0.048773920343509046
462 9 61 0.045194666570930214
463 281 357 0.021011970467230866
464 167 333 0.030973420387196075
465 183 186 0.010319778637502379
466 294 377 0.07350594311166085
467 370 374 0.04705420357966781
468 4 107 0.011908334350799648
469 109 200 0.034759936863360784
470 362 370 0.03431915825759734
471 54 66 0.056239223659420905
472 241 242 0.04046481730003552
473 55 58 0.054335926204242095
474 238 347 0.03878334430440736
475 116 161 0.053872693940610214
476 65 67 0.04801962397972489
477 187 188 0.03569484184133918
478 95 169 0.05737252686485704
479 38 319 0.04410876008092958
480 112 335 0.04023864030475251
481 340 372 0.080207327526682
482 16 195 0.06373338229486476
483 35 147 0.0037928206705425214
484 83 86 0.06715592947730391
485 118 218 0.05393018481019742
486 22 58 0.0955379006582389
487 215 216 0.03401001199153049
488 302 367 0.06000874079727923
489 275 394 0.07890752865252038
490 163 229 0.04376320379473133
491 32 313 0.027481554701709595
492 190 281 0.05814288578218237
493 310 336 0.05440334731457434
494 338 351 0.02444452296033156
495 282 312 0.03124855019750436
496 311 313 0.02199297159751492
497 55 62 0.03911819936250947
498 158 202 0.04236380041041861
499 1 398 0.00011865627605076913
500 395 397 0.012840370486711366
501 293 295 0.05308956511491729
502 240 351 0.013917802735169002
503 73 74 0.021009687955872363
504 96 239 0.020867519613351718
505 102 271 0.00014495560398300567
506 80 182 0.06439991530590926
507 50 51 0.02652066436256112
508 323 325 0.036875236838299436
509 173 398 0.012180967932133703
510 28 100 0.04289862720208207
511 104 105 0.0074962628060528235
512 164 185 0.04677151609924432
513 396 397 0.04920997870592933
514 334 349 0.0736861585292968
515 122 353 0.052968734702616795
516 271 272 0.05050626987627353
517 7 8 0.017900905166972802
518 29 30 0.03888119575372459
519 300 302 0.02540693358936558
520 127 139 0.045069148338752675
521 214 215 0.08061186818934553
522 8 56 0.0410888855983366
523 25 77 0.027169131601741506
524 54 298 0.04435802806837971
525 176 201 0.0532219426376568
526 1 172 0.012347358631155643
527 114 220 0.053505760439572746
528 124 251 0.042561376959849746
529 219 317 0.03994243679205427
530 329 354 0.063129606572062
531 51 151 0.07392857696654362
532 247 248 0.05446105667069015
533 270 344 0.05122989263797531
534 379 381 0.04150535382670814
535 118 217 0.055874552329321064
536 333 352 0.06859540570259719
537 140 141 0.040515689215734105
538 302 366 0.04440010723675672
539 334 335 0.04948041939156097
540 44 141 0.030021878724165292
541 193 194 0.03962418896095841
542 221 222 0.025190315758829167
543 213 218 0.02149762155533489
544 279 280 0.011916597802583065
545 304 393 0.04243468314131155
546 253 254 0.01779314437234488
547 209 326 0.0392791676502951
548 311 312 0.04726000109155029
549 354 391 0.04714114467638918
550 47 49 0.01950206300790248
551 340 341 0.024815131180514115
552 76 397 0.011044662115301149
553 199 200 0.0004144050997125629
554 144 145 0.04344298139403266
555 257 260 0.004035201246102123
556 309 373 0.0371093497745541
557 341 342 0.03530821422774601
558 3 34 0.025210627134178522
559 134 281 0.051512784171649645
560 387 395 0.014164541321426371
561 97 189 0.07639897817371263
562 92 93 0.01004576805406585
563 278 283 0.05670910838446987
564 188 346 0.050505683246090914
565 248 332 0.0005202412536847646
566 291 318 0.007243248075553304
567 46 193 0.05154865549126875
568 99 101 0.06785217296316473
569 261 262 0.03754184607615714
570 297 358 0.021933385146158994
571 354 386 0.027262065173130814
572 52 115 0.04658028876469134
573 337 349 0.03689052818276049
574 82 84 0.05389266561448713
575 205 206 0.034796937292506006
576 101 282 0.0695758847617789
577 130 132 0.02815291086867575
578 266 277 0.03276490833970186
579 224 253 0.019952691578948915
580 152 153 0.0033516638728412246
581 61 390 0.03347879783905763
582 231 380 0.03516222167903635
583 360 367 0.047576606127492184
584 182 184 0.011071132217303613
585 117 204 0.01081747333502611
586 322 323 0.012055341996132502
587 44 133 0.01795017501573396
588 106 108 0.0064402495682355
589 265 331 0.007122950552433547
590 94 376 0.06495797284816217
591 14 15 0.02347786177411315
592 123 245 0.035980324973388655
593 318 348 0.07496682947046301
594 156 253 0.04060358461521089
595 303 307 0.0004230674854148143
596 39 197 0.08638297934936079
597 375 387 0.05815786469596219
598 64 280 0.021766216546508448
599 16 180 0.02489932637165678
