734
0 208 320 0.012037844819211942
1 64 155 0.035125101067103946
2 204 205 0.01602296363896783
3 63 292 0.05356966178617985
4 374 381 0.07365542004420837
5 136 155 0.027040334060152126
6 21 24 0.0442404354999856
7 221 307 0.0003053687160294181
8 86 394 0.037765272397043775
9 321 322 0.04304846575626047
10 13 57 0.07053742743349127
11 2 191 0.04810507162607994
12 88 90 0.040096599029432994
13 40 43 0.01876016640997698
14 74 75 0.023975538990320466
15 176 263 0.08261782017383962
16 182 183 0.03863969848335272
17 211 212 0.023639713473703496
18 235 342 0.035404199646163814
19 99 192 0.07691394877588648
20 298 299 0.043851788362260224
21 343 345 0.0342661982253803
22 224 332 0.00019300796894253022
23 25 26 0.07601050857296049
24 8 399 0.04266904627415342
25 19 22 0.0465948792333057
26 23 91 0.06329200143996087
27 201 270 0.03162418553700654
28 213 216 0.05482232302707676
29 50 130 0.028058582319653975
30 328 329 0.03980272859521545
31 171 294 0.05832264646459299
32 279 332 0.05875071250679088
33 243 244 0.026142427361995905
34 6 108 0.026882893192882226
35 14 240 0.045319327772233825
36 338 386 0.04491959925665952
37 297 361 0.06765307503319229
38 356 364 0.03482957081640592
39 359 360 0.05636308715409941
40 179 246 0.020619250545614205
41 177 310 0.03861837810561054
42 71 301 0.017567034874549567
43 339 343 0.04005829740242583
44 274 275 0.06243047357244404
45 17 197 0.06353902455199031
46 305 306 0.0003376937384757481
47 159 321 0.008652355209455133
48 360 361 0.04923038818912795
49 32 33 0.028490374060753953
50 392 393 0.0386747078548422
51 166 334 0.0498278922330695
52 256 262 0.003469423265737381
53 110 203 0.0225750474933197
54 11 124 0.045634860229128944
55 306 307 0.00018931376313210282
56 33 103 0.05066554199062051
57 110 212 0.010050435441010601
58 164 165 0.03432666936403842
59 284 314 0.010322353064357808
60 219 236 0.04374136014669421
61 87 89 0.03933546477565726
62 187 339 0.018582582818189673
63 68 129 0.027762140615874856
64 296 364 0.05467097727591455
65 195 196 0.03549147876548198
66 0 9 0.03952050981600352
67 45 261 0.038868764152028126
68 111 276 0.06371883725593097
69 356 359 0.01791821667432692
70 28 31 0.021680304281577842
71 224 225 0.0003140890250935941
72 45 138 0.04368064029541785
73 128 155 0.04821474561968199
74 170 293 0.03998605565625684
75 117 202 0.016304996681213026
76 256 257 0.00010264407239123076
77 30 102 0.04201963843173755
78 14 350 0.02407195856483459
79 41 43 0.08406451825643195
80 40 137 0.05404012168349672
81 353 383 0.021099010950918148
82 52 267 0.07392028012830744
83 80 81 0.054206790242463825
84 287 288 0.048301278160805476
85 2 144 0.055392396763223314
86 318 328 0.04418979150006742
87 42 125 0.05419011232458169
88 31 32 0.020026339542655633
89 106 341 0.05120478791980723
90 70 72 0.0434855515527355
91 170 192 0.042371385532157
92 126 128 0.02055733881417221
93 157 261 0.02813979414085823
94 233 276 0.01887470387217565
95 6 342 0.025976150080999506
96 58 59 0.05365651392519248
97 113 209 0.05332317525765824
98 359 377 0.034396477466145665
99 177 324 0.03577770776539708
100 206 321 0.05000936402051751
101 91 183 0.02584532555389059
102 203 211 0.002805731935593449
103 22 93 0.05907806190533544
104 37 388 0.0988191652936048
105 268 305 0.049341296838580496
106 87 88 0.008827203912968665
107 133 135 0.0613892035345876
108 68 128 0.04886593181044607
109 325 327 0.00014174259784118534
110 146 255 0.05317766789010517
111 0 1 0.03257936686341927
112 226 370 0.05172794457137394
113 52 288 0.04754153749339789
114 355 366 0.0228130594917054
115 228 323 0.02342432727523624
116 77 79 0.02856434892950156
117 65 66 0.0935153934040326
118 125 375 0.07298067746233453
119 221 305 0.0004284903999187219
120 70 92 0.060992239494473896
121 53 125 0.07256703566463298
122 56 283 0.036230088730359204
123 85 275 0.09149492405386843
124 69 219 0.05009303098584402
125 54 204 0.06281379450770609
126 94 95 0.07026464478444641
127 373 392 0.05186684961289738
128 111 390 0.039661408889976234
129 177 178 0.045996978276302836
130 313 399 0.018072456804212902
131 210 230 0.04451026593147841
132 362 382 0.06819034910343011
133 16 97 0.05705112616304166
134 13 15 0.0714695409093309
135 349 350 0.02624047466211131
136 33 173 0.03985430632928122
137 13 20 0.10707451909079538
138 222 250 0.03607938607413603
139 293 294 0.036587148046428604
140 153 154 0.0623224476788154
141 142 154 0.0445962547524947
142 156 280 0.03105289165962509
143 350 351 0.04070764093524036
144 225 263 0.02399998948131377
145 226 229 0.04656326872156891
146 73 81 0.01563860911531501
147 252 254 0.06710512835247107
148 237 238 0.020887919064428894
149 369 390 0.02938954693787917
150 277 385 0.097899310799752
151 10 238 0.027611828390551953
152 215 228 0.05240041488826324
153 48 49 0.006177008660981526
154 212 389 0.05068247158686542
155 304 308 0.04675432918925588
156 268 269 0.03600053137960481
157 202 205 0.006223181171309373
158 237 344 0.03554853353456085
159 66 178 0.04847531776004801
160 220 303 0.02484491822182271
161 357 393 0.09229742243879703
162 27 120 0.0799507950285269
163 10 12 0.004702450834691024
164 117 160 0.05944179305793893
165 87 189 0.10772903087373278
166 138 140 0.023610189483137197
167 36 372 0.017438160345566518
168 340 388 0.04049952824874395
169 285 316 0.00015772714044849306
170 129 194 0.046660134820526715
171 181 241 0.04613055750302519
172 166 168 0.08663813270648728
173 59 115 0.10948283713573725
174 150 365 0.03289764338578796
175 278 319 0.06718911909909149
176 100 101 0.0360760108257364
177 308 309 0.04096685602930442
178 232 273 0.04986745014065192
179 114 223 0.031165102428073545
180 142 144 0.026217927412985287
181 21 59 0.041216060061809064
182 4 5 0.028477052438371186
183 44 258 0.0500568489588542
184 41 136 0.04946577028829421
185 242 328 0.06894326162792166
186 217 391 0.04702149073613013
187 254 263 0.011334420723103329
188 369 389 0.03217996812456085
189 246 310 0.03284318537895893
190 26 27 0.051129572949441635
191 358 379 0.05548258598437321
192 76 77 0.08399951581795195
193 12 40 0.047973817865423984
194 112 210 0.022619587211039315
195 361 381 0.04297785102493458
196 112 217 0.0460249461034655
197 364 377 0.0155054657805901
198 236 284 0.014836799210575098
199 250 286 0.04345720416261238
200 84 165 0.07444636226157392
201 30 171 0.04809461173283401
202 19 72 0.030442534204357753
203 79 86 0.04342795256365714
204 82 83 0.06016011033816751
205 116 158 0.06586328050182903
206 214 249 0.05062929983289337
207 55 288 0.1547753559295997
208 246 279 0.04180265719540223
209 180 239 0.06626106949108265
210 330 339 0.043435609781149305
211 119 168 0.03745570479632749
212 264 266 0.04992506579414553
213 199 235 0.06451432059631436
214 206 299 0.050771892063545765
215 135 259 0.03321572502580489
216 285 315 0.000172263506221717
217 131 132 0.060801315509499854
218 34 35 0.06246669679022338
219 60 61 0.03432479175342447
220 120 169 0.04506360501276979
221 104 107 0.009836789970766341
222 82 184 0.04014078275570797
223 187 289 0.06585902776570639
224 234 324 0.05821085242533196
225 272 358 0.025678816029296628
226 235 385 0.007083179467269926
227 37 195 0.03189974946495226
228 196 197 0.03823457581856683
229 71 382 0.012143964626589492
230 78 81 0.02857654970584028
231 158 159 0.04100029683554133
232 39 121 0.03661944493734347
233 62 245 0.07147077894658045
234 282 283 0.014525913580728076
235 107 108 0.006708580286071796
236 57 163 0.018070404869230696
237 347 376 0.03147088295212887
238 123 269 0.047943822285319494
239 89 90 2.422883065671849e-05
240 41 126 0.051071209126497014
241 172 173 0.0005300073105612217
242 124 270 0.03841443770693745
243 20 85 0.026650325174836332
244 267 289 0.05110642244890786
245 148 149 0.04056354957044305
246 345 346 0.02533341189187203
247 134 145 0.05430433061734741
248 140 157 0.03357914503349042
249 162 286 0.03519051479187852
250 24 74 0.06332193549971037
251 34 104 0.02754399949326042
252 64 179 0.04229110339808929
253 218 329 0.05429257891360778
254 272 380 0.01915741253636004
255 46 175 0.04782871584029762
256 127 129 0.010677247078867953
257 149 363 0.008430123794357576
258 365 368 0.0067258899734136315
259 159 228 0.03957799110034271
260 21 23 0.06953399957616843
261 109 266 0.05863267389975975
262 57 167 0.05258063092666842
263 223 286 0.03586226776561324
264 337 338 0.034465686531976396
265 60 172 0.041799218503070175
266 319 320 0.027849608623223072
267 48 232 0.023882290961911256
268 301 371 0.016736530406838195
269 20 88 0.06654688868660641
270 169 267 0.03891229152730333
271 314 330 0.018991626899263644
272 398 399 0.03765294082190099
273 249 287 0.019988841355009883
274 265 320 0.0388517640303049
275 113 118 0.021974363843244756
276 344 345 0.03443825146433957
277 271 273 2.0937527344213944e-05
278 326 327 0.00018044204765559305
279 130 255 0.02110254481075624
280 394 396 0.06946408659044796
281 29 31 0.036734530259760804
282 375 376 0.08072493070724948
283 300 356 0.058433940042925535
284 36 105 0.0589254348253382
285 131 256 0.04763678792523304
286 113 216 0.02806068042233354
287 241 315 0.04896778878999606
288 213 348 0.04103401134578029
289 160 223 0.06909983835317833
290 75 78 0.0036077944908043933
291 220 222 0.004428355901570749
292 42 43 0.025341319137941663
293 147 153 0.01370868859281503
294 70 384 0.038393055407134065
295 96 97 0.04155308130817323
296 208 336 0.012911052793175056
297 51 255 0.026414363779264916
298 174 303 0.00033667345325148057
299 37 198 0.03209206959103237
300 143 146 0.045818722641546815
301 47 231 0.014158886253234282
302 171 297 0.0557597641237271
303 198 200 4.4896680588465744e-05
304 45 53 0.03781409934816213
305 308 355 0.03517953174436388
306 229 333 0.028926956324946126
307 5 385 0.04728356902961666
308 65 114 0.05087462800558185
309 9 233 0.04750579007177068
310 239 240 0.054124809505228334
311 67 68 0.060528488918041974
312 242 386 0.06598903601002695
313 185 186 0.03288335230614275
314 234 298 0.0359021755450075
315 371 382 0.020680746927275076
316 147 148 0.04911323743542668
317 28 311 0.02469121224548236
318 23 73 0.04977872786036768
319 243 378 0.0381596112103721
320 134 135 0.043431752691015554
321 231 232 0.00836482777403424
322 141 193 0.04433231130423244
323 268 309 0.06106562542750734
324 260 262 5.988287728667196e-05
325 178 179 0.04892899905404843
326 269 292 0.055612051028623426
327 2 152 0.06125866041004305
328 26 94 0.04792871494790691
329 78 79 0.04604323334350541
330 151 154 0.04571591582438164
331 161 162 0.056770791046776584
332 67 175 0.06546074431546109
333 126 127 0.04706581851267583
334 69 343 0.05024922830608409
335 47 244 0.08666406280185882
336 133 392 0.05527060477320093
337 76 387 0.016005760858314174
338 18 63 0.05230862825355618
339 207 208 0.05087975765798183
340 110 111 0.03531317593180222
341 227 384 0.05100404554579918
342 367 371 0.06543180342261903
343 71 72 0.05117563507393061
344 90 274 0.026340560796303692
345 168 244 0.04391953967375432
346 378 380 0.059135747880139145
347 50 396 0.04496959984196855
348 191 192 0.031583410803670615
349 24 27 0.05008168126335437
350 102 103 7.464157480503025e-05
351 295 296 0.05502987228944911
352 184 185 0.03237467515373424
353 276 299 0.04291384696252259
354 137 252 0.000175080780480749
355 292 383 0.04965782553066302
356 287 291 0.1107290841851734
357 325 326 0.0001294086755651309
358 143 145 0.04010319671832113
359 0 7 0.059848766311649475
360 198 199 4.405758148527542e-05
361 211 327 0.03889782795579965
362 355 383 0.021214087956302953
363 160 161 0.04252259161086622
364 91 93 0.033231449904057624
365 190 191 0.06851150904701236
366 119 389 0.06568266884403307
367 122 301 0.04376811065559627
368 243 352 0.06427068850522087
369 162 245 0.07841475305518036
370 15 96 0.0836735185171476
371 3 99 0.05565245013384041
372 247 331 0.04418538118925193
373 274 365 0.018593218023788702
374 277 278 0.05568367073291896
375 98 100 0.036513849769117195
376 174 306 0.00020722408505549042
377 296 357 0.017186524703887773
378 236 330 0.0073622483184764866
379 11 12 0.022152575765997638
380 92 186 0.039088058308025427
381 136 156 0.02773981621843427
382 123 250 0.03970533943722575
383 95 188 0.03009702983140326
384 3 4 0.034768976218458196
385 378 379 0.023500041507137144
386 5 6 0.00026046686277511486
387 331 336 0.039817293788801854
388 56 312 0.000261979385744038
389 284 285 0.05465393548917427
390 119 230 0.04821254231912433
391 137 251 0.00014323141082169091
392 80 83 0.010619455153406834
393 363 368 0.03422593475035186
394 17 317 0.0565863510928397
395 121 264 0.05187641350224181
396 203 322 0.04407904222401862
397 11 237 0.013752373820068232
398 174 175 0.05321351556592277
399 337 391 0.04127112631110069
400 17 181 0.03890659348408742
401 138 139 0.06765207162360817
402 29 98 0.033394271276624685
403 69 201 0.051148405424172164
404 10 42 0.05611068365158326
405 116 214 0.060198333939642815
406 163 165 0.07374864738469807
407 84 85 0.04485831555486842
408 48 60 0.04280906227190554
409 166 167 0.04538578344538601
410 38 207 0.01897450004078071
411 139 194 0.01072994426262432
412 150 151 0.06340157082768319
413 251 252 0.00012983695776631353
414 207 324 0.04547580494305812
415 46 373 0.05484849787410233
416 300 304 0.04356694018756055
417 190 295 0.0007280126407734998
418 164 227 0.05085978668212183
419 146 257 0.051611183724833254
420 132 395 0.06126478533653473
421 62 63 0.07183622084822461
422 363 372 0.040698498137332624
423 230 335 0.033599329030862116
424 249 348 0.05645376950875424
425 180 181 0.052603924925814866
426 142 143 0.03610793865696642
427 39 176 0.03961661802979186
428 290 314 0.04318750312908268
429 157 258 0.015387446489459574
430 103 273 0.00025474757091309847
431 226 227 0.038923630353296705
432 315 316 0.00012682945315296566
433 18 122 0.04413882332462539
434 89 368 0.03113751840428085
435 258 259 0.019765127185752285
436 352 374 0.0437457198260211
437 316 317 0.02746724946702054
438 105 106 0.011012876033660593
439 109 196 0.049403110059453005
440 353 366 0.021247131163463297
441 259 260 0.055931787676271605
442 289 290 0.020236175735970346
443 362 384 0.036242735559076464
444 115 120 0.04040539318105881
445 149 150 0.02545616816290284
446 346 347 0.053414019461662327
447 18 19 0.05121575901014011
448 25 75 0.047247409623019106
449 121 247 0.05562224866642225
450 233 234 0.06844306576463947
451 290 291 0.05912226023256899
452 7 38 0.07615958507261684
453 225 248 0.0001987452977356001
454 189 388 0.02071932674726971
455 98 170 0.07464027244227911
456 49 369 0.06224210827907221
457 264 265 0.059968737673938434
458 35 152 0.014143212584052213
459 36 148 0.020395846904052564
460 53 131 0.04477708191565314
461 209 210 0.04914559671255462
462 9 61 0.04489234082575309
463 281 357 0.02084166395280785
464 167 333 0.03062283718575494
465 183 186 0.009767358179099276
466 294 377 0.0737847508241059
467 370 374 0.04758248330417468
468 4 107 0.01136111684435591
469 109 200 0.03463396956538496
470 362 370 0.03453330848359297
471 54 66 0.05643651149346814
472 241 242 0.04111936095511117
473 55 58 0.054254494111947556
474 238 347 0.03915911314699196
475 116 161 0.054194629098638154
476 65 67 0.04810737104271052
477 187 188 0.0357988861766407
478 95 169 0.05753560512478087
479 38 319 0.043621332470807815
480 112 335 0.039688938910717536
481 340 372 0.0800352693303799
482 16 195 0.064062563450402
483 35 147 0.002923281914002188
484 83 86 0.06727522976350744
485 118 218 0.05362897554824061
486 22 58 0.09562441646762375
487 215 216 0.034241122821105224
488 302 367 0.05964324442698565
489 275 394 0.0793447368831614
490 163 229 0.04337265245645192
491 32 313 0.027125089051819526
492 190 281 0.05773673695075461
493 310 336 0.05475592232525736
494 338 351 0.024737167504156544
495 282 312 0.030452085886217208
496 311 313 0.02163008610952045
497 55 62 0.039664731975800775
498 158 202 0.042558259597062116
499 1 398 0.0002963869135102733
500 395 397 0.012182094726948195
501 293 295 0.05314566799541176
502 240 351 0.013841929250030357
503 73 74 0.020451034232602024
504 96 239 0.020098353967471495
505 102 271 0.00024012317523445378
506 80 182 0.06433707325839046
507 50 51 0.02592208244045865
508 323 325 0.03676372610233951
509 173 398 0.011357259821449547
510 28 100 0.042681703300191554
511 104 105 0.007183610823725703
512 164 185 0.04726875032378288
513 396 397 0.049276739895138026
514 334 349 0.074186352887025
515 122 353 0.05356248068513353
516 271 272 0.050474995604357045
517 7 8 0.017833446439216454
518 29 30 0.03921764674791779
519 300 302 0.025338682335942483
520 127 139 0.044791556177197135
521 214 215 0.07990164977979092
522 8 56 0.04135303046895523
523 25 77 0.027088545494218103
524 54 298 0.04425842178445638
525 176 201 0.05368011903265078
526 1 172 0.011466771319324658
527 114 220 0.05386716039123041
528 124 251 0.04257815041803238
529 219 317 0.04009541758857297
530 329 354 0.06301797522158388
531 51 151 0.07456015786529577
532 247 248 0.0550511629006738
533 270 344 0.05055256836598078
534 379 381 0.041264394232262726
535 118 217 0.055814703209591934
536 333 352 0.06883043381298329
537 140 141 0.04003274993751498
538 302 366 0.04493750080370269
539 334 335 0.049605244149875
540 44 141 0.029832731211169482
541 193 194 0.04006698502000994
542 221 222 0.024594373583232215
543 213 218 0.02115066346797304
544 279 280 0.01166147043807454
545 304 393 0.04248133558288625
546 253 254 0.01759971298891445
547 209 326 0.03958826722176369
548 311 312 0.047611929285741816
549 354 391 0.046783721732156294
550 47 49 0.019344823020183397
551 340 341 0.025112975358352444
552 76 397 0.010429602335888034
553 199 200 6.0436236807203724e-05
554 144 145 0.04273397484193196
555 257 260 0.0034551496649039733
556 309 373 0.037151622935393605
557 341 342 0.034878032660445576
558 3 34 0.02441870037517756
559 134 281 0.051880344791983966
560 387 395 0.01340382448415613
561 97 189 0.076685392086138
562 92 93 0.009651589826185204
563 278 283 0.057437937606516165
564 188 346 0.05044465862416695
565 248 332 7.559231213837139e-05
566 291 318 0.007345950438293121
567 46 193 0.05170806526857972
568 99 101 0.0681907211890346
569 261 262 0.03775867775072265
570 297 358 0.021901730277281282
571 354 386 0.0267940490238282
572 52 115 0.04637241729378942
573 337 349 0.03663665733277705
574 82 84 0.0538974778500599
575 205 206 0.035002560489563364
576 101 282 0.06970392396210293
577 130 132 0.028333061425652294
578 266 277 0.032580706193526
579 224 253 0.019265837208455792
580 152 153 0.002506241755756956
581 61 390 0.03352248492430449
582 231 380 0.035306705948305234
583 360 367 0.047655937527744746
584 182 184 0.010659625434673903
585 117 204 0.010103074564795693
586 322 323 0.01148106037428941
587 44 133 0.01798746802991292
588 106 108 0.006177489066148495
589 265 331 0.00658473147057068
590 94 376 0.06486458723324952
591 14 15 0.023712849501423685
592 123 245 0.03564819999077121
593 318 348 0.07434419622624987
594 156 253 0.04106972484664335
595 303 307 0.00034828824500224135
596 39 197 0.08650221054825663
597 375 387 0.05901412334090407
598 64 280 0.021235990151208698
599 16 180 0.024624596652943365
