0 0.011338651265685342 -0.6181226119073725 0.786081698456851
1 0.01616141843280146 0.20429320516499938 0.9789097437064418
2 0.001670312638186867 -0.11619897447113725 0.9932259553253006
3 0.022637051616991054 0.6589634275925119 -0.7521749803706105
4 0.06969182114543283 -0.9181052453560715 0.3963366731071802
5 0.0016977845172189737 -0.5456197825783693 -0.838032847124224
6 0.09143430614951109 0.809097855192083 0.5876739408239667
7 0.012435165428706298 0.20877870528499815 -0.9779629094293505
8 0.015675572938596973 0.757126670949648 0.6532680951467807
9 0.054067516837723685 0.12339109023117138 0.9923581202628228
10 0.05406418753811731 0.8362837092707809 -0.548296961151805
11 0.10620382337851463 0.4737179863143601 0.8806765975329808
12 0.0003668832288166413 -0.996052263887634 -0.08876873100545696
13 0.0024758602606999034 0.8936828209254735 0.4486992484757335
14 0.039382936493714334 0.7942135851068309 0.6076386930008281
15 0.1269335582153747 0.10946485832215937 0.9939906663508011
16 0.06382180408064295 0.9999684822243115 0.007939430584552253
17 0.1451272706311081 -0.4076408526653867 0.9131423411704424
18 0.11372178077745088 0.31770137456622705 0.9481908228825725
19 0.1042321429318227 -0.912235619356963 0.4096659307001476
20 0.1021792370984928 -0.4408195098652742 -0.8975957663236495
21 0.1205638950854366 0.20560348081218136 0.9786353808635344
22 0.0694434057952184 -0.5356406282485405 -0.8444460417158155
23 0.060416897103219715 -0.3507679931010065 -0.936462393807617
24 0.0688104087339261 0.8799763729064799 -0.47501745560174513
25 0.056371868486050095 -0.16442299603714863 -0.9863899220765426
26 0.0675449849603186 -0.49891591550388614 0.8666503962134439
27 0.14156280874091398 -0.9206516234695699 -0.3903851792817516
28 0.07958098633504959 0.8297002628395703 -0.5582091667501958
29 0.05436408878071023 -0.417183805524697 0.9088221346379785
30 0.1541923293020227 0.89944318478844 -0.43703770699749495
31 0.1229936909387771 -0.9879188541322785 -0.15497205441616185
32 0.10465631326330309 0.10001760676217893 -0.9949856674030868
33 0.075490851031046 0.9868810287488274 0.1614491718642619
34 0.07709459461582593 0.19926901020363347 -0.9799448257797294
35 1.1102230246251565e-16 -1.0 1.2246467991473532e-16
36 0.11537148077910991 -0.729911460008326 -0.6835417035913127
37 0.06732468545787564 0.526398785804248 0.8502378010320486
38 0.09929227464134151 0.7031113575217367 -0.7110797556701642
39 0.08214492416093584 -0.08997891209524274 -0.995943670785731
40 0.028490918274071412 0.3884213818873333 0.9214818663938723
41 0.09529666359704542 -0.7085361574625653 0.705674509648877
42 0.013992205956376786 -0.10997173151820865 -0.9939347152941621
43 0.11739138457979327 -0.7108839528273508 0.703309324275287
44 0.048561583929702924 -0.983079744628651 -0.1831780983110875
45 0.07424044401267134 0.21796103793458074 -0.9759574713800189
46 0.13767936430333097 -0.8638019825078861 -0.5038314549682718
47 0.05250328072238686 -0.9704170404567114 -0.2414348102309139
48 0.0871702299114885 0.996844950475419 0.07937345092447123
49 0.10002245533272543 -0.722942857650326 0.6909078263939268
50 0.0037300465634844205 0.547032271423279 0.8371115182707068
51 0.02467974333507729 -0.5946056256755663 0.8040175059754411
52 0.06007988405355182 0.9787531611596326 0.20504206768374686
53 0.04491747996618071 0.9971598579645496 -0.07531412659069402
54 0.10680635821930969 -0.43948292329032834 -0.8982509449681572
55 0.14239229618139548 0.32222700514962627 -0.9466624304113387
56 0.08446516337266156 -0.9573633504051818 -0.2888865093786226
57 0.023500414583425392 -0.5879739837800352 0.8088798392825939
58 0.0017002216916577415 0.10077877248733977 0.9949088596529558
59 0.060153425437632954 0.6283204642407769 0.77795462220894
60 0.00022036574346446245 0.3356207341780223 -0.9419971989288531
61 0.08524347203166598 0.1552425524237657 -0.9878763839251116
62 0.11615899651308961 -0.05957310762303473 -0.9982239452388098
63 0.14382714259196513 -0.9451850923588921 -0.3265350535279675
64 0.0003979380867051106 0.2732702898559319 -0.9619372893708067
65 0.12268771024057218 -0.8198475156820917 0.5725819164363317
66 0.11224568739740233 0.9951294234306155 0.0985770288792011
67 0.07070502035845122 0.4190991024588266 0.9079404949214491
68 0.05124973677993158 -0.3222906072194135 0.946640779017121
69 0.02428959554113334 -0.9913894908641784 0.1309460858676774
70 0.14633048516845953 -0.3267972051237315 -0.945094485606237
71 0.08193503786527943 -0.990192477090236 -0.13970990771560368
72 0.0055125333398507535 0.7070960274083233 -0.7071175348012292
73 0.0341115026151147 0.9867940754523286 -0.16197979087584974
74 0.07290551249036266 0.7174088523719281 0.6966523799847332
75 0.08549730819343222 -0.7417737463656421 0.6706502137498206
76 0.008995118334758571 -0.11681369787949593 -0.993153845075232
77 1.9982397437095833e-06 -0.003327647197483411 0.9999944633667374
78 0.15579130757943152 -0.9118199633919045 0.41059025117504433
79 0.026951332912144636 0.8589508944322299 -0.5120579664003598
80 0.09955525770769882 0.0059221705437855505 0.9999824637942659
81 0.02562585334068938 -0.7000791465088493 -0.7140652551577069
82 0.0003237602863466143 -0.9364032913726583 0.35092574129928444
83 0.011398979956118873 -0.7862163098693071 0.6179513848964897
84 0.10870534457238526 -0.4367313418933653 -0.8995919825165298
85 0.053691786427878405 -0.8483028253179212 0.5295113941716763
86 0.0299230383940759 0.4768006742955896 0.8790114430377293
87 0.10991307477823863 -0.9249363388669742 -0.3801220449320953
88 0.15087952823197806 0.17357119144944 0.9848213246568241
89 0.045360916064501995 0.36415429031362945 0.9313386348939772
90 0.12441564431904524 0.4390439943738643 -0.8984655647292455
91 0.09778132571652737 0.07711330030380185 -0.9970223362173265
92 0.08073362697930288 -0.6022980966542261 -0.7982712588880402
93 0.012077370906301758 -0.7283177748416136 -0.6852395339220881
94 0.10622295268746618 0.5504093212075122 -0.8348949509536429
95 0.039634593335102206 -0.8237675601790302 -0.5669276909771543
96 0.025274335741324993 0.38962657843112947 0.920972925432692
97 0.15437907601945913 -0.6157653641361016 -0.7879295757428669
98 0.09062272119038584 0.871818782402485 -0.48982855230197486
99 0.10631093459247513 -0.11207619113102275 0.993699616273229
100 1.5700924586837752e-16 0.7071067811865476 -0.7071067811865476
101 0.15910075476235022 0.6382392634710783 0.7698380625585458
102 0.05090843705983591 0.8477684230353425 0.5303665721971631
103 0.0104390987311401 0.600527475466017 0.799604121556669
104 0.08355647358935352 -0.8810837037712251 -0.472960365092869
105 0.060354001965745196 0.8105632322929883 -0.5856511303282382
106 0.058933007317459214 -0.3949591091223566 -0.9186987004025174
107 0.039490057326596446 -0.2862461469482704 -0.9581561163804514
108 0.009852280403033035 -0.9999980453578532 -0.0019771900447228246
109 0.13743233175363426 0.10696768832524771 -0.994262497358898
110 0.045665858993469706 0.7123609837156237 0.7018132435909918
111 0.040736079245307484 0.15926682892981564 -0.9872355733069189
112 0.027474997040979658 -0.3780325386472294 0.9257923091730299
113 0.083594249605961 0.5390756820630617 -0.8422573294476249
114 0.10048307370228662 -0.3015435499909161 -0.9534524044014341
115 0.12258867122710874 -0.03902938133258778 0.9992380634227238
116 0.017329532375407037 0.18406721334339238 -0.9829136589609476
117 0.0076603992740695605 0.4481296185203038 -0.8939685928514753
118 0.09925388009343315 -0.9988604709958168 -0.047725878535812304
119 0.019965751233488108 0.45749365711701123 0.8892128843520558
120 0.0988487067094757 0.7501716021781849 -0.661243198290474
121 0.06218796287190191 -0.9429561562888559 0.3329169375639318
122 0.11791132097676121 0.9255486701511345 -0.3786286560489926
123 0.09775694736419874 -0.7422825107632655 -0.6700870646527829
124 0.033066989870296194 0.9910478513708145 -0.13350713948434356
125 0.0011113583654787204 -0.012081719504240113 0.9999270133633859
126 3.1255516325603344e-06 -0.8237138902035646 0.5670056675957569
127 0.0011056576605350216 0.0739838098231899 0.9972594426146318
128 0.053449439846136065 -0.9809963639549112 -0.19402611655971333
129 0.08457845332656631 -0.07645251908555842 0.9970732231513754
130 0.06270543638863738 0.6527620045482755 -0.7575630438571547
131 0.009887932262244836 0.8425548499217511 0.5386105502803816
132 0.04931171668178909 -0.9908909192819898 -0.13466694503289667
133 0.11995982946787373 -0.5686956829358248 0.8225480048058933
134 0.1017254629532398 0.9928117143378952 0.11968667375046274
135 0.10710681110970757 -0.009499954960399863 0.9999548744097158
136 0.045136824504939124 -0.7929445780072217 -0.6092937683982571
137 0.15702773532577746 -0.8986687876811622 -0.4386278719457647
138 0.050711956732220606 0.01467672572265542 -0.9998922910604231
139 0.02364710655289766 0.5626885876085784 -0.8266689502909028
140 0.14364445227699427 -0.12410640844408106 0.9922689148527787
141 0.07160011142353685 -0.5185783119139641 0.855030136552194
142 0.050588718289226724 -0.4877304321633597 -0.8729942872331653
143 0.06459735851692852 0.29337654490689735 0.955996968038336
144 0.08528226926097458 0.46909325581775957 -0.8831486383085771
145 0.12403865822956367 0.7801176301381243 -0.6256328661025384
146 0.13358526909489185 0.12117842394320331 -0.9926307418021272
147 0.055582945816724225 -0.9994378729578761 0.03352518601643109
148 0.05468096245364769 0.3047698409335741 0.9524260307537399
149 0.034948879342459264 -0.9959616422022519 -0.0897797708940808
150 0.08963647428081889 -0.2804705585748444 -0.9598626285946936
151 0.06474227317574853 0.9356422620023465 0.3529497946665113
152 0.02041654702271429 -0.9336538582392993 0.3581765947055593
153 1.5700924586837752e-16 -0.7071067811865475 -0.7071067811865476
154 0.1591664756769379 0.993049287072258 0.11769924997755946
155 0.026161729767519425 -0.824933373073796 0.5652299797331076
156 0.0563052525924802 0.9906093529026619 0.1367227484428591
157 0.059959898821715284 0.3827772557460476 0.9238406640127532
158 0.022759257368737632 0.7637062704971728 0.6455638871585826
159 0.01182112557322929 0.9686215739728705 0.2485402310176744
160 0.019120388700980755 0.974007768757043 0.22651460527066816
161 0.06462770838824107 -0.5090526707830195 0.860735370696868
162 0.035300589292912195 0.38150113231334093 0.9243683713994323
163 0.02150306655245913 0.9657594915028597 0.25943901898545996
164 0.05187604567730349 0.9434262991663713 0.33158229452316124
165 0.0029939077045553217 0.938818713241658 0.34441170663506415
166 0.042963457018363384 -0.8586914642454618 0.5124928967624671
167 0.08590398679399978 0.4880234993775834 0.8728304898749
168 0.07159995091362667 -0.8197477740953074 0.5727247042565816
169 0.10841436043702338 0.742188566893755 -0.6701911154082798
170 0.14073435225670797 0.9892791268189832 -0.14603701325441495
171 0.0029906056929069496 0.9762173736169356 0.21679400233505638
172 0.07141979784038174 0.9763386335223403 0.21624724898071934
173 0.043051165458014906 -0.8881273326047237 0.45959747723461064
174 0.1277280295404929 -0.9962631334658458 -0.08636995366916811
175 0.11966103810147094 0.5105570403441302 -0.859843886153203
176 0.018104734720636784 -0.5356056336166618 0.8444682381464055
177 0.025904932619483814 0.6329106924168666 -0.7742248093573355
178 0.05564350700818418 -0.934680456860547 0.35548902031280677
179 0.08805443660076487 -0.9010454797131336 -0.43372461711151344
180 0.10464277070748523 0.9152865581600717 0.4028033222945037
181 0.08962182418927647 -0.6593288369290495 0.7518546965962152
182 0.05811166618594683 -0.8740478605844193 -0.48583982690574
183 7.850462293418876e-17 -0.7071067811865475 0.7071067811865476
184 0.002458045894447001 0.923124491482998 0.38450120054982445
185 0.021949137888301693 0.9874276263078968 0.15807176472714024
186 0.10200027696851294 0.6904532836812041 -0.7233769854327982
187 0.041656480154334846 -0.9980738389788544 0.06203718196381863
188 0.06950601065823321 0.1263395045957969 -0.9919870611950987
189 0.058567767952760856 0.07288903388733702 -0.9973400567203599
190 0.07129799184328971 -0.48973795407632387 0.8718696785283546
191 0.04244296626677638 -0.7960458135652139 0.6052363692850065
192 0.03754292635788319 0.8556147504959897 -0.5176131748069067
193 0.05667704045998889 -0.8534223697512412 -0.5212199716129227
194 0.00040939476431932917 0.999986784647032 0.005141063245145239
195 9.561991299043852e-05 -0.9959001545682532 0.09045928438214296
196 0.02712204199134045 0.4944127578981503 -0.8692272572967009
197 0.05440502216095758 -0.7158168885717895 0.6982880365833302
198 0.050283662260996724 0.24658592364608206 0.9691209327321377
199 0.050868846777275926 -0.1924516652928287 -0.9813064539306857
200 0.0409828609314407 0.25925627284823616 0.9658085653942198
201 0.02694131334820115 -0.8179170852304125 0.5753361119277897
202 0.07979369560753419 -0.30472824985972 0.9524393386129282
203 0.04756135372847221 -0.7839886608976095 -0.6207751441415588
204 0.06534191436592827 -0.6000187133124163 -0.7999859646737012
205 0.1339219615309552 0.04551286789092536 0.9989637525237556
206 0.0583809079948461 0.5963121375178203 -0.8027526609416678
207 0.0002477249132989335 -0.925263761682714 -0.3793243616178032
208 0.11570810486174717 -0.9852404975625668 -0.1711758217817741
209 0.03929017457571753 0.9424917793818489 0.3342293311450031
210 1.5337349416169413e-16 0.7238688997035583 -0.689937545029954
211 0.058050482072856076 0.9721881205234424 -0.2342013200498594
212 0.12210046872591328 0.7147981595100145 -0.6993308166819877
213 0.08933328606416265 0.9918570803998579 0.12735592668058227
214 0.03274436060061385 0.847143878513807 -0.5313635752444688
215 0.03691931899167062 0.9553748730177896 -0.295396093417368
216 0.1131549139749468 0.8475623248306365 -0.5306958691451127
217 0.061510805271410535 -0.3651995909477593 -0.930929244771905
218 0.006115593434336282 0.48094479043149085 0.8767508816971953
219 0.11170280561394401 0.621567324142341 0.7833607480328142
220 0.0724921253098901 0.6972995044226539 0.7167798833197827
221 0.026053028693249897 0.24917174954904578 -0.9684593121172761
222 0.08009337081576746 0.9979361342351081 -0.06421426623335569
223 0.01997675961107475 0.8300310967023031 0.5577171133354004
224 0.05099368267867373 -0.9944909639828472 0.10482233806048812
