800
0 208 320 0.0101612041333942
1 64 155 0.03613891495968718
2 204 205 0.011866059091395317
3 63 292 0.0514874124876472
4 374 381 0.07431272837516624
5 136 155 0.02230535403555859
6 21 24 0.04176418212298389
7 221 307 3.0565373837737265e-05
8 86 394 0.03941801718103101
9 321 322 0.04366963820454052
10 13 57 0.07257657121822648
11 2 191 0.050516244374118585
12 88 90 0.03642073110289937
13 40 43 0.018363752139663445
14 74 75 0.024106304302737896
15 176 263 0.08276483489536056
16 182 183 0.039184444284139724
17 211 212 0.020665381336553084
18 235 342 0.03575101200778971
19 99 192 0.07570347279575926
20 298 299 0.04174083081204311
21 343 345 0.03477632505493838
22 224 332 3.979014826711728e-05
23 25 26 0.07672230344546009
24 8 399 0.04098172228420994
25 19 22 0.047007514319944564
26 23 91 0.06722009380922024
27 201 270 0.033027360740474285
28 213 216 0.0524939252318356
29 50 130 0.02295169503259241
30 328 329 0.037786798060914374
31 171 294 0.060107685623797626
32 279 332 0.058866963454038836
33 243 244 0.02593027671551385
34 6 108 0.026330408264755075
35 14 240 0.03810353624651947
36 338 386 0.04687625613452524
37 297 361 0.06526777139604312
38 356 364 0.031512929917223174
39 359 360 0.05771274517445106
40 179 246 0.01591610521983668
41 177 310 0.03619212462535443
42 71 301 0.014619446643360855
43 339 343 0.04050277380878055
44 274 275 0.06264632194638765
45 17 197 0.06519796825730893
46 305 306 0.00020834092464513783
47 159 321 0.005597365114742222
48 360 361 0.053161997484511433
49 32 33 0.02867061920752475
50 392 393 0.038437205245454034
51 166 334 0.04999452141422718
52 256 262 0.0006308673061002363
53 110 203 0.020463716480400046
54 11 124 0.044203774285440915
55 306 307 8.330204079906073e-05
56 33 103 0.052512040007048934
57 110 212 0.0038290928412135967
58 164 165 0.0333673491498487
59 284 314 0.007391760924127724
60 219 236 0.04270581921120132
61 87 89 0.03607152328311253
62 187 339 0.017982941927771556
63 68 129 0.028143430062845
64 296 364 0.05731145493346705
65 195 196 0.03419458761234702
66 0 9 0.03986267522631119
67 45 261 0.0344716337700235
68 111 276 0.06516968490359523
69 356 359 0.013190689049032896
70 28 31 0.019041313354671918
71 224 225 9.23054737127919e-05
72 45 138 0.04338023158363672
73 128 155 0.051294561742766163
74 170 293 0.04084434130958507
75 117 202 0.011984207338764931
76 256 257 4.849927308897924e-05
77 30 102 0.04149291616934987
78 14 350 0.021303244386652147
79 41 43 0.0883599367160676
80 40 137 0.052453071274612205
81 353 383 0.016850888504016937
82 52 267 0.07166891167553421
83 80 81 0.056608728226923796
84 287 288 0.0515121995487169
85 2 144 0.05580413703101226
86 318 328 0.04614513185614382
87 42 125 0.056928855969195453
88 31 32 0.019929250113814155
89 106 341 0.047894277897309705
90 70 72 0.04337877046071367
91 170 192 0.040580130231425815
92 126 128 0.015253263310719224
93 157 261 0.028261703987746627
94 233 276 0.017255808882495095
95 6 342 0.02296493434786709
96 58 59 0.05434917512065235
97 113 209 0.05324539336426041
98 359 377 0.0311917749193302
99 177 324 0.03621466784166274
100 206 321 0.05109275912654603
101 91 183 0.024956926067559688
102 203 211 3.900830318381335e-05
103 22 93 0.060148810318983774
104 37 388 0.09765351375859838
105 268 305 0.04977289463094328
106 87 88 0.0054292081091066105
107 133 135 0.057608068432278156
108 68 128 0.04751466826207528
109 325 327 0.00014080877374879743
110 146 255 0.05603194376764895
111 0 1 0.03269249098995442
112 226 370 0.04919242950723804
113 52 288 0.04748769067181237
114 355 366 0.017954648798463767
115 228 323 0.023145998468523672
116 77 79 0.026759224826462747
117 65 66 0.09493550384579812
118 125 375 0.07034104893438868
119 221 305 0.0001697884252207605
120 70 92 0.06216184783665133
121 53 125 0.07568716661457742
122 56 283 0.03043574064130337
123 85 275 0.08850333351810934
124 69 219 0.05108504148093065
125 54 204 0.06515663674820955
126 94 95 0.0688427704427455
127 373 392 0.05161667760439651
128 111 390 0.03826693846362873
129 177 178 0.042593874298380956
130 313 399 0.01853704470886652
131 210 230 0.04045277671794525
132 362 382 0.07103902261878106
133 16 97 0.05417985332753735
134 13 15 0.07516403418359592
135 349 350 0.0274926310813426
136 33 173 0.03989767296152493
137 13 20 0.10763280993784055
138 222 250 0.038005560315098934
139 293 294 0.036911287180201334
140 153 154 0.06312416224570232
141 142 154 0.04646199179309566
142 156 280 0.028589132889841898
143 350 351 0.03412063864934029
144 225 263 0.022391158960827814
145 226 229 0.04842307557865607
146 73 81 0.014166310823341256
147 252 254 0.07030699203486655
148 237 238 0.017251481746702525
149 369 390 0.028123847874904812
150 277 385 0.09908286002829518
151 10 238 0.027298336086959342
152 215 228 0.054509156234909775
153 48 49 0.004147925139453715
154 212 389 0.052933592021329016
155 304 308 0.045063690127876053
156 268 269 0.03500227979095389
157 202 205 0.003006124799084422
158 237 344 0.03584553833626852
159 66 178 0.05181720735200707
160 220 303 0.02171890248435877
161 357 393 0.09392889563004078
162 27 120 0.08005530215422688
163 10 12 0.0014926480799625282
164 117 160 0.06467517803673671
165 87 189 0.11100654655994309
166 138 140 0.021104189791366464
167 36 372 0.014667315683247941
168 340 388 0.04289359422128204
169 285 316 0.00015658786272658963
170 129 194 0.043394712388299575
171 181 241 0.04526704161662959
172 166 168 0.08449678548691032
173 59 115 0.10889028341827536
174 150 365 0.03226844487974093
175 278 319 0.06668782009933015
176 100 101 0.035790114666325736
177 308 309 0.04239091081595076
178 232 273 0.05068259573953483
179 114 223 0.03248907793759484
180 142 144 0.022359431821463497
181 21 59 0.043128658100461396
182 4 5 0.027741436247106795
183 44 258 0.047147505934200494
184 41 136 0.047443326241037864
185 242 328 0.06632138297664017
186 217 391 0.04961461760108146
187 254 263 0.008242044905079798
188 369 389 0.032732303058123156
189 246 310 0.03433575974699101
190 26 27 0.04918185560770492
191 358 379 0.052329696059763106
192 76 77 0.0889843321804429
193 12 40 0.046126228961263865
194 112 210 0.018795851460392397
195 361 381 0.0422016202396681
196 112 217 0.048227791426926916
197 364 377 0.011176651622304048
198 236 284 0.010017212085160106
199 250 286 0.042784423421909426
200 84 165 0.07338594449582111
201 30 171 0.04779018354363283
202 19 72 0.029744014044881088
203 79 86 0.04335833256935125
204 82 83 0.058477917395486356
205 116 158 0.06366296795512744
206 214 249 0.05328375331197259
207 55 288 0.15377440930964598
208 246 279 0.04231292410842923
209 180 239 0.06618665088375997
210 330 339 0.04564935094418526
211 119 168 0.03732091710365729
212 264 266 0.05288014953260487
213 199 235 0.06631033028398561
214 206 299 0.05206673729673267
215 135 259 0.03208298301935606
216 285 315 0.0001728530065149301
217 131 132 0.06263507237370171
218 34 35 0.06647656576267488
219 60 61 0.033145340876626656
220 120 169 0.04472886113990836
221 104 107 0.008477570175349522
222 82 184 0.03852875209773684
223 187 289 0.06345327648492351
224 234 324 0.062448625207503515
225 272 358 0.026568385441761686
226 235 385 0.0031610798105934225
227 37 195 0.031297778005724364
228 196 197 0.04034930171118919
229 71 382 0.00786663205067702
230 78 81 0.02748170504176496
231 158 159 0.04250110687596809
232 39 121 0.03882494258848126
233 62 245 0.07264856706234987
234 282 283 0.010900344752633056
235 107 108 0.005578190150243262
236 57 163 0.017643101992341634
237 347 376 0.03279639444368053
238 123 269 0.048231926236844254
239 89 90 0.00015894304851905982
240 41 126 0.050798987574082834
241 172 173 0.00012733499688989192
242 124 270 0.03640807331475124
243 20 85 0.026561008884772842
244 267 289 0.052441634220082134
245 148 149 0.04020882505700132
246 345 346 0.024225624930149483
247 134 145 0.057680981481771594
248 140 157 0.03257628222447468
249 162 286 0.031771028406835024
250 24 74 0.0633629467765557
251 34 104 0.027432373515122534
252 64 179 0.042281780343323624
253 218 329 0.055430948174248464
254 272 380 0.0175284699016846
255 46 175 0.04916307649929262
256 127 129 0.005004296369268363
257 149 363 0.004851872887727161
258 365 368 0.0025727167787668167
259 159 228 0.038038129357536594
260 21 23 0.06690876528402899
261 109 266 0.06018785659555392
262 57 167 0.05070786980885251
263 223 286 0.03331284073583503
264 337 338 0.03002140242063114
265 60 172 0.04390453016586133
266 319 320 0.028114957207427876
267 48 232 0.022682712430777213
268 301 371 0.011555022899178025
269 20 88 0.0695649477560472
270 169 267 0.03637370382192581
271 314 330 0.012690589302448992
272 398 399 0.03905680124805225
273 249 287 0.020851023254483198
274 265 320 0.038488427142635916
275 113 118 0.020899538060653543
276 344 345 0.03565826425743547
277 271 273 0.00028482140899799047
278 326 327 0.00018066095885607784
279 130 255 0.018295945649294217
280 394 396 0.07129188823405365
281 29 31 0.03638017921088917
282 375 376 0.08130994378427596
283 300 356 0.061480699627860375
284 36 105 0.06156246426365905
285 131 256 0.04720134807459841
286 113 216 0.0277826087281274
287 241 315 0.04803113373704461
288 213 348 0.04276116990564898
289 160 223 0.06826057268463312
290 75 78 0.0017412018287377396
291 220 222 0.0001632048859465856
292 42 43 0.024558658529169483
293 147 153 0.010826554918538263
294 70 384 0.03928599367382617
295 96 97 0.04251233424804547
296 208 336 0.011950536926225313
297 51 255 0.021911219683133316
298 174 303 0.00022834241071365214
299 37 198 0.031212014247169833
300 143 146 0.04853794217422674
301 47 231 0.01273158854468425
302 171 297 0.056035764110349155
303 198 200 1.7196702082710134e-05
304 45 53 0.03976811731330805
305 308 355 0.037511782423728726
306 229 333 0.02782420607135268
307 5 385 0.04777914404972419
308 65 114 0.0515851703586891
309 9 233 0.049822168299551925
310 239 240 0.056512873048377904
311 67 68 0.0633023193027432
312 242 386 0.06560195099302207
313 185 186 0.031753846680011626
314 234 298 0.03375068154054374
315 371 382 0.017186284984035807
316 147 148 0.05241916022476796
317 28 311 0.024201654422155754
318 23 73 0.04969179428653215
319 243 378 0.039899098303329175
320 134 135 0.04647868871811774
321 231 232 0.00698894182937481
322 141 193 0.04620046990909863
323 268 309 0.06171823232021391
324 260 262 8.395004018012844e-05
325 178 179 0.04905881861032241
326 269 292 0.0565180005771227
327 2 152 0.06285945575043494
328 26 94 0.05028479759917105
329 78 79 0.04454874851260207
330 151 154 0.044737119158183326
331 161 162 0.05941422771481646
332 67 175 0.06362281713297101
333 126 127 0.04920432067914578
334 69 343 0.04705577360536042
335 47 244 0.08667059216288864
336 133 392 0.05759947562139009
337 76 387 0.01134564432366971
338 18 63 0.053263043511560165
339 207 208 0.049093832201860685
340 110 111 0.03850375059300561
341 227 384 0.049576128563534
342 367 371 0.06931902066223854
343 71 72 0.05285422949624971
344 90 274 0.023757536627177306
345 168 244 0.046219756926858355
346 378 380 0.056966527990237555
347 50 396 0.04755902454345571
348 191 192 0.032475901123521576
349 24 27 0.05159345192206427
350 102 103 0.00014045861030660795
351 295 296 0.052785907544119305
352 184 185 0.030796853477887815
353 276 299 0.043408116605884076
354 137 252 0.00017740411851337824
355 292 383 0.052301309248100974
356 287 291 0.10558101380514358
357 325 326 0.00012942004514409703
358 143 145 0.03449018006949664
359 0 7 0.058921760364799826
360 198 199 1.6735767372902006e-05
361 211 327 0.03944742300078359
362 355 383 0.01815054698043188
363 160 161 0.0374588184509828
364 91 93 0.031826740474239466
365 190 191 0.06881017619182121
366 119 389 0.06739945587375945
367 122 301 0.04625013428995808
368 243 352 0.06576752684587792
369 162 245 0.07589013431052519
370 15 96 0.0810685691606069
371 3 99 0.06102607358190481
372 247 331 0.045727573373398236
373 274 365 0.019341564885051857
374 277 278 0.0586990952952382
375 98 100 0.03458928682946661
376 174 306 0.00011554683378832985
377 296 357 0.016810830971436784
378 236 330 0.005139650013697903
379 11 12 0.021932783593497422
380 92 186 0.039369939009949256
381 136 156 0.02860110375638006
382 123 250 0.03945785419258068
383 95 188 0.030937912155920497
384 3 4 0.033759157076781544
385 378 379 0.021867826797647337
386 5 6 0.00027574597600630343
387 331 336 0.038773522300826216
388 56 312 0.00013927696071758163
389 284 285 0.05608700157801235
390 119 230 0.05112557400306213
391 137 251 0.0001437780505178969
392 80 83 0.008731087874413646
393 363 368 0.035813614575113
394 17 317 0.056456856768067935
395 121 264 0.04796542097804275
396 203 322 0.04586081712063784
397 11 237 0.012503767182786155
398 174 175 0.053154638717350856
399 337 391 0.04038450137036847
400 17 181 0.036907082692976004
401 138 139 0.07101412401322003
402 29 98 0.03214365901043234
403 69 201 0.05251330776817274
404 10 42 0.053528515911264264
405 116 214 0.061844122290305
406 163 165 0.07413441466867662
407 84 85 0.047635722453966994
408 48 60 0.04510602828106434
409 166 167 0.04897817405362746
410 38 207 0.01777376262929503
411 139 194 0.00553247660361852
412 150 151 0.0666663905094334
413 251 252 0.00012988251223532848
414 207 324 0.04705628216635109
415 46 373 0.05429091083184167
416 300 304 0.043488035794135384
417 190 295 0.00030255035249491814
418 164 227 0.0527566626754066
419 146 257 0.053235674499157275
420 132 395 0.06327491838636479
421 62 63 0.0716924269114394
422 363 372 0.04138435494680694
423 230 335 0.02886450335059082
424 249 348 0.05461064788152537
425 180 181 0.0561199332100152
426 142 143 0.03368395526697119
427 39 176 0.04030681039572046
428 290 314 0.046663254832063614
429 157 258 0.015181167023047337
430 103 273 0.00013314414033426756
431 226 227 0.03689587049265117
432 315 316 0.00012492325247598666
433 18 122 0.04192115843053786
434 89 368 0.03204480908017786
435 258 259 0.018924771460867285
436 352 374 0.040129955347135066
437 316 317 0.02442647256791126
438 105 106 0.009629465078493086
439 109 196 0.04689761719444535
440 353 366 0.01783425698855605
441 259 260 0.057006228671713635
442 289 290 0.020320601544464276
443 362 384 0.03389780156001194
444 115 120 0.03840173715423482
445 149 150 0.023728916933126037
446 346 347 0.052387065081679986
447 18 19 0.05165799302842204
448 25 75 0.04548347025997713
449 121 247 0.05222043889016967
450 233 234 0.06633611939391461
451 290 291 0.06304491565878177
452 7 38 0.08024381802417836
453 225 248 5.322383617949856e-05
454 189 388 0.0211189545483737
455 98 170 0.07633589570945631
456 49 369 0.0633340540077925
457 264 265 0.060126656420233536
458 35 152 0.010850708783836902
459 36 148 0.018986991765194694
460 53 131 0.042334101009949436
461 209 210 0.05120750312249778
462 9 61 0.04322943294393921
463 281 357 0.019867468271646975
464 167 333 0.02874040807016096
465 183 186 0.00675531508820116
466 294 377 0.07534966871743781
467 370 374 0.05044356315768856
468 4 107 0.008596972782981585
469 109 200 0.03295541855386774
470 362 370 0.03561880687496649
471 54 66 0.05752516427453741
472 241 242 0.04478968867058127
473 55 58 0.053779262051229466
474 238 347 0.041222230683237805
475 116 161 0.0559857373811837
476 65 67 0.048526054479736666
477 187 188 0.03632064752452125
478 95 169 0.05839536721677902
479 38 319 0.04088703598745035
480 112 335 0.036653591360070244
481 340 372 0.07913173183423058
482 16 195 0.06591894338840962
483 35 147 0.0001930367210044813
484 83 86 0.06793993533728063
485 118 218 0.05198398613868824
486 22 58 0.09614458689064835
487 215 216 0.035568908310885536
488 302 367 0.057678858606850424
489 275 394 0.0817221020025916
490 163 229 0.04129352509019575
491 32 313 0.025130417168474712
492 190 281 0.05542155479421782
493 310 336 0.056746054924999054
494 338 351 0.026459654439359773
495 282 312 0.026056011361419544
496 311 313 0.019752592079789202
497 55 62 0.04267999384540238
498 158 202 0.043629417404150106
499 1 398 0.0003220706518836482
500 395 397 0.008592153332618426
501 293 295 0.053060046425440203
502 240 351 0.013353186627130106
503 73 74 0.017458355635934914
504 96 239 0.015878851894429544
505 102 271 0.0001239924703473166
506 80 182 0.06405432061438822
507 50 51 0.022567287594573156
508 323 325 0.03614299047555979
509 173 398 0.00687966082850639
510 28 100 0.041534362491961484
511 104 105 0.005442963727798553
512 164 185 0.04995106782349291
513 396 397 0.04961367302985069
514 334 349 0.07696958781193684
515 122 353 0.05679714181960465
516 271 272 0.05039019340644066
517 7 8 0.017390452046642448
518 29 30 0.0410924172424246
519 300 302 0.024942881724294333
520 127 139 0.04297838287913818
521 214 215 0.07606646692380613
522 8 56 0.04260116422016219
523 25 77 0.026489062053499105
524 54 298 0.04374273317209059
525 176 201 0.056167904290856746
526 1 172 0.006934662804807818
527 114 220 0.055537834430881734
528 124 251 0.04268179971759584
529 219 317 0.04082963552435072
530 329 354 0.0624382959103342
531 51 151 0.07812104881997753
532 247 248 0.056801250399721864
533 270 344 0.04690285983058589
534 379 381 0.040031478316937416
535 118 217 0.05549246485317365
536 333 352 0.07019026213899157
537 140 141 0.03747317644430524
538 302 366 0.047804972952730417
539 334 335 0.050354110990624715
540 44 141 0.028837014650903214
541 193 194 0.04240486825594402
542 221 222 0.02179767364832097
543 213 218 0.01931927352582928
544 279 280 0.010244823745181328
545 304 393 0.042770456112898585
546 253 254 0.016603592418221996
547 209 326 0.04132712243857707
548 311 312 0.0493298350857995
549 354 391 0.04485961623012206
550 47 49 0.018510321161433103
551 340 341 0.0267223958724681
552 76 397 0.007102097850925568
553 199 200 2.1705482898936746e-05
554 144 145 0.03887033675919501
555 257 260 0.0006281700909713657
556 309 373 0.03733620932343859
557 341 342 0.03232077020802731
558 3 34 0.02009006104029508
559 134 281 0.0538965369038299
560 387 395 0.009215663682121913
561 97 189 0.07827755567409718
562 92 93 0.007443336435785263
563 278 283 0.061463584516761385
564 188 346 0.05016824723910284
565 248 332 0.0001405230024330619
566 291 318 0.007929008451496503
567 46 193 0.052618925105237475
568 99 101 0.07000781416953092
569 261 262 0.03887112602479767
570 297 358 0.021697745515607388
571 354 386 0.024161023898766974
572 52 115 0.04517912772437551
573 337 349 0.03513795963010211
574 82 84 0.05399111494483646
575 205 206 0.03611227345459504
576 101 282 0.07032200026725965
577 130 132 0.029311381609103345
578 266 277 0.03150051499049854
579 224 253 0.01600203962483054
580 152 153 0.00012192563142939501
581 61 390 0.03383255572764094
582 231 380 0.03619357445076954
583 360 367 0.048071868058413084
584 182 184 0.008371171346644918
585 117 204 0.006108470970799419
586 322 323 0.008353380080911124
587 44 133 0.018147499377414472
588 106 108 0.004583200906614053
589 265 331 0.0036297297002885393
590 94 376 0.06439399125505534
591 14 15 0.024947515517808726
592 123 245 0.03374541406815963
593 318 348 0.07098026567424315
594 156 253 0.043532909482677976
595 303 307 0.00036934303800764234
596 39 197 0.08720856184774327
597 375 387 0.0637187270917251
598 64 280 0.018317362822591023
599 16 180 0.023100448749810324
