817
0 208 320 0.009663852197161175
1 64 155 0.03639312426814995
2 204 205 0.010789450961594657
3 63 292 0.050963721214207724
4 374 381 0.07452545424248778
5 136 155 0.021086642180547115
6 21 24 0.041130210966422553
7 221 307 9.674846139363322e-05
8 86 394 0.039829220592394285
9 321 322 0.043801685092215874
10 13 57 0.07310208525482463
11 2 191 0.05111184019788043
12 88 90 0.0355154817208629
13 40 43 0.018224878907040564
14 74 75 0.024123422587536462
15 176 263 0.08279750000618663
16 182 183 0.03931554905924914
17 211 212 0.019944573415312136
18 235 342 0.03591341336864255
19 99 192 0.07539423851680736
20 298 299 0.04118671821226784
21 343 345 0.034917495852519284
22 224 332 0.00014472379711737536
23 25 26 0.07693576167013627
24 8 399 0.040602109872180714
25 19 22 0.04711514399866385
26 23 91 0.06822093411725644
27 201 270 0.03336626070148058
28 213 216 0.05190821842335172
29 50 130 0.021652249340856335
30 328 329 0.03727574443979293
31 171 294 0.06056474127976671
32 279 332 0.058927527531289964
33 243 244 0.025876979548581966
34 6 108 0.026223644758699725
35 14 240 0.036253788912501216
36 338 386 0.047346444067803126
37 297 361 0.06464623395142945
38 356 364 0.030659838070604486
39 359 360 0.058056607469923506
40 179 246 0.014710850682592291
41 177 310 0.03556889652217985
42 71 301 0.013893243036452368
43 339 343 0.04059790811211793
44 274 275 0.06269129829466202
45 17 197 0.06563601778450412
46 305 306 0.0003008460309429184
47 159 321 0.004818653151878844
48 360 361 0.054175433124260486
49 32 33 0.02870588217330503
50 392 393 0.03838554714987028
51 166 334 0.050038790593436605
52 256 262 3.988001574024043e-05
53 110 203 0.01985744100220479
54 11 124 0.04382419574410565
55 306 307 0.00030270428144339517
56 33 103 0.05301993663242024
57 110 212 0.0024322270884279606
58 164 165 0.0330918475045593
59 284 314 0.0066049520267527015
60 219 236 0.042447484541666886
61 87 89 0.035240798315368235
62 187 339 0.017844134517529732
63 68 129 0.0281842884711208
64 296 364 0.0579957997808496
65 195 196 0.03385796748858689
66 0 9 0.03993708360061355
67 45 261 0.03335276512336751
68 111 276 0.06552696906786955
69 356 359 0.011974739495378237
70 28 31 0.018367267915157547
71 224 225 2.8333481305869764e-05
72 45 138 0.04331317516507643
73 128 155 0.05207499043020294
74 170 293 0.04107563910071006
75 117 202 0.010877103604303112
76 256 257 0.00011697322517782472
77 30 102 0.04123869335497573
78 14 350 0.0206059508198322
79 41 43 0.08947285145599035
80 40 137 0.052116053006601666
81 353 383 0.01574475344210731
82 52 267 0.07109335947672289
83 80 81 0.05723209124511329
84 287 288 0.05234276567329806
85 2 144 0.05594338465568987
86 318 328 0.04663488768585346
87 42 125 0.05766075003406082
88 31 32 0.019900813845712764
89 106 341 0.04704537409440382
90 70 72 0.043340964562354575
91 170 192 0.04013154271805089
92 126 128 0.013892475371829133
93 157 261 0.02829211195383133
94 233 276 0.016817922530850078
95 6 342 0.02222431666460398
96 58 59 0.05452699545941934
97 113 209 0.05323288912288293
98 359 377 0.030369868442365534
99 177 324 0.0363218164513089
100 206 321 0.05137864891228001
101 91 183 0.024737068458378458
102 203 211 6.107905368609529e-05
103 22 93 0.06042634957582257
104 37 388 0.09736897778326217
105 268 305 0.049937857295315954
106 87 88 0.004622060297497846
107 133 135 0.05665175446207101
108 68 128 0.04716272889157204
109 325 327 0.00012711059010456576
110 146 255 0.056766433172702996
111 0 1 0.03280492690182626
112 226 370 0.048537347334382336
113 52 288 0.047483328359676155
114 355 366 0.016721064005760577
115 228 323 0.023063688264462773
116 77 79 0.02629226130132381
117 65 66 0.09530984874794353
118 125 375 0.06967338219883049
119 221 305 0.00012851660037411337
120 70 92 0.06248050044224771
121 53 125 0.07648739720160629
122 56 283 0.02896079545721624
123 85 275 0.08774329128316143
124 69 219 0.051365358212471256
125 54 204 0.06577044153703804
126 94 95 0.06848143711882486
127 373 392 0.051555267220105234
128 111 390 0.03793190254849175
129 177 178 0.041731292837164015
130 313 399 0.018634933379100386
131 210 230 0.03941424925643094
132 362 382 0.07180251172578117
133 16 97 0.05343559604763526
134 13 15 0.07611832149554136
135 349 350 0.02780304169081014
136 33 173 0.0398662110496086
137 13 20 0.10778250951612699
138 222 250 0.038202391906521235
139 293 294 0.036972599140893195
140 153 154 0.06316367656110221
141 142 154 0.046958386927050844
142 156 280 0.02796538881110126
143 350 351 0.03242304985631394
144 225 263 0.021910931667322154
145 226 229 0.048885334397702165
146 73 81 0.013805064360975394
147 252 254 0.0711265215640514
148 237 238 0.016336003669840712
149 369 390 0.02779297040714353
150 277 385 0.09939158342244477
151 10 238 0.027178954859612796
152 215 228 0.05504235521548615
153 48 49 0.0036225078320372335
154 212 389 0.05341605061441261
155 304 308 0.0446433669092727
156 268 269 0.034743764736454505
157 202 205 0.00219300802239076
158 237 344 0.0359074396427899
159 66 178 0.052670958495413756
160 220 303 0.02105244156716452
161 357 393 0.09434214586249004
162 27 120 0.08009499426974469
163 10 12 0.0007046532876659008
164 117 160 0.06601776331700004
165 87 189 0.11183754175789766
166 138 140 0.020475259422373326
167 36 372 0.013944665457351435
168 340 388 0.04350158217899727
169 285 316 0.0001225536520830268
170 129 194 0.04264206708154566
171 181 241 0.045034153551179644
172 166 168 0.08395211019439713
173 59 115 0.10874822704277563
174 150 365 0.03208513438719228
175 278 319 0.0665747319309895
176 100 101 0.035702471015023655
177 308 309 0.04273976882747674
178 232 273 0.05086839822278786
179 114 223 0.03281520835860072
180 142 144 0.021358463084026443
181 21 59 0.04361037530921275
182 4 5 0.02758695156565882
183 44 258 0.04639878482182456
184 41 136 0.04693621018216746
185 242 328 0.06565500904827734
186 217 391 0.05026297346049659
187 254 263 0.007466195183088082
188 369 389 0.03285956740860398
189 246 310 0.034709142753065435
190 26 27 0.04868497199419912
191 358 379 0.051531978884230986
192 76 77 0.09028755533175081
193 12 40 0.045673043576056185
194 112 210 0.017814401794541704
195 361 381 0.04197545452124786
196 112 217 0.048789365162142335
197 364 377 0.01005584361782393
198 236 284 0.008777128676598633
199 250 286 0.042645195141847454
200 84 165 0.07313273763153363
201 30 171 0.04771717987825988
202 19 72 0.029559387091490467
203 79 86 0.0433366959859941
204 82 83 0.05805185648970223
205 116 158 0.06309687923628221
206 214 249 0.05395597952678344
207 55 288 0.15352601678513073
208 246 279 0.04243607686770188
209 180 239 0.06617490098849241
210 330 339 0.0462046016924268
211 119 168 0.03727872017846927
212 264 266 0.053644184843360004
213 199 235 0.066697061576152
214 206 299 0.05240089930081418
215 135 259 0.03178422928897223
216 285 315 0.00016047646823454247
217 131 132 0.06313474301132344
218 34 35 0.06728374504026442
219 60 61 0.03282093717397239
220 120 169 0.0446444764682358
221 104 107 0.008114050499593631
222 82 184 0.038124819551002734
223 187 289 0.06285434552278066
224 234 324 0.06352082778194426
225 272 358 0.026775261103001973
226 235 385 0.002179707019536032
227 37 195 0.031126276546153315
228 196 197 0.0408816023464779
229 71 382 0.006765024104897584
230 78 81 0.027199696916965527
231 158 159 0.04287441122786801
232 39 121 0.03937010366590409
233 62 245 0.07296147576520157
234 282 283 0.01001321118794191
235 107 108 0.005323643396419621
236 57 163 0.017509275176525254
237 347 376 0.03312692901173318
238 123 269 0.04830127474681616
239 89 90 0.00011256459943061203
240 41 126 0.05072785489694453
241 172 173 0.00013280782757464055
242 124 270 0.03590754349745319
243 20 85 0.02651164438341991
244 267 289 0.05280443508818782
245 148 149 0.04009839112806202
246 345 346 0.023940556716619484
247 134 145 0.05854041297654271
248 140 157 0.03228853633123372
249 162 286 0.03089256162647576
250 24 74 0.0633651328750851
251 34 104 0.027415743684943598
252 64 179 0.04229521379118275
253 218 329 0.05572421551868307
254 272 380 0.01710576518193794
255 46 175 0.049493788328890106
256 127 129 0.0035540555857245634
257 149 363 0.003941280789219687
258 365 368 0.0015250252953884038
259 159 228 0.0376511125068913
260 21 23 0.066239289859956
261 109 266 0.06056670720092073
262 57 167 0.05022330426454298
263 223 286 0.03267798418227118
264 337 338 0.02888923367834025
265 60 172 0.04439131085936377
266 319 320 0.028187132351368625
267 48 232 0.022388843069488004
268 301 371 0.010230639656437182
269 20 88 0.07029698871078703
270 169 267 0.03572481045817295
271 314 330 0.01110316448299683
272 398 399 0.03950268270869772
273 249 287 0.021063451737598392
274 265 320 0.0384074715570681
275 113 118 0.020612750403237647
276 344 345 0.03598197847290089
277 271 273 8.072120842303236e-05
278 326 327 0.00014392382853858058
279 130 255 0.017584632561772395
280 394 396 0.07175955687193059
281 29 31 0.03628897783783909
282 375 376 0.08146793915159796
283 300 356 0.062274111983100525
284 36 105 0.06224661646228406
285 131 256 0.047021595950442266
286 113 216 0.027691102804655823
287 241 315 0.04777362594715792
288 213 348 0.04319878812883474
289 160 223 0.0680781310625166
290 75 78 0.0012523409958878097
291 220 222 1.639539925277334e-05
292 42 43 0.024315358190289547
293 147 153 0.010068594888055097
294 70 384 0.03951330555437443
295 96 97 0.042756085984124434
296 208 336 0.011698262532097966
297 51 255 0.020741359179514186
298 174 303 0.00013586370253532414
299 37 198 0.030896278224919773
300 143 146 0.04923378342397022
301 47 231 0.012351058301463333
302 171 297 0.05610867151318934
303 198 200 0.00010735880557713518
304 45 53 0.040245866127427726
305 308 355 0.03812672392449742
306 229 333 0.027541832355377063
307 5 385 0.04790417033845074
308 65 114 0.05175300193176383
309 9 233 0.050420385299855
310 239 240 0.057134319029605425
311 67 68 0.06404320770204354
312 242 386 0.06549156306258146
313 185 186 0.03147290683437629
314 234 298 0.03322081656036745
315 371 382 0.01624472541354543
316 147 148 0.0530459447599134
317 28 311 0.02405785506840637
318 23 73 0.049656966127189596
319 243 378 0.04031170402479052
320 134 135 0.04724494666871279
321 231 232 0.0066287234283696666
322 141 193 0.04664699443023524
323 268 309 0.0618978153121647
324 260 262 0.00022013468572771816
325 178 179 0.049091423915042835
326 269 292 0.056768521027691345
327 2 152 0.06310067433691169
328 26 94 0.05088010862215254
329 78 79 0.04419376244673018
330 151 154 0.044471255766451945
331 161 162 0.060060730929214254
332 67 175 0.06315405228388718
333 126 127 0.04981001443709348
334 69 343 0.046249119037713025
335 47 244 0.08668300242127595
336 133 392 0.05821479873057868
337 76 387 0.010126321592151958
338 18 63 0.053511818063481084
339 207 208 0.04864465714690258
340 110 111 0.03932101432934508
341 227 384 0.04922923446232678
342 367 371 0.07034988559094896
343 71 72 0.05327712625519458
344 90 274 0.023112660835788577
345 168 244 0.046806547392789194
346 378 380 0.05643710745801043
347 50 396 0.04822664537347576
348 191 192 0.03270060415074014
349 24 27 0.05196438123943897
350 102 103 2.9923650410055954e-05
351 295 296 0.052207624419250975
352 184 185 0.030394389461184567
353 276 299 0.043525422735506025
354 137 252 0.0001468383064684821
355 292 383 0.05297729794589851
356 287 291 0.1042684019402154
357 325 326 0.00017805871568139675
358 143 145 0.03305953147496159
359 0 7 0.05872251790885257
360 198 199 0.00012092827518892936
361 211 327 0.03946271853877813
362 355 383 0.017342502591772016
363 160 161 0.03615042545699924
364 91 93 0.03146888141427127
365 190 191 0.06886423369061732
366 119 389 0.06783777450012055
367 122 301 0.04687272280038485
368 243 352 0.06612473828528617
369 162 245 0.07527671265556382
370 15 96 0.08040132902056395
371 3 99 0.06241081128522849
372 247 331 0.046088321216330795
373 274 365 0.019581515840355036
374 277 278 0.059464905961581514
375 98 100 0.03409004386642707
376 174 306 7.867734084875462e-05
377 296 357 0.016706681342826272
378 236 330 0.004577184726515312
379 11 12 0.02187403737899491
380 92 186 0.03943428337140872
381 136 156 0.028819210224066704
382 123 250 0.039358154401901796
383 95 188 0.031149054470516014
384 3 4 0.033468732485072185
385 378 379 0.021456020419775592
386 5 6 0.00015332299528888663
387 331 336 0.03851158471700703
388 56 312 2.0316777817195238e-05
389 284 285 0.05652892825467154
390 119 230 0.05186763071497416
391 137 251 0.00012706340221222255
392 80 83 0.008216857748085404
393 363 368 0.03621925557005485
394 17 317 0.05643782918861502
395 121 264 0.046998949315350175
396 203 322 0.04616435227047726
397 11 237 0.012186867480024838
398 174 175 0.053066488821367754
399 337 391 0.04019032107888423
400 17 181 0.036374615559386606
401 138 139 0.07192109661797072
402 29 98 0.03180825700378153
403 69 201 0.05285382165311577
404 10 42 0.05290611402450387
405 116 214 0.062275828472815875
406 163 165 0.07426627790944076
407 84 85 0.04835240645385397
408 48 60 0.04569658266153509
409 166 167 0.04990633498215576
410 38 207 0.017476399944176952
411 139 194 0.004176056843834223
412 150 151 0.06750381941469628
413 251 252 0.0001746641751819988
414 207 324 0.04744994426711171
415 46 373 0.054164544818478155
416 300 304 0.04346162048914247
417 190 295 0.0002671140008629767
418 164 227 0.05323089368324976
419 146 257 0.05365341160603719
420 132 395 0.06379228235384786
421 62 63 0.0716407880354523
422 363 372 0.04155597137267729
423 230 335 0.02764091643387661
424 249 348 0.05412408058530737
425 180 181 0.057032818536465996
426 142 143 0.033043939578389275
427 39 176 0.04047566393480436
428 290 314 0.047550788058395375
429 157 258 0.015134038565869288
430 103 273 0.00012358160670369948
431 226 227 0.036393493853387526
432 315 316 0.00016743111964703797
433 18 122 0.041358197481827584
434 89 368 0.032278143759682985
435 258 259 0.018721339744137394
436 352 374 0.03922511958988224
437 316 317 0.0236211020292449
438 105 106 0.009288224189720787
439 109 196 0.04628320759691013
440 353 366 0.0169700902130989
441 259 260 0.05709615284527806
442 289 290 0.02032652221937455
443 362 384 0.033284522169415395
444 115 120 0.03789422940545669
445 149 150 0.023279870960533914
446 346 347 0.052113963477246075
447 18 19 0.05177863354262642
448 25 75 0.04504879168271176
449 121 247 0.05136968339279143
450 233 234 0.06581988035780699
451 290 291 0.06404567405906825
452 7 38 0.08128175295873703
453 225 248 0.00017750034286578595
454 189 388 0.021209350181793672
455 98 170 0.07678733813003999
456 49 369 0.06363601860076831
457 264 265 0.06015890387375533
458 35 152 0.010082634888773206
459 36 148 0.018650485828192374
460 53 131 0.04167362388597071
461 209 210 0.05174215064534769
462 9 61 0.04279956045737715
463 281 357 0.019615443297167152
464 167 333 0.02826695551724018
465 183 186 0.005985877826994994
466 294 377 0.0757600903362702
467 370 374 0.05116913556095393
468 4 107 0.007954633984130098
469 109 200 0.03246261201296652
470 362 370 0.0358741155992124
471 54 66 0.05780659892778302
472 241 242 0.045753987183465114
473 55 58 0.053649521193806116
474 238 347 0.041752066698684726
475 116 161 0.056452997204835494
476 65 67 0.0486170381538214
477 187 188 0.036441790757442825
478 95 169 0.058607195895588896
479 38 319 0.040169321748348794
480 112 335 0.03586705956756511
481 340 372 0.07891018660029198
482 16 195 0.06640872572583824
483 35 147 0.0001620359569590162
484 83 86 0.06811312346858038
485 118 218 0.05156362995830397
486 22 58 0.09628994489655104
487 215 216 0.03592543011064142
488 302 367 0.057185077138313
489 275 394 0.08232747174881612
490 163 229 0.04077466980196799
491 32 313 0.024605231269294738
492 190 281 0.05482995620494612
493 310 336 0.05727160428515907
494 338 351 0.026933549198463167
495 282 312 0.02496140578023831
496 311 313 0.019298802030587467
497 55 62 0.04345969499725983
498 158 202 0.0439057984483058
499 1 398 3.5907924759943454e-05
500 395 397 0.007672952137235185
501 293 295 0.05301253797730694
502 240 351 0.013207347619599156
503 73 74 0.016707743998979643
504 96 239 0.014794970824382466
505 102 271 0.000229443774142933
506 80 182 0.06399724892383925
507 50 51 0.021687257640791338
508 323 325 0.03595100421276996
509 173 398 0.005773679400538176
510 28 100 0.041250189474589964
511 104 105 0.004989644700336586
512 164 185 0.05062838669071493
513 396 397 0.049696411135767234
514 334 349 0.0776950973628909
515 122 353 0.0576218357728109
516 271 272 0.05041220459293044
517 7 8 0.0172599581587275
518 29 30 0.04158110826964996
519 300 302 0.02483523475900814
520 127 139 0.042431723729983536
521 214 215 0.07509730364346542
522 8 56 0.042946467978614844
523 25 77 0.026295556529152
524 54 298 0.043618026032748385
525 176 201 0.05680064735509397
526 1 172 0.00579525710931293
527 114 220 0.055612201333716846
528 124 251 0.04267366961746856
529 219 317 0.0409917129365827
530 329 354 0.06229795242124701
531 51 151 0.07906100792097231
532 247 248 0.05727531102562698
533 270 344 0.045983091897491356
534 379 381 0.039736159899675834
535 118 217 0.055411164328318586
536 333 352 0.07055676775512716
537 140 141 0.036836656983208316
538 302 366 0.048520806557642945
539 334 335 0.050563223249352515
540 44 141 0.02859158063533012
541 193 194 0.04297948684931683
542 221 222 0.02098468171901734
543 213 218 0.01886714193678048
544 279 280 0.009876440029125088
545 304 393 0.04285307564406676
546 253 254 0.01636359228046359
547 209 326 0.041769105328855256
548 311 312 0.04980381802302403
549 354 391 0.044375180294954235
550 47 49 0.018302406956049334
551 340 341 0.027129456427884436
552 76 397 0.006256139845112212
553 199 200 8.697909467207874e-05
554 144 145 0.03788528766748706
555 257 260 0.00010950869267745673
556 309 373 0.03737183792659474
557 341 342 0.031607778142738886
558 3 34 0.01897546199647331
559 134 281 0.05440795376189398
560 387 395 0.008138436319874128
561 97 189 0.07869205725628059
562 92 93 0.006864440468183229
563 278 283 0.06250053079579553
564 188 346 0.050112305659473014
565 248 332 9.450443257771909e-05
566 291 318 0.00808385430603416
567 46 193 0.05286295653917851
568 99 101 0.07046421111351152
569 261 262 0.03914170039435784
570 297 358 0.021638622760789
571 354 386 0.02346791904027596
572 52 115 0.0448588345378782
573 337 349 0.03472510135408268
574 82 84 0.054032509503547474
575 205 206 0.03639249932326478
576 101 282 0.07045706959476963
577 130 132 0.02956122576660624
578 266 277 0.03120557901099107
579 224 253 0.015114682607431422
580 152 153 2.4993986899928508e-05
581 61 390 0.03392995809856389
582 231 380 0.03644543243722745
583 360 367 0.048173842139139667
584 182 184 0.007775314615886414
585 117 204 0.005062942767302273
586 322 323 0.007582088859711556
587 44 133 0.018177021897661103
588 106 108 0.004137155885007427
589 265 331 0.002869701308702267
590 94 376 0.06428380993887285
591 14 15 0.025249938314653057
592 123 245 0.03323611272332156
593 318 348 0.07012994608083797
594 156 253 0.044142881246108545
595 303 307 0.00034552321327975435
596 39 197 0.08740345184079687
597 375 387 0.064929242885279
598 64 280 0.017564127075028628
599 16 180 0.0227045103021177
