819
0 208 320 0.009604969499245037
1 64 155 0.03642286337736151
2 204 205 0.010662634821020353
3 63 292 0.05090241511123578
4 374 381 0.07455155965177668
5 136 155 0.020943281252629252
6 21 24 0.04105573079842719
7 221 307 0.0001264961410525574
8 86 394 0.03987722757514839
9 321 322 0.043816496080453196
10 13 57 0.07316391756776307
11 2 191 0.051181200923327744
12 88 90 0.03540390207357037
13 40 43 0.01820758140542843
14 74 75 0.024125047535700148
15 176 263 0.0828014590512079
16 182 183 0.03933074562237788
17 211 212 0.01985678835999467
18 235 342 0.035934267632498886
19 99 192 0.0753579192282074
20 298 299 0.04112126994432475
21 343 345 0.0349343485878178
22 224 332 6.571938524976305e-05
23 25 26 0.07696161235859009
24 8 399 0.040558525539376604
25 19 22 0.04712783891606298
26 23 91 0.06833839518295746
27 201 270 0.03340553281932731
28 213 216 0.051839655407239935
29 50 130 0.021499772647924645
30 328 329 0.037215820818451005
31 171 294 0.060618458154792124
32 279 332 0.05901115808249368
33 243 244 0.0258707415767572
34 6 108 0.02623663002022409
35 14 240 0.03603640366847071
36 338 386 0.04740088126343826
37 297 361 0.06457293017555069
38 356 364 0.0305595059047605
39 359 360 0.05809697987175276
40 179 246 0.014569216225260475
41 177 310 0.03549561217678158
42 71 301 0.01380864786431205
43 339 343 0.040608614976627024
44 274 275 0.06269638289847072
45 17 197 0.06568782079578862
46 305 306 0.0002636887355036555
47 159 321 0.004727294357978676
48 360 361 0.05429467786209595
49 32 33 0.02870968248426749
50 392 393 0.03837971790002624
51 166 334 0.05004403015302153
52 256 262 0.00019117568846849605
53 110 203 0.019781689319788107
54 11 124 0.04377925724347149
55 306 307 0.000299905150654886
56 33 103 0.053021212114264166
57 110 212 0.0022737670574800857
58 164 165 0.03305874285921904
59 284 314 0.006511563380752505
60 219 236 0.04241731275708574
61 87 89 0.03513934670418076
62 187 339 0.01782820761240555
63 68 129 0.028187540491131233
64 296 364 0.058076319220401726
65 195 196 0.03381829508431652
66 0 9 0.03994585510131735
67 45 261 0.03322167566889938
68 111 276 0.06556848838642665
69 356 359 0.011831735004580185
70 28 31 0.018288131722619314
71 224 225 0.00016126743816326886
72 45 138 0.04330551303706197
73 128 155 0.05216645388252138
74 170 293 0.04110319469959366
75 117 202 0.010747005471372409
76 256 257 4.529660698414908e-05
77 30 102 0.04119960005804614
78 14 350 0.02052435653547317
79 41 43 0.08960394655284666
80 40 137 0.05207135864349665
81 353 383 0.015614329748928995
82 52 267 0.07102576347017268
83 80 81 0.05730557031191066
84 287 288 0.05244057644087331
85 2 144 0.05596058816523511
86 318 328 0.04669215775099249
87 42 125 0.057747521562716835
88 31 32 0.0198974014601545
89 106 341 0.04694547203026101
90 70 72 0.04333625437189466
91 170 192 0.040079111646680855
92 126 128 0.013732533728285225
93 157 261 0.028295508040789296
94 233 276 0.01676587874943469
95 6 342 0.02217089950997675
96 58 59 0.054547901383025774
97 113 209 0.05323160137262677
98 359 377 0.03027325474800004
99 177 324 0.03633428959045654
100 206 321 0.05141241719984869
101 91 183 0.024711421035028713
102 203 211 0.0002677158110061837
103 22 93 0.06045902836055228
104 37 388 0.09733589973810124
105 268 305 0.04994570448093889
106 87 88 0.0045288898244488125
107 133 135 0.05653970744094982
108 68 128 0.047121228992883964
109 325 327 0.00012700125706850102
110 146 255 0.056852701799830985
111 0 1 0.03271274755712555
112 226 370 0.048460229950293504
113 52 288 0.047483066225148404
114 355 366 0.016576378785189895
115 228 323 0.023053678446045573
116 77 79 0.026237248953651777
117 65 66 0.09535411424012474
118 125 375 0.06959515998197333
119 221 305 0.00013570316844669668
120 70 92 0.06251843641245731
121 53 125 0.07658146416653078
122 56 283 0.028782837773669256
123 85 275 0.08765412443515391
124 69 219 0.05139896753082409
125 54 204 0.06584291068822187
126 94 95 0.0684390500984121
127 373 392 0.05154809924881007
128 111 390 0.03789323119685196
129 177 178 0.041630175559468845
130 313 399 0.018646268733959012
131 210 230 0.03929227410057808
132 362 382 0.0718930740863058
133 16 97 0.05334792195267221
134 13 15 0.07623066288857622
135 349 350 0.027839230877066846
136 33 173 0.039898189073931126
137 13 20 0.10780028300706422
138 222 250 0.038118434046245785
139 293 294 0.03697915024720017
140 153 154 0.0630903745183873
141 142 154 0.047017175622203124
142 156 280 0.027892279963322157
143 350 351 0.03222330824128146
144 225 263 0.021841969981405005
145 226 229 0.048939299069393954
146 73 81 0.013762992397055666
147 252 254 0.07122448394368501
148 237 238 0.016228898517035593
149 369 390 0.027753933213324034
150 277 385 0.09942813532867309
151 10 238 0.02716404644036984
152 215 228 0.055104812381055135
153 48 49 0.003560598319645621
154 212 389 0.05346980056087145
155 304 308 0.044594307090928695
156 268 269 0.034713078308509775
157 202 205 0.002097736323466473
158 237 344 0.03591431162877065
159 66 178 0.05277121741833604
160 220 303 0.020989949879792223
161 357 393 0.09439056821356845
162 27 120 0.08009998875938298
163 10 12 0.0006128934563016168
164 117 160 0.06617555274164377
165 87 189 0.11193493308871141
166 138 140 0.02040165768082597
167 36 372 0.013859385314040816
168 340 388 0.043572888447261066
169 285 316 0.00012255448982688842
170 129 194 0.042555901918770525
171 181 241 0.045006449456324156
172 166 168 0.0838882056021137
173 59 115 0.10873178242483214
174 150 365 0.03206297108451988
175 278 319 0.06656182082956716
176 100 101 0.035691780730741855
177 308 309 0.04278034963189463
178 232 273 0.05088872033108528
179 114 223 0.032853734190932946
180 142 144 0.02124052889754349
181 21 59 0.04366676936283453
182 4 5 0.02757425111187192
183 44 258 0.046310700831102856
184 41 136 0.04687691300055048
185 242 328 0.06557682637479076
186 217 391 0.050338741822829096
187 254 263 0.0073751461378372095
188 369 389 0.03287425942757212
189 246 310 0.034752795306418935
190 26 27 0.04862663722297125
191 358 379 0.05143848107020467
192 76 77 0.09044131743005317
193 12 40 0.04562043399310902
194 112 210 0.01769900378602392
195 361 381 0.04194818825062042
196 112 217 0.048855308022928076
197 364 377 0.009923837827445324
198 236 284 0.008631275871164381
199 250 286 0.04263038421412014
200 84 165 0.07310342437039062
201 30 171 0.04770863458910214
202 19 72 0.029537551969471422
203 79 86 0.043334087635106426
204 82 83 0.05800191391560964
205 116 158 0.06303029693451756
206 214 249 0.05403476584919293
207 55 288 0.1534970336886788
208 246 279 0.04245026068759317
209 180 239 0.06617367531692395
210 330 339 0.04626954105181433
211 119 168 0.037273561891562376
212 264 266 0.053734153161353417
213 199 235 0.06659376548460028
214 206 299 0.05244023233493097
215 135 259 0.03174898348104321
216 285 315 0.0001600880468711223
217 131 132 0.06319396554599309
218 34 35 0.06742461661873361
219 60 61 0.03278231696808347
220 120 169 0.04463459214547966
221 104 107 0.008070773899091482
222 82 184 0.03807757408258607
223 187 289 0.0627844101754301
224 234 324 0.06364647529672654
225 272 358 0.026799039419819055
226 235 385 0.002064899847971297
227 37 195 0.031105694028744454
228 196 197 0.040943912602995895
229 71 382 0.006635436666637695
230 78 81 0.02716646460787099
231 158 159 0.04291799730278825
232 39 121 0.039433626945500413
233 62 245 0.07299853273125627
234 282 283 0.00991028128843063
235 107 108 0.005294380017008324
236 57 163 0.01749295119103602
237 347 376 0.03316553330304543
238 123 269 0.04830929573862459
239 89 90 0.00026836736310340047
240 41 126 0.050719474680127184
241 172 173 4.2473285674465107e-05
242 124 270 0.03584913105257778
243 20 85 0.026505145122009653
244 267 289 0.0528475938416817
245 148 149 0.04008476150565553
246 345 346 0.02390702079832791
247 134 145 0.058641224954703905
248 140 157 0.0322539709512343
249 162 286 0.030789261487591337
250 24 74 0.06336516955415217
251 34 104 0.027414193353942493
252 64 179 0.042297203357166024
253 218 329 0.05575871562863641
254 272 380 0.017055914912860726
255 46 175 0.04953232862659367
256 127 129 0.00338368241966396
257 149 363 0.0038344669231124818
258 365 368 0.001402270491665134
259 159 228 0.03760582390183749
260 21 23 0.06616071753654869
261 109 266 0.06061073798886312
262 57 167 0.05016623530875353
263 223 286 0.03260388699185671
264 337 338 0.028756340959468267
265 60 172 0.04448394146077942
266 319 320 0.028195715874600968
267 48 232 0.022354728721083333
268 301 371 0.010075074736898936
269 20 88 0.07038192179547072
270 169 267 0.03564861171737627
271 314 330 0.01091732108639588
272 398 399 0.03944920180018909
273 249 287 0.021088186705835153
274 265 320 0.038398268246924015
275 113 118 0.020578764109806753
276 344 345 0.036020312731027515
277 271 273 0.0002521128667851659
278 326 327 0.00014368859425489735
279 130 255 0.017501242586122363
280 394 396 0.07181449531934427
281 29 31 0.03627823095714517
282 375 376 0.08148670952128524
283 300 356 0.06236765786219986
284 36 105 0.062327249279853204
285 131 256 0.046971348214906096
286 113 216 0.02767982729972061
287 241 315 0.047747693977151874
288 213 348 0.04325009287218639
289 160 223 0.06805754623198908
290 75 78 0.0011946542863178627
291 220 222 0.00026719553886967725
292 42 43 0.024285669211754114
293 147 153 0.009972631330988063
294 70 384 0.039539977781805236
295 96 97 0.04278470102366699
296 208 336 0.011668469844597384
297 51 255 0.02060347284997407
298 174 303 0.00013728891470483063
299 37 198 0.030687838822457847
300 143 146 0.04931566242156468
301 47 231 0.012305983028275324
302 171 297 0.05611729305500825
303 198 200 0.0004471789937360943
304 45 53 0.04030138400471576
305 308 355 0.038199436671209536
306 229 333 0.027508655221453595
307 5 385 0.04794165185180524
308 65 114 0.05177187633262661
309 9 233 0.05049082021947032
310 239 240 0.05720762353113246
311 67 68 0.06413106209071477
312 242 386 0.06547830656872809
313 185 186 0.03144010231687394
314 234 298 0.03315909504294244
315 371 382 0.01613289490872728
316 147 148 0.053165400984489325
317 28 311 0.024040497511991724
318 23 73 0.04965254862619315
319 243 378 0.040359331531185004
320 134 135 0.04733461215369388
321 231 232 0.006586129446623786
322 141 193 0.04669865462400228
323 268 309 0.061919448326841285
324 260 262 0.0003911853833605981
325 178 179 0.049095234080342345
326 269 292 0.05679841703850709
327 2 152 0.0630468532019931
328 26 94 0.0509498503992103
329 78 79 0.04415272386053051
330 151 154 0.04443964940681767
331 161 162 0.06013585616575539
332 67 175 0.06309905781900754
333 126 127 0.0498827188210927
334 69 343 0.046154625334897934
335 47 244 0.08668474061465783
336 133 392 0.05828756808418244
337 76 387 0.009982446428679608
338 18 63 0.05354113946009004
339 207 208 0.04859208437814695
340 110 111 0.039416880313139745
341 227 384 0.04918895590887806
342 367 371 0.07047193599806657
343 71 72 0.05332664413026021
344 90 274 0.023010308107859916
345 168 244 0.04687544336736281
346 378 380 0.056375542429451
347 50 396 0.04830520091277359
348 191 192 0.03272696326195568
349 24 27 0.05200755066432806
350 102 103 9.208578136136418e-05
351 295 296 0.05214778322572597
352 184 185 0.030347144383602056
353 276 299 0.04353896024036246
354 137 252 0.00014696679399811628
355 292 383 0.0530567214955779
356 287 291 0.1041143305330557
357 325 326 0.00017784630813633354
358 143 145 0.03289161800108588
359 0 7 0.05869974205674284
360 198 199 0.0004232385024222308
361 211 327 0.03941106167118303
362 355 383 0.01724694764116571
363 160 161 0.03599640308901713
364 91 93 0.031426885389063436
365 190 191 0.0688844366352315
366 119 389 0.06788916559766593
367 122 301 0.04694551987344804
368 243 352 0.06616605788847335
369 162 245 0.07520552058720475
370 15 96 0.08032290630507236
371 3 99 0.06257363702592894
372 247 331 0.046129819853619566
373 274 365 0.019610943106182166
374 277 278 0.059554719377785226
375 98 100 0.034031236249302765
376 174 306 4.357764612670758e-05
377 296 357 0.01669436621116254
378 236 330 0.0045112560598045155
379 11 12 0.02186696203920354
380 92 186 0.03944164666359075
381 136 156 0.02884478722792061
382 123 250 0.03934482295529893
383 95 188 0.031173753835303613
384 3 4 0.033433953823713676
385 378 379 0.021407822839949443
386 5 6 6.613474518414656e-06
387 331 336 0.03848094933640979
388 56 312 0.0002638336738761355
389 284 285 0.05657751783857145
390 119 230 0.051954708491631404
391 137 251 0.00012712261178389987
392 80 83 0.00815566938553803
393 363 368 0.03626694174104878
394 17 317 0.0564359847997345
395 121 264 0.04688630749731334
396 203 322 0.046154856050748
397 11 237 0.012149673390536618
398 174 175 0.05315772047864989
399 337 391 0.040168346510735045
400 17 181 0.03631153505510802
401 138 139 0.07202892572797838
402 29 98 0.031768450033793534
403 69 201 0.05289360585203923
404 10 42 0.052833839311051754
405 116 214 0.062326819753010014
406 163 165 0.07428258396109652
407 84 85 0.04843676487185593
408 48 60 0.0457659899479626
409 166 167 0.050015604004488415
410 38 207 0.01744173148162277
411 139 194 0.004016032386646505
412 150 151 0.06760222308942751
413 251 252 0.00017485538116651964
414 207 324 0.04749590824646179
415 46 373 0.05415011325153091
416 300 304 0.04345835648574941
417 190 295 0.00021503646545987287
418 164 227 0.053286312138236105
419 146 257 0.053589643953752236
420 132 395 0.06385308144978359
421 62 63 0.07163434804881179
422 363 372 0.04157605608603732
423 230 335 0.027496879460894352
424 249 348 0.054066529225570516
425 180 181 0.05714040378656551
426 142 143 0.0329682104859507
427 39 176 0.040495290542471876
428 290 314 0.04765499480422768
429 157 258 0.015128656406909982
430 103 273 8.466504518372085e-05
431 226 227 0.036334905141009906
432 315 316 0.00016714614250824277
433 18 122 0.041292188302694335
434 89 368 0.03227968533949062
435 258 259 0.01869763156916976
436 352 374 0.03911932902034927
437 316 317 0.023528296741720914
438 105 106 0.00924859772971362
439 109 196 0.04621168607263634
440 353 366 0.01686880589080511
441 259 260 0.057081479126151295
442 289 290 0.020326814156252652
443 362 384 0.033212128955406865
444 115 120 0.037834733980321014
445 149 150 0.023226962137803266
446 346 347 0.052081627606598915
447 18 19 0.05179299691234226
448 25 75 0.04499812757423164
449 121 247 0.051270252108270464
450 233 234 0.06575981730531316
451 290 291 0.06416315696779192
452 7 38 0.08140344016473858
453 225 248 0.00014451886517648696
454 189 388 0.021219652884075693
455 98 170 0.07684080756433143
456 49 369 0.06367204934422337
457 264 265 0.060162468795418325
458 35 152 0.010002100824339106
459 36 148 0.018611720740140707
460 53 131 0.04159538827176832
461 209 210 0.0518051286457032
462 9 61 0.04274891508622348
463 281 357 0.01958591491256985
464 167 333 0.028211537609632416
465 183 186 0.005895510681344805
466 294 377 0.07580854123449629
467 370 374 0.05125421149086136
468 4 107 0.007880661930895977
469 109 200 0.032263489358510915
470 362 370 0.03590352207376824
471 54 66 0.05783973713401014
472 241 242 0.04586795543126974
473 55 58 0.05363406388157131
474 238 347 0.041814343578659464
475 116 161 0.05650813514767465
476 65 67 0.04862729735579047
477 187 188 0.03645570003613616
478 95 169 0.05863187119044767
479 38 319 0.040084549921340154
480 112 335 0.03577436878977535
481 340 372 0.07888441252644864
482 16 195 0.06646663939714266
483 35 147 1.3378031907419474e-05
484 83 86 0.06813354381421326
485 118 218 0.05151426991415058
486 22 58 0.09630733449004737
487 215 216 0.03596774068870047
488 302 367 0.057127305082256954
489 275 394 0.08239851494969042
490 163 229 0.040714028726353164
491 32 313 0.02454310973712946
492 190 281 0.05476568872781736
493 310 336 0.057333758762127277
494 338 351 0.02699009671387269
495 282 312 0.024787461291257203
496 311 313 0.019246162610665567
497 55 62 0.043551516439813816
498 158 202 0.043938328836273036
499 1 398 0.0003121377205079966
500 395 397 0.0075649006702450255
501 293 295 0.05302179544746049
502 240 351 0.013189643455707537
503 73 74 0.016619940922511314
504 96 239 0.014667534098877085
505 102 271 0.00033037815178750155
506 80 182 0.06399092598871484
507 50 51 0.021583326386764082
508 323 325 0.0359339656966417
509 173 398 0.005633688254901633
510 28 100 0.041217040464447026
511 104 105 0.004936208743930751
512 164 185 0.05070772391860583
513 396 397 0.0497061211846305
514 334 349 0.07778067843913565
515 122 353 0.05771863029407098
516 271 272 0.050311912659359755
517 7 8 0.017244225805305765
518 29 30 0.041638845791985374
519 300 302 0.024822414567539367
520 127 139 0.042365244704888616
521 214 215 0.07498376944760335
522 8 56 0.042909771410379355
523 25 77 0.026271823067647856
524 54 298 0.04360355713824786
525 176 201 0.05687488742904379
526 1 172 0.00567532663281432
527 114 220 0.055512795924028926
528 124 251 0.042676735000227596
529 219 317 0.0410100609436204
530 329 354 0.062281673378451606
531 51 151 0.07917218631139163
532 247 248 0.05742826955183283
533 270 344 0.04587541948852404
534 379 381 0.03970194561729004
535 118 217 0.0554016412874823
536 333 352 0.07060027493220088
537 140 141 0.03676230535823392
538 302 366 0.048604444669853336
539 334 335 0.050588241326103234
540 44 141 0.028562976946448007
541 193 194 0.04304632294426469
542 221 222 0.020896220398745533
543 213 218 0.018814443055108997
544 279 280 0.00983314310956301
545 304 393 0.04286299684277996
546 253 254 0.01633525579198975
547 209 326 0.04182258195129246
548 311 312 0.04977165890230344
549 354 391 0.04431848190320577
550 47 49 0.01827811015770761
551 340 341 0.027177156324652736
552 76 397 0.006156832143890172
553 199 200 0.000369161538950792
554 144 145 0.037769676323351146
555 257 260 0.0002520025438887782
556 309 373 0.03737573740789094
557 341 342 0.03152268002895691
558 3 34 0.018844343114826273
559 134 281 0.05446781349517528
560 387 395 0.008011798956592212
561 97 189 0.07874093500831672
562 92 93 0.0067960835950095725
563 278 283 0.062622394105485
564 188 346 0.05010611318510141
565 248 332 4.233524676327402e-05
566 291 318 0.008102189221753394
567 46 193 0.05289192157346917
568 99 101 0.07051760877138526
569 261 262 0.038965343625828264
570 297 358 0.021631527372595667
571 354 386 0.023386004844602362
572 52 115 0.044820823064112225
573 337 349 0.034675837606082054
574 82 84 0.05403781807813894
575 205 206 0.03642532140477347
576 101 282 0.07047226484717585
577 130 132 0.029590588787015617
578 266 277 0.03117046843698986
579 224 253 0.015077269972766103
580 152 153 0.00027391973162436387
581 61 390 0.033941851324189136
582 231 380 0.036475646138934975
583 360 367 0.04818571006339255
584 182 184 0.00770505189853802
585 117 204 0.004939523258949696
586 322 323 0.007492262088931089
587 44 133 0.01818019537371386
588 106 108 0.0040840216609849544
589 265 331 0.002780308228145512
590 94 376 0.06427112747949464
591 14 15 0.025285101937071657
592 123 245 0.033175727383012464
593 318 348 0.07003033277664283
594 156 253 0.044214530019465466
595 303 307 0.000403382119482603
596 39 197 0.08742670803588856
597 375 387 0.06507162109112634
598 64 280 0.01747545543964629
599 16 180 0.022657844526898684
