858
0 208 320 0.008441385194620777
1 64 155 0.0369961743084933
2 204 205 0.008183280663505755
3 63 292 0.0497188636607049
4 374 381 0.0751035516185252
5 136 155 0.018148267379777434
6 21 24 0.03960778097730783
7 221 307 0.00031938744468322256
8 86 394 0.04079833907141892
9 321 322 0.04407092175033693
10 13 57 0.07436995204540671
11 2 191 0.05250217653522006
12 88 90 0.03338753813702558
13 40 43 0.01784533850658413
14 74 75 0.02414176932152014
15 176 263 0.08286967859958724
16 182 183 0.03961808195777595
17 211 212 0.01841364333148496
18 235 342 0.036374821322022806
19 99 192 0.0746520489793854
20 298 299 0.03983473065391097
21 343 345 0.03527274094096919
22 224 332 0.00020970900112523427
23 25 26 0.07749483031841053
24 8 399 0.03976094408906296
25 19 22 0.047376685745519294
26 23 91 0.07061720580973121
27 201 270 0.034146453501631965
28 213 216 0.05051626107626566
29 50 130 0.018542462421124825
30 328 329 0.03605519161885249
31 171 294 0.06166412027806995
32 279 332 0.05899376106839032
33 243 244 0.025750344860412215
34 6 108 0.02591580568934795
35 14 240 0.03180695966962693
36 338 386 0.04842633236308078
37 297 361 0.06313616294426404
38 356 364 0.028604361576919705
39 359 360 0.05888136886973624
40 179 246 0.011813916445773983
41 177 310 0.03406786524896254
42 71 301 0.012192830494210173
43 339 343 0.04079794955965993
44 274 275 0.0627698834308525
45 17 197 0.06670869780637369
46 305 306 5.207275858345998e-05
47 159 321 0.0029573570281411685
48 360 361 0.05662055440497304
49 32 33 0.02877471704291261
50 392 393 0.03827624766674518
51 166 334 0.050147430172148816
52 256 262 3.650970289062544e-05
53 110 203 0.018413471716629156
54 11 124 0.042864870517448445
55 306 307 0.00028305698496866317
56 33 103 0.05420091421573547
57 110 212 0.00026065626928326046
58 164 165 0.032385959425853914
59 284 314 0.004657666801245915
60 219 236 0.04183813337850582
61 87 89 0.03324171887892824
62 187 339 0.017534073969265495
63 68 129 0.028185689221941923
64 296 364 0.05965480773070609
65 195 196 0.0330417559785936
66 0 9 0.040100312039023076
67 45 261 0.030696255251211568
68 111 276 0.06635310504968006
69 356 359 0.009045219335383577
70 28 31 0.016751979417156584
71 224 225 0.00024987144839361383
72 45 138 0.043163863060665365
73 128 155 0.05393499859967509
74 170 293 0.04164853533659634
75 117 202 0.008216117734188233
76 256 257 0.0002918152323972968
77 30 102 0.040902812836199634
78 14 350 0.01895218347393757
79 41 43 0.0921664038660258
80 40 137 0.05115895821438668
81 353 383 0.013059732627303944
82 52 267 0.06971252079659057
83 80 81 0.058744671726306895
84 287 288 0.05435203373471305
85 2 144 0.05633898522591593
86 318 328 0.04779498398348361
87 42 125 0.05945304828965799
88 31 32 0.01982873306486679
89 106 341 0.04499506114907686
90 70 72 0.04323378936881874
91 170 192 0.03907106612899602
92 126 128 0.010620146516354541
93 157 261 0.028346730134926314
94 233 276 0.015729885171441752
95 6 342 0.020345882356185688
96 58 59 0.05495501214939837
97 113 209 0.053214853023647764
98 359 377 0.02839232528864965
99 177 324 0.0365722847814953
100 206 321 0.0520753763860187
101 91 183 0.024219810975362095
102 203 211 0.00011424775380333683
103 22 93 0.061096923155770415
104 37 388 0.09670750718671234
105 268 305 0.05014299503254897
106 87 88 0.0027960378061407235
107 133 135 0.054373593435832555
108 68 128 0.04630830761028515
109 325 327 0.00014019421289039342
110 146 255 0.05851561881714505
111 0 1 0.03277217496288276
112 226 370 0.04695452117585571
113 52 288 0.04748836060643187
114 355 366 0.013772574129815385
115 228 323 0.022842516901602713
116 77 79 0.025160856508067
117 65 66 0.09622687168491291
118 125 375 0.06808332989369376
119 221 305 0.00014828197155293004
120 70 92 0.06327643844220592
121 53 125 0.07841265890899386
122 56 283 0.02542755826718384
123 85 275 0.08592518188223217
124 69 219 0.052079822402964146
125 54 204 0.06726627551313008
126 94 95 0.06761743285068932
127 373 392 0.0514101064687443
128 111 390 0.037174693066798756
129 177 178 0.039673281389801675
130 313 399 0.018847814009231426
131 210 230 0.036923060418242455
132 362 382 0.07368843960445047
133 16 97 0.05163376330797984
134 13 15 0.07842437468227208
135 349 350 0.02853093016657362
136 33 173 0.039794823321495316
137 13 20 0.108153776419093
138 222 250 0.038439316354687454
139 293 294 0.03708598458110426
140 153 154 0.0631925157510186
141 142 154 0.048188857878475835
142 156 280 0.02647755666728581
143 350 351 0.02832729632310593
144 225 263 0.020718008843829933
145 226 229 0.049974861655667675
146 73 81 0.012959209430414238
147 252 254 0.07315593203794081
148 237 238 0.014196339992341728
149 369 390 0.026988766902859604
150 277 385 0.10004651674013725
151 10 238 0.02665449428912961
152 215 228 0.056311330320372444
153 48 49 0.00234904326879789
154 212 389 0.05412127740840407
155 304 308 0.04365355559767218
156 268 269 0.0341145813085387
157 202 205 0.00025548979948157515
158 237 344 0.036029994660599474
159 66 178 0.05471877251516686
160 220 303 0.019287099771182523
161 357 393 0.0953266557787978
162 27 120 0.08021054533044371
163 10 12 2.6290984146940934e-05
164 117 160 0.0692451927527733
165 87 189 0.11381337888326559
166 138 140 0.018981447554078858
167 36 372 0.01218506893735828
168 340 388 0.044954342571075986
169 285 316 0.0001555128408250022
170 129 194 0.040975547802912925
171 181 241 0.044453925934417625
172 166 168 0.08264914260439957
173 59 115 0.10842194264273865
174 150 365 0.031464250752056645
175 278 319 0.06632571890284338
176 100 101 0.03546715815679536
177 308 309 0.04355287751646159
178 232 273 0.051323354340898665
179 114 223 0.03360971099586165
180 142 144 0.018934017056595153
181 21 59 0.044755137228328
182 4 5 0.027249972155117156
183 44 258 0.044592845588976755
184 41 136 0.04573566352775077
185 242 328 0.06406056381853796
186 217 391 0.0517953130904833
187 254 263 0.005626328436668249
188 369 389 0.03315405408958506
189 246 310 0.03559307817303743
190 26 27 0.04749405237277129
191 358 379 0.04962937544444502
192 76 77 0.09345656138238251
193 12 40 0.044364873591191796
194 112 210 0.015450910610342925
195 361 381 0.041390075541733976
196 112 217 0.0501368369129486
197 364 377 0.007343844868383682
198 236 284 0.0057880347211372776
199 250 286 0.04239902388674643
200 84 165 0.07255029249414152
201 30 171 0.047549475739368026
202 19 72 0.029107240091237045
203 79 86 0.04328142823953841
204 82 83 0.05703538404252519
205 116 158 0.061732598952390826
206 214 249 0.05555880595555942
207 55 288 0.15294157074171377
208 246 279 0.0427195579366503
209 180 239 0.06615525386987904
210 330 339 0.04752034522890838
211 119 168 0.037165068593835025
212 264 266 0.055492040336775475
213 199 235 0.06762028393569909
214 206 299 0.05320809007673044
215 135 259 0.03105843515286401
216 285 315 0.0001726951398901819
217 131 132 0.06435000045064491
218 34 35 0.0691495345732567
219 60 61 0.032009903842609495
220 120 169 0.04444348076457133
221 104 107 0.007203937859686491
222 82 184 0.037167175687124215
223 187 289 0.06144202088675033
224 234 324 0.06607658761039285
225 272 358 0.02723646628839027
226 235 385 0.0002552988609456708
227 37 195 0.030687658221609414
228 196 197 0.04214629893858302
229 71 382 0.004109459869239747
230 78 81 0.026515072763033987
231 158 159 0.04375447426350853
232 39 121 0.04064667559597083
233 62 245 0.07373104165276592
234 282 283 0.007961055248120224
235 107 108 0.004756540862204285
236 57 163 0.017151811331376225
237 347 376 0.03390635449981903
238 123 269 0.04845924494295895
239 89 90 0.00015779224383753913
240 41 126 0.050556072185846936
241 172 173 0.00013135019815549748
242 124 270 0.03473029670256659
243 20 85 0.026349781239597143
244 267 289 0.053708343797725544
245 148 149 0.0397925219821528
246 345 346 0.02325301071436734
247 134 145 0.06059405541763468
248 140 157 0.03155259197761292
249 162 286 0.028776223097693714
250 24 74 0.06335678275624099
251 34 104 0.027398334179560484
252 64 179 0.04235275284641551
253 218 329 0.05643130057185058
254 272 380 0.016082764845951548
255 46 175 0.05027181483814317
256 127 129 7.005391320505563e-05
257 149 363 0.0017756021761558475
258 365 368 0.00017332160029002755
259 159 228 0.036732509873470015
260 21 23 0.06463671300014358
261 109 266 0.06144603733027253
262 57 167 0.04905079801469545
263 223 286 0.03118449813668672
264 337 338 0.026176824795824435
265 60 172 0.04555333145461042
266 319 320 0.028366680896323986
267 48 232 0.021703111774435995
268 301 371 0.0070508770534009006
269 20 88 0.07198544573085956
270 169 267 0.03416886116416135
271 314 330 0.007330467946226468
272 398 399 0.04027390548171785
273 249 287 0.021559815698291268
274 265 320 0.038231894166765555
275 113 118 0.01990619975248129
276 344 345 0.03677818652993669
277 271 273 5.4110209852768506e-05
278 326 327 0.00017979368256077537
279 130 255 0.015886753590654272
280 394 396 0.07288247625382802
281 29 31 0.03606750236589884
282 375 376 0.08186004265148034
283 300 356 0.06419952814574365
284 36 105 0.06390588452192753
285 131 256 0.04620721548604833
286 113 216 0.027439202085038052
287 241 315 0.047268531226975115
288 213 348 0.04424338815958257
289 160 223 0.06769211659396542
290 75 78 6.346158993671021e-05
291 220 222 0.00031512812663338924
292 42 43 0.02368029635557476
293 147 153 0.008289650220108054
294 70 384 0.040057173356544136
295 96 97 0.04334084726906289
296 208 336 0.01108316780209908
297 51 255 0.017904474848283874
298 174 303 0.0001839909636632518
299 37 198 0.030295965164930393
300 143 146 0.05092736603040772
301 47 231 0.011414775848287734
302 171 297 0.056287108610089565
303 198 200 0.00018781186356706304
304 45 53 0.04135592526056694
305 308 355 0.039632247250609015
306 229 333 0.0268634401210632
307 5 385 0.04805915307239495
308 65 114 0.0521057070690103
309 9 233 0.051866973459106624
310 239 240 0.05864584506394312
311 67 68 0.06587278000924997
312 242 386 0.06520893368645758
313 185 186 0.030810185994968226
314 234 298 0.03198037053750626
315 371 382 0.013909489335895092
316 147 148 0.05446567503675548
317 28 311 0.023685838794366098
318 23 73 0.04955339418530976
319 243 378 0.041250811136809055
320 134 135 0.04906340299667102
321 231 232 0.0057525051203467705
322 141 193 0.047670982399402824
323 268 309 0.0623511699402223
324 260 262 0.00026849868839118996
325 178 179 0.04916836338533844
326 269 292 0.05739820251310908
327 2 152 0.0636071198472253
328 26 94 0.052297860074108755
329 78 79 0.043380820554026193
330 151 154 0.04380108420598699
331 161 162 0.061561409841792925
332 67 175 0.062029637898307094
333 126 127 0.05135996546758724
334 69 343 0.04432856208398628
335 47 244 0.08673001531044769
336 133 392 0.059721486092046513
337 76 387 0.007161020589833461
338 18 63 0.05411450894294395
339 207 208 0.04757780739307028
340 110 111 0.04098687483412237
341 227 384 0.04842509619108249
342 367 371 0.07288361134649889
343 71 72 0.05428292335111604
344 90 274 0.021557102421909547
345 168 244 0.04821349263468273
346 378 380 0.05520329637450481
347 50 396 0.04983734336151249
348 191 192 0.03323239059433161
349 24 27 0.05283037604869129
350 102 103 2.8380305318338936e-05
351 295 296 0.05086158922432374
352 184 185 0.029430164252985495
353 276 299 0.04379195052869692
354 137 252 0.00017877301939414213
355 292 383 0.054601761708190755
356 287 291 0.10112460039131453
357 325 326 0.00013093725340110243
358 143 145 0.029634009700437274
359 0 7 0.058301505279308365
360 198 199 0.0001916895686161602
361 211 327 0.03931568763938192
362 355 383 0.015363597560168666
363 160 161 0.032989468393368124
364 91 93 0.030612311250943797
365 190 191 0.06905014321018552
366 119 389 0.06888046553803166
367 122 301 0.04834643138346692
368 243 352 0.06694372896850154
369 162 245 0.07385776544190176
370 15 96 0.078796207738634
371 3 99 0.06574249961650525
372 247 331 0.046904198284558524
373 274 365 0.020081507808410226
374 277 278 0.061294348264323645
375 98 100 0.03288199344334311
376 174 306 0.0003308250980239373
377 296 357 0.016445018454690014
378 236 330 0.0032349960740344023
379 11 12 0.02141374009256213
380 92 186 0.03957702328516703
381 136 156 0.02934055656487003
382 123 250 0.03902343713265115
383 95 188 0.03164961963443885
384 3 4 0.03273001950812661
385 378 379 0.020478921154420703
386 5 6 0.00027559830484347354
387 331 336 0.03789097474533678
388 56 312 0.00028754666602595527
389 284 285 0.05749843990501727
390 119 230 0.05364329075750342
391 137 251 0.0001434881342327893
392 80 83 0.006934991964594003
393 363 368 0.03695459054827883
394 17 317 0.05641458003516561
395 121 264 0.04473330028850577
396 203 322 0.04690542903401555
397 11 237 0.011455631355753603
398 174 175 0.0531296290032635
399 337 391 0.03977502955816637
400 17 181 0.03506390856793169
401 138 139 0.07417962750570169
402 29 98 0.030977790963519467
403 69 201 0.05365835714671438
404 10 42 0.05135953335074015
405 116 214 0.06332943626636367
406 163 165 0.0746317877280873
407 84 85 0.05008375927999731
408 48 60 0.047117707857585955
409 166 167 0.05214931462224353
410 38 207 0.01677877622043581
411 139 194 0.0008777298338360527
412 150 151 0.06950707229398877
413 251 252 0.0001293567531784066
414 207 324 0.048377867581494795
415 46 373 0.05388625541850622
416 300 304 0.04338837069621011
417 190 295 1.0791862729312286e-05
418 164 227 0.05435165407119844
419 146 257 0.05384466196085492
420 132 395 0.06503490570411528
421 62 63 0.07149416372115946
422 363 372 0.04195700929014833
423 230 335 0.024685120649300066
424 249 348 0.052931609459091214
425 180 181 0.05924595041098586
426 142 143 0.03147281145124059
427 39 176 0.0408680537883388
428 290 314 0.049678157447023585
429 157 258 0.015029878046513269
430 103 273 0.00011734895393340274
431 226 227 0.03521344040053012
432 315 316 0.00012311700970390603
433 18 122 0.04001430163553242
434 89 368 0.032547375235752504
435 258 259 0.018243497389096343
436 352 374 0.03708282146334666
437 316 317 0.02171412445002948
438 105 106 0.008497832168273994
439 109 196 0.044849451985440394
440 353 366 0.014909237889941175
441 259 260 0.057046074610317445
442 289 290 0.02031607778882697
443 362 384 0.031790462227945904
444 115 120 0.03668294140817981
445 149 150 0.022208163248140164
446 346 347 0.05144357199012727
447 18 19 0.05207999352933744
448 25 75 0.04402882187372031
449 121 247 0.049354532986058866
450 233 234 0.06461565946446318
451 290 291 0.06644356912405566
452 7 38 0.0837576650450691
453 225 248 0.0003064601126184039
454 189 388 0.021406731589238233
455 98 170 0.0778976421968887
456 49 369 0.06439449562042383
457 264 265 0.06022229794681736
458 35 152 0.008309311429856433
459 36 148 0.01788790672226157
460 53 131 0.040065888036765376
461 209 210 0.05303493872651016
462 9 61 0.04175765090460196
463 281 357 0.019007773419994087
464 167 333 0.027142126505649882
465 183 186 0.004139443512984569
466 294 377 0.07675951855587254
467 370 374 0.05290180386337632
468 4 107 0.0065074624308485
469 109 200 0.03135232815076276
470 362 370 0.036451135864784996
471 54 66 0.058487130497698755
472 241 242 0.048111486174777264
473 55 58 0.05332459973000967
474 238 347 0.04301037373007321
475 116 161 0.05759050187235437
476 65 67 0.04880856603584842
477 187 188 0.03671289720092601
478 95 169 0.059103082603479885
479 38 319 0.03841809336181127
480 112 335 0.03395947858470058
481 340 372 0.07839375655331962
482 16 195 0.06760771566701494
483 35 147 0.00032344021134176666
484 83 86 0.06853344898909401
485 118 218 0.05055576549073452
486 22 58 0.09665810482975115
487 215 216 0.03680756318997373
488 302 367 0.05601396930263358
489 275 394 0.08377662174091906
490 163 229 0.03954716085296771
491 32 313 0.02331723207404212
492 190 281 0.053442475458831
493 310 336 0.05855883501211035
494 338 351 0.028125660313053257
495 282 312 0.02223672054754683
496 311 313 0.018248200360443532
497 55 62 0.045346130496084665
498 158 202 0.04457340666967296
499 1 398 0.00016474782244863608
500 395 397 0.005460408483849393
501 293 295 0.0529535310806929
502 240 351 0.012821123744526836
503 73 74 0.01492783996419482
504 96 239 0.01218579260380217
505 102 271 7.187096677242317e-05
506 80 182 0.0638832364411325
507 50 51 0.019540782514323465
508 323 325 0.03566388260781292
509 173 398 0.0031148322216552355
510 28 100 0.040582016403931914
511 104 105 0.0038906150286500884
512 164 185 0.05224068304257685
513 396 397 0.04989627432571145
514 334 349 0.07945891107302308
515 122 353 0.05959651722860597
516 271 272 0.0505296987820652
517 7 8 0.016924575466875782
518 29 30 0.04276954262852518
519 300 302 0.024565798536571967
520 127 139 0.040977491696450694
521 214 215 0.0727897522801862
522 8 56 0.043590543653130864
523 25 77 0.02577052473468716
524 54 298 0.04332948760597187
525 176 201 0.05831456020392946
526 1 172 0.003150423828919989
527 114 220 0.055484204749182864
528 124 251 0.04277441383437752
529 219 317 0.041340128312900626
530 329 354 0.06197374395158116
531 51 151 0.08136466412853927
532 247 248 0.0584510008570451
533 270 344 0.04379795693058937
534 379 381 0.039055150711939504
535 118 217 0.05521760447893206
536 333 352 0.07146374908880714
537 140 141 0.035332890251223915
538 302 366 0.05021213855899131
539 334 335 0.05109306323482493
540 44 141 0.02801592516880723
541 193 194 0.04431652338982739
542 221 222 0.019275950989976795
543 213 218 0.017806615793300395
544 279 280 0.0089836510126734
545 304 393 0.04306442177924289
546 253 254 0.01581551701827159
547 209 326 0.04287215045721926
548 311 312 0.050739978098890214
549 354 391 0.04322503714260302
550 47 49 0.017810589043018483
551 340 341 0.028099697754624904
552 76 397 0.004227546127791844
553 199 200 0.00025552679327582763
554 144 145 0.03552697461889126
555 257 260 8.684468774656404e-05
556 309 373 0.03744026354321102
557 341 342 0.02980649018299489
558 3 34 0.016291321230145917
559 134 281 0.055629105264155654
560 387 395 0.0055475404609621045
561 97 189 0.07969864159484089
562 92 93 0.0054530756235953385
563 278 283 0.06499171841597336
564 188 346 0.0500011453007103
565 248 332 0.00024023273029955027
566 291 318 0.008464448131104363
567 46 193 0.053467466877813334
568 99 101 0.07154698803194946
569 261 262 0.039030523017939654
570 297 358 0.021488130771174906
571 354 386 0.021773788074395017
572 52 115 0.04406623058801084
573 337 349 0.03368695444977183
574 82 84 0.05415905723553557
575 205 206 0.03705940303529867
576 101 282 0.07074260412181729
577 130 132 0.03016228498542108
578 266 277 0.03046958521023333
579 224 253 0.012987818740370466
580 152 153 1.6398516152199365e-05
581 61 390 0.03419086449829199
582 231 380 0.03708851515920778
583 360 367 0.04841197885085751
584 182 184 0.006328383464351492
585 117 204 0.0025162209833651805
586 322 323 0.005786275915214452
587 44 133 0.018229889857070684
588 106 108 0.003016231498677004
589 265 331 0.0010377804654422822
590 94 376 0.06403516174899151
591 14 15 0.025953394520225305
592 123 245 0.031980331674545254
593 318 348 0.06810543117212504
594 156 253 0.04557255356620365
595 303 307 0.00013740880157827605
596 39 197 0.08789344612719686
597 375 387 0.06784638272521397
598 64 280 0.01574366218316093
599 16 180 0.021744442171954797
