898
0 208 320 0.007228316375800816
1 64 155 0.03757227328514158
2 204 205 0.005553537339983766
3 63 292 0.04852627410896113
4 374 381 0.07574806542871153
5 136 155 0.015282125651703586
6 21 24 0.038132041873447965
7 221 307 0.00011761452161613523
8 86 394 0.0417150869166332
9 321 322 0.04427792673911384
10 13 57 0.07560754676354035
11 2 191 0.05380035059486693
12 88 90 0.03135757492621077
13 40 43 0.01745338134988368
14 74 75 0.023840934920696256
15 176 263 0.08293272485671854
16 182 183 0.03989656974003503
17 211 212 0.01708591722222427
18 235 342 0.03674449673153856
19 99 192 0.07393204394961149
20 298 299 0.03849610436164419
21 343 345 0.03563770668727144
22 224 332 0.00010864107033952112
23 25 26 0.07807016304598577
24 8 399 0.03902941288093434
25 19 22 0.04763431657608873
26 23 91 0.07293225369562854
27 201 270 0.03485811448610582
28 213 216 0.04918357153406628
29 50 130 0.01553886037075852
30 328 329 0.03487895308751007
31 171 294 0.06273421094659971
32 279 332 0.05931100883241104
33 243 244 0.02562900655490317
34 6 108 0.025682058626398874
35 14 240 0.027487416554712624
36 338 386 0.04940934483468537
37 297 361 0.06164889158700103
38 356 364 0.026601806390771334
39 359 360 0.05968181188918576
40 179 246 0.009000488925440295
41 177 310 0.0326055307436125
42 71 301 0.010597427475972287
43 339 343 0.04095628257359827
44 274 275 0.06273604253723149
45 17 197 0.06777556047482283
46 305 306 0.0003307684721979638
47 159 321 0.0011670869891871717
48 360 361 0.059006914875597116
49 32 33 0.02882438497649979
50 392 393 0.03818959875101472
51 166 334 0.05025573325561224
52 256 262 0.0002729322956372089
53 110 203 0.017085071577092388
54 11 124 0.04181660576336686
55 306 307 0.00037633548781535305
56 33 103 0.055237764265120795
57 110 212 0.00020557236997149843
58 164 165 0.031646986709060326
59 284 314 0.002696316571405265
60 219 236 0.04126216447821731
61 87 89 0.03131114409876508
62 187 339 0.01726340490040526
63 68 129 0.027141670383833905
64 296 364 0.06128469580654712
65 195 196 0.032239651833236245
66 0 9 0.04024041103975376
67 45 261 0.028164273647379487
68 111 276 0.06706654931582227
69 356 359 0.006191436208458428
70 28 31 0.015190241192996078
71 224 225 9.468756873337266e-05
72 45 138 0.043018306390540585
73 128 155 0.05571727795993859
74 170 293 0.04222696060252165
75 117 202 0.005556509048911253
76 256 257 9.044401876898943e-05
77 30 102 0.04047501958896541
78 14 350 0.01737820154679788
79 41 43 0.09480090671383928
80 40 137 0.05025616557327844
81 353 383 0.01041960203238948
82 52 267 0.06837528706339582
83 80 81 0.060199392376782714
84 287 288 0.056320842393561
85 2 144 0.056799346570840854
86 318 328 0.048900446177638134
87 42 125 0.06120215434073895
88 31 32 0.019755759668458963
89 106 341 0.04299100585147499
90 70 72 0.04310889219649562
91 170 192 0.038065233690441784
92 126 128 0.007490622174251765
93 157 261 0.028371853576088346
94 233 276 0.014629359620898084
95 6 342 0.018641110576943343
96 58 59 0.055371549339774756
97 113 209 0.053214553362019065
98 359 377 0.026468182114554713
99 177 324 0.03680695524823491
100 206 321 0.05279152346234346
101 91 183 0.023730617002077917
102 203 211 5.2338261037822535e-05
103 22 93 0.061751303858087
104 37 388 0.09609404676628344
105 268 305 0.05034057178650479
106 87 88 0.0011819622061217218
107 133 135 0.0521872970532533
108 68 128 0.04556535641678401
109 325 327 0.00013960136315356207
110 146 255 0.060188056734009274
111 0 1 0.032785456874148966
112 226 370 0.045406783108725576
113 52 288 0.047513886995262274
114 355 366 0.010928717717565806
115 228 323 0.022590455783615498
116 77 79 0.02407390794725938
117 65 66 0.09714110258344204
118 125 375 0.06655771935288039
119 221 305 0.00011860506392928485
120 70 92 0.06408839832340202
121 53 125 0.08028567321638791
122 56 283 0.022040327433562375
123 85 275 0.08417362279927897
124 69 219 0.05282548820530292
125 54 204 0.06858734963146239
126 94 95 0.06678389633970591
127 373 392 0.05127062509360509
128 111 390 0.03655919761847903
129 177 178 0.037694621509054484
130 313 399 0.01903221647159433
131 210 230 0.03451320822844058
132 362 382 0.07558305358043647
133 16 97 0.04986748670055548
134 13 15 0.08068042182816704
135 349 350 0.029212369794434014
136 33 173 0.03975746916898716
137 13 20 0.10853026148599702
138 222 250 0.0388607447246577
139 293 294 0.03715135201201402
140 153 154 0.06321232882955662
141 142 154 0.04943030354362982
142 156 280 0.025046556719634322
143 350 351 0.024329376164901953
144 225 263 0.019791205797792456
145 226 229 0.05100611010978245
146 73 81 0.012207325263969136
147 252 254 0.07513445020333459
148 237 238 0.012277380490032899
149 369 390 0.026199643443712468
150 277 385 0.1001987372689181
151 10 238 0.025960387267870963
152 215 228 0.05752664821968784
153 48 49 0.0010973613972667113
154 212 389 0.05407729692363062
155 304 308 0.0427188020681654
156 268 269 0.03349699576753237
157 202 205 6.198208905238304e-05
158 237 344 0.03610508925287896
159 66 178 0.056701886218963646
160 220 303 0.01771543662723951
161 357 393 0.09627087892251089
162 27 120 0.08034865738947534
163 10 12 0.000233820401705557
164 117 160 0.0722205176244889
165 87 189 0.11569392211573869
166 138 140 0.01756882138181597
167 36 372 0.010449362251310653
168 340 388 0.04635406861670746
169 285 316 0.00015567211159396037
170 129 194 0.03951400512544928
171 181 241 0.043863374762145586
172 166 168 0.08139154214903088
173 59 115 0.10812441727970923
174 150 365 0.030735663765899503
175 278 319 0.06611272388965514
176 100 101 0.0352041133355768
177 308 309 0.04430980536985437
178 232 273 0.051730882480740745
179 114 223 0.034392266343960066
180 142 144 0.016556092084048943
181 21 59 0.045850083671690155
182 4 5 0.026981205305818268
183 44 258 0.042830233148877475
184 41 136 0.04459518868884337
185 242 328 0.06251996894016207
186 217 391 0.05324922902034727
187 254 263 0.003871714805684304
188 369 389 0.03347860542937604
189 246 310 0.03643485862125763
190 26 27 0.046341489355230345
191 358 379 0.04780004192326274
192 76 77 0.0965781920217484
193 12 40 0.04294959124616924
194 112 210 0.013147923420685922
195 361 381 0.04076882473600142
196 112 217 0.05144496829209014
197 364 377 0.004686704009277175
198 236 284 0.002872643067993696
199 250 286 0.04225845731326338
200 84 165 0.07201563546902974
201 30 171 0.047394350687723956
202 19 72 0.028657582512481915
203 79 86 0.043202079072751594
204 82 83 0.056057841159739344
205 116 158 0.0603794085647003
206 214 249 0.057098420895423704
207 55 288 0.15239009492332098
208 246 279 0.04297874670842341
209 180 239 0.06614436476780136
210 330 339 0.048774695004249836
211 119 168 0.0370394140338681
212 264 266 0.0572972237231863
213 199 235 0.06837623366515519
214 206 299 0.053969970580185794
215 135 259 0.030347261939366717
216 285 315 0.00017353139096346127
217 131 132 0.06554122116243838
218 34 35 0.07109182798264034
219 60 61 0.031185496601588102
220 120 169 0.044250161570466524
221 104 107 0.00626701480323872
222 82 184 0.03625309837993667
223 187 289 0.06010524096146813
224 234 324 0.06853156360596077
225 272 358 0.027635751237603062
226 235 385 0.00022216019025785897
227 37 195 0.030228552427253783
228 196 197 0.043355810445191406
229 71 382 0.0015219843436794882
230 78 81 0.025516386353758604
231 158 159 0.0446114720874209
232 39 121 0.04184075793191717
233 62 245 0.07450082626407524
234 282 283 0.006089184972193798
235 107 108 0.004264408990351176
236 57 163 0.016760815978216322
237 347 376 0.03463982695241486
238 123 269 0.04859924980466616
239 89 90 0.00012857635716586317
240 41 126 0.05036029707052063
241 172 173 2.795675318117535e-05
242 124 270 0.033626289325793576
243 20 85 0.026135139967941753
244 267 289 0.054626652470089694
245 148 149 0.03936626767838559
246 345 346 0.022581880212083943
247 134 145 0.0625700399718891
248 140 157 0.030785731836856203
249 162 286 0.02671231544342393
250 24 74 0.06329581391871092
251 34 104 0.02740248314685582
252 64 179 0.042441614314847886
253 218 329 0.057120588042036485
254 272 380 0.015080673388033667
255 46 175 0.05100433449368503
256 127 129 8.548476304013689e-05
257 149 363 0.00016563027140159166
258 365 368 6.509502815928222e-05
259 159 228 0.035855079825309326
260 21 23 0.0630901387357728
261 109 266 0.062261074024861154
262 57 167 0.04790168142189168
263 223 286 0.0297801589897133
264 337 338 0.02355246692865703
265 60 172 0.046705071214830536
266 319 320 0.028540515081287788
267 48 232 0.02106237676534831
268 301 371 0.003964698827059458
269 20 88 0.07353146358006403
270 169 267 0.032663633578770605
271 314 330 0.0037214150611319086
272 398 399 0.04100644118112054
273 249 287 0.02202265475428323
274 265 320 0.03800743047296271
275 113 118 0.019198340978882476
276 344 345 0.03757563055325148
277 271 273 0.00019792352335346793
278 326 327 0.00017944269795165495
279 130 255 0.014251704450904698
280 394 396 0.07397156319828053
281 29 31 0.03584802500113351
282 375 376 0.08225627523927698
283 300 356 0.06609138327884666
284 36 105 0.06553759118403808
285 131 256 0.045586973318322656
286 113 216 0.027153320256591246
287 241 315 0.04677212129605251
288 213 348 0.04524910271635983
289 160 223 0.06738707423861455
290 75 78 0.0003627945889884286
291 220 222 0.00017573379844204023
292 42 43 0.023044072983815698
293 147 153 0.006639122957172618
294 70 384 0.04058199119457103
295 96 97 0.043909534152999134
296 208 336 0.010486160407820251
297 51 255 0.01511753398359215
298 174 303 9.875993942523315e-05
299 37 198 0.029841259747253653
300 143 146 0.052605393940118
301 47 231 0.010478263294810584
302 171 297 0.05646415961631522
303 198 200 6.55761502411529e-05
304 45 53 0.042384850423666125
305 308 355 0.04112971887341653
306 229 333 0.0262048336439211
307 5 385 0.04808442098964943
308 65 114 0.05238448503118471
309 9 233 0.053284392159051015
310 239 240 0.06014011456618509
311 67 68 0.06763561636360779
312 242 386 0.06491239997220107
313 185 186 0.030181697623283158
314 234 298 0.030817753927018878
315 371 382 0.011550313210418153
316 147 148 0.05595793097136971
317 28 311 0.023292226477194762
318 23 73 0.04942568208935904
319 243 378 0.04209496750340495
320 134 135 0.05079955878129401
321 231 232 0.004890597058702748
322 141 193 0.04863347791469947
323 268 309 0.06281510199917935
324 260 262 0.00036455289648591803
325 178 179 0.049240840357674634
326 269 292 0.0580440268312789
327 2 152 0.06407954639117872
328 26 94 0.05365814522316158
329 78 79 0.04231747548935324
330 151 154 0.04311475006783399
331 161 162 0.06294578382747813
332 67 175 0.060940658264296635
333 126 127 0.05196120247416493
334 69 343 0.04248699016875738
335 47 244 0.08679806734152848
336 133 392 0.06121903969098118
337 76 387 0.004240748384628946
338 18 63 0.05470405843923964
339 207 208 0.046557305049847245
340 110 111 0.04198009146046574
341 227 384 0.047682057143887895
342 367 371 0.07541731930917546
343 71 72 0.05524687745920689
344 90 274 0.020254912118243356
345 168 244 0.0495761578419462
346 378 380 0.054051652932917055
347 50 396 0.05140879777385013
348 191 192 0.03373723860978438
349 24 27 0.05363828626548493
350 102 103 0.00012647553703754903
351 295 296 0.04950602796067389
352 184 185 0.028498015311764855
353 276 299 0.04402938793965391
354 137 252 0.00017956012547697535
355 292 383 0.05618070616344718
356 287 291 0.09808660301054413
357 325 326 0.00013171619169055393
358 143 145 0.026325785326555728
359 0 7 0.05796760782419142
360 198 199 6.550848679545063e-05
361 211 327 0.039249854847908376
362 355 383 0.013394274560757946
363 160 161 0.029897885075700546
364 91 93 0.029785199728219372
365 190 191 0.06912515638071148
366 119 389 0.06983443798246983
367 122 301 0.049747613665138975
368 243 352 0.06769022549018197
369 162 245 0.0725538539173902
370 15 96 0.0772336624109119
371 3 99 0.06897329428157692
372 247 331 0.04741302403319136
373 274 365 0.020511449081379654
374 277 278 0.06303859110838785
375 98 100 0.03169987294766677
376 174 306 9.830401630261678e-05
377 296 357 0.01617845549671018
378 236 330 0.0019414393836379963
379 11 12 0.020700273135890044
380 92 186 0.03970103736770419
381 136 156 0.029844408677598962
382 123 250 0.03858401338822218
383 95 188 0.03212669696147511
384 3 4 0.03196708762705279
385 378 379 0.01954880551042422
386 5 6 0.00015736048089776423
387 331 336 0.03722274039066086
388 56 312 8.081300813736077e-06
389 284 285 0.05854213804799221
390 119 230 0.05535576121208626
391 137 251 0.00014316617436569665
392 80 83 0.005632241014313827
393 363 368 0.03731060801386454
394 17 317 0.056418200567730566
395 121 264 0.04261364949403688
396 203 322 0.04767243516324535
397 11 237 0.010843667812105549
398 174 175 0.053175042657510045
399 337 391 0.03943728613055572
400 17 181 0.03375175479564253
401 138 139 0.07573532034826375
402 29 98 0.030138922259945317
403 69 201 0.05442244924274959
404 10 42 0.049829567764209624
405 116 214 0.06437371896094417
406 163 165 0.07504630722743554
407 84 85 0.05177748416344928
408 48 60 0.0484984168935317
409 166 167 0.054343155849909064
410 38 207 0.016124078348901158
411 139 194 4.0694837024401186e-05
412 150 151 0.07137740041140545
413 251 252 0.0001289215372279276
414 207 324 0.04925507762762823
415 46 373 0.053648522902455135
416 300 304 0.043304757051845236
417 190 295 9.611168638155625e-05
418 164 227 0.05541515299237263
419 146 257 0.0542751762151877
420 132 395 0.06623798909351948
421 62 63 0.07132344388468109
422 363 372 0.042244962444178566
423 230 335 0.021796660296977223
424 249 348 0.0517433822185991
425 180 181 0.06141993428436759
426 142 143 0.029901068437971006
427 39 176 0.04123094704517992
428 290 314 0.05173524034720795
429 157 258 0.0149386437958381
430 103 273 0.00015873883676871002
431 226 227 0.034103027171060424
432 315 316 0.00012302581093876524
433 18 122 0.038721916961134924
434 89 368 0.03252138215497782
435 258 259 0.01778864338121184
436 352 374 0.0350427012113884
437 316 317 0.019821099131245964
438 105 106 0.007769832970047806
439 109 196 0.043510704649829895
440 353 366 0.012928162901222532
441 259 260 0.05693581750053826
442 289 290 0.020274190680796802
443 362 384 0.03031317335862296
444 115 120 0.035516790241629986
445 149 150 0.02120794749320449
446 346 347 0.050780645472675766
447 18 19 0.05238739137121813
448 25 75 0.042774765522563804
449 121 247 0.04744400844427285
450 233 234 0.06349248153390727
451 290 291 0.0687621141670998
452 7 38 0.08613380077397104
453 225 248 0.00013062090420634683
454 189 388 0.02157170384596948
455 98 170 0.0790072921130281
456 49 369 0.06517049019848825
457 264 265 0.06004608885266706
458 35 152 0.00663959032273885
459 36 148 0.017203700995773556
460 53 131 0.03848634619744703
461 209 210 0.05429678711215439
462 9 61 0.0407321812405171
463 281 357 0.018417825547551836
464 167 333 0.02606586943501996
465 183 186 0.0023493445708652467
466 294 377 0.07774498290627922
467 370 374 0.054570904984253425
468 4 107 0.005222887977700251
469 109 200 0.030567210995805057
470 362 370 0.03696367276297857
471 54 66 0.059155201552721026
472 241 242 0.05045321651843824
473 55 58 0.05299157430281724
474 238 347 0.04417137256462412
475 116 161 0.058715005280544255
476 65 67 0.04895819225638575
477 187 188 0.03695002359613914
478 95 169 0.05956774131845599
479 38 319 0.036684291161866486
480 112 335 0.03208142995898168
481 340 372 0.07791091802968934
482 16 195 0.06879989827605787
483 35 147 5.866104456048731e-05
484 83 86 0.06894611713270486
485 118 218 0.049580792240444115
486 22 58 0.09703970256905264
487 215 216 0.03769631491255263
488 302 367 0.054897544892815016
489 275 394 0.08517348249161169
490 163 229 0.03837819077659855
491 32 313 0.022030997622952683
492 190 281 0.052073051328373005
493 310 336 0.059831485732394066
494 338 351 0.029353691392521863
495 282 312 0.019672229829044145
496 311 313 0.017276781678475902
497 55 62 0.047195380801615755
498 158 202 0.04474824207931607
499 1 398 0.00017328666520161174
500 395 397 0.003304075623924837
501 293 295 0.05277347293586364
502 240 351 0.012396284970064234
503 73 74 0.013274251698387614
504 96 239 0.00964678044866009
505 102 271 0.00024148517002131324
506 80 182 0.06380188534418715
507 50 51 0.017416859097866198
508 323 325 0.03538879702315342
509 173 398 0.0006585667528731547
510 28 100 0.03995203774161771
511 104 105 0.0028132591643248387
512 164 185 0.053786370081669255
513 396 397 0.05009657041714534
514 334 349 0.08119832590151656
515 122 353 0.06150359221305726
516 271 272 0.05041460464080423
517 7 8 0.01657529227240656
518 29 30 0.043944474374210764
519 300 302 0.024289347809090353
520 127 139 0.039514239630599274
521 214 215 0.07057742529454855
522 8 56 0.04434687945205327
523 25 77 0.02521218493169999
524 54 298 0.04306097306763614
525 176 201 0.05977639460772946
526 1 172 0.0005870823803619114
527 114 220 0.05547810750643156
528 124 251 0.04283217091238824
529 219 317 0.041628675643666214
530 329 354 0.06167607673485586
531 51 151 0.08365860346335306
532 247 248 0.05978195938993385
533 270 344 0.04170960479854961
534 379 381 0.038427164814460735
535 118 217 0.05503191811839742
536 333 352 0.07237587956065784
537 140 141 0.033902751821418976
538 302 366 0.051818111838881305
539 334 335 0.051642856095799106
540 44 141 0.027474189579659917
541 193 194 0.044834802613106114
542 221 222 0.017620598647622505
543 213 218 0.016809561332203137
544 279 280 0.00810719170011663
545 304 393 0.043285394242176735
546 253 254 0.015324375720986091
547 209 326 0.043941461091746264
548 311 312 0.05180910725854054
549 354 391 0.042127039574737776
550 47 49 0.017341901554779274
551 340 341 0.029030740495510802
552 76 397 0.002258639678195883
553 199 200 9.67075043532703e-05
554 144 145 0.03325007195094221
555 257 260 0.00025718843786595903
556 309 373 0.03748564402672035
557 341 342 0.027905572438501107
558 3 34 0.013689080492052337
559 134 281 0.056803617072236946
560 387 395 0.0030328176209103762
561 97 189 0.0806895370739703
562 92 93 0.004057131693300137
563 278 283 0.06739733874476705
564 188 346 0.049923166377180216
565 248 332 0.00010021080352398054
566 291 318 0.008844713391061004
567 46 193 0.054053334127357716
568 99 101 0.07258103462169965
569 261 262 0.03891458342255539
570 297 358 0.021333350043267914
571 354 386 0.020092867460948932
572 52 115 0.043267260302390205
573 337 349 0.03261937157080411
574 82 84 0.054316471463814374
575 205 206 0.0372225989724311
576 101 282 0.0709661686657756
577 130 132 0.030747802385471867
578 266 277 0.029742292174260238
579 224 253 0.011009943858094975
580 152 153 4.789595103215922e-05
581 61 390 0.03447592786278929
582 231 380 0.03776158073126326
583 360 367 0.04863460155660591
584 182 184 0.004904156607363887
585 117 204 0.0004083228267895873
586 322 323 0.004110635664997717
587 44 133 0.018257933245750303
588 106 108 0.001864510198419155
589 265 331 1.8684357816646707e-05
590 94 376 0.06381459047712923
591 14 15 0.02660458375957441
592 123 245 0.030723072814067567
593 318 348 0.06616506760058215
594 156 253 0.04691074194585962
595 303 307 0.0003778107046520263
596 39 197 0.08839686501650627
597 375 387 0.07068850648793153
598 64 280 0.013961352501713431
599 16 180 0.020801244105764925
