912
0 208 320 0.00681255318124963
1 64 155 0.03777133960041609
2 204 205 0.004652264581574512
3 63 292 0.04811340795776222
4 374 381 0.0759906940190276
5 136 155 0.01427896280609968
6 21 24 0.037618225887781916
7 221 307 0.0002712275086984545
8 86 394 0.04202986112652258
9 321 322 0.044338796698151585
10 13 57 0.07604087106607614
11 2 191 0.054242571186216205
12 88 90 0.030657794146303378
13 40 43 0.017312031113973336
14 74 75 0.023772919040643797
15 176 263 0.08295299729209456
16 182 183 0.039990583627577125
17 211 212 0.016645982689150445
18 235 342 0.03698084884335376
19 99 192 0.07368079250517814
20 298 299 0.03802312449737652
21 343 345 0.03576934903253546
22 224 332 0.0001915717959277707
23 25 26 0.0782721770901658
24 8 399 0.0387908023263005
25 19 22 0.047725031424156
26 23 91 0.0737374656898581
27 201 270 0.03509592738517561
28 213 216 0.048722470647252686
29 50 130 0.014494150752845719
30 328 329 0.034470286660419666
31 171 294 0.0631084593597208
32 279 332 0.05944595176420016
33 243 244 0.02558696717813548
34 6 108 0.025622561736951183
35 14 240 0.02597980797192674
36 338 386 0.04973766732526354
37 297 361 0.06112531145693045
38 356 364 0.02590159872984927
39 359 360 0.05996144933489687
40 179 246 0.008018649289725944
41 177 310 0.03209427178583776
42 71 301 0.010052263525311295
43 339 343 0.0410037981029107
44 274 275 0.06270141367644332
45 17 197 0.06815336004322145
46 305 306 0.00011134321881436449
47 159 321 0.0005472879430465235
48 360 361 0.059842238638593885
49 32 33 0.028839865754166697
50 392 393 0.03816374057567285
51 166 334 0.05029414790984772
52 256 262 0.000177685678398859
53 110 203 0.016640213028731015
54 11 124 0.04142817808823141
55 306 307 0.00035083417444801713
56 33 103 0.05569392670859319
57 110 212 2.6651862299533202e-05
58 164 165 0.03137789242914849
59 284 314 0.001997032550362137
60 219 236 0.041064987328780084
61 87 89 0.03063523060000063
62 187 339 0.0171756811900122
63 68 129 0.02680214919686174
64 296 364 0.061858313242871395
65 195 196 0.031957610996578366
66 0 9 0.040287044716827064
67 45 261 0.027290599393224563
68 111 276 0.06729346080702918
69 356 359 0.005193632931001604
70 28 31 0.014646869668141759
71 224 225 0.0002526093002283371
72 45 138 0.04296081351051482
73 128 155 0.056332012777924226
74 170 293 0.0424333279460576
75 117 202 0.0046492604898666695
76 256 257 0.00012339121316865657
77 30 102 0.04014204705473491
78 14 350 0.016836843596621142
79 41 43 0.09572269615373488
80 40 137 0.049936550756833134
81 353 383 0.009491400479954433
82 52 267 0.06790959221088114
83 80 81 0.06069680288405805
84 287 288 0.05701195356932363
85 2 144 0.056976257426518705
86 318 328 0.04928172936673752
87 42 125 0.061813917873660924
88 31 32 0.01972999509611309
89 106 341 0.042290257331231956
90 70 72 0.04306076358275371
91 170 192 0.03771978851202975
92 126 128 0.006419829131729945
93 157 261 0.02837575463581519
94 233 276 0.014236263862805281
95 6 342 0.018093725115441533
96 58 59 0.05551711263025987
97 113 209 0.053218393492454705
98 359 377 0.025795673639565232
99 177 324 0.03688707455140958
100 206 321 0.05305884867842404
101 91 183 0.023562508311846135
102 203 211 8.73937614678126e-05
103 22 93 0.061980084250604764
104 37 388 0.09588640453273335
105 268 305 0.05035130246374531
106 87 88 0.0006555222236804296
107 133 135 0.05143008862084544
108 68 128 0.04534899376643817
109 325 327 0.00013970883438866853
110 146 255 0.06076588651875652
111 0 1 0.032570483578344515
112 226 370 0.04486435599450762
113 52 288 0.047527493645813795
114 355 366 0.009940222076344705
115 228 323 0.02249308568425086
116 77 79 0.02370268922626218
117 65 66 0.09746571149578256
118 125 375 0.06602926708473145
119 221 305 9.825966511762494e-05
120 70 92 0.06438043041034379
121 53 125 0.08094026857091974
122 56 283 0.0208699932898822
123 85 275 0.08356671053157202
124 69 219 0.05309697225369805
125 54 204 0.06879166922737724
126 94 95 0.06649419663624948
127 373 392 0.05122194540226627
128 111 390 0.036373319352670117
129 177 178 0.03700860930478132
130 313 399 0.019093847486028857
131 210 230 0.03367499462566589
132 362 382 0.07625750797549359
133 16 97 0.0492475256037526
134 13 15 0.08147151272175214
135 349 350 0.02944407380353037
136 33 173 0.039568921155208193
137 13 20 0.10866543789067933
138 222 250 0.03903774385287974
139 293 294 0.03716448733204355
140 153 154 0.06319763987920105
141 142 154 0.0498733990692403
142 156 280 0.02455007143072207
143 350 351 0.02292964763221989
144 225 263 0.019493186472797262
145 226 229 0.051360232428328254
146 73 81 0.011969863831005309
147 252 254 0.07582906937723433
148 237 238 0.011644461479333583
149 369 390 0.02592367812098232
150 277 385 0.10032089382022924
151 10 238 0.025729409649810957
152 215 228 0.05794685986996599
153 48 49 0.0006570240623718134
154 212 389 0.05412094070730431
155 304 308 0.04239848656996379
156 268 269 0.033278707037138325
157 202 205 6.468508754710031e-05
158 237 344 0.03611928134445893
159 66 178 0.057392609369349215
160 220 303 0.01705444292680335
161 357 393 0.09659768395677025
162 27 120 0.08040258595780674
163 10 12 0.00022722024135729776
164 117 160 0.07299716765629012
165 87 189 0.11633935683246639
166 138 140 0.017092930019673398
167 36 372 0.009847751525498914
168 340 388 0.046839901910386506
169 285 316 0.00015558304690920354
170 129 194 0.03903444325579037
171 181 241 0.04365097507828552
172 166 168 0.08095434017286897
173 59 115 0.10802483499161397
174 150 365 0.030498951446928928
175 278 319 0.06604444636304725
176 100 101 0.03510398747073883
177 308 309 0.044566709499677296
178 232 273 0.051942155325116764
179 114 223 0.03466724205792221
180 142 144 0.01572114919214745
181 21 59 0.04622847253138828
182 4 5 0.02689794449233296
183 44 258 0.042213119605254
184 41 136 0.04420386377899848
185 242 328 0.06198376233052555
186 217 391 0.05374888037635541
187 254 263 0.003266899617033546
188 369 389 0.03360513423861086
189 246 310 0.03672491116371178
190 26 27 0.045939971707456916
191 358 379 0.04716564405699873
192 76 77 0.09767649793348761
193 12 40 0.042495353750364534
194 112 210 0.01234216759609332
195 361 381 0.04054058981883479
196 112 217 0.05190193574064855
197 364 377 0.00375423063673425
198 236 284 0.0018522837930103956
199 250 286 0.04222833834923419
200 84 165 0.07183535838148433
201 30 171 0.04734219356692786
202 19 72 0.02849835104036418
203 79 86 0.04316383906982461
204 82 83 0.05571886406653672
205 116 158 0.05989354359097782
206 214 249 0.057631874772652164
207 55 288 0.1522011956753471
208 246 279 0.04306557193465022
209 180 239 0.06614175628139093
210 330 339 0.04920759454829228
211 119 168 0.03699244890513727
212 264 266 0.05792339615245001
213 199 235 0.06853707930523503
214 206 299 0.05422243480316513
215 135 259 0.03009718625013862
216 285 315 0.0001737382667061101
217 131 132 0.0659594140096055
218 34 35 0.07171335602044299
219 60 61 0.03089125238881167
220 120 169 0.04418299479542617
221 104 107 0.0059272987039944635
222 82 184 0.035937403653233224
223 187 289 0.05964638276893444
224 234 324 0.06938241713198183
225 272 358 0.02776399739668391
226 235 385 0.00012617646272363722
227 37 195 0.03006117274769767
228 196 197 0.04377379786241366
229 71 382 0.0006175569312191077
230 78 81 0.025212375900643482
231 158 159 0.04491862456389895
232 39 121 0.042246824564869154
233 62 245 0.07477437876749052
234 282 283 0.005466289258077139
235 107 108 0.004105982948951818
236 57 163 0.016615144167300536
237 347 376 0.03488960450798335
238 123 269 0.048644760084446244
239 89 90 0.000214260888498809
240 41 126 0.050280304232404774
241 172 173 0.00016568766698074898
242 124 270 0.03325131363959244
243 20 85 0.026047128522390873
244 267 289 0.05495592421655851
245 148 149 0.03911821472990611
246 345 346 0.02234686819272114
247 134 145 0.06325490192291978
248 140 157 0.03050715859561416
249 162 286 0.02598966261091158
250 24 74 0.06325594249066234
251 34 104 0.027406782016906286
252 64 179 0.04248002389727459
253 218 329 0.05736165726169757
254 272 380 0.014729011200225151
255 46 175 0.051253606447475814
256 127 129 3.0220473051479467e-05
257 149 363 0.00024340642282118065
258 365 368 0.00014599633092691973
259 159 228 0.035551956775086636
260 21 23 0.06255287042152936
261 109 266 0.06253747226791083
262 57 167 0.04749830778822558
263 223 286 0.029301066328613987
264 337 338 0.022638491529233223
265 60 172 0.046871251038458045
266 319 320 0.028590957484803257
267 48 232 0.020844275665401615
268 301 371 0.0028874576451400256
269 20 88 0.07405066309098207
270 169 267 0.03213986286682478
271 314 330 0.0024740021173937283
272 398 399 0.0411046038464821
273 249 287 0.022179727458985752
274 265 320 0.0378897836067091
275 113 118 0.01894662227304039
276 344 345 0.03785950597206593
277 271 273 0.00015732646982739748
278 326 327 0.00017943479801078838
279 130 255 0.013683842396061062
280 394 396 0.07435130632279835
281 29 31 0.03577014136259927
282 375 376 0.08239781156055447
283 300 356 0.06675603116720952
284 36 105 0.06611130116344452
285 131 256 0.045191037563172796
286 113 216 0.02704442824060527
287 241 315 0.04660380362289461
288 213 348 0.04559825585026402
289 160 223 0.06729772560679699
290 75 78 0.00024797492999533284
291 220 222 5.520818999421449e-05
292 42 43 0.02281915054587792
293 147 153 0.006069311789378747
294 70 384 0.040764358618010574
295 96 97 0.0441086579637902
296 208 336 0.010293178299170189
297 51 255 0.014137995732190498
298 174 303 0.0001122070754607801
299 37 198 0.02963386493246005
300 143 146 0.05319843241621068
301 47 231 0.010145624353368717
302 171 297 0.05652670057822608
303 198 200 6.298012484766801e-05
304 45 53 0.042732922970488654
305 308 355 0.041660057689371206
306 229 333 0.02597498691807315
307 5 385 0.04805122401252038
308 65 114 0.05246802593099828
309 9 233 0.05378209896145495
310 239 240 0.06066819388570752
311 67 68 0.06822940029206762
312 242 386 0.06480408374600566
313 185 186 0.02996546263357012
314 234 298 0.03042121542304825
315 371 382 0.010707528541162827
316 147 148 0.05640847287097467
317 28 311 0.023148139040498783
318 23 73 0.049373930130763535
319 243 378 0.042374591650645665
320 134 135 0.05139888499527979
321 231 232 0.004587580882804203
322 141 193 0.04897869987335634
323 268 309 0.06298325038461149
324 260 262 0.0002117883685572683
325 178 179 0.0492655477451232
326 269 292 0.058276790649160484
327 2 152 0.06422017645957863
328 26 94 0.05412933982442935
329 78 79 0.04200642233315555
330 151 154 0.04286867621884264
331 161 162 0.06341188639841827
332 67 175 0.06056137379031147
333 126 127 0.05219921200097335
334 69 343 0.041849567837774736
335 47 244 0.08682681975209873
336 133 392 0.061748938112829194
337 76 387 0.0032134715043379064
338 18 63 0.05491032594839667
339 207 208 0.046203132553395636
340 110 111 0.042397935895620235
341 227 384 0.04743107098578525
342 367 371 0.07631776254075963
343 71 72 0.05558070474843353
344 90 274 0.019826282694235385
345 168 244 0.050051043506565134
346 378 380 0.05365932741486597
347 50 396 0.051958638986551425
348 191 192 0.03391035107939973
349 24 27 0.05391256160128162
350 102 103 0.0004336991226735719
351 295 296 0.049040679424419205
352 184 185 0.028173721368087108
353 276 299 0.04410720486662491
354 137 252 0.00017982647480139342
355 292 383 0.05673235910077881
356 287 291 0.09702993755748804
357 325 326 0.0001322394533122065
358 143 145 0.025175745695766055
359 0 7 0.05786616422761454
360 198 199 6.326814121991503e-05
361 211 327 0.03921387170429516
362 355 383 0.012696565519285531
363 160 161 0.02881236411635979
364 91 93 0.02949763034581674
365 190 191 0.06916039452867591
366 119 389 0.07015032275319415
367 122 301 0.050229972161706896
368 243 352 0.06794042827637273
369 162 245 0.07211576393984204
370 15 96 0.07668711024015615
371 3 99 0.07009764352404112
372 247 331 0.047446038682311634
373 274 365 0.020666747076149183
374 277 278 0.06363731659588563
375 98 100 0.03128570600707492
376 174 306 0.0003371867328035269
377 296 357 0.016082595267646486
378 236 330 0.00149131245699925
379 11 12 0.020474158379885674
380 92 186 0.03974128038212728
381 136 156 0.030019971978642715
382 123 250 0.038406890700117886
383 95 188 0.03229115457000418
384 3 4 0.03169208213499729
385 378 379 0.019228887648584516
386 5 6 7.755285737848375e-06
387 331 336 0.03694812776781329
388 56 312 0.00021201636078006553
389 284 285 0.05891949639070204
390 119 230 0.055950150700023606
391 137 251 0.00014305578837325077
392 80 83 0.005164828080112619
393 363 368 0.03725335299187943
394 17 317 0.05642501459810011
395 121 264 0.04189988660698605
396 203 322 0.047935511195255055
397 11 237 0.010648815754896589
398 174 175 0.05321109097648856
399 337 391 0.03933373620961707
400 17 181 0.03328526671995895
401 138 139 0.07618476917270967
402 29 98 0.02983880093963292
403 69 201 0.054685443192244595
404 10 42 0.04931724281077939
405 116 214 0.06474308823104756
406 163 165 0.07520351944866432
407 84 85 0.05237149768152116
408 48 60 0.048979374422303164
409 166 167 0.05511216162024786
410 38 207 0.015900799063194707
411 139 194 8.410649069106672e-05
412 150 151 0.07199521482730332
413 251 252 0.00012877832833176387
414 207 324 0.04955582040030068
415 46 373 0.05357305865611561
416 300 304 0.04327285724111141
417 190 295 0.00010499797413225793
418 164 227 0.05578071067620504
419 146 257 0.05433628226255571
420 132 395 0.06665668983904142
421 62 63 0.07125773879533605
422 363 372 0.04225161859793795
423 230 335 0.020784944964826847
424 249 348 0.051321940080513904
425 180 181 0.06218411240315586
426 142 143 0.029341627692587042
427 39 176 0.04135338360624103
428 290 314 0.052450710274954654
429 157 258 0.014908640770655247
430 103 273 0.00014592386689162552
431 226 227 0.03372343808760859
432 315 316 0.00012286939635826466
433 18 122 0.038273921045825
434 89 368 0.032467687997840694
435 258 259 0.017632553854118375
436 352 374 0.03433936916728051
437 316 317 0.01915434654925909
438 105 106 0.0075243379187523085
439 109 196 0.04305499305408119
440 353 366 0.012241110105372596
441 259 260 0.05686875058569424
442 289 290 0.02025256557529178
443 362 384 0.029791697446410522
444 115 120 0.035111915716340036
445 149 150 0.02075769913081659
446 346 347 0.050548084445377464
447 18 19 0.0524979536295149
448 25 75 0.04238833211049375
449 121 247 0.04679649330444317
450 233 234 0.0631105204092449
451 290 291 0.0695688520609185
452 7 38 0.08695597042987167
453 225 248 0.00011486517485896087
454 189 388 0.0216231084199732
455 98 170 0.07940124863918104
456 49 369 0.06544925284029926
457 264 265 0.059847419505569606
458 35 152 0.006081678124550922
459 36 148 0.016986630474233058
460 53 131 0.037931084534930784
461 209 210 0.054737942358912425
462 9 61 0.04037083056966941
463 281 357 0.018211927178824302
464 167 333 0.025693688728765957
465 183 186 0.0017251845374377196
466 294 377 0.0780917616422943
467 370 374 0.05515062093174397
468 4 107 0.004800988996551395
469 109 200 0.03023234241913043
470 362 370 0.03713182664000021
471 54 66 0.05939186868352894
472 241 242 0.05128235751053821
473 55 58 0.05287135051583981
474 238 347 0.044562171346185564
475 116 161 0.059111834992186876
476 65 67 0.049002578012029306
477 187 188 0.03702692685067061
478 95 169 0.059726194873117096
479 38 319 0.03607251320388556
480 112 335 0.03141965279683771
481 340 372 0.07774019307823302
482 16 195 0.06922203906696514
483 35 147 0.000154153938361788
484 83 86 0.06909070788277763
485 118 218 0.049241527469865015
486 22 58 0.09717816309009449
487 215 216 0.03801345959321276
488 302 367 0.05451270110840242
489 275 394 0.08565758603241948
490 163 229 0.037974938192231834
491 32 313 0.021573975488144274
492 190 281 0.051602172986731296
493 310 336 0.06026982857807041
494 338 351 0.029798194495626033
495 282 312 0.018734766715723435
496 311 313 0.016947879509639913
497 55 62 0.04784479969365788
498 158 202 0.044738996947582384
499 1 398 0.00020462811980176038
500 395 397 0.002549218971597171
501 293 295 0.052717893560177705
502 240 351 0.012236127620874409
503 73 74 0.012722829570961505
504 96 239 0.00875961866373042
505 102 271 0.0004409519018659561
506 80 182 0.06378012578334517
507 50 51 0.01666719168794
508 323 325 0.03530418056863677
509 173 398 0.00020839298427034115
510 28 100 0.0397363682158065
511 104 105 0.0024355861258633545
512 164 185 0.054321349871198195
513 396 397 0.05016861481482227
514 334 349 0.08181134227219587
515 122 353 0.06216654777417479
516 271 272 0.050511318667647846
517 7 8 0.016449221472266986
518 29 30 0.044359022277954754
519 300 302 0.024189376244345633
520 127 139 0.03903505495602031
521 214 215 0.06981181859580106
522 8 56 0.04453407664817439
523 25 77 0.025013349471865207
524 54 298 0.042967293098998105
525 176 201 0.060284780749176585
526 1 172 0.0001768360300901115
527 114 220 0.055490061902990453
528 124 251 0.04284979287523839
529 219 317 0.041718737703314177
530 329 354 0.06157607223924957
531 51 151 0.08447137656156284
532 247 248 0.060313481979899886
533 270 344 0.04098835879804263
534 379 381 0.03821457307383602
535 118 217 0.05496761245520778
536 333 352 0.07270062311413879
537 140 141 0.03341025860061986
538 302 366 0.052370776398896084
539 334 335 0.05184254249910942
540 44 141 0.027288582440413833
541 193 194 0.04490609707613015
542 221 222 0.017143107951689694
543 213 218 0.01646868631935837
544 279 280 0.007799303401223981
545 304 393 0.043365818759760845
546 253 254 0.01516234062707673
547 209 326 0.04431632670047483
548 311 312 0.05209856331008631
549 354 391 0.041748195118172605
550 47 49 0.017180048451184878
551 340 341 0.029352557488375928
552 76 397 0.0015708512922798894
553 199 200 9.11460101713663e-05
554 144 145 0.03245875899800641
555 257 260 0.0002593526277131273
556 309 373 0.037497073694240345
557 341 342 0.027204712287996605
558 3 34 0.012784272330425828
559 134 281 0.057211238175423916
560 387 395 0.0021562467005464938
561 97 189 0.08103830576166528
562 92 93 0.003564472423198814
563 278 283 0.06823093661764731
564 188 346 0.04990257586714611
565 248 332 4.391469975924549e-05
566 291 318 0.00897972053668655
567 46 193 0.054244018771264085
568 99 101 0.0729382673366871
569 261 262 0.038973565900134385
570 297 358 0.021277891693316852
571 354 386 0.019498539249566245
572 52 115 0.04298200673565528
573 337 349 0.032233636145493356
574 82 84 0.054378959791521075
575 205 206 0.03720677203359041
576 101 282 0.07103190589842315
577 130 132 0.030952763650663306
578 266 277 0.029489058561136098
579 224 253 0.01023792137669422
580 152 153 1.0166665599640036e-05
581 61 390 0.03458147509583068
582 231 380 0.038007119832714445
583 360 367 0.048710461278702044
584 182 184 0.004402911429297553
585 117 204 0.0003039449715355164
586 322 323 0.003540235625775328
587 44 133 0.01826257469843064
588 106 108 0.0014485516278570898
589 265 331 0.00013081252055187134
590 94 376 0.06374232340172933
591 14 15 0.02682432100150765
592 123 245 0.03027654309110359
593 318 348 0.06549383154787332
594 156 253 0.04736655267219234
595 303 307 3.9698263383362854e-05
596 39 197 0.08857859568969269
597 375 387 0.07168209051068344
598 64 280 0.013335929922436877
599 16 180 0.020469698517517176
