1026
0 0.02843167307221308 0.6311635982265282 -0.2713893335754003 0.016039539488255095 111 66 359
1 -0.0008917346321578194 0.6281784264552588 -0.17149592656888998 0.24511985138582318 499 526 111
2 0.7644953463185371 0.8283892807208248 -0.1143001950032474 0.1517581865728701 85 11 327
3 0.8781794357849516 0.8837191087313621 -0.14768932023526138 0.5533729988127511 558 371 384
4 0.8937931625237807 0.9087508632099264 -0.12251822516587407 0.3458621825351213 468 384 182
5 0.9183915790192169 0.9179042642447508 -0.3973365618757706 0.639910805954832 386 182 307
6 0.9183630255318221 0.9179649447549716 0.15368205318359515 -0.390929198658841 34 386 95
7 0.04050579277974353 0.6868797857183783 -0.3154278166786484 -0.05207561031700392 517 359 452
8 0.026224078057448898 0.6924658631156089 -0.21245315402762532 -0.07094366621940296 522 24 517
9 0.04936774084594739 0.5959991678185812 -0.22634250446129656 -0.042686237183842124 66 462 309
10 0.3681635034314911 -0.0418589124896934 -0.5662809231867525 -0.2222977397401153 163 404 151
11 0.3543909197509642 0.9707141528475094 -0.015826998392420855 -0.10334596546590635 54 379 397
12 0.368029061010933 0.9580856006660433 0.1250795020915586 0.06454524217891239 379 193 163
13 0.8734674073947539 0.21423740401205354 -0.06180287948076568 -0.035335288861571 10 137 134
14 0.9848748520335611 0.20609410361700445 0.6117296337884714 -0.12363244091678771 591 35 78
15 0.9591079903302524 0.19399357090263758 0.4915450605574856 -0.17364854658363793 134 370 591
16 0.03581610342943867 0.07293164098459673 -0.16158971972990432 0.15883149934170504 133 482 599
17 0.13375986547067 0.06658655376552187 0.026272503964031024 0.2555584549535084 400 45 394
18 0.5976555548239558 0.4379625212774178 0.14250513269420395 0.1552715823971429 338 447 433
19 0.6227095422280522 0.3907546442985002 0.12528737179662297 0.05212914162833204 447 25 202
20 0.7993286080601758 0.13312896004043426 -0.16376069979229246 -0.09799995155657104 243 269 137
21 0.5181572100016149 0.23694687533149122 0.15517668608411306 -0.36118941310059327 181 6 260
22 0.6032005477859498 0.34635747609457807 0.07611853647393474 -0.004536498260376831 486 103 25
23 0.5754410572232033 0.22652931493011996 -0.20204336953488777 -0.26066622124676364 260 318 26
24 0.5107988627911951 0.2043018564252 0.22837599381042573 -0.013174487889511255 349 250 6
25 0.5460319810475656 0.1188501962982369 0.21545753757512554 0.23156934494950043 448 23 523
26 0.46750717731632335 0.13384352257999796 0.06443804309586021 0.2013029722081061 328 23 190
27 0.46235686223138844 0.17619942555585552 0.07261958812065927 -0.08289727029819893 162 190 349
28 0.9545343262748414 0.6918561876727353 -0.058347622913790254 -0.18453948352065153 510 70 317
29 0.9153809126820516 0.6805582744909107 0.17312843797467892 0.1064918792037517 402 518 281
30 0.8928969590878162 0.6383401788607727 0.05325098625941216 -0.17774293287198262 201 77 518
31 0.950430858311343 0.682470879042304 0.10973889973814321 0.15512482253593474 281 88 70
32 0.9642394707427724 0.6686829801159677 0.12331847626390058 0.1964389408082301 88 49 491
33 0.9630270379309849 0.6393924389737748 0.1760243121401439 0.127581232037266 56 136 49
34 0.8742509756097441 0.8876122084245516 0.27833266568258463 0.10893667938202678 218 558 251
35 0.7971971599986812 0.8868750525889273 0.5176829661030926 0.3364414209033288 483 458 218
36 0.8308996381882047 0.9487735910330188 -0.0007540049314080921 0.13206567983300999 459 284 167
37 0.024209432460765637 0.9843572519348847 -0.025434793854417492 -0.08300439988118136 104 299 227
38 0.11792097582305497 0.739360163958216 0.12239387732482232 0.29651648272149833 452 410 479
39 0.17963945690582903 0.931997972297684 0.0016802857716324837 -0.17721871886644536 596 232 427
40 0.365418585074369 0.9191303093718048 -0.1644030304254196 0.20371087421089396 193 80 13
41 0.3491292228040385 0.8094485926404594 -0.2678373550724089 -0.3652288735334075 184 240 79
42 0.3944360499814902 0.9211944911328931 -0.380269857616633 0.2152783288439375 404 292 87
43 0.37763777577010654 0.908656874220706 -0.2340277919371525 0.2878287497232179 13 79 292
44 0.5562229795455947 0.740099882274799 0.027555697307279914 0.37946556799561826 540 587 183
45 0.5338784513586188 0.8187648215002752 0.4087985908118874 -0.24090321681935478 304 72 67
46 0.48709262995051483 0.6569564704534092 0.037103390498893773 0.026641568812157956 255 415 567
47 0.9384561521955139 0.5485412048802645 0.020614337667423932 0.12180912225059903 301 335 550
48 0.9533317839156195 0.5526572849774307 -0.11017177282772982 -0.2396082497479546 267 153 408
49 0.9533353111936822 0.5525123232851161 -0.12167137778253209 0.2479162943919101 550 456 153
50 0.6196891806530216 -0.053976162623224876 -0.06513143444714098 -0.5208371787676636 347 29 507
51 0.6277906815270289 0.9394876255131854 -0.489761161747565 -0.17060960248727053 507 297 531
52 0.34950326888918054 0.2570261621971023 0.26934797170419245 -0.3921706313858575 113 82 572
53 0.5254227188950845 0.8633412336449342 0.40041023482983995 -0.025231241401746374 121 304 460
54 0.21303180339938432 0.5976225574008461 -0.20597260425025965 -0.159809158267743 524 125 471
55 0.47024302220290864 0.36707987885406257 -0.002564049667030943 -0.17154284104314854 207 473 497
56 0.009023186113516993 0.735526500720106 0.41335808045021666 -0.926905391488633 122 388 522
57 0.844784317197063 0.288493471188503 -0.17373332477504944 0.25367919778696013 236 10 262
58 0.5062079005236774 0.32978031160081145 -0.02642150387366371 -0.05967275701346253 473 96 486
59 0.48817244448398883 0.27601600504080215 -0.01844419686425347 -0.1713112804391237 173 181 96
60 0.9969689065946346 0.5807092866029611 0.11738398933425209 0.05883224775404816 265 408 219
61 0.023309810358647154 0.5692232874595766 -0.029558077166425 0.13449423970357532 219 581 462
62 0.48121417727939597 0.41916156155944756 0.06269441701900469 0.2964455556031531 233 497 421
63 0.5431286729744209 0.45312106480791037 0.01709926367166048 0.24889871205746594 421 338 3
64 0.27286039960112635 0.7785647880767199 -0.17952812743360358 0.42514298505269554 598 252 1
65 0.35231906921583217 0.6232805337904149 0.15698061670010865 -0.07629458662061772 117 308 476
66 0.2541140365177987 0.6433240501208032 -0.0858424012428749 -0.025899798972162102 159 471 117
67 0.3897351089571971 0.6552803157460395 0.18438712640067578 -0.09189588326408149 476 332 311
68 0.3931376219767056 0.7278884045516625 0.27170592754865996 0.2572586459831383 108 311 63
69 0.26092905839529934 0.04028485037117607 0.27299527430302284 0.2583421553070675 124 403 334
70 0.6746217648782877 0.3583344688942767 -0.03393484174218919 0.03525792713343634 90 120 294
71 0.670935404880787 0.44499151505350637 -1.727338670498091 -0.026429245841537788 42 343 229
72 0.649561831677522 0.39302814070020764 -0.027941416194665614 0.0287270658649863 202 90 343
73 0.5731430332658174 0.177799224962042 -0.15336918263164634 -0.19765979061836525 318 503 146
74 0.5655350953495434 0.17378375002579455 0.1322824669247602 -0.03887916429773375 250 14 503
75 0.5683369038937339 0.15100825893640193 0.2896097166282027 -0.025829307724774264 14 448 290
76 0.55443211545493 -0.0025481502382811634 -0.4151675294999588 -0.8632520035877378 337 552 192
77 0.5606845704178314 0.10070433543562908 0.13217584700353502 0.35168150371023277 523 192 116
78 0.5686072302237233 0.15095412595773347 -0.23013692502789165 0.07848312659486378 290 329 230
79 0.5777559247044848 0.1126047362611691 -0.06826441807661343 0.22108295263945088 329 116 203
80 0.6448979231183786 0.17116019585844827 0.12042971017124648 0.05289945066190571 83 392 506
81 0.5802877548448454 0.17017808514176852 -0.20268614685930997 -0.11024224068345578 146 230 83
82 0.6920630836464805 0.19573310015166706 -0.3197663252241245 0.259967010418638 222 204 574
83 0.6455849937236776 0.17026840083552608 -0.1008087253864115 0.3427159751736436 392 484 204
84 0.7463511906877506 0.18678261548008082 -0.2533644072322261 0.2633922947803402 200 574 407
85 0.7745906501729134 0.13694785238697824 -0.054905678267824776 -0.11762313692487147 407 123 243
86 0.6197557942472818 0.10492491579410146 -0.11841479116703191 0.24248412791583185 203 8 484
87 0.810844010165276 0.05726327879108395 -0.39771099863801984 -0.1884090350694114 106 61 165
88 0.8108219874019903 0.057285812935024875 -0.14119115165759677 -0.4528034949310869 269 12 106
89 0.793640075459143 0.039010565611008845 -0.4314148018886481 0.45862055753011394 239 434 61
90 0.7935769652524957 0.0390658777605086 0.5647095465235227 -0.4200569778079963 344 239 12
91 0.641805483972632 0.2712992867173859 0.21350158377342332 0.03502165675517421 26 101 364
92 0.6452107613419498 0.29846282562307136 -0.1335514475347442 -0.15123191957444565 562 380 120
93 0.6452312164252826 0.2984658713016707 0.2056288935703944 -0.10187888226913802 103 364 562
94 0.4213389776008275 0.0988721520104215 -0.17795653561858416 -0.015162029270987532 126 590 328
95 0.36199803856583823 0.12324154218597691 0.026439042621895226 -0.047506436978705935 478 383 126
96 0.9995049351418611 0.13416444912115053 0.27976933183321284 0.1566816079439856 370 295 504
97 0.994592344750816 0.08866769595057168 0.2614351214680344 0.012059962056776286 561 133 295
98 0.9056990396137248 0.7060316791932442 0.2562641709946689 -0.11229138834056851 455 402 375
99 0.8808338013435963 0.804613135646433 -0.12968200263641094 -0.21639402630890814 19 568 371
100 0.9295208675151623 0.7205304121542777 0.02461828761679552 -0.2984423822655069 176 375 510
101 0.9370771111182878 0.7537947461705203 0.031755836155111794 -0.4026961930581052 568 176 576
102 0.9147777429066274 0.605727744678432 0.49943950488696204 -0.25181950768322564 77 505 350
103 0.9148708781849479 0.6057142023613462 0.1712148381486636 -0.2805159249037823 350 430 56
104 0.8897404016092721 0.9100478873862884 0.2564931385082921 0.10248679984368753 251 221 511
105 0.889727362643587 0.9101083608990429 0.2588232490675457 -0.04618790118979862 284 511 438
106 0.8943970014494218 0.9120581040892334 0.20511870718381478 -0.31394843649692333 438 588 89
107 0.8931095965478687 0.9098418143380532 0.06419470963917734 0.05962528641396264 235 221 468
108 0.8944359909919429 0.9120092958312511 -0.17963977256142508 0.18264014891395883 588 235 34
109 0.05384145824148816 0.9493895108577086 -0.19982151072683862 0.20306842145323412 469 261 439
110 0.07285056825242951 0.4795265728924212 -0.14563490051227018 -0.4415460793706378 57 53 340
111 0.06368029489246176 0.5237574791990552 -0.08188815667220517 0.06472661712164651 128 340 68
112 0.033003857565118234 0.36031264530631535 -0.11770750841036404 0.3066910706298054 194 480 196
113 0.12601227482080962 0.351975671089577 0.03427672694289452 -0.1478948165323235 97 275 286
114 0.37226559575469786 0.5742676239359117 0.2152856150294813 -0.07685162853321437 308 179 527
115 0.38675256754975923 0.24102328435776282 0.08014552840829303 -0.2777229925199354 572 444 173
116 0.2557917882124733 0.45059348574777636 -0.30465572703475274 0.3207966184359812 205 405 475
117 0.22162518152076022 0.5286034432303499 -0.5323425704049055 0.11253768561025716 585 75 164
118 0.12197943249960952 0.33565496440977827 0.07020159037418594 0.03925171958296669 535 485 275
119 0.9772282232689835 0.42649495925644504 0.10299598535157273 -0.10492884269797109 211 390 366
120 0.3884564275998651 0.20922936851857715 0.05090807636554118 0.00213494846801332 444 220 162
121 0.16577030848761276 0.8888200623056913 -0.06602186020110423 -0.42035815939200916 395 449 232
122 0.6196609060535966 0.4645792846727373 -0.045843721180327535 -0.13043998520201328 515 433 367
123 0.44229288558333535 0.5056668362104421 -0.11792060106152746 0.15037003378570724 382 592 238
124 0.31978741980353936 0.9551931081479286 0.22139574756829816 0.15939062951442207 242 528 54
125 0.46125435653622837 0.9210559080146755 0.05247033293964698 0.2845220205272003 87 121 118
126 0.36760377237113034 0.7640144985790701 1.1977790091468714 1.1682113970423675 240 92 333
127 0.4144273597341719 0.7383684488001089 0.031100304958024596 1.4636070032246982 333 256 520
128 0.36739621548106205 0.7637988570960488 -1.0399109315551098 -1.1565880609667978 73 108 92
129 0.414433849498405 0.7381832625402944 0.19373562546565581 -1.452538398299941 63 170 256
130 0.6164605414073705 0.9409359895506452 0.32128934695022093 0.09655546032855122 577 279 29
131 0.5573397281902603 0.8729554605503955 0.023786491526456288 -0.16801472643712678 460 285 217
132 0.5840427200711773 0.9370202100901325 0.1673387643730262 0.09455231320121271 420 217 577
133 0.5698488850151593 0.7280207574428983 0.022833935436894492 0.3909590807343877 587 336 107
134 0.6572193461289353 0.7637459286899424 0.027506227157081398 0.09424129462920483 320 559 247
135 0.6011178374792764 0.7608718479993005 -0.37595000099144293 0.05533185645778538 215 107 320
136 0.3113496555918983 0.7930321046913417 -0.04342282141495124 -0.29829718851265286 381 5 184
137 0.3186343229511573 0.9122191558687185 -0.2658371403677128 -1.2159907893810347 391 354 80
138 0.5185555671607154 0.7792717428669915 0.3342566527383961 -0.1466266736499522 401 166 72
139 0.4500310981591816 0.7377444866626547 -0.16825323455581806 -0.4693789141448101 520 411 401
140 0.5297137021259984 0.7717148455639736 0.08751774669552015 0.018063480572427792 166 537 248
141 0.5304892421017393 0.7422062961926399 0.14984819669827676 0.34674534112044686 322 540 537
142 0.7035347295085873 0.8479639222213488 -0.04178626108325423 -0.32253553525901646 426 180 141
143 0.6796719402540804 0.8421613494235729 0.38172517369261527 -0.2420486016480039 300 358 426
144 0.7069137004915622 0.8398197344854197 -0.2719641210152668 0.23534225280369414 180 554 85
145 0.6842420334276258 0.8269524036249263 0.18894482367581844 0.5319847853901827 358 247 554
146 0.6286134806500343 0.8700589907366753 -0.020051565963186135 -0.05529581514895909 110 419 300
147 0.797046035784682 0.8867967423176838 -0.9938922879676858 -0.447487978813245 293 483 316
148 0.8159013190890041 0.9438467806915136 0.05310469425312547 0.17381248593184573 245 316 459
149 0.7941757592920317 0.9740616771009734 0.3284144628371932 0.2400698469221484 445 245 257
150 0.7772696108027691 0.9798896589401671 0.33265535118176537 0.02068247274833457 412 445 174
151 0.7187363535792297 0.931118849761078 0.11922202808323235 -0.20622301435957446 531 330 412
152 0.7957149500933136 0.8858608282516521 -0.3444943795722147 0.4538509087645415 580 327 458
153 0.7956226756534481 0.8860002668282447 0.5649125421950101 -0.16824373006416904 140 580 293
154 0.7328690070033667 0.8929004805972421 0.10059861971223327 -0.008477685914387578 330 141 140
155 0.3113026043469739 0.7869787732617956 -0.043831442815556176 0.40690933201040225 5 1 73
156 0.2813758348022601 0.8025687979841553 -0.16189391875698345 -0.26436154307307724 594 142 381
157 0.5546540842588918 0.7845325647239133 -0.13146276567344017 -0.05253839776425684 93 248 429
158 0.212460424611718 0.4854098009234129 0.017379763600500198 0.0999338632678981 231 205 498
159 0.1675210274353542 0.47369788652483824 -0.25763534797368753 0.14542196438970373 47 259 231
160 0.2975607928318258 0.5104272918378543 0.1969460386441746 -0.27954664624796344 164 363 289
161 0.30301783724584774 0.49141694801422703 -0.04557463399723627 0.468228573274887 363 475 331
162 0.36904530290275145 0.5021929007507366 0.23403212076611446 0.4843468497800485 331 369 249
163 0.8301267984113182 0.2927941456050627 -0.05288414220427917 0.21800902610946693 490 406 236
164 0.7402145152017994 0.27274697742977055 0.010455894136618404 -0.0009547543311505535 512 58 418
165 0.7632932179483229 0.2551770896002155 -0.16448972912919135 0.12548277625312743 58 200 406
166 0.9214113308028415 0.3492100372976892 0.20611336873366248 0.19005024567975148 409 51 172
167 0.8635743401317428 0.32846075074498277 -0.3104978021223337 -0.004023532201857805 464 262 409
168 0.9407413461970726 0.4241717319008395 0.14381672311380989 -0.10818294662873207 345 172 211
169 0.3531735265450015 0.18355474352113646 0.06666793714305008 0.06131251860386211 270 478 220
170 0.8268461183721295 0.7310607932588574 -8.376285776101611e-05 0.057580957363301266 91 74 455
171 0.8472017367192348 0.6275657917185617 0.08682324026398902 -0.18176072036357738 31 302 201
172 0.9989606630304587 0.6280221837154355 0.1351178802443684 0.5959324325514621 241 265 526
173 0.9988460894100079 0.6281833910979983 0.13563696209218604 0.24617050317686864 136 241 509
174 0.43775100905916203 0.5765114254534517 -0.8307397315410538 -0.7855710478443193 298 376 398
175 0.44127829495985194 0.6299585137660848 -0.10065698344274843 -0.04940987480273051 332 398 255
176 0.22183996922510887 0.9341988596492213 0.06882012668074644 -0.1911844377255889 427 15 525
177 0.19981999461017247 0.7127389178276387 0.15363093505693648 0.22083956226215395 99 129 41
178 0.22909679720745096 0.7011407085717838 -0.2758078147813148 0.4170917555779141 129 159 325
179 0.24179668776293664 0.748936672253398 -0.2460851615486274 0.4250582420910784 40 325 252
180 0.04669239963587847 0.08692291367017409 -0.3064380124651045 -0.033461246967680935 209 599 425
181 0.11517187491917415 0.08927199103942178 0.2484523760337698 -0.01855003407824629 425 400 171
182 0.6773546033717265 0.22588817570498557 0.09632140235697924 0.04778471537187322 16 506 584
183 0.6614588742077966 0.262586913379946 -1.2387250022964966 -1.2225888708935617 101 16 465
184 0.6777250061761162 0.22588393991219904 -0.23851731827139766 0.05158665888666154 584 222 352
185 0.6862827948207304 0.2502003132743041 -0.3019392260522613 -0.10656562958455407 313 352 512
186 0.6616997243097147 0.2628229953361742 1.1897185824758627 1.1577914384697965 380 465 313
187 0.3003278914536134 0.11057611562692009 -0.10164681665814079 0.002623512171395781 223 62 477
188 0.33667115515712365 0.10116735024133015 -0.08767072831594724 -0.08437987530918178 477 564 383
189 0.9290868429918923 0.03614145272971815 0.0679410264159408 -0.16074518036091057 165 454 561
190 0.7431198771208135 0.7213765351375432 -0.06816852308327848 -0.27265342581882407 492 417 365
191 0.7869096270954866 0.7752562702967242 -0.058268431052388436 -0.13012382699129077 11 365 348
192 0.8208050860259463 0.765541656520681 0.04944835721443219 -0.16404362035427056 348 91 19
193 0.48784320713631824 0.7125155721672464 -0.024246128021987445 0.12700915041907734 541 567 322
194 0.45003278563477966 0.7378114243759292 -0.14530728446416968 0.4598574211937004 411 170 541
195 0.04738067111549152 0.0010819224777226175 -0.14045712336263616 -0.1566716756329356 482 227 65
196 0.07194290276867413 0.9845319020150635 -0.3239243422104021 -0.061928367989239064 65 439 228
197 0.11732799892034218 0.9971717674280487 -0.04184991658773285 -0.01799293977700067 228 596 45
198 0.027243956261182707 0.9567908676914926 0.08879379624149655 -0.4255132609817542 360 303 299
199 1.0271299739037636 0.9566399073828233 0.7081322951250305 0.4610791585503687 213 553 360
200 0.027386604854704063 0.9566729295433642 -0.8156880268504838 0.20566546171728142 303 553 469
201 0.26323620910927836 0.9835562462365579 0.30534225980982654 0.08200060630514372 403 525 27
202 0.2214854307549578 0.5284964247629113 -0.21271172120516849 -0.099559551962748 157 498 75
203 0.08261352180385664 0.47040083408628464 -0.4796735693664137 -0.4081938084987907 53 102 396
204 0.22145193397587737 0.5288071611729254 -0.21643601610921678 -0.5084520798262406 125 2 585
205 0.221308565284097 0.528648594459376 0.611820028461555 0.17951269901984868 575 157 2
206 0.1851410141999651 0.5250996721704891 0.11956469009311022 -0.015170190797997307 214 100 575
207 0.1319534266616907 0.7373534910641 -0.017407112036516015 0.32262778438402195 410 414 339
208 0.14611264976453192 0.7782396103193817 -0.09022674486887372 0.0732570895438378 0 339 296
209 0.08773634575785347 0.3891014403871865 0.03721983346527402 -0.122359319204568 461 97 547
210 0.034214880051359614 0.36590247412590055 -0.2406322145882822 -0.2566664031485033 131 194 461
211 0.08263970338638998 0.47042884229211196 0.3707031734191484 0.5035966945497327 17 361 102
212 0.07279326145603326 0.47946357835903247 0.4157243492595303 0.17244922629645887 154 17 57
213 0.16997267057111337 0.3140748006536081 -0.3030126538572375 0.04920889043469323 28 543 288
214 0.23668420176094923 0.3854906568884185 -0.42998459445775516 0.07126171666649306 521 206 405
215 0.17316728195323827 0.3899406623375006 0.09027122313542968 0.0025943774906167505 152 487 521
216 0.1517975117005325 0.3552664569658104 -0.06340552423378387 -0.19014955859875116 286 28 487
217 0.0701742282855705 0.3188859268681476 0.10711899076087938 0.06799785040589867 196 186 535
218 0.15832607415663744 0.3066616513352099 -0.12127914471304901 0.1775022861333353 485 253 543
219 0.22554444165905865 0.08277226817052875 0.10991616158917417 0.35250061550251566 529 124 60
220 0.42717100767604993 0.569388586435088 0.39875570574177727 -0.18655074245348818 527 291 160
221 0.43782095439041024 0.5764162615658505 0.7986082237512997 0.2916646176041437 7 542 119
222 0.4271940919213725 0.5693545522300371 -0.017237533610507585 0.4264703437048328 291 138 542
223 0.3573503697069639 0.5404790116118117 0.1800953670916261 -0.2769851469713869 289 263 179
224 0.24997045729790077 0.8449559291372811 -0.950397423805341 -0.2174622680930008 71 22 579
225 0.2499242796180075 0.845046807705106 0.45292482233125336 0.749632548018768 453 71 144
226 0.7746830383611256 0.3466309692226328 -0.17601026504332484 0.09633817285581436 112 431 145
227 0.7482715690101021 0.33084981511901823 0.024294309619588006 0.2398083412402663 341 418 431
228 0.14980334038586882 0.4463379112547516 -0.03089418200430405 0.20353020484253914 115 152 259
229 0.8252307107686775 0.3272033298016769 0.019879607682238287 -0.048245357708864844 145 490 306
230 1.0087525889382816 0.3745901116067979 0.30224263716793764 -0.4604342705716302 390 423 131
231 0.9338486643910487 0.5547334475552299 0.13672541432363516 -0.00970685732314125 582 301 321
232 0.9351457287880272 0.5567638282777789 0.054236055620562884 -0.13852652393231413 178 321 267
233 0.10626307107586909 0.5852656390670415 0.12039726524776251 -0.14590440453043918 309 94 450
234 0.15359589330548185 0.6223976330270651 0.00827796928226654 -0.39844196657312647 450 314 224
235 0.9660326875153212 0.9225609670470531 -0.13500935525524294 -0.3717685917551143 18 226 213
236 0.24174490976022076 0.11555604316985166 -0.23436580269260535 0.9034447050009202 198 60 378
237 0.35591877049111714 0.9799137482391067 -0.0001940859799265393 -0.20411387840341133 158 397 148
238 0.36292304785337726 -0.018627394399364675 -0.33108388686892143 -0.27495039656502684 148 151 474
239 0.0009254611289750414 0.1346478276384251 -0.3158627395229152 -0.04578574748070191 504 209 310
240 -0.003066513630141772 0.1996489659725188 -0.3417585679732493 0.350883416419534 35 310 502
241 0.14084162482892904 0.1222617019700169 0.15809136916233868 -0.15981976853041147 472 171 287
242 0.13141259390285603 0.1797620913989482 0.03617458346760749 0.44713376820548767 312 472 185
243 0.8829045241003128 0.46773161625833976 -0.019344564491929894 0.1759124367006759 319 368 33
244 0.9081526664504532 0.46712085449525204 -0.046499049055626074 0.16474354901097055 33 345 335
245 0.43435385093727524 0.48037666994740214 -0.04122728339273074 0.47679897183239284 369 233 592
246 0.2417924057639144 0.7489408845746768 0.247840546283224 -0.06086333997147629 189 40 208
247 0.18642238763642577 0.8523836614256781 -0.14739605438962577 -0.008174531190840995 372 532 449
248 0.24986782408618755 0.8449232619000359 0.7748056174840083 -0.32263905276689586 532 565 453
249 0.254391469463509 0.32616183033702 -0.34062749287855354 -0.2832661698953798 206 424 273
250 0.4156939903872157 0.5307929822273365 0.037808357139512694 0.050986585092838155 138 199 382
251 0.31867671368125083 0.9123369412366799 1.4426975932749653 0.5598846957723894 528 413 391
252 0.3185057307319655 0.912285262870712 -0.9177502866225626 1.1479663454690927 147 354 413
253 0.2545235002902349 0.8457060382472052 -0.27752356489274543 -0.02627234358884567 546 579 594
254 0.25703548717272034 0.8594154232706799 -0.39506686137021246 -0.10313646373841678 187 546 147
255 0.6235308162845044 0.9352313337153282 0.006813491524454429 0.337801691566858 279 110 297
256 0.5828944681187405 0.8383471811005598 -2.5765419685709436 1.0272292459665724 285 52 76
257 0.5833235800694613 0.8382098739484618 2.3336046779226214 -0.4704387063022707 76 555 419
258 0.5664671145784893 0.7758004730961634 -0.13769120496553988 -0.03203491517195234 429 183 435
259 0.5819192783123268 0.7812882523739453 -0.2349680727764536 -0.06334647528749571 441 435 215
260 0.5830731435814631 0.8381166000149411 -1.3456876712638266 0.45930789999550165 324 441 555
261 0.553345808959403 0.8128450553239458 -0.15154166844999484 -0.05696494179141531 67 93 569
262 0.5830807656691454 0.8381200702599148 1.030366545619224 -1.291781279101796 52 569 324
263 0.25692837889542547 0.8594405608070886 0.11155629508260295 -0.22379936381747637 15 144 187
264 0.13413163789718233 0.8704479690411123 0.26649828455127533 -0.1534809168646234 212 457 395
265 0.1553318288238614 0.8160304523396249 0.30665849988465926 -0.18391614139024337 457 274 589
266 0.07365132204786977 0.8878242601877631 -0.11843151875856606 0.04192587943485648 261 578 212
267 0.32843583068172433 0.19645399842816974 0.39696001798150693 -0.09261146190209235 244 270 82
268 0.48516745879082934 0.5575388894144089 -0.0618842879718251 -0.04597785138726884 105 156 323
269 0.48676692050133147 0.5261167202581398 -0.07635828913610254 0.11148173495456604 238 326 156
270 0.29965354502320585 0.9779928383844326 0.43782536346403944 0.0465504391977678 27 242 533
271 0.9147616974492088 0.6055220176255849 0.2259526653562889 -0.41245527938416154 516 277 505
272 0.887413301266044 0.5626976896313032 0.08905626843608294 -0.170974920159217 225 254 516
273 0.9149035860803292 0.6054536624661153 -0.7881621464148318 0.5814022448972621 277 178 430
274 0.7787173637793181 0.030911852713596692 0.2544546035682105 0.14199629562450244 44 373 344
275 0.7312994790375967 0.07120832163927478 0.3136998986963402 0.13288306566217045 489 44 123
276 0.1097053523707828 0.5749414516551978 0.012443628245872862 0.13405082356643394 94 68 353
277 0.052445082633539954 0.8704382476940484 0.020267785366678837 0.15540167451477682 150 374 578
278 0.0595237917929039 0.8024586886584786 0.09375068360517602 -0.23373452340269552 563 175 374
279 0.2641096776797739 0.7865210725168247 0.2461206807802263 -0.001665437926456903 32 208 544
280 0.2693277326805641 0.7859250530634596 0.025587291140050095 0.022062545713963377 544 598 142
281 0.6955192230545136 0.7169131464552613 0.2076880091517186 -0.1202100856356747 559 463 492
282 0.008004840529709926 0.7468049139481059 0.017742920002151996 -0.5212222319982834 576 495 234
283 0.009092019790474862 0.7472472729529545 -0.2634128600572522 -0.6387036097059429 234 122 563
284 0.2416988883452871 0.11556155800611778 0.17392345747467303 -1.6497188676562629 389 198 59
285 0.1831845052992172 0.10605871325365619 -0.6089273988740904 1.1136261502444613 216 169 389
286 0.3744979784541376 0.5214722402458714 0.033290572035160615 0.0010831422564416826 263 249 199
287 0.27205154418481015 0.3108463211105701 -0.26743374841042833 -0.34688013086925373 273 356 84
288 0.3341860702622829 0.30222713854686545 0.23315365887954798 -0.37955434420422485 84 113 207
289 0.2811431711947773 0.1632377071905826 0.17195557269755746 -0.21638297612036617 442 223 244
290 0.26128641880855547 0.16621879360341843 0.1858068240934152 -0.18506699471509958 451 428 442
291 0.22758618212384013 0.2343539351015532 0.016372479587356548 0.3370367962149401 566 451 356
292 0.5400114957409169 0.49780739003266317 0.05532373170691329 -0.03288069469475907 326 3 355
293 0.7923473928622141 0.7034427202965148 -0.1268887064864721 -0.037034578875827506 501 139 74
294 0.7936045270834388 0.6663130450728834 -0.11756582651845093 -0.03419419261629919 466 31 139
295 0.7432189394169326 0.721057656215115 -0.16039445474916314 0.024382799756030374 417 351 501
296 0.7067402949349789 0.6941605117474412 0.13625741143025172 0.04361802533742187 377 64 351
297 0.8428594838056549 0.5706842806471881 0.06622964641989082 -0.2256555574342567 302 37 570
298 0.17108327024387143 0.6013722382324588 -0.13802914401728206 -0.189297948843814 314 20 524
299 0.1542371337034644 0.5717710729850211 0.049285900360906965 0.10627310836897053 353 214 20
300 0.6502661620330616 0.5810278159464464 -0.02804977881909476 -0.06586649420325941 416 519 283
301 0.6694839146475237 0.44946453964129823 0.261166163988049 -0.1601174148997686 367 42 268
302 0.6488480288801175 0.5577387516753716 -0.025423269045532493 0.0037810952285832755 519 538 488
303 0.4377965996133576 0.5765428085474897 0.453231095080657 0.9355381526540348 160 595 298
304 0.6130090559561323 0.6023743331841064 -0.0012863848874999917 -0.10239473990925063 155 416 545
305 0.4381382659170959 0.5763893054068457 -1.0648363159217362 -0.34992462179272465 46 119 105
306 0.43799703656695455 0.5766173658675601 2.1378674080744955 1.480845578771112 376 55 46
307 0.43765194169532173 0.5763376740159217 -2.165859774654836 -2.05785246552544 595 7 55
308 0.5811792176105732 0.5783310763127572 0.17673597307865663 0.008844208004843424 177 305 155
309 0.5376884861230865 0.5948871002189645 0.023789368391868848 0.06013957457029484 556 323 177
310 0.2037267178765111 0.7403817608102623 0.06671285503190294 -0.13144271331089197 493 41 189
311 0.9763827375251957 0.6913800333246591 -0.17698474231303551 -0.14622683550125082 317 496 548
312 0.008905278060679126 0.7357379465646579 -0.7658263820726594 1.1893373952222517 495 548 388
313 0.9796963966659024 0.6773495192427021 -0.19385504677199572 0.06575525731550291 496 491 130
314 0.24182463784848068 0.11582352825998606 0.5117664627889303 1.5536420301643337 59 271 428
315 0.18306878022276402 0.10594912473767445 -0.7141156904553374 -1.359205786295595 287 432 216
316 0.18323741782019942 0.1059482778702891 1.4504073867231595 -0.22923750805849563 432 437 169
317 0.1841229110780246 0.09233815500282039 0.008775678794759045 0.31686409659309467 437 394 529
318 0.21818125296391772 0.23808467347131604 -0.07778101895200562 0.37234249589818136 86 566 593
319 0.11668405860858143 0.7703352883450968 0.10029345444417803 -0.14731160388747888 175 479 266
320 0.14355020166078247 0.7807674793759083 0.09591626655251762 -0.11557994366272195 266 0 274
321 0.16755783204317873 0.4736581464599968 0.12436871387705299 -0.26702977178148174 9 47 100
322 0.12900422715265564 0.45264346637406855 0.03182569291654627 -0.15901343447950442 396 586 9
323 0.1290086430643263 0.4526001559825871 0.005937966504403983 0.20420923943801836 586 508 115
324 0.16545355959953512 0.6976962932690256 0.11527195517557765 0.1770184325511348 414 224 99
325 0.09906514591042992 0.4352916634074816 -0.2618813936511961 1.52559368165185 109 357 508
326 0.09909890136942742 0.4351183706049311 1.419597723401056 -0.24765594975706232 278 547 357
327 0.09897820318716191 0.4351931331992884 -0.9556154808112484 -0.8406445269277043 361 278 109
328 0.1676355338123187 0.22457661343256285 -0.3099627284008921 0.24274938344170938 30 185 86
329 0.1474632755124711 0.24832740629798405 -0.14670784136139314 0.007938355528480656 530 30 253
330 0.24184214126834608 0.11555172694607888 -0.5808376595125252 -1.272253896190175 271 378 210
331 0.15547582002114083 0.8160060682773418 -0.3596621030865646 -0.07090919401946029 589 387 372
332 0.24989799605021976 0.844900814230129 0.39004143402490005 -0.0045571584659652616 565 32 22
333 0.8448070384423104 0.34125350401550386 -0.10500969468973942 -0.15348745469045966 306 464 536
334 0.9668522421078457 0.3269060904894008 0.22982039951657818 0.17234653634790043 51 514 539
335 1.007191181835583 0.3622187677760026 0.36992184974937725 0.25975417147078295 423 539 480
336 0.154746071589239 0.7811129849610352 -0.1584553760772267 0.04452191081083523 296 493 387
337 1.0277478766782808 0.24065155842307157 0.08397181578551072 -0.22216236211791696 573 264 399
338 0.03127007470527886 0.22586049919035578 -0.10163689490721994 0.3930582736025312 264 494 36
339 0.28818558212919215 0.09911652695183462 -0.0980591167293321 0.030130695161112442 210 43 62
340 0.9049715952638199 -0.025786086500844956 -0.12405753091471183 -0.42968996902259526 481 551 168
341 0.9128427712892562 -0.05664168074997984 -0.06530225943324197 -0.6164882097869917 551 89 557
342 0.9273966186362282 0.9280944223589689 -0.3683415556940406 -0.16093913909887014 557 95 18
343 0.2929703699244028 0.05824757267319558 -0.10449820175839619 0.03682030999541119 43 334 21
344 0.32657795383758104 0.0007229118531494154 0.027474662128712524 -0.22374188474172385 533 158 276
345 0.32560860061233954 0.0409938903916959 -0.009123838143332286 -0.007110043456770576 21 276 246
346 0.3429811538094018 0.05171665695713178 -0.1512862623370692 -0.09642049936253727 564 246 446
347 0.3831894967467848 0.024313336395848113 -0.3025108212539873 -0.031421683310828286 446 474 237
348 0.21570157610446955 0.29816132646183047 -0.09321813321250261 -0.0842864771033458 288 593 424
349 0.9994594973137401 0.2463285216540656 0.39407650649636583 -0.2470868339793375 514 135 573
350 0.9928672566402057 0.2158228980620686 0.38025264482294263 -0.39009087123703656 78 143 135
351 0.002051045486747047 0.20902802195346512 -0.41630632170719384 0.21623354426458796 143 502 494
352 0.8358349199516479 0.41616814141165076 -0.1467972129270967 0.08727389748386383 436 536 368
353 0.5949272621509198 0.5275442578273526 -0.2088886120500677 0.3305347767842623 81 515 440
354 0.08802799491983136 0.2353695703114745 -0.0755075963559948 -0.041055449838400815 549 571 530
355 0.5956255487281957 0.5345324531667596 0.25408525574331653 -0.3810021844026512 305 362 114
356 0.7144050183184258 0.612018292097417 0.4076744671715777 0.0936322894787506 283 69 38
357 0.6929572919709973 0.700572950566053 0.22426679749387723 0.019482114359259395 463 161 377
358 0.8592267943921224 0.5578267548775998 0.03621279144605527 -0.19867441233833993 570 191 225
359 0.714417347990025 0.6120130219783416 -0.2185864540898432 0.3609909891423937 98 69 39
360 0.7332995446005844 0.5537396472349839 -0.19880653234771728 0.17300627805361124 39 583 48
361 0.7976545534852947 0.5363380345024182 0.36098193323397254 0.018078189639725295 48 195 37
362 0.7263752124106141 0.38712320913679954 -0.07610308980221525 -0.2368403143743203 132 443 470
363 0.7941587105755418 0.9740434664468981 -0.13997381575415654 -0.2552770217624121 393 257 422
364 0.7222873226787083 0.6307034053443126 0.2800097715841129 -0.3728431952960314 64 38 197
365 0.7818986074975657 0.008976306153165609 0.7023528655276446 -0.010438466004113536 373 174 258
366 0.5973983638691998 0.5337710143865779 -0.38130614637976734 -0.11270276760455555 114 440 538
367 0.6911301487487921 0.5282496968423974 -0.22877346544936117 0.12485829731234688 488 342 583
368 0.7818889369900135 0.008976196081755027 -0.3035191008289996 -0.00014391071477938902 258 393 434
369 1.0116082775454378 0.5193264854478634 0.1294478569474622 0.15162420485825834 456 188 149
370 0.7645442385751505 0.38574663011335636 -0.008324163580653021 -0.25930791541783904 470 112 467
371 0.6695530709712131 0.4495032769073112 -0.30707316323226336 -0.47710733905575053 268 315 342
372 0.8314922625912995 0.9539441045525847 -0.030092864398284513 -0.2532685647142763 422 167 481
373 0.5340942352399791 0.632233385984351 0.02051855074736153 0.05694386906451854 415 556 127
374 0.80882145785981 0.42599227469712597 0.3179744974268761 -0.021252916787561915 467 436 4
375 0.4803449390891085 0.9798284771548343 -0.07899054604854072 -0.05470134553653416 282 118 597
376 0.41817565117785604 0.035710275524236175 -0.15705939188093154 0.020526978034007826 237 282 590
377 0.7223806209613925 0.6306603162717206 -0.40493803609201706 -0.04928784353580313 197 98 466
378 0.8675951688942742 0.509403575629614 -0.04848819505631763 0.33187173287263505 346 385 319
379 0.8523812261047974 0.5163281375500213 0.13427941224219975 0.22744078669034717 191 534 385
380 0.8937567163883571 0.5527216609371823 -0.05463159907098669 0.03791750628756585 254 346 582
381 0.8180567407790911 0.5037091568374645 0.2904974386042092 0.19978963344824407 195 4 534
382 0.6711642334688488 0.4450179584956069 1.3891526815575788 0.27208442756319373 315 229 132
383 0.5932254312945687 0.5281430080786963 0.4261422744625959 0.10906095178429137 362 355 81
384 0.7165521215173439 0.3634993174571285 0.08825529543288191 0.08379409839609497 294 341 443
385 0.9660318098935461 0.9225098127263369 -0.12020624169716085 0.38700588924115653 226 307 150
386 0.08325267226717953 0.22166140425089678 0.08674686940990384 0.3683998991282911 36 312 571
387 0.5542732215565329 0.9972307901980396 0.4332368929859005 1.0700422176687479 597 560 337
388 0.9350460659977372 0.015076593032498753 0.08053433128707432 -0.1689323386039332 454 168 104
389 1.0193723134426245 0.48540665073957145 0.1889653482300968 0.050678124891012644 366 154 188
390 0.03004538864919746 0.5343444288360439 -0.011096747132288698 0.05012450905728105 149 128 581
391 0.05999799727350856 0.2621066651768487 0.06738301236430821 -0.25996695560137617 399 549 186
392 0.5752451548548506 0.662047550374794 0.019429867437192883 -0.0030727601019187034 336 127 50
393 0.6098813468759905 0.6463381730686951 -0.0024637285267470332 -0.037802071195525144 50 545 161
394 0.6419098423203143 0.06631108924326627 -0.010258983940136801 0.06252504278214666 8 280 489
395 0.5544728565652407 0.9971775220975143 0.1706161986804531 -0.5569965261332317 560 420 500
396 0.6023204547622257 -0.00025398128038331066 -0.17987716316447688 -0.1440528002438768 513 347 280
397 0.5545159896682167 -0.002706603276486201 0.3368036835212952 0.27482043892844227 552 500 513
398 -0.0010164167971526369 0.6283175870505444 -0.1317090303411695 -0.6859379145414402 272 509 499
399 -0.0022652222790672137 0.6690366092829386 -0.1050530225310542 0.05437707575883799 130 272 24
