1028
0 0.028377367117063644 0.631166996817312 -0.27156429362185097 0.017190156936797152 111 66 359
1 -0.0009719300550247943 0.6281920462146733 -0.4427637797984338 0.017074383682098848 499 526 111
2 0.7644723364788091 0.8284197154787332 -0.11525705667647657 0.15228969682534732 85 11 327
3 0.8781499483445803 0.8838296531690283 -0.14735336657453746 0.5525075209844577 558 371 384
4 0.8937684879247544 0.9088205596863941 -0.12375828369916297 0.34929083698748836 468 384 182
5 0.9184021421169631 0.9178530514576271 0.4733200741787705 -1.1644189494936723 386 182 307
6 0.91830280771194 0.9180669116927621 -0.7230796199868457 1.4197276553284965 34 386 95
7 0.04044272839961924 0.6868694151966452 -0.31528661625923604 -0.05177794217686715 517 359 452
8 0.026181757983753474 0.6924517356508378 -0.21117784309437893 -0.07048037622275904 522 24 517
9 0.049322473411424345 0.5959905986888004 -0.22633520196935208 -0.04289858190897888 66 462 309
10 0.36805068664969015 -0.04190305477254458 -0.5632639675547655 -0.22041803730257684 163 404 151
11 0.3543880473948786 0.9706938272874722 -0.01388084855391547 -0.10106021106764951 54 379 397
12 0.3680536536022448 0.9580981548130952 0.12216926531424506 0.06240319372081537 379 193 163
13 0.8734550395065126 0.21423034056306117 -0.06185161965932551 -0.03531123726752128 10 137 134
14 0.984997145729356 0.2060693378443253 0.611381375040243 -0.1238944570200462 591 35 78
15 0.9592063057379077 0.19395884022995952 0.49158770352997205 -0.1736550053060837 134 370 591
16 0.03578378178303768 0.07296341028508566 -0.16161438680384332 0.15885148578476116 133 482 599
17 0.13376510238164432 0.06663769344873917 0.026156344798411446 0.25574289630458935 400 45 394
18 0.5976840570377394 0.43799356740392076 0.14251302707379843 0.1552170267316022 338 447 433
19 0.6227346195647872 0.39076508131787396 0.1254196305838784 0.052205252620840525 447 25 202
20 0.7992958504853633 0.13310934891673706 -0.16379573149205573 -0.098074013146765 243 269 137
21 0.518188233392138 0.23687464796643015 0.1550970352148795 -0.3611193080677033 181 6 260
22 0.6032155994370558 0.3463563888585824 0.07431058546281122 -0.006314589823253058 486 103 25
23 0.575400670985724 0.22647716615731994 -0.2018928225988592 -0.260771205323751 260 318 26
24 0.5108445215617096 0.20429919992240447 0.22826660631136697 -0.013318258995642651 349 250 6
25 0.546075209395793 0.1188964068318657 0.2163681917660698 0.230880741261541 448 23 523
26 0.4675200589546488 0.1338837915102716 0.06439827351933936 0.2013584590732087 328 23 190
27 0.46237141958414224 0.17618286330033014 0.07284239669780312 -0.08278268071038042 162 190 349
28 0.9545226984394107 0.6918193019310693 -0.05806970130445288 -0.18439000257219895 510 70 317
29 0.9154155513946443 0.6805796089962536 0.17321547980675422 0.10673260053550848 402 518 281
30 0.8929077720091384 0.6383047495539926 0.05422694585033305 -0.17702056903656782 201 77 518
31 0.9504528027182596 0.6825019228313365 0.10971636585366262 0.1552503080953782 281 88 70
32 0.964264115150641 0.6687222839356805 0.12319024238205412 0.19654582544825772 88 49 491
33 0.9630622945436143 0.6394179138867526 0.17632709632675603 0.1273657939532269 56 136 49
34 0.874306681671955 0.8876339837170147 0.2785750373435203 0.10829358755223839 218 558 251
35 0.7971024618550988 0.8868157263311025 -0.23376666992121556 0.4219943776010001 483 458 218
36 0.8308995572795047 0.9488000369484417 -0.00028404821897365373 0.13229554040802838 459 284 167
37 0.024204406390962233 0.9843406512151274 -0.025067216358198863 -0.08300747693368304 104 299 227
38 0.117945425706978 0.7394194670111185 0.12220126160977784 0.29651485190795857 452 410 479
39 0.1796398187253617 0.9319625322509534 0.0018519775990544218 -0.17719407191529868 596 232 427
40 0.3653860023955223 0.9191707414070593 -0.16268586998380297 0.20348213149168348 193 80 13
41 0.34907637099083483 0.8093758430656923 -0.26422173546314376 -0.36372050232769126 184 240 79
42 0.3943598031641234 0.9212373897702438 -0.38155398007777563 0.21423238114048893 404 292 87
43 0.3775909636661911 0.9087144347490637 -0.23407239306549865 0.28779155829272707 13 79 292
44 0.5562284593834282 0.7401757660120443 0.02734710791152395 0.37940302566319417 540 587 183
45 0.533960168743665 0.8187166883727568 0.4085155269617502 -0.2405903722774161 304 72 67
46 0.48710002052783163 0.6569618110240338 0.036902714911635215 0.02672361984479288 255 415 567
47 0.9384602156833327 0.5485659065418574 0.020217449242521113 0.12406913274531917 301 335 550
48 0.9533098131126609 0.5526096372996885 -0.10974026268598373 -0.23778562515140494 267 153 408
49 0.9533110022294539 0.5525616239615958 -0.12151706234000059 0.2460364704383474 550 456 153
50 0.6196761496614407 -0.05408030374413401 -0.06516280084967185 -0.5206616989113233 347 29 507
51 0.6276926890719757 0.939453527155888 -0.49002918311655264 -0.17045255996592235 507 297 531
52 0.34955713914375713 0.2569477392813715 0.26935234737068825 -0.39209589047795035 113 82 572
53 0.5255027869917512 0.8633361583767424 0.40031751732949594 -0.025425676147827758 121 304 460
54 0.21299059489992433 0.5975905775703957 -0.20603171044242252 -0.1599249545292114 524 125 471
55 0.4702425413506756 0.36704554642272025 -0.002351012440282574 -0.17170191032866988 207 473 497
56 0.008956403786409972 0.7356642346970714 -0.5576107205124526 0.432624365311377 122 388 522
57 0.8447495618467986 0.2885442107688875 -0.17379119532368037 0.2537041582026389 236 10 262
58 0.5062026107299354 0.3297683566546118 -0.026458091273440232 -0.05980869133281885 473 96 486
59 0.48816875683990985 0.27598172316728165 -0.01843623934072447 -0.1714420237719505 173 181 96
60 0.9969924104348281 0.5807210018392074 0.11751643963497926 0.05849350379061313 265 408 219
61 0.023303886057528034 0.5692501862125585 -0.02964260018001319 0.13449345803717705 219 581 462
62 0.4812267465774289 0.4192208459377568 0.06289717288665564 0.29641401971813863 233 497 421
63 0.5431320931403075 0.45317082386402197 0.017101422361553986 0.24876084872560433 421 338 3
64 0.2728245141909448 0.7786498209956899 -0.17939300444441697 0.4251697716117775 598 252 1
65 0.35235050534744666 0.623265272856787 0.1572471992894453 -0.07630807097314118 117 308 476
66 0.25409686873914167 0.6433188701627435 -0.08583773969395025 -0.02589977815548039 159 471 117
67 0.38977198362274035 0.655261907854162 0.1843684302449411 -0.0920874931864546 476 332 311
68 0.39319174334447493 0.727938371261113 0.27030514944403894 0.25058753266860023 108 311 63
69 0.26098364696542187 0.04033649056864147 0.27292509918730445 0.2581537941748202 124 403 334
70 0.6746151953210284 0.35834143639821164 -0.0317434009633466 0.034332846982065846 90 120 294
71 0.6709951507366136 0.4450247568058869 0.293123587579683 0.1912916513911603 42 343 229
72 0.6495557765833875 0.39303408924970784 -0.030056605468398168 0.029669412413002583 202 90 343
73 0.573112369719584 0.17775976217511488 -0.15330064214585937 -0.19720078330703883 318 503 146
74 0.5655617831046394 0.17377600676477953 0.1338206519554963 -0.03866106480093778 250 14 503
75 0.5683944952065846 0.15100317607722363 0.28740802693230216 -0.0252830160697411 14 448 290
76 0.5544469819066247 -0.0026596637831978374 0.20407555609584446 -0.4174748815307522 337 552 192
77 0.5607108856977865 0.10077467828446653 0.13148995434142385 0.3517186451806875 523 192 116
78 0.5685614775693 0.15096975286746062 -0.22830709934347146 0.07802497317948437 290 329 230
79 0.5777421387728177 0.11264891886246195 -0.06915050372591214 0.22085683767936182 329 116 203
80 0.6449220356166917 0.17117073249253306 0.12060566761864372 0.0526122266412965 83 392 506
81 0.5802470291192584 0.17015614728201056 -0.2039400559886162 -0.10950565055428685 146 230 83
82 0.6919991274516265 0.1957850787818171 -0.3197858311487778 0.2598685579224824 222 204 574
83 0.6455647980390066 0.17033693142566536 -0.10103505608104885 0.3426318276843199 392 484 204
84 0.7463005589445775 0.1868352701818601 -0.2530902529218615 0.263233965180909 200 574 407
85 0.7745797305415336 0.1369242993663333 -0.05449575478377877 -0.11781234529606444 407 123 243
86 0.6197321041140933 0.10497340891070706 -0.11846266953496887 0.24245928043065135 203 8 484
87 0.8109068208475729 0.05708601748590621 1.028607064512338 -1.5841590019341374 106 61 165
88 0.8106513472793082 0.05733474738165176 -1.5680252522816323 0.9421559885745137 269 12 106
89 0.793705240220321 0.038969603352726936 1.0821838946731037 -0.865151628268656 239 434 61
90 0.7935386748608025 0.039115242288924094 -0.9456449290026162 0.9075945064858935 344 239 12
91 0.6418468766522631 0.27130495667785925 0.20361721822514944 0.0290721592632881 26 101 364
92 0.6453821610149953 0.2984610958451461 -0.13589596379085486 -0.15431241152507463 562 380 120
93 0.6450752208984675 0.29841741190183263 0.2138758710228377 -0.09654191808505276 103 364 562
94 0.4213033956107648 0.09886915059762265 -0.17789443598759114 -0.014955455623910652 126 590 328
95 0.3620033172774727 0.12323205598366713 0.026378425832529473 -0.04740587436491417 478 383 126
96 0.9995608827724476 0.13419578713552804 0.27972778162809603 0.15669293200199635 370 295 504
97 0.9946446332835558 0.08867009519734516 0.26144516135362394 0.011974999464259284 561 133 295
98 0.9057503232584514 0.7060092146782391 0.256469502579737 -0.11233296237644907 455 402 375
99 0.8808078722397323 0.8045698292431085 -0.12963336792903846 -0.21657797222296438 19 568 371
100 0.9295258027340971 0.7204707596305238 0.024695409259201107 -0.2982027309111901 176 375 510
101 0.9370834395608495 0.7537141714821406 0.03160434483562291 -0.4029329515875535 568 176 576
102 0.9148520372203054 0.6056612335800319 0.3882836753578184 -0.3546060798066664 77 505 350
103 0.9148354173112493 0.6056636075325527 -0.3090368990183866 -0.23068300754845728 350 430 56
104 0.8897943324571339 0.9100681220497585 0.32016605302747214 0.1087951277285444 251 221 511
105 0.889776981632931 0.9100977378169122 0.19836444529268393 -0.06323724852547478 284 511 438
106 0.8944122776513753 0.9119824073605934 -0.05624771012202107 -0.45184848012659007 438 588 89
107 0.8931197077973604 0.9098557516657297 0.04631918930440154 0.0727607877811301 235 221 468
108 0.8944274849211157 0.9120574871130147 0.09070841987532467 0.3120542208217637 588 235 34
109 0.05380147107665882 0.9494299697348947 -0.19996007454003983 0.20208656865972063 469 261 439
110 0.0728204975243889 0.47944041748897215 -0.15528672372779975 -0.41812814646823443 57 53 340
111 0.06366381945061762 0.5237704012633072 -0.0825397375447956 0.0645717125602463 128 340 68
112 0.03298031394292753 0.3603739747741217 -0.11772175205135293 0.30663287395316097 194 480 196
113 0.12601912532729115 0.3519460710362658 0.034245122362830394 -0.14803471261315426 97 275 286
114 0.3723086563906576 0.5742521767987312 0.21530933216884485 -0.07736005447345207 308 179 527
115 0.38676856230604256 0.24096775341625104 0.07991659070616386 -0.2776319785180448 572 444 173
116 0.2557308640299688 0.4506576426547162 -0.3046093217939916 0.32078049452821666 205 405 475
117 0.22152560783416733 0.5285931344341829 -0.5264595809479928 -0.02406497364121178 585 75 164
118 0.12199348287807438 0.335662813126212 0.07026863431403019 0.03924084147899354 535 485 275
119 0.9772488097875844 0.4264739700397609 0.10291140509210983 -0.10495175770119936 211 390 366
120 0.3884665965742776 0.20922979440339068 0.05082379309073737 0.0021276091999311575 444 220 162
121 0.16575715398651325 0.8887360844984832 -0.0656897598816375 -0.4197329893373958 395 449 232
122 0.619651728497451 0.4645532491381757 -0.04590659380410145 -0.1301041038792583 515 433 367
123 0.4422693078867 0.5056969098146393 -0.11787799902851503 0.15036717287975065 382 592 238
124 0.3198320272479096 0.9552249346143908 0.22148955725054265 0.159103562269447 242 528 54
125 0.4612648416494921 0.9211127845335868 0.05241030665015245 0.2843360533133499 87 121 118
126 0.3675651748903161 0.7639595311673725 -0.1928806562709849 -0.27514809777915045 240 92 333
127 0.41445170946956544 0.7382617415939904 0.0857151025545201 -0.5305431640087216 333 256 520
128 0.36746652330172147 0.7638568084066673 0.3512110931372164 0.2898825927861786 73 108 92
129 0.4144540365620236 0.7382932687152326 0.13729629790791 0.5463465001440929 63 170 256
130 0.616524796236779 0.9409552788247901 0.32126919692274103 0.09640986836992327 577 279 29
131 0.5573441119876132 0.8729215959077776 0.022599853238824963 -0.1687937657701699 460 285 217
132 0.5840760715629539 0.9370390591053284 0.16659256266149391 0.09415745474972148 420 217 577
133 0.5698534023128757 0.7280989673464171 0.022504117319632755 0.39107955762673896 587 336 107
134 0.6572248397872413 0.7637647724426812 0.027455578782697998 0.09421121938135713 320 559 247
135 0.6010426907287875 0.7608829132389974 -0.3756630985451981 0.055323087430614315 215 107 320
136 0.3113409312483504 0.7929724609497294 -0.043693857733340113 -0.2981925375893091 381 5 184
137 0.31865146640403963 0.9122521036876089 -0.2670603658355697 -1.2147507490352372 391 354 80
138 0.518622378235114 0.7792425630284981 0.3336243340618106 -0.1450543895067935 401 166 72
139 0.4500023898951386 0.7378508835830313 -0.16757606646452314 -0.4715122966006922 520 411 401
140 0.5297312618076239 0.7717184991685626 0.08789152825677826 0.018335807351610445 166 537 248
141 0.5305191686056532 0.7422756313010932 0.14956072907912343 0.3466524747808286 322 540 537
142 0.7035263577084071 0.8478994067632167 -0.041883164818290464 -0.3225912781693041 426 180 141
143 0.6797483403787793 0.8421129729851968 0.3820920212171952 -0.24182742024148052 300 358 426
144 0.7068592816002766 0.8398668061694009 -0.2721378495815219 0.23536392626533065 180 554 85
145 0.6842797805455225 0.8270587454648088 0.18866586765087234 0.5316173418146164 358 247 554
146 0.6286097409069358 0.870047608056599 -0.019207371110274707 -0.05608422962155579 110 419 300
147 0.7970639624118155 0.8868369471846607 -0.14974710735467506 -0.5191751070422962 293 483 316
148 0.815911448151454 0.9438813973206601 0.04883405936573215 0.1716627059250575 245 316 459
149 0.7941043781021822 0.9739653299010231 0.3313430295436882 0.25263570791020545 445 245 257
150 0.7773356336360807 0.9798931877300663 0.32592448115376094 0.01375158771577123 412 445 174
151 0.7187602231389613 0.9310776228997087 0.11938969049496428 -0.20610491993644509 531 330 412
152 0.795691375995092 0.8859675935380601 -0.031806128966747976 0.547734437097774 580 327 458
153 0.7956915113498904 0.8859506946871737 0.25786069549418605 -0.2593934856907659 140 580 293
154 0.7328891089897616 0.8928986920362761 0.10047567569615445 -0.009140711798583112 330 141 140
155 0.311293635020798 0.7870596413385877 -0.04478870694463177 0.40443568511544514 5 1 73
156 0.28134345170883107 0.8025159511508917 -0.16192339379050846 -0.26419224620488624 594 142 381
157 0.554627804965012 0.784522041632123 -0.13137124305062642 -0.052640980116591685 93 248 429
158 0.2124638379440431 0.4854295059229894 0.017257979767482112 0.09683529672566138 231 205 498
159 0.167605262828991 0.4735810573739499 -0.2612057917617677 0.152615830346578 47 259 231
160 0.29760015490917335 0.510371432958145 0.19674790546764243 -0.27928185007686235 164 363 289
161 0.3030087451808996 0.4915106130670936 -0.04542200435220245 0.46835752741392067 363 475 331
162 0.3690920056706891 0.502289769096165 0.2333412605498575 0.48434000039787595 331 369 249
163 0.8301162561092521 0.29283774317587663 -0.05265409549343181 0.2179808415367357 490 406 236
164 0.7402165883754808 0.2727467949818596 0.010334980093951174 -0.0008959510217065869 512 58 418
165 0.7632602691099777 0.255202211591994 -0.1648288033839762 0.12565226428784548 58 200 406
166 0.9214525587137185 0.3492480393020103 0.20614827275777792 0.18999662676488782 409 51 172
167 0.863512242130592 0.32845993729685447 -0.31048738649563923 -0.004081754031992624 464 262 409
168 0.9407701098637988 0.4241501059489769 0.14381888735481851 -0.10811206582750366 345 172 211
169 0.35318685673781913 0.18356699609540414 0.06664531669586804 0.06124638331217458 270 478 220
170 0.8268460989601575 0.7310722847269817 -0.00010153058949136096 0.05741623426702702 91 74 455
171 0.8472190906079081 0.6275294474914894 0.0867515156932619 -0.1817077308063908 31 302 201
172 0.9989737324132599 0.6281321113803328 0.06537510804786091 0.5563852261428409 241 265 526
173 0.998921821337007 0.6282093227558831 0.41676020648173967 0.07731785654698387 136 241 509
174 0.4378491301614557 0.576638157401988 -0.8267851452840695 -0.6929430951892364 298 376 398
175 0.4412582630517752 0.6299486658588729 -0.09846478771224909 -0.04928173355511767 332 398 255
176 0.22185374280502437 0.9341606372619522 0.06888385695180688 -0.1910877782396181 427 15 525
177 0.1998506982072331 0.7127830946022728 0.15348042246843274 0.22089864416818816 99 129 41
178 0.22904164203424454 0.7012241010028 -0.27576539385343324 0.4169190062630612 129 159 325
179 0.24189001250751357 0.7488813654701962 1.1797092312548036 -0.9776504297093203 40 325 252
180 0.04663110219476248 0.08691621860331207 -0.3065035950738926 -0.03348000626735015 209 599 425
181 0.11522157571029569 0.08926827712423945 0.24852167337940934 -0.018576498325706403 425 400 171
182 0.6773731176132932 0.22589745282268647 0.09276329588367785 0.04671681549093566 16 506 584
183 0.6614983590792904 0.2626242966041174 0.19745582401130626 0.1861919368738394 101 16 465
184 0.6776773074934244 0.22589421426746153 -0.23848637225741715 0.051121153057248625 584 222 352
185 0.6862229934653004 0.25018011294428427 -0.2990746334613492 -0.10119973886668632 313 352 512
186 0.6616512599971537 0.26277347651639765 -0.24018410659876546 -0.24597684582000795 380 465 313
187 0.3003076163102089 0.11057663361472551 -0.10128374736129153 0.002576947683019526 223 62 477
188 0.3366536262864076 0.10115050001983426 -0.08763555506274834 -0.0842082230334551 477 564 383
189 0.9291004363443776 0.03610928434946693 0.06797527714319518 -0.16087425627753227 165 454 561
190 0.7431062137085072 0.7213221070956682 -0.06836059005107739 -0.2719678011010168 492 417 365
191 0.7868980279301084 0.7752302324624744 -0.05790544294059785 -0.13021090108922273 11 365 348
192 0.8208149552060722 0.7655088675040402 0.049311794231288175 -0.1639123316243829 348 91 19
193 0.4878382348530387 0.7125408163075662 -0.02575654758918411 0.12492325091040257 541 567 322
194 0.44999907741202916 0.7377031686398907 -0.1430076949953318 0.46273310174641935 411 170 541
195 0.04735258274469559 0.0010505635007449707 -0.1404366917895361 -0.15683596643611963 482 227 65
196 0.07187812973347477 0.9845195197791672 -0.3238454043125172 -0.06190551370133246 65 439 228
197 0.11731960569353417 0.9971681709244676 -0.042004823230801236 -0.01797904880529444 228 596 45
198 0.02725398132917864 0.956700910097911 0.04157204880496758 -0.45828790982136486 360 303 299
199 1.0272743443455479 0.9567275563829228 0.7226541388731522 0.4379610665705062 213 553 360
200 0.0272284811132217 0.9567234971620071 -0.7828294309783338 0.26157758505480605 303 553 469
201 0.26329726041037627 0.9835726354007504 0.3052279470838748 0.08192753905844619 403 525 27
202 0.2214632947106755 0.5285536164193162 -0.052227116934585455 0.290517184617302 157 498 75
203 0.08265318530836395 0.47046462673706774 -0.48955257160913057 -0.41791898593298515 53 102 396
204 0.22142926855896453 0.528701680994109 -0.08235059310629424 -0.5438422975059245 125 2 585
205 0.22138313193539674 0.5286438392426602 0.3121969135955974 -0.03943351222000877 575 157 2
206 0.18516466197078996 0.5250968039041009 0.11678978339979551 -0.01386912806822238 214 100 575
207 0.13194995505297838 0.7374180038096796 -0.017341736206766267 0.32254241291718166 410 414 339
208 0.14609458115245663 0.7782542261018983 -0.09037949629149555 0.07302341656703626 0 339 296
209 0.08774405152707063 0.3890768887017796 0.037043155348692736 -0.12241989158501276 461 97 547
210 0.03416674919208752 0.3658511271520229 -0.2406611173365325 -0.25675862026786067 131 194 461
211 0.08257801341119855 0.4703839119399595 0.3822110590371609 0.5124155707061407 17 361 102
212 0.0728771495646381 0.47949559563421434 0.42303336590614293 0.14600369740677585 154 17 57
213 0.16991211864415126 0.3140846614137852 -0.3026754081744687 0.0493353869909785 28 543 288
214 0.23659821766554995 0.38550488574283265 -0.4298991315709877 0.07110517660779969 521 206 405
215 0.1731853026974407 0.38994120117869446 0.09004785250787961 0.002727418985104535 152 487 521
216 0.15178477027560347 0.35522841643518904 -0.06380752835821735 -0.1902203075609954 286 28 487
217 0.07019566120087416 0.3188995134907385 0.10717973453200358 0.06791155346408395 196 186 535
218 0.1583018382923324 0.3066971374681483 -0.12114603955420966 0.17740681215738796 485 253 543
219 0.2255661796973725 0.08284288246577322 0.10876006553695028 0.3530275106966574 529 124 60
220 0.4271377221943368 0.5695180325232293 -0.7275264316862289 1.4750746169065343 527 291 160
221 0.4378078459575579 0.5763784697656574 0.6121544457644325 0.6818549214669417 7 542 119
222 0.4273038415835918 0.569272982631 1.1118207270689988 -1.2384168400418984 291 138 542
223 0.35738642176150004 0.5404236871302186 0.1803151978424511 -0.27650162749692786 289 263 179
224 0.2500670449051311 0.8448354496332617 1.2281626580467362 -1.6534256790515027 71 22 579
225 0.2498629444514317 0.8451432310745421 -1.0882118860847958 1.8661059005494502 453 71 144
226 0.7746478657080023 0.34665023407449935 -0.1758143033936399 0.09631961096767672 112 431 145
227 0.7482764182006998 0.33089772953315594 0.024229855274948697 0.2394934091320966 341 418 431
228 0.14979755868783182 0.4463783914995675 -0.026582325229895787 0.20093592310865827 115 152 259
229 0.8252346792814528 0.327193697169936 0.01983027700380724 -0.048135793614956235 145 490 306
230 1.00881299514953 0.37449805377679307 0.30196060946813263 -0.46024079408679697 390 423 131
231 0.9338759601527761 0.5547315167994402 0.1363969595255532 -0.009633604938080742 582 301 321
232 0.9351562856807872 0.5567358093655235 0.052366045137294814 -0.1405887107685383 178 321 267
233 0.10628715780054986 0.5852364143143542 0.12044575545266945 -0.1461967606003478 309 94 450
234 0.15359753325889797 0.622318009272739 0.008173710319692162 -0.39801119032512045 450 314 224
235 0.966008932173995 0.922686832951342 -0.10373341827310317 1.6296110456881767 18 226 213
236 0.24174908311617 0.11555613725169718 0.478636716353298 0.8229764809003026 198 60 378
237 0.3559186331668073 0.9798729344178692 -0.0008470454372633274 -0.20405472415940817 158 397 148
238 0.36285651849607625 -0.018682415999748157 -0.33316370565139586 -0.2751598288629198 148 151 474
239 0.0008622941650325705 0.13463867150863842 -0.31582546814335616 -0.04577900294087944 504 209 310
240 -0.0031348351834003876 0.19971920345234412 -0.34155744586816805 0.35128882181628684 35 310 502
241 0.14087310351927784 0.12222943171986428 0.15789729940207664 -0.15994685367837214 472 171 287
242 0.131419774798387 0.17985155667149957 0.035813636778403435 0.4473903518487088 312 472 185
243 0.882900660704182 0.46776680082554395 -0.019307786966460405 0.17592629644735958 319 368 33
244 0.9081433861840368 0.46715380339313295 -0.0463689961427427 0.16474489168694095 33 345 335
245 0.4343456366400814 0.4804720539606941 -0.04101957835900283 0.4769603424020774 369 233 592
246 0.2416993483058195 0.7490689214416563 -1.1780139419723135 1.3416342545496778 189 40 208
247 0.18639276955850498 0.8523820396095939 -0.1482793089702117 -0.007733527013220609 372 532 449
248 0.24994900838439005 0.8448851805684156 0.5871476705345187 -0.8101315413114676 532 565 453
249 0.2543233452601472 0.32610518739616146 -0.3406188654048181 -0.2831975529082875 206 424 273
250 0.41570142670752525 0.5308031596814243 0.03697649200717912 0.05085310020302991 138 199 382
251 0.31869391260661634 0.9123697127671428 1.441986668168204 0.5583160756877621 528 413 391
252 0.31852303398849113 0.912318140073448 -0.9154004413204977 1.1487909733784527 147 354 413
253 0.25446766268960663 0.8457014733388234 -0.28037057432650503 -0.017758634753700653 546 579 594
254 0.2569565377576611 0.8593945717994362 -0.3938652913581045 -0.1054095342424826 187 546 147
255 0.6235322031797124 0.9352988867224487 0.0069755342994859415 0.33775293725030187 279 110 297
256 0.5829779076323922 0.8382907470464541 -0.15822780707734108 -0.290865884063898 285 52 76
257 0.5832240133464304 0.8382476505311856 0.07589011280289756 -0.15317509711521624 76 555 419
258 0.5664395939457375 0.7757940407301 -0.13757436509442833 -0.032202641941925236 429 183 435
259 0.5818722393412752 0.7812755624471623 -0.23339858934434687 -0.06352501163986446 441 435 215
260 0.5831308590281937 0.8380899176045524 -1.249665930447546 -0.02990572437312853 324 441 555
261 0.5533158795794216 0.8128332205419025 -0.15064479177984147 -0.057999361563476626 67 93 569
262 0.5829273134782544 0.8381112538115595 0.7718532286623072 0.20119604742007205 52 569 324
263 0.2569509642013594 0.8593959636282815 0.11474655661072668 -0.2234988781415028 15 144 187
264 0.13418498703132045 0.8704172699048237 0.26682769396768613 -0.1535007884689854 212 457 395
265 0.1553929790440035 0.8159937181198533 0.30543823272341636 -0.183664907804984 457 274 589
266 0.0736276126906145 0.8878326038961262 -0.11858528950470237 0.04164963304797986 261 578 212
267 0.32851519648152455 0.1964354759915991 0.39678530322495575 -0.09261243126557073 244 270 82
268 0.4851549964346823 0.5575295344944452 -0.06220294834768936 -0.04641479284250849 105 156 323
269 0.4867516260039962 0.5261390174135119 -0.07651105374262279 0.11148712231179303 238 326 156
270 0.2997410159844786 0.9780021417546942 0.4371999592217568 0.04650729558408617 27 242 533
271 0.9148514692452919 0.6055379382002867 0.4573112770533808 0.43907274635559773 516 277 505
272 0.8874312361019 0.562663373841354 0.08993956499697697 -0.17181870717863923 225 254 516
273 0.9147965082347604 0.6054823250519439 -0.42916956297090175 -0.216192031970633 277 178 430
274 0.7787684865078339 0.030939228654555277 0.2530280637791371 0.13477041982401516 44 373 344
275 0.7313621561149444 0.07123490478419621 0.3132807083194855 0.13292668007980346 489 44 123
276 0.10970786827833454 0.5749682640143017 0.01262465253865086 0.13406553697054013 94 68 353
277 0.05244916967306621 0.8704693616663846 0.020490903765435498 0.15562568213278727 150 374 578
278 0.05954254842623374 0.8024119686633837 0.09379539367415646 -0.23355638673061563 563 175 374
279 0.26415897080477235 0.7865207324337241 0.2465263143798524 -0.0017257831448624916 32 208 544
280 0.2693328355132344 0.7859294436565397 0.025489954938451298 0.02191722333136359 544 598 142
281 0.6955607571536597 0.7168890261793458 0.20766449913833807 -0.12073141791857367 559 463 492
282 0.008007110176014591 0.7467005127592877 0.010521306872610103 -0.5222586805511339 576 495 234
283 0.00904057486305309 0.7471196204307105 -0.25673983846015436 -0.6379987340515703 234 122 563
284 0.24167920905513976 0.11558963127219252 -0.6353475265048845 -0.3413932407928498 389 198 59
285 0.1831926855697851 0.10602656409161787 -0.6112120174811249 1.1076543671964707 216 169 389
286 0.3745046505075335 0.5214724043632716 0.0333834571097924 0.0007334077789522553 263 249 199
287 0.27199803111350956 0.3107769791889904 -0.26760921915947034 -0.34665278286771795 273 356 84
288 0.33423269183929855 0.3021512684608878 0.23309263547099945 -0.3792824887494106 84 113 207
289 0.28117748651015817 0.1631944341480375 0.1714503938127221 -0.21635916877538186 442 223 244
290 0.261323507501575 0.16618178142585951 0.18556540574976577 -0.1851526695850758 451 428 442
291 0.2275894551451906 0.23442130653902715 0.016362564775329602 0.33679731746560915 566 451 356
292 0.540022578071942 0.4978008161722488 0.05544086925657332 -0.03286556027326526 326 3 355
293 0.7923220339706303 0.7034353358624783 -0.12676322491689263 -0.0368849881193789 501 139 74
294 0.7935809871317842 0.6663062445172092 -0.11774376820761212 -0.03394000219758553 466 31 139
295 0.7431869085598926 0.7210624205257862 -0.1600802817885126 0.02363327133818316 417 351 501
296 0.7067675144160404 0.6941693522980765 0.13604494024377356 0.04439683655432791 377 64 351
297 0.8428727360989454 0.5706391585094952 0.06627207255194278 -0.2255957080865567 302 37 570
298 0.1710556606935657 0.6013343730806808 -0.13805391933796596 -0.1893349799858557 314 20 524
299 0.15424697566161563 0.5717923491622994 0.04918460777547651 0.10641684686230057 353 214 20
300 0.6502605520664038 0.5810146141527603 -0.0280497906152144 -0.06605658797731451 416 519 283
301 0.6695320909885094 0.4494244026707326 0.2576055115976436 -0.22914813566134454 367 42 268
302 0.6488429306812405 0.5577395210814382 -0.02551346148238487 0.0038690276676911495 519 538 488
303 0.43764789438327956 0.5764135240997442 0.7425027426124879 0.6499784677550888 160 595 298
304 0.6130088157595197 0.6023538544242379 -0.0011725842519183516 -0.10239349784724183 155 416 545
305 0.4379792908526663 0.5763626785722644 -0.9950519930728785 -0.8290279035716398 46 119 105
306 0.4379957857016338 0.576636017272014 1.1563752905791447 2.0618668917721044 376 55 46
307 0.4377414451050901 0.5762892199602957 -1.3648969231436756 -2.3530164269550884 595 7 55
308 0.5812145248635973 0.5783328424418751 0.17646978253682555 0.0088261065123163 177 305 155
309 0.5376932526366592 0.5948991177083293 0.02384714231640217 0.060069806767648615 556 323 177
310 0.203740091938716 0.7403554853312129 0.06692263028462708 -0.1313560593629859 493 41 189
311 0.9763470806037524 0.6913509930703086 -0.1779436431537107 -0.14542715989773747 317 496 548
312 0.008912874427273147 0.7356525323202392 0.2613350069224744 -0.17099384466148174 495 548 388
313 0.9796576103577614 0.677362630818312 -0.19396010041139444 0.06549122667787177 496 491 130
314 0.24180397814338597 0.1156417293597433 -0.1983402232545988 -0.8513896836723298 59 271 428
315 0.18307729849811857 0.10591749782929166 -0.7080694233767498 -1.3591463361430034 287 432 216
316 0.18324540384107532 0.10591672354493992 1.4470478015301105 -0.22446766740269117 432 437 169
317 0.18412569928427033 0.09240160862904531 0.00881134609720391 0.31692176903630465 437 394 529
318 0.21816569144691217 0.2381591103387672 -0.07781640991300076 0.37213161354493485 86 566 593
319 0.1167041264300832 0.770305826337992 0.1003545104655279 -0.1473099559001767 175 479 266
320 0.143569586536102 0.7807442977835117 0.09725635960640411 -0.11601927313829863 266 0 274
321 0.16744742949729477 0.4737512415886835 0.13011250845729008 -0.2703439211750903 9 47 100
322 0.12898702216407196 0.452613114949856 -0.2174856835338822 -0.14475139957494676 396 586 9
323 0.12903297354270546 0.4526402253192658 0.25309588110808895 0.19465400503668917 586 508 115
324 0.16547659649664725 0.6977317133279254 0.11515534428796492 0.17712756678056607 414 224 99
325 0.0990785521900786 0.4353208189073385 -0.2612108639658177 1.5224996657256822 109 357 508
326 0.09911267468781086 0.43514778205497273 1.4188111655487854 -0.24315139804224634 278 547 357
327 0.09899151321014342 0.4352218967117307 -0.9579650638177027 -0.8427770335854003 361 278 109
328 0.1675735682977589 0.22462513628430641 -0.3097825992254277 0.2425692379598443 30 185 86
329 0.14743395778134635 0.24832898133211495 -0.14654890738430293 0.007854129499551554 530 30 253
330 0.24185279514432168 0.11561322583215598 0.22735105232078115 -0.09299729891601524 271 378 210
331 0.1554041152307506 0.81599182642399 -0.3581346949237791 -0.07124538675489477 589 387 372
332 0.24991481329673643 0.8450033716513119 -0.0619068366597311 0.7950172393004498 565 32 22
333 0.8447860280032622 0.34122282718095903 -0.10506632890094902 -0.15334978634151675 306 464 536
334 0.9668982157566225 0.32694055086867313 0.22988417766600655 0.17228700896487759 51 514 539
335 1.0072652119963346 0.36227073543470323 0.3702270321911949 0.2598662609751279 423 539 480
336 0.154714206935667 0.7811219136318067 -0.15961088891541797 0.044682670931328605 296 493 387
337 1.0277646154275564 0.24060713151808685 0.08360125265671758 -0.22212522376996446 573 264 399
338 0.031249817825407436 0.22593912573037414 -0.10116710247309868 0.3931574532947679 264 494 36
339 0.28816584124439726 0.0991221195652556 -0.09846042071937067 0.028534238860622452 210 43 62
340 0.9049467834213087 -0.02587197054023909 -0.12405924690317427 -0.42933028937541806 481 551 168
341 0.9128298544040212 -0.056764921110674174 -0.06434721262771337 -0.6161063284548796 551 89 557
342 0.9273237156648254 0.9280612214869173 -0.3632739267386831 -0.1676500311839635 557 95 18
343 0.29294947280127365 0.05825494741831572 -0.10448237483529077 0.03689134414619488 43 334 21
344 0.3265834572871521 0.0006781251347183041 0.027531389668045136 -0.2239974476736517 533 158 276
345 0.32560679805229387 0.04099246315555413 -0.008975828413859688 -0.007144907235301368 21 276 246
346 0.3429509231809152 0.05169736344017411 -0.1511088053296472 -0.09648322904509676 564 246 446
347 0.3831290488210921 0.024307050482322307 -0.3021499876687539 -0.03143182866760519 446 474 237
348 0.2156829671017974 0.29814449509629304 -0.09298736711182976 -0.08411365354232814 288 593 424
349 0.9995383224584155 0.24627906431469587 0.39414212935073856 -0.2473532764030173 514 135 573
350 0.9929433304400347 0.21574489719182666 0.38040779207215714 -0.38997542122637396 78 143 135
351 0.001967767124554695 0.20907123585753484 -0.41642036676531324 0.2160148018792718 143 502 494
352 0.8358055967018474 0.41618564245306544 -0.14655605722058151 0.08758209921189142 436 536 368
353 0.5948855007174483 0.5276103845638676 -0.20877976209844606 0.33066685169082927 81 515 440
354 0.08801289090408491 0.23536134358311347 -0.07552419818007694 -0.041159623279107826 549 571 530
355 0.5956763248354642 0.5344562215850333 0.25381241197316995 -0.3812095870957613 305 362 114
356 0.7143027175265083 0.612115568914828 -1.430750111523207 0.8798014575905769 283 69 38
357 0.6930021296531582 0.7005768376909631 0.2241627767088361 0.019420768986033732 463 161 377
358 0.8592340506090692 0.5577870325268439 0.03630398585918737 -0.19859143947364988 570 191 225
359 0.7145575017291711 0.6120065931189811 1.6201344306083565 -0.4253548599273012 98 69 39
360 0.7332598092044998 0.5537742395290132 -0.19863385242180343 0.172946591769918 39 583 48
361 0.7977267794536258 0.5363416601045978 0.36117908039368096 0.018144569180478243 48 195 37
362 0.7263602609283049 0.38707604063831746 -0.07478795187310094 -0.2359672391510914 132 443 470
363 0.7942680390032364 0.9741372250016276 -0.13915379841250228 -0.2617870779202981 393 257 422
364 0.7223433969729572 0.6306292424759175 0.27954056165421065 -0.37220482587922826 64 38 197
365 0.7818397144606802 0.008975797425230223 0.7116978998104525 0.004736461228652469 373 174 258
366 0.5973221242297219 0.5337485160221564 -0.38116247764400507 -0.11242169057658347 114 440 538
367 0.6910844250718641 0.5282746808276253 -0.22855396880627765 0.12493691567416754 488 342 583
368 0.7820274501093113 0.008974817406313038 -0.31055684424356916 -0.012416177520803082 258 393 434
369 1.0116341798814779 0.5193568110615157 0.12953272204851984 0.1516290024095035 456 188 149
370 0.7645425364779374 0.38569475488424404 -0.00857250520569508 -0.2593977851961249 470 112 467
371 0.6694957126501415 0.44941585691999614 -0.3034391178720287 -0.408780073246951 268 315 342
372 0.8314863749234462 0.9538937729042304 -0.028495068370854026 -0.24978456343235922 422 167 481
373 0.5340983533628357 0.6322447425845945 0.02061459336566429 0.056729473896233173 415 556 127
374 0.8088849976145176 0.42598798698645335 0.31760697995208975 -0.021500255395490164 467 436 4
375 0.4803290858010512 0.9798178135254104 -0.07928208090035582 -0.05318236337426008 282 118 597
376 0.4181442305277465 0.03571437705626685 -0.1571176182213474 0.020501405434414366 237 282 590
377 0.7222994830303666 0.630650011309773 -0.40500372698448067 -0.050266096985796434 197 98 466
378 0.8675855145131255 0.5094698674105675 -0.04819991593352224 0.33132152715831253 346 385 319
379 0.8524080996103016 0.5163735989793299 0.13439670140669158 0.22726264307937338 191 534 385
380 0.8937457376183979 0.552729259245571 -0.05498046618673813 0.03801657183499785 254 346 582
381 0.8181148138509285 0.5037491586596664 0.29032139262086254 0.20008211545907706 195 4 534
382 0.6710370267560938 0.4450334952870862 -0.6307515382176706 0.052742161961612244 315 229 132
383 0.5933106812692113 0.5281648008017846 0.4262855910928606 0.10893090676439982 362 355 81
384 0.7165697744317518 0.3635160944501178 0.08826852200549684 0.08391483168057601 294 341 443
385 0.9660043961779701 0.922387385854841 -0.15234725431534432 -1.6117720413432177 226 307 150
386 0.08326999411894498 0.22173511146695654 0.08656340852453148 0.3685814367257456 36 312 571
387 0.5543874466396425 0.9972771479916968 0.5658098518114855 0.13854387186638428 597 560 337
388 0.9350621598088127 0.015042820520732414 0.08044733004752835 -0.1688392516074888 454 168 104
389 1.019410092702831 0.48541685588803385 0.1888734606214637 0.05114244236437138 366 154 188
390 0.030043173649728895 0.5343544375820981 -0.011067834496114592 0.05001669321769153 149 128 581
391 0.06001148663466442 0.2620547213319289 0.06746802075352498 -0.25963671143602873 399 549 186
392 0.5752490270188984 0.6620469308484194 0.019337807050101574 -0.0031059148308809625 336 127 50
393 0.6098808776097674 0.6463306224465537 -0.0023072571631033156 -0.03773685530727988 50 545 161
394 0.6419077736525772 0.06632361837488736 -0.01037157373873221 0.06268588981228618 8 280 489
395 0.5544758603830309 0.9972322381729258 0.20628635200579168 0.2496462928321488 560 420 500
396 0.6022844795516374 -0.0002826120519563123 -0.1798659769736144 -0.1430413204550618 513 347 280
397 0.5544892896036611 -0.002711661348790569 -0.4489431659597271 -0.048447673574748135 552 500 513
398 -0.0010314835727049747 0.6282480895112414 -0.07164872752171356 -0.2512190288287601 272 509 499
399 -0.0022862566430053464 0.6690474292915083 -0.10516195414478346 0.05400928870802346 130 272 24
