1055
0 0.027642243269782284 0.6312212747332236 -0.27282401789119337 0.021769212127376036 111 66 359
1 -0.001037631690873959 0.6284266204109072 -0.40828861484404666 -0.0406126297529234 499 526 111
2 0.7641687497121806 0.8288270001622122 -0.11087179577207174 0.1500740823279223 85 11 327
3 0.8777582039294226 0.8853048058586295 -0.1429661658589737 0.540594110405232 558 371 384
4 0.8934434289544213 0.9097454255933672 -0.11328909811669265 0.3440248444843211 468 384 182
5 0.9180679556558018 0.918188609374532 0.47595944406393575 -1.1500932908160995 386 182 307
6 0.9179719876662175 0.918390995048449 -0.7252525975934808 1.3901923677468253 34 386 95
7 0.03959405310990499 0.6867352244861571 -0.3134582491140514 -0.04780398819848042 517 359 452
8 0.025617121461788357 0.6922625971040519 -0.20553154022467934 -0.06903208976671849 522 24 517
9 0.04871155885956144 0.5958708911222328 -0.22619048925531793 -0.045635779877262195 66 462 309
10 0.3674288380760959 -0.04212039802247977 -0.5751523511733712 -0.2250906569170103 163 404 151
11 0.35433779718539915 0.9704113992749677 -0.02028560947692215 -0.10488192432600574 54 379 397
12 0.36748437754674723 0.9579033426627686 0.13408672295082416 0.07633687950930489 379 193 163
13 0.8732870994246715 0.21413547187779253 -0.06252806467044181 -0.03497663547680219 10 137 134
14 0.9866412319549719 0.20572973254502652 0.6066325415957086 -0.12754878403464787 591 35 78
15 0.9605335108083012 0.19348920704713096 0.48994685392100834 -0.17527295934072207 134 370 591
16 0.03534697885192076 0.07339266847338596 -0.16192279392313047 0.1590938922269025 133 482 599
17 0.13383355576568187 0.06733162846846354 0.024615933943983315 0.2581740918272679 400 45 394
18 0.5980691166402762 0.43841155130210846 0.14274437534766982 0.1544103650497064 338 447 433
19 0.6230756067851911 0.39090765352576773 0.12707189397942464 0.053402511232536476 447 25 202
20 0.7988459107949268 0.13284212410681814 -0.1684425210424223 -0.09967255389098373 243 269 137
21 0.5186054834339473 0.23590093722182676 0.1540150715295674 -0.360186544479113 181 6 260
22 0.603415609308221 0.3463350863859493 0.07326525636175418 -0.009868287437209133 486 103 25
23 0.5748583017004766 0.22577122966638985 -0.19994561492597818 -0.26208705969366086 260 318 26
24 0.5114587930366453 0.20426058277028952 0.22679307806749982 -0.01522791268082635 349 250 6
25 0.5466594772231067 0.11951861824224669 0.2171066014466927 0.22959949462497686 448 23 523
26 0.4676932350615756 0.1344284933455749 0.06391640619551886 0.2021029191223711 328 23 190
27 0.46257220090224155 0.17596144122042276 0.07574473895322065 -0.08131133891198239 162 190 349
28 0.9543711103346513 0.691324212755562 -0.05437144103004332 -0.18242204118806837 510 70 317
29 0.9158848473160388 0.6808723166373303 0.1743648253560437 0.10995870880492475 402 518 281
30 0.8930520671109083 0.6378266278205378 0.05303990649463408 -0.17693176299071744 201 77 518
31 0.9507485594188654 0.6829234601662705 0.10936037249387187 0.156933739094145 281 88 70
32 0.9645943272355043 0.6692550027080391 0.12144594219165583 0.1980154019920466 88 49 491
33 0.9635334473545122 0.6397472263916568 0.1721845117874654 0.12015992055525171 56 136 49
34 0.8750706802658016 0.8879244718225506 0.2857915496271013 0.1080680870745726 218 558 251
35 0.7965546287166277 0.8867312554435676 -0.45316192604255184 0.35778058367661814 483 458 218
36 0.8309098573786811 0.9491639615136728 0.007293730463348025 0.13658522420717523 459 284 167
37 0.02414027228109912 0.9841161072125693 -0.022524644649468684 -0.08330769026010376 104 299 227
38 0.11827172296610344 0.7402200199369092 0.11959506891756622 0.2964865268226258 452 410 479
39 0.17964800191844318 0.9314844944158035 0.004106893991551175 -0.1769432683706995 596 232 427
40 0.3649456899481167 0.9197142477719045 -0.16161648026813413 0.19915314328211586 193 80 13
41 0.3483890532895398 0.8084057607412227 -0.2459699645351865 -0.35519583316268033 184 240 79
42 0.39333139244604565 0.9218145292478762 -0.3816495088709848 0.21231631938678497 404 292 87
43 0.3769582893996384 0.9094907131492007 -0.23452694508652172 0.2872142496057606 13 79 292
44 0.5562984524160477 0.741198935026766 0.024630483763665723 0.3785213711915425 540 587 183
45 0.5350577435667414 0.8180728081025097 0.40464099015924404 -0.23657631409434998 304 72 67
46 0.4871957835136367 0.6570354226257785 0.034114337049695465 0.027757100784508992 255 415 567
47 0.9385230609330227 0.5488835153887104 0.02700904161781481 0.10768871783889411 301 335 550
48 0.9529913292554318 0.5527379273464568 -0.10842778320704384 -0.26289394263411503 267 153 408
49 0.9529987313406342 0.552461725389421 -0.12358816688139498 0.27600666286449643 550 456 153
50 0.6194995185958422 -0.05548275101805434 -0.06568773190315791 -0.5182694244251773 347 29 507
51 0.6263647014572058 0.9389962156240248 -0.4934869098430217 -0.1683917207062624 507 297 531
52 0.35028444449081625 0.255890498825981 0.26938226441175495 -0.3910808336893279 113 82 572
53 0.5265818692499525 0.8632638692975059 0.39904343232533 -0.028017964337490042 121 304 460
54 0.21244136621593346 0.5971576642576284 -0.2014699011787524 -0.1607609274867361 524 125 471
55 0.47024020222109114 0.3665789642694596 0.0005068077901793089 -0.17382954173306153 207 473 497
56 0.008601422161809164 0.7360008183813458 -0.6639514088887686 0.1452767115861595 122 388 522
57 0.8442792668579608 0.28922970791212055 -0.17453700134478778 0.25406553961354605 236 10 262
58 0.5061305302331558 0.3296042706493425 -0.02690511841096921 -0.06166901295179272 473 96 486
59 0.4881191185042458 0.275516404263179 -0.018339732510419537 -0.17316093073316274 173 181 96
60 0.9972970759875104 0.5808863853044285 0.10834812248783354 0.06458550569354848 265 408 219
61 0.023222377354962853 0.5696132935895718 -0.03065823671322132 0.13447204114114264 219 581 462
62 0.48140039181173155 0.4200205867307906 0.06562488746864048 0.2960073422486609 233 497 421
63 0.5431783880553618 0.4538399234072932 0.017211550240592288 0.24695103392757822 421 338 3
64 0.2723661693349693 0.779772548834591 -0.16399806139835715 0.4101745378244648 598 252 1
65 0.3527801199314932 0.6230590104262488 0.16084922976888905 -0.0764669834396603 117 308 476
66 0.2538655335489017 0.6432490091546539 -0.08544462637427586 -0.025837840894604724 159 471 117
67 0.39026931029910894 0.6550097646215496 0.1839905970635325 -0.0945714645483875 476 332 311
68 0.3939099238799333 0.7285810884072492 0.26105206850368656 0.22955800836610418 108 311 63
69 0.26171926801817447 0.041030095334139094 0.27202896046851777 0.25576356310619275 124 403 334
70 0.6745332725154058 0.3584349138268565 -0.02834496179437984 0.03450096111579093 90 120 294
71 0.6705636896869205 0.4453522373690303 0.2556317107510952 0.18537018038719716 42 343 229
72 0.6494652790577684 0.39311939844868365 -0.03657255887024036 0.03332620672480413 202 90 343
73 0.5726996805309458 0.1772352955355615 -0.15244932061522776 -0.19151799833527772 318 503 146
74 0.565915797907962 0.17367169755606107 0.13019527097049566 -0.038415877250119745 250 14 503
75 0.5683973731644272 0.15109334482112957 -1.6681363283060235 0.3671248694621604 14 448 290
76 0.5548220197588846 -0.0027420929214459844 0.3905059681855497 0.024275358252148684 337 552 192
77 0.5610647990224402 0.10172432939124622 0.1307179930271074 0.351690059713361 523 192 116
78 0.5687133544994297 0.15103037288034854 1.7238288738726653 -0.30885812313662 290 329 230
79 0.5775582945896766 0.11324567616613859 -0.06797232290911559 0.22098252637492433 329 116 203
80 0.6452469758222963 0.1713110143470901 0.11939451641706979 0.05227402840695923 83 392 506
81 0.5797043607967749 0.16985558767317738 -0.19966561494444424 -0.11210811029505052 146 230 83
82 0.6911446815584207 0.19648923980637606 -0.31117196180874274 0.26266099711902413 222 204 574
83 0.6452869174977115 0.17125973772876765 -0.10505677150429975 0.3406577979338937 392 484 204
84 0.7456222923072086 0.18754313171513795 -0.24949054211464983 0.2612485644482021 200 574 407
85 0.7744402054939418 0.13660263882497106 -0.04909674125586072 -0.12035046743907873 407 123 243
86 0.6194113234186147 0.10562759647961462 -0.11913516353989628 0.24216050276137935 203 8 484
87 0.8101014903175768 0.056303488461014566 -0.401410961634323 -0.17880707800900855 106 61 165
88 0.8100145395952215 0.056392818140438436 -0.12928132211954216 -0.45813365662152483 269 12 106
89 0.7938877434967055 0.03902943447029837 1.1040904443166495 -0.8518699511074447 239 434 61
90 0.7937276215835245 0.03916519922106238 -0.9653901396713439 0.8965682111522966 344 239 12
91 0.6423777707540681 0.2713682431950319 0.18678612823119778 0.015608317069371047 26 101 364
92 0.6454045283269281 0.29811113149242924 -0.14021405786380972 -0.15034270309265996 562 380 120
93 0.6452730724818032 0.2980924247891179 0.22720826400597205 -0.09783661184263777 103 364 562
94 0.4208242388789729 0.09883262186203075 -0.17707166150016107 -0.012220680023489194 126 590 328
95 0.36207342627018124 0.12310595475518013 0.025593499541898268 -0.04605451367489799 478 383 126
96 1.0001284835102213 0.13455504914664662 0.28514801435320336 0.1582738015681092 370 295 504
97 0.9953491782154651 0.08870096923331185 0.2577438915074559 0.011220298995473499 561 133 295
98 0.9064465906281833 0.7057051408463266 0.2591594109452311 -0.1128827697982615 455 402 375
99 0.8804587668023962 0.8039816388085557 -0.12899186857540101 -0.2190141595859174 19 568 371
100 0.9295939908589658 0.7196701040854656 0.025790226898525503 -0.2950058534262334 176 375 510
101 0.9371659477969956 0.7526216142204651 0.02959905376354044 -0.40629926575941333 568 176 576
102 0.9149177405171586 0.6055951633697466 0.36680651341185094 2.6033111391937163 77 505 350
103 0.9149596766580345 0.6053340672919895 0.10663522564415516 -1.2761444868555645 350 430 56
104 0.890483247192684 0.9101555930947037 0.27508614131773196 0.10379399980285901 251 221 511
105 0.8904716607734059 0.9101881184450333 0.23159074509325603 -0.03814922647937422 284 511 438
106 0.8944198017013371 0.9118946897612878 0.22635015337751918 -0.33614353920523915 438 588 89
107 0.8933067991910211 0.909971132712033 0.06696249504867767 0.04368324905902783 235 221 468
108 0.8944788252586676 0.9118202769504395 -0.20164719167982575 0.2133003612820629 588 235 34
109 0.05326154598365583 0.9499666629249577 -0.19988667353254552 0.19613654728134478 469 261 439
110 0.07322695999965659 0.47913218902362287 -0.1535095037685178 -0.44413371715155275 57 53 340
111 0.06345845188363765 0.5239479250933183 -0.07110359176443204 0.0665981082781375 128 340 68
112 0.03266207232897211 0.3612008970673744 -0.11803852279293481 0.3059618082328075 194 480 196
113 0.12611098723544084 0.3515437644614065 0.03381632369958698 -0.14989108912399907 97 275 286
114 0.3728923437939986 0.5740558406135742 0.21678280559545016 -0.07066411830680686 308 179 527
115 0.386980076872772 0.2402198297309746 0.07689365637275625 -0.27644136146864895 572 444 173
116 0.25490913947968985 0.45152325536719684 -0.3041209541143619 0.3203954650199403 205 405 475
117 0.22121761560167788 0.5283827789119063 -0.4563032985687658 -0.19426471834505507 585 75 164
118 0.12218444841957937 0.3357685260965686 0.07114644116901214 0.039062100082309925 535 485 275
119 0.9775251329945391 0.4261901595335534 0.10183268464580841 -0.10526965202317662 211 390 366
120 0.3886022161615394 0.20923543014113521 0.04967406520839379 0.0020587198612531665 444 220 162
121 0.1655859899053408 0.8876145235180061 -0.06128288501661139 -0.4113879327471981 395 449 232
122 0.6195215979982275 0.46419128440575247 -0.04872081973972264 -0.13790808425784284 515 433 367
123 0.4419518371532134 0.506102907577965 -0.11731592919339562 0.15038166649439244 382 592 238
124 0.3204362151141057 0.9556487956287683 0.22590288285828652 0.1549487298885266 242 528 54
125 0.4614051959460105 0.9218770295620291 0.05159194876869222 0.28187982087368724 87 121 118
126 0.36771323128658856 0.7639227260826975 -0.2086795155228113 -0.288130958491211 240 92 333
127 0.4147508582804819 0.7384179805370682 0.14329795743967455 1.4662642717759469 333 256 520
128 0.36774172157361207 0.7639527718534243 0.36333799986022025 0.3153046191835555 73 108 92
129 0.414745272172406 0.7381940488523894 0.07336644781958225 -1.4423299176991076 63 170 256
130 0.6173919672696077 0.9412127816462084 0.32112442470769165 0.09439515584117042 577 279 29
131 0.5574015137226451 0.8724651149358666 0.020461556060613617 -0.16899272398118725 460 285 217
132 0.584520457739422 0.9372900739332795 0.1629076394615847 0.09195048542021134 420 217 577
133 0.5699080569564643 0.7291570387051748 0.018180446037519005 0.3925838550078442 587 336 107
134 0.6572979789558517 0.7640185700817665 0.026750823084453756 0.09381143153963656 320 559 247
135 0.6000336975302809 0.7610321376530381 -0.37192560801979635 0.05521499368832394 215 107 320
136 0.3112170455564803 0.7921693625828238 -0.04814809393197117 -0.29673087207846005 381 5 184
137 0.31892394424026943 0.9128343698123027 0.4424799895030255 1.5438239312886561 391 354 80
138 0.5195233926135857 0.7788603573616776 0.33354625381121217 -0.13792730638173545 401 166 72
139 0.44958859777965815 0.7377707711667079 -0.1605495104225964 -0.48023406692406867 520 411 401
140 0.5299755114658309 0.7717732390374679 0.0928003575026426 0.022077675451703804 166 537 248
141 0.5309178148734549 0.7432098516324309 0.14594286820712732 0.3454216780662822 322 540 537
142 0.7034114415974485 0.8470273398882191 -0.043195785576904955 -0.3233581267331198 426 180 141
143 0.6807868889382914 0.841464238703139 0.38700768336535907 -0.23882521967000248 300 358 426
144 0.7061212589522906 0.8405026914142076 -0.27445047441274073 0.235643687895859 180 554 85
145 0.684783933969114 0.828487175104311 0.18492937285674582 0.52666523000372 358 247 554
146 0.6285592503438858 0.8699020865906799 -0.017723894574217525 -0.052605576145170474 110 419 300
147 0.7965916208911986 0.8866734612314443 0.07599731983992794 -0.44742659953677383 293 483 316
148 0.8160350891335943 0.9443429474081848 0.0433851125164475 0.16981742539945444 245 316 459
149 0.7944685942699653 0.9740580306825729 0.34585712363728127 0.2471622614016886 445 245 257
150 0.778207173316644 0.979922543303698 0.32002739867864616 0.007424907563780003 412 445 174
151 0.7190857418644082 0.9305233381526496 0.12165381410578213 -0.20453858468050257 531 330 412
152 0.7960765489627722 0.8862602981346186 1.3101797965024198 -0.8034477061156825 580 327 458
153 0.7958993112207698 0.886421230556285 -1.0915336924632086 1.0843363424176133 140 580 293
154 0.7331600677868971 0.8928796824550753 0.10013870080372023 -0.006053681167461633 330 141 140
155 0.311169763964842 0.7881392535946405 -0.04650847528278601 0.39582022728912314 5 1 73
156 0.28090614265142744 0.8018060355257517 -0.16185184997796753 -0.26168346344002114 594 142 381
157 0.554274864190472 0.7843779991871893 -0.1301035040118803 -0.05399777326664523 93 248 429
158 0.21250373782584442 0.485685007370558 0.014256983787985789 0.08945904433899088 231 205 498
159 0.16743738949366369 0.473417633696821 -0.2730135152835805 0.16294671090948468 47 259 231
160 0.2981277133850363 0.5096232289935617 0.19394529593430576 -0.2757496328498199 164 363 289
161 0.3028891685506007 0.49277763227667815 -0.043192132162528374 0.4701118674899085 363 475 331
162 0.3697091815234395 0.5035973369296871 0.2242314601358375 0.48422667923986307 331 369 249
163 0.8299782931036662 0.29342580907034627 -0.04969470720345148 0.21765101110293728 490 406 236
164 0.7402421973549664 0.27274552485650055 0.008708613344343696 -0.00010247462600698753 512 58 418
165 0.7628090611520368 0.25554457922085927 -0.1691653178648167 0.12784232145124363 58 200 406
166 0.9220098070070609 0.349760031852519 0.20660756230861388 0.18928805259332826 409 51 172
167 0.8626741458582794 0.32844787946361564 -0.310323636579235 -0.004803524591978636 464 262 409
168 0.9411584821731112 0.4238595022207428 0.14386896465823362 -0.10719644685797114 345 172 211
169 0.35336638263550857 0.18373118020265136 0.06635115512576562 0.06042334341205269 270 478 220
170 0.8268454799671062 0.7312242669101398 -0.000340289602052124 0.05525238253034637 91 74 455
171 0.8474519663760911 0.6270397758754565 0.0857842505364026 -0.18105072094320995 31 302 201
172 0.9989781704307727 0.6284564385468756 0.026318186728378636 0.5961100708734015 241 265 526
173 0.9989616377740883 0.6284197670555677 0.5769974265099862 -0.8007236754622667 136 241 509
174 0.4375202709029025 0.5763392675057735 0.8728286739662127 -0.5090185822349174 298 376 398
175 0.4409901784755009 0.6298207311426492 -0.10066548566944888 -0.04560713057211174 332 398 255
176 0.22203150359305815 0.9336421175993288 0.06342497985145634 -0.1927336540363811 427 15 525
177 0.20026198809819729 0.7133807700608419 0.15119708610122906 0.22182093280254112 99 129 41
178 0.22832364635369534 0.7023391932021412 -0.2599324640945033 0.41010326939927566 129 159 325
179 0.2418890606350421 0.7493581626346145 1.149651893034466 -0.9601946920957692 40 325 252
180 0.045803099826357066 0.0868262470229872 -0.305427211647058 -0.03183769636816436 209 599 425
181 0.11589384878469229 0.08921765540159242 0.249411532399213 -0.018892433104045203 425 400 171
182 0.6772406490233606 0.22602738364160868 0.09868500008597576 0.04529969026842787 16 506 584
183 0.6614733029976285 0.26257631335326614 0.21103882764321025 0.19219762732562445 101 16 465
184 0.6774003671852727 0.22602605813250498 -0.25937350953001215 0.050558096552073654 584 222 352
185 0.6854396402361767 0.24991780269798253 -0.27777037718557107 -0.09212084844945068 313 352 512
186 0.6615589828021627 0.26265843859813653 -0.2555144139565306 -0.2526233316014603 380 465 313
187 0.3000409713745289 0.1105826391812904 -0.09642584161695389 0.0018770398430012492 223 62 477
188 0.3364176816401563 0.1009263363130014 -0.08715408186810158 -0.08193738257333827 477 564 383
189 0.9292838484382238 0.03566810351624668 0.0679735066844156 -0.16522794070439328 165 454 561
190 0.7428043702222645 0.7209708946453717 -0.06591852566182818 -0.27387993917042663 492 417 365
191 0.7867445172950714 0.7748802299390523 -0.05679079567721956 -0.12836064711141404 11 365 348
192 0.8209455791641805 0.7650687170721051 0.04753558935366442 -0.16219802376205017 348 91 19
193 0.48776326131094183 0.7128732199119995 -0.030097531411588108 0.12069827359795227 541 567 322
194 0.44958831922328735 0.7377596934499903 -0.13908098487317885 0.4720075915054999 411 170 541
195 0.04697381781711371 0.0006240592159387978 -0.14013349265706854 -0.15899397250163094 482 227 65
196 0.0710052434192385 0.9843527610339172 -0.322778446332217 -0.06164168828148853 65 439 228
197 0.11720332198059769 0.9971198831762926 -0.04403832645771821 -0.01779861397155358 228 596 45
198 0.02722943823881789 0.9569862977605179 0.06911732049869578 -0.5124947436780303 360 303 299
199 1.0271699138118056 0.956905219341272 0.673920101250695 0.4713064684293451 213 553 360
200 0.027303782997774667 0.9569223434686156 -0.7641604509676112 0.2896778542569884 303 553 469
201 0.2641192000296595 0.9837924766080721 0.30366864856024023 0.08095961401277663 403 525 27
202 0.22122559612081813 0.5284232613423047 -0.060816079668573164 0.5018980312504104 157 498 75
203 0.08245007431663609 0.4705294871371593 -0.4676254028505812 -0.41983914584757315 53 102 396
204 0.22122116656347637 0.5283978926419641 0.15189503846404465 -0.6391683949156385 125 2 585
205 0.2211921411558606 0.5284295938468161 0.014101855941924413 0.012522046381979691 575 157 2
206 0.18547404860036942 0.5250558513240932 0.10995652305334502 -0.014513650697933755 214 100 575
207 0.1319043147837929 0.7382872953129738 -0.016513383369054502 0.32143094141207085 410 414 339
208 0.14584787479881645 0.7784473156341827 -0.09231764979203416 0.07007474956202686 0 339 296
209 0.08784470744914016 0.3887442349240614 0.037511104639120774 -0.12393519543962839 461 97 547
210 0.0335165534211572 0.36515615450080746 -0.24091457943159478 -0.25798514340438783 131 194 461
211 0.08249558306603527 0.47058139266496535 0.36361194102863503 0.5169842451928548 17 361 102
212 0.07318918348783071 0.4790907305355003 0.4165965639677579 0.18457024953267687 154 17 57
213 0.1691011406787443 0.31422019895778597 -0.29825273188677226 0.05098328963865084 28 543 288
214 0.2354390739637628 0.3856939728583118 -0.4287772643885024 0.06905455096628543 521 206 405
215 0.17342418591724318 0.3899510110198283 0.08699717127247375 0.004448850315919017 152 487 521
216 0.15160503950110407 0.3547135357345793 -0.06908528922544566 -0.19112330260084853 286 28 487
217 0.07048615306449345 0.3190812661734343 0.10795775939875796 0.06676924568793652 196 186 535
218 0.15797726754840513 0.30717435594673637 -0.11934142164077288 0.17614305066609992 485 253 543
219 0.2258698002599531 0.08379023021733802 0.11377219444330677 0.3499117544325525 529 124 60
220 0.427644865667339 0.5698355335640871 -0.7296042371577851 1.4678209441989505 527 291 160
221 0.43752578627114436 0.5761748906921839 -1.0862294944861006 1.208677614535059 7 542 119
222 0.42781595400091577 0.5695832103480539 1.11005302427408 -1.2455246086747986 291 138 542
223 0.3578772252755805 0.5396861617973994 0.18308514114495633 -0.2700932564408953 289 263 179
224 0.2504764403101886 0.8451397047982837 -0.16010524666839385 0.2174611912796661 71 22 579
225 0.2504282369902203 0.8451907921841845 0.17832758906154675 -0.5892515291813305 453 71 144
226 0.7741768287789565 0.346909934884627 -0.17321155169891522 0.09605765800835275 112 431 145
227 0.7483406429197845 0.33153851880681245 0.023382460898058177 0.2353527362580765 341 418 431
228 0.14972324551325952 0.44688556858475803 -0.022735766047610184 0.1783706800317919 115 152 259
229 0.8252873564428357 0.3270657620372053 0.019232553744030767 -0.04669658895672946 145 490 306
230 1.0096230515643927 0.37325903783130854 0.29824848372245194 -0.45765209746861935 390 423 131
231 0.9342377228538908 0.554707150841114 0.13178937316449257 -0.008462462414843275 582 301 321
232 0.9353046140584709 0.5563798809858589 0.056571281860373634 -0.12094537749779422 178 321 267
233 0.106613291561953 0.5848362978186543 0.12111449412821607 -0.15000104994916663 309 94 450
234 0.15361764522269372 0.6212513498235344 0.00678012992971766 -0.39236919234519885 450 314 224
235 0.9656636409824414 0.9226608969642925 -0.13379719212983435 -0.38907683979467167 18 226 213
236 0.24156367254954764 0.11519516201949509 0.4175174772835235 0.5407504997029028 198 60 378
237 0.35590438654620526 0.9793232639936228 -0.009353180209503709 -0.20308004982511063 158 397 148
238 0.3619772752061563 -0.01941584544566551 -0.32199624780751557 -0.26914985153808635 148 151 474
239 0.0001977054380102861 0.13457866247530298 -0.31999394031073397 -0.048144371985175266 504 209 310
240 -0.004052032277629798 0.20067553834554744 -0.3359825008486528 0.3570656397292038 35 310 502
241 0.14129428212481143 0.12179122002383708 0.15423902155475844 -0.16447436884670097 472 171 287
242 0.13150973501495472 0.18106428547200606 0.031027035801711733 0.45077841459573165 312 472 185
243 0.8828492232142895 0.4682420549029209 -0.01881279680648884 0.17610408964419122 319 368 33
244 0.9080207234823395 0.4675986118560429 -0.04453612964527842 0.16473425644425443 33 345 335
245 0.43423878127722476 0.48176279495540514 -0.038244138758636304 0.4790354505429528 369 233 592
246 0.24168982659899846 0.749554391772076 -1.1570515345663035 1.311621514046515 189 40 208
247 0.1859938618886226 0.8523516681344674 -0.1470142327320012 -0.015116202040088567 372 532 449
248 0.25027121729333485 0.8450948760293138 0.4845449953002224 0.0745917463267163 532 565 453
249 0.25340382998077743 0.3253418471935168 -0.3405099244235821 -0.28227494820731724 206 424 273
250 0.4158149764559486 0.53092922607257 0.043649101694187564 0.04379770851548059 138 199 382
251 0.3187961753562634 0.912774501244529 -1.2666374355217767 -0.23017404140448713 528 413 391
252 0.318860636324194 0.9126635677885202 1.0916566779717047 -0.8186864349911827 147 354 413
253 0.25376038515544524 0.8456269281968283 -0.25056456800891247 -0.026057010845889628 546 579 594
254 0.25661665686839896 0.8589420940750735 -0.4292242332366121 -0.09679911236177945 187 546 147
255 0.6235539761437516 0.9362099663405777 0.009040304008861577 0.3371655540700125 279 110 297
256 0.5826580327348936 0.8381253519670314 -0.25003437193686207 -0.035546945069539135 285 52 76
257 0.5828257967465523 0.8380974879799636 -0.7994977342299204 -0.1260719366332234 76 555 419
258 0.5660703191651402 0.7757039762197714 -0.13603257357358567 -0.03440426051687373 429 183 435
259 0.5812387947642057 0.7811014803427367 -0.23249549334358743 -0.06542020224153955 441 435 215
260 0.5827013526996524 0.8378773246424055 -0.40114843530281163 -0.2684538510217514 324 441 555
261 0.5529151710378652 0.8126700133381786 -0.14852723322078543 -0.060082920236292914 67 93 569
262 0.5825665348008776 0.8379066247065741 0.8917646074000067 0.1580623588341278 52 569 324
263 0.2565292582802189 0.8589622556078681 0.14875041344346046 -0.23195862717845672 15 144 187
264 0.13489340215961534 0.869995465300454 0.25799894928790756 -0.15879868808799102 212 457 395
265 0.15526057181488023 0.8156659969042189 0.3266661894164944 -0.18331921796538309 457 274 589
266 0.07330457935879457 0.8879398188473142 -0.12060619933307315 0.03790106249679237 261 578 212
267 0.32958318999754443 0.19618539433368232 0.3944019305590629 -0.0926354968427967 244 270 82
268 0.48498149442286215 0.5573968412824019 -0.06513747111136503 -0.04913190479460816 105 156 323
269 0.48654209911374846 0.5264401574918369 -0.0786037956945762 0.11158449823855943 238 326 156
270 0.3009097633115913 0.978126854399836 0.4288886697179084 0.04588342726596917 27 242 533
271 0.9148037442711411 0.6050735296650989 -0.8299953035990142 -2.7250460696856558 516 277 505
272 0.8876637518993322 0.5622008271354518 0.0835598061230125 -0.17145317960515216 225 254 516
273 0.9149467205878925 0.6053656773313856 0.4665091413484038 1.0360315263961803 277 178 430
274 0.7794488444532326 0.031310834893911614 0.25520773862253154 0.13331048105691412 44 373 344
275 0.7322000528440278 0.0715944500519214 0.3076141959212908 0.13336851553691353 489 44 123
276 0.10974533780441015 0.5753304552789553 0.01503121169199595 0.13419740284292825 94 68 353
277 0.052501513467712126 0.8708818408149299 0.018336581211753078 0.15006855515198314 150 374 578
278 0.059796687140195814 0.8017845983005014 0.09444150461668244 -0.23128087084378635 563 175 374
279 0.26479382941502916 0.7865281889242535 0.2274964293336179 0.004403207659597896 32 208 544
280 0.2694012236314063 0.7859885859047219 0.0254950780972929 0.022394068543984957 544 598 142
281 0.6961201166812103 0.7165619760552452 0.20651679567829095 -0.11947636491260738 559 463 492
282 0.008010612082028024 0.7452763161899754 -0.01848960330002626 -0.5322006109572363 576 495 234
283 0.008370874313711339 0.7454160034335175 -0.22859186469170906 -0.6247247360321052 234 122 563
284 0.241510562572921 0.11522042685691918 -0.059794978517213604 -0.7091963780857724 389 198 59
285 0.18336968516758653 0.10547357501572431 0.6950927078412877 -1.4244489068886363 216 169 389
286 0.3745965645897122 0.5214678318183941 0.03465726559903626 -0.0039184495925770335 263 249 199
287 0.2712721785520159 0.30984529542846734 -0.2699692167734691 -0.3436020128144701 273 356 84
288 0.334860898561496 0.3011323076925564 0.23227885587173702 -0.37564922977795234 84 113 207
289 0.28163101191936485 0.16261076274866545 0.16479045489292687 -0.21598816797585574 442 223 244
290 0.2618128669490184 0.1656830663938452 0.17741467774057273 -0.18434554126256497 451 428 442
291 0.2276334192085006 0.23532616560345734 0.016200325282655914 0.3335969635948066 566 451 356
292 0.5401742582289876 0.49771251086140744 0.05571796149461683 -0.030616500307223404 326 3 355
293 0.7919800083730641 0.7033324541444029 -0.1270719911239393 -0.04061755723427929 501 139 74
294 0.7932665141582892 0.6662059154324469 -0.11584491282912168 -0.03905258685876767 466 31 139
295 0.7428753380124861 0.7207433981404874 -0.15937454699607548 0.026118851206196128 417 351 501
296 0.7071185153112471 0.6942922953487645 0.12713381632167842 0.0452972897038717 377 64 351
297 0.8430524698482176 0.5700312075016258 0.06684194690798062 -0.22476096712964466 302 37 570
298 0.17068248807124853 0.6008225695359624 -0.13834716462712837 -0.18973186771686912 314 20 524
299 0.15437772772454242 0.5720822025408899 0.04770371528350914 0.10817922738159957 353 214 20
300 0.6501780231020464 0.5808468912065343 -0.0322785808498649 -0.05970254256248975 416 519 283
301 0.6693520509048707 0.44849029787037836 0.050363715856181074 0.12607715069970665 367 42 268
302 0.648772198175971 0.5577517275307968 -0.026864479391042195 0.0051532483141825125 519 538 488
303 0.43733265518818326 0.5764007622004537 -0.9307399224923151 1.42557935321519 160 595 298
304 0.6130078185157738 0.6020775694462865 0.0003786672364558541 -0.10222602694898164 155 416 545
305 0.43776060781684867 0.5761370829652319 0.8324480544623825 -0.33864121939155806 46 119 105
306 0.43749186874151014 0.5762309496580462 -2.0216195290622743 -0.051449422275155234 376 55 46
307 0.4375747035070803 0.5761434111800433 1.6582449485853172 -2.205196155376037 595 7 55
308 0.5816860618373701 0.5783563106292685 0.17297761487067298 0.008561647224514246 177 305 155
309 0.5377587436958322 0.5950599467371739 0.02462802878300252 0.05910203854098128 556 323 177
310 0.2039174492794395 0.7400340983187587 0.06543816113979695 -0.11153672915820145 493 41 189
311 0.9758683776651612 0.6909587948749991 -0.1781009848281223 -0.14408680047706124 317 496 548
312 0.008466770221650646 0.7360159273426651 0.3664711899854832 0.11053543048315101 495 548 388
313 0.9791320553584496 0.6775345739073844 -0.19527362019045036 0.062031381073412994 496 491 130
314 0.24180359706037186 0.1154344101290815 0.43798051934621374 0.19071629667774362 59 271 428
315 0.183264405616259 0.10561137224001341 0.7939366514344909 1.044581653103895 287 432 216
316 0.18321640283165247 0.10549680299764629 -1.368834699126513 -0.09160491307831034 432 437 169
317 0.1841649622810998 0.09325938614037488 0.02033157722042267 0.31843764500272265 437 394 529
318 0.21795495418539942 0.23915987725364354 -0.07825756431767417 0.36928226795907015 86 566 593
319 0.11697620400222196 0.7699082420533996 0.10113489733176717 -0.14714049700881304 175 479 266
320 0.1438236427906212 0.78043366985541 0.09074556175936443 -0.11401739535149558 266 0 274
321 0.16725565732990308 0.47361348381816254 0.13880856614958623 -0.26882483076065034 9 47 100
322 0.1290593764002083 0.45272786237163315 0.03711506541963531 -0.1579448712647042 396 586 9
323 0.12906277628895657 0.45269115201228577 -8.338355234147748e-05 0.23047620005794534 586 508 115
324 0.1657853279835505 0.6982120076689602 0.1135968298593415 0.17858901371625713 414 224 99
325 0.09929288709848612 0.4355697301218399 0.396226410226885 -1.2333590533857712 109 357 508
326 0.09915860526600721 0.43557392830914615 -1.283972012934044 0.530417038183172 278 547 357
327 0.09927449840382911 0.43570763659832545 1.087444277081905 1.128518072911265 361 278 109
328 0.16674047045808635 0.2252766926724546 -0.30744129811410836 0.2401618601904909 30 185 86
329 0.14704130132191603 0.24834861956006848 -0.14438159591512179 0.006741477515115335 530 30 253
330 0.24187178556044892 0.11530662781523127 -0.9153704095356047 -0.48404229142126437 271 378 210
331 0.1553958965713266 0.8156428986552684 -0.3782096590499839 -0.062802917220558 589 387 372
332 0.25037626874231517 0.8450040100415729 0.13713565365745806 0.505973244942573 565 32 22
333 0.8445013152724749 0.34081133753950094 -0.10579402909272062 -0.15153926342936774 306 464 536
334 0.9675200928450584 0.3274045928946586 0.23072942098578686 0.1714755955284364 51 514 539
335 1.0082704890969425 0.3629744120737445 0.37424083033921196 0.2612980451802138 423 539 480
336 0.15429940237507112 0.781244756242075 -0.14755259184623393 0.04624144296638821 296 493 387
337 1.0279835711216525 0.24000813010798175 0.07883900112609643 -0.2215885997261524 573 264 399
338 0.03098531294652239 0.22700246090113935 -0.09506205145975999 0.3944306112627083 264 494 36
339 0.28789940268901204 0.09918863257677771 -0.09816857361732989 0.02307786357846897 210 43 62
340 0.9046116310854246 -0.0270242359875325 -0.12424127837640242 -0.4243630793987485 481 551 168
341 0.9126441404713171 -0.058402702303318246 -0.07186442066431376 -0.5981778690433703 551 89 557
342 0.9263242452272493 0.9276292260544705 -0.3700848110604893 -0.15873348920003583 557 95 18
343 0.29266764426659747 0.05835580939992968 -0.10429307764625584 0.03776231272123454 43 334 21
344 0.3266588060450102 6.856472444592351e-05 0.028238184707207736 -0.22738218738438398 533 158 276
345 0.3255853126457844 0.04097249608134482 -0.007026820791899979 -0.007632703497018056 21 276 246
346 0.34254624212502743 0.051435730361222336 -0.1487547914708065 -0.09727207997412002 564 246 446
347 0.3823200241266329 0.02422202076474979 -0.2973030238662133 -0.03154819530615249 446 474 237
348 0.21543619380729023 0.2979206064857254 -0.08994213568369602 -0.08182951122259752 288 593 424
349 1.0006037472967 0.2456062221170438 0.39502893109388815 -0.2509017670709879 514 135 573
350 0.9939733749114709 0.21469425212145557 0.3825145060074031 -0.38830698639163996 78 143 135
351 0.0008412187760416662 0.20965028087774865 -0.41797047125452513 0.21297191753200106 143 502 494
352 0.8354143066750441 0.4164276992574228 -0.14344897492080122 0.09149971683108937 436 536 368
353 0.5945087832662391 0.5284401363938361 -0.24407310570957566 0.34491403269197757 81 515 440
354 0.08780870767847991 0.2352483367974135 -0.07570212096075224 -0.04247165449194901 549 571 530
355 0.5963531138384438 0.5334244914969168 0.21536298407113136 -0.37197634659234663 305 362 114
356 0.7146839932746644 0.6126625882715779 0.41808038364025013 0.08040308987854573 283 69 38
357 0.6936054975710435 0.7006280574951427 0.22280141620534266 0.01848546073157653 463 161 377
358 0.8593338501031201 0.5572523273651337 0.037588838291968685 -0.1975397515702193 570 191 225
359 0.7146824309405794 0.6126632604925633 -0.23132994417734498 0.3598103108157485 98 69 39
360 0.7327444261710273 0.5542455700482798 -0.1851703262945037 0.17554273729070147 39 583 48
361 0.7987056504632917 0.5363919816911483 0.3637997347816224 0.019113315791186025 48 195 37
362 0.7261675984701994 0.38644069773006823 -0.06831177429278412 -0.23478606038518368 132 443 470
363 0.7944251102066466 0.9740137779479346 -0.1526359663502416 -0.26060317146045836 393 257 422
364 0.7220165110779169 0.6301411013513135 -1.5316145806740542 0.47678481307562487 64 38 197
365 0.7823689068574738 0.008964502008488565 -1.2834675725467422 0.01443116917876049 373 174 258
366 0.596298821858414 0.533448498997362 -0.3451225151106063 -0.12424145091578558 114 440 538
367 0.6904820693587084 0.5286105570489749 -0.21839325556327616 0.1239880600967247 488 342 583
368 0.7825778499553054 0.008961911137214517 1.67838408236771 -0.02276182587817319 258 393 434
369 1.0119792193091324 0.5197555127923823 0.125793839581001 0.14338255548140832 456 188 149
370 0.7645147583941458 0.38499284918734583 -0.011862888449343245 -0.2604474920453459 470 112 467
371 0.6695475720079402 0.44864902573021426 -0.09744726261269772 -0.7472786111694524 268 315 342
372 0.8314097314905177 0.9532299609192322 -0.028003612449756243 -0.24187069456657606 422 167 481
373 0.5341557802444885 0.632393966682534 0.021862762294988514 0.053942925820615883 415 556 127
374 0.8097357208662226 0.42592546388860847 0.31277816413266546 -0.024634197459683094 467 436 4
375 0.48011649792458205 0.9796731138732889 -0.07824482173290903 -0.05393893595662114 282 118 597
376 0.4177189883295561 0.03576922571160663 -0.1578333887197747 0.020127062516639427 237 282 590
377 0.7222896128577951 0.6300141455914787 1.4066055013255856 -0.8890898408878736 197 98 466
378 0.8674607009689033 0.5103542987068922 -0.044432475060363075 0.3241595776526385 346 385 319
379 0.8527729645535254 0.5169838897946448 0.13575479733407558 0.22490686431286822 191 534 385
380 0.8935908573719054 0.5528337095018103 -0.05953849410017531 0.03927980683771093 254 346 582
381 0.8188954239782996 0.5042947344207626 0.2880158646301201 0.20385493640362462 195 4 534
382 0.6705540732229284 0.44535227910733066 -0.5964094413620598 0.04933450341770753 315 229 132
383 0.5942792764922632 0.5285214142196416 0.46377435481922447 0.09092768161133268 362 355 81
384 0.7168085016927325 0.3637446584521483 0.08859509029179868 0.08527439067373965 294 341 443
385 0.9656604685437921 0.9224531863732593 -0.12087638523580399 0.40348102448104634 226 307 150
386 0.08350027057251025 0.22273366848854023 0.08410999431662791 0.37098736877655414 36 312 571
387 0.5548127033610896 0.9972306007402109 0.5441826428935665 0.04227388276334897 597 560 337
388 0.9352776683236312 0.014588721616836497 0.07922354543221655 -0.16757281638690724 454 168 104
389 1.0199153998153032 0.4855380943835268 0.1856316926562851 0.039973035992346695 366 154 188
390 0.030013958524791585 0.5344875471136895 -0.0105535444966387 0.048668485908009984 149 128 581
391 0.06019520077342726 0.26135986953888063 0.06855896406143813 -0.2552541962519417 399 549 186
392 0.5752995031643146 0.6620379261825176 0.018099308857211227 -0.0035455097191494644 336 127 50
393 0.6098775395256527 0.6462298917734455 -0.0002611036387101251 -0.03693126568449223 50 545 161
394 0.64187764070859 0.06649586190654715 -0.011893144108432452 0.06480823169785488 8 280 489
395 0.5548202288147938 0.9972397578908239 0.2153225001003524 0.36184174268525693 560 420 500
396 0.6017996148074495 -0.00066109403250433 -0.17931597387499387 -0.13771077680968524 513 347 280
397 0.5547710374673472 -0.0028064232949877622 -0.6207254712733642 -0.5107329244759458 552 500 513
398 -0.0010943779599488454 0.6285571393221994 -0.22496889399723569 0.6440756789081162 272 509 499
399 -0.0025613094979767157 0.669186706966145 -0.09983868662355455 0.04932028084547735 130 272 24
