1093
0 0.026601675789059386 0.6313204598091745 -0.2750992714878331 0.0338361803853271 111 66 359
1 -0.0009562621995295564 0.6288486857851984 -0.4774512481176777 -1.1266494269072729 499 526 111
2 0.7637620308944586 0.8293896573417409 -0.10429611757567514 0.14665840417094067 85 11 327
3 0.8772554676862534 0.88730592236192 -0.12001260000973207 0.5113628235480296 558 371 384
4 0.8933962561662455 0.9103369272402837 0.8539661812081598 0.3819901826980238 468 384 182
5 0.9175575274684661 0.9187179304316375 -0.3871101970416178 0.6554925006892242 386 182 307
6 0.9175554097952873 0.9187219057506252 0.14640150332540044 -0.44289595987803254 34 386 95
7 0.03840748998692248 0.6865639815516718 -0.31116236861444824 -0.042538995763397036 517 359 452
8 0.024842991644403824 0.6920002688097219 -0.19936253099761547 -0.06807943878778255 522 24 517
9 0.04785256740076502 0.5956905272945402 -0.22591312709430156 -0.049141146013509385 66 462 309
10 0.3666654632932834 -0.042358160214382976 -0.6023762075626528 -0.22354887569981524 163 404 151
11 0.35423432319225806 0.9699954918422555 -0.033293805559719836 -0.1129673176183954 54 379 397
12 0.3665731693204206 0.9576043423633633 0.16217779257932716 0.08860355734698067 379 193 163
13 0.8730474995018527 0.21400310507860437 -0.06357028375925111 -0.03476271076552351 10 137 134
14 0.9889346619398709 0.20523666329514395 0.6008897441255046 -0.13144359515757098 591 35 78
15 0.9623713148125925 0.19280630612919858 0.4782421774568446 -0.1833865646144739 134 370 591
16 0.03473110699018275 0.07399709313461009 -0.16217231654791497 0.15889114433897955 133 482 599
17 0.13392303014643356 0.06831905817875263 0.022549128883553315 0.26141245001998215 400 45 394
18 0.5986131819298328 0.4389954182829829 0.14372711215626666 0.15282373144742678 338 447 433
19 0.6235625845951778 0.3911144910549552 0.12913156412219795 0.05547188715315787 447 25 202
20 0.7981958012548017 0.1324594723013681 -0.1739869984196396 -0.10171814709969418 243 269 137
21 0.519187736801551 0.2345347275379705 0.1524702458038929 -0.3589114411922667 181 6 260
22 0.6036898356243897 0.3462868181025513 0.07039297478250717 -0.015997532465394926 486 103 25
23 0.574103695308798 0.2247718156883559 -0.1972980639974864 -0.26385958626362616 260 318 26
24 0.51231638292384 0.20419727269467003 0.2246104927050574 -0.018036064308724065 349 250 6
25 0.5474725815052062 0.12039761524205161 0.2124176206458328 0.23199805618268066 448 23 523
26 0.46793508087411867 0.1351986420995118 0.06341724645420044 0.20322194413391337 328 23 190
27 0.4628674964474106 0.1756561340167376 0.07951635183633954 -0.07946802521585639 162 190 349
28 0.9541743728387913 0.6906363428223176 -0.049342260485807365 -0.1797006370096721 510 70 317
29 0.9165505187928338 0.6812988579093203 0.1759269448869949 0.11440615746427518 402 518 281
30 0.8932577241126839 0.6371593546528451 0.053956498297091926 -0.17515276798385493 201 77 518
31 0.9511629156869384 0.6835243574410733 0.10871274288767885 0.15925675526592964 281 88 70
32 0.9650505495595031 0.6700116292548719 0.11871029662741117 0.20016614026008295 88 49 491
33 0.9641769496650823 0.6401763661569075 0.16677049359536955 0.11069548506992266 56 136 49
34 0.8761746802412481 0.8883360792152081 0.29271564729385635 0.1119378913562799 218 558 251
35 0.7963369232467183 0.8866664473835482 1.7060727064757957 -0.3036739726529152 483 458 218
36 0.8309587735282756 0.9496946948964397 0.018253225753800395 0.14252900431069304 459 284 167
37 0.024062243615035964 0.9837988203486687 -0.019556863767311583 -0.08377384792812581 104 299 227
38 0.11871900203282174 0.7413465654311776 0.11590852704718158 0.29643108315213773 452 410 479
39 0.17966949334374924 0.9308124394015255 0.007089888398592592 -0.17681553929338456 596 232 427
40 0.3643263112991224 0.9204727406683816 -0.16356724238941744 0.19729982595612094 193 80 13
41 0.34750809555264134 0.8070835176387837 -0.22075928099440922 -0.3418740852911828 184 240 79
42 0.39188588632090116 0.9226193421107575 -0.3794108208166058 0.21111058803868765 404 292 87
43 0.37606624241445286 0.910579989882718 -0.23491765494682015 0.28605696058420227 13 79 292
44 0.5563850642193682 0.7426347295547593 0.021103273295519642 0.37717703300910177 540 587 183
45 0.5365848437031555 0.8171841317698836 0.3992480041015156 -0.23137728573374705 304 72 67
46 0.48731750278302255 0.6571435879750254 0.03003752593877529 0.029102092957700165 255 415 567
47 0.9386318821713542 0.5492937721774509 0.03207666519552954 0.09969462512471328 301 335 550
48 0.9525542577152866 0.5527175861781173 -0.10640059540628198 -0.28239982257218055 267 153 408
49 0.9525596356599499 0.5525387596754102 -0.12386173884508869 0.30011596340679886 550 456 153
50 0.6192478889655525 -0.05744548991857833 -0.06679915373012518 -0.514824476018777 347 29 507
51 0.6244808258020564 0.9383616405101192 -0.4977940058423225 -0.16571868387098287 507 297 531
52 0.3513080367621066 0.2544072110360259 0.2693345366178157 -0.3896306124961946 113 82 572
53 0.5280946481615358 0.8631503701547136 0.39719493805101536 -0.03161616801694578 121 304 460
54 0.21168934046218046 0.5965449581441442 -0.19355246502761325 -0.16152088139209653 524 125 471
55 0.47024987854562444 0.36591267244247005 0.004470033371228865 -0.1767608517888597 207 473 497
56 0.008043590118378493 0.7364774635662426 -0.6854213649345325 0.1873331447539879 122 388 522
57 0.8436141450021224 0.29019626105901475 -0.17548349977997146 0.2546440024120411 236 10 262
58 0.5060272636819428 0.3293648161666419 -0.027409470526595925 -0.06429104609795289 473 96 486
59 0.488049644665203 0.27485389142372907 -0.01823337522632862 -0.1754449120705548 173 181 96
60 0.9976879486895978 0.5811379891741808 0.09543143462964476 0.06950700015551092 265 408 219
61 0.023103684355055054 0.5701241597711867 -0.03171600655715867 0.13439328816478024 219 581 462
62 0.4816571997963315 0.421144384607214 0.06942971891854555 0.2954888472794792 233 497 421
63 0.5432440214424203 0.45477357335402313 0.017284979003662215 0.24452705763011728 421 338 3
64 0.271784241987696 0.7812881575799288 -0.14517193211438517 0.3902283661136319 598 252 1
65 0.35340117050142267 0.622768111677132 0.1658761496214911 -0.07661818332560522 117 308 476
66 0.25354325404096006 0.6431511937669199 -0.08407470691862429 -0.0256307433610381 159 471 117
67 0.39096680961463626 0.6546439235661832 0.1830734383534427 -0.09783804877372404 476 332 311
68 0.3948794746376678 0.729378874096045 0.25073423337573786 0.19580277989261763 108 311 63
69 0.2627507795107158 0.04199619041723829 0.2709349203322553 0.252876804912594 124 403 334
70 0.6744362483868134 0.3585650605106337 -0.022034570001938647 0.033534022086945114 90 120 294
71 0.669876378701213 0.44577945606451036 0.3005879961983423 0.13740769695029867 42 343 229
72 0.6493082884104464 0.3932561862800233 -0.04580959500621873 0.03853599314651568 202 90 343
73 0.5721233226538961 0.17652402883609986 -0.15079203814424846 -0.1829356299255791 318 503 146
74 0.5663736388065752 0.17352353917403995 0.11453285490153897 -0.03908082364667553 250 14 503
75 0.5685886940806338 0.15119636386614535 0.3182333225903262 -0.023874252046336177 14 448 290
76 0.5552225591231114 -0.0028646526118903956 -1.1210256900740694 -0.6043968546142983 337 552 192
77 0.5615598677581688 0.10306003829264722 0.1301118240926158 0.35124899377958485 523 192 116
78 0.568725605093856 0.15116930429554207 -0.26680777447411413 0.09184621452328154 290 329 230
79 0.5773181292493181 0.11408939189994452 -0.06046549441696136 0.2225980826747742 329 116 203
80 0.6452188348349757 0.1721084619695674 0.12036726147865352 0.03408853205678734 83 392 506
81 0.578980999754963 0.16942543056983744 -0.18447852256214814 -0.11260659991269018 146 230 83
82 0.6899984055559008 0.19747053694561695 -0.2906036224159525 0.2548798422319365 222 204 574
83 0.6453427155169201 0.17195092551361957 -0.12041767551086886 0.3575307238012611 392 484 204
84 0.7446835889617375 0.18853095962426206 -0.24475911020171992 0.2587280903409983 200 574 407
85 0.7742678195836032 0.1361385384813293 -0.04189904916074294 -0.12379724953492932 407 123 243
86 0.6189727270290605 0.10654087862306727 -0.11193635740536223 0.23862314554867758 203 8 484
87 0.8091467622846668 0.055052313494217624 -0.40133796690177725 -0.17695629069588817 106 61 165
88 0.8089718569803881 0.055231422173441895 -0.11870860227420309 -0.45544556176034706 269 12 106
89 0.7940761755045956 0.03918369814390927 -0.40886932557514893 0.4347154639340318 239 434 61
90 0.7940940036749204 0.03916861437447247 0.561302928076446 -0.39361040349246207 344 239 12
91 0.6430398774480184 0.2713946175685504 0.16104686438589422 0.0015181786383600127 26 101 364
92 0.6456452545002666 0.2976512709657017 -0.15637903789814458 -0.12987574265826626 562 380 120
93 0.6453839302966812 0.2976157600857245 0.2534575727845389 -0.1151205666818228 103 364 562
94 0.4201535533095996 0.09879343200948705 -0.17595810919424082 -0.008532737710842397 126 590 328
95 0.3621686889498703 0.12293462041610267 0.0245904664686325 -0.044175887947695 478 383 126
96 0.9999532864403616 0.13471920500247186 -1.5746418177553505 -0.48358061256717527 370 295 504
97 0.9962870496046268 0.08874444723693976 0.23789089309556033 0.011456223469874516 561 133 295
98 0.9074383924280724 0.7052747470938145 0.2627030468160818 -0.11361127351394718 455 402 375
99 0.8799706017084925 0.8031429163316688 -0.12785549147187325 -0.22231098073532962 19 568 371
100 0.9296952618253352 0.7185576585765951 0.027499602595071337 -0.2906322821294438 176 375 510
101 0.937272922161501 0.7510658442265906 0.026839461902961048 -0.4121242472288067 568 176 576
102 0.9149477118162003 0.6051197706041411 0.5026640831682195 -0.44309524281844254 77 505 350
103 0.9150658442342812 0.6051138085106122 0.20750823140954638 -0.07761584460807668 350 430 56
104 0.8915029502759518 0.9103667168996623 1.1067037846760577 -0.02266014321984037 251 221 511
105 0.8913781576604907 0.910439758794137 -0.6002208848717686 0.20968049634773187 284 511 438
106 0.8943189633482459 0.9118466229772862 -0.8910216917768491 1.293790753263029 438 588 89
107 0.8933351374981228 0.9104842850377874 -0.8577366118826508 -0.15722463337492204 235 221 468
108 0.8944825257501866 0.9116005407789921 0.855032871739501 -1.349232413565366 588 235 34
109 0.05250165947143508 0.9506949629822684 -0.19987843255520055 0.18821900774068645 469 261 439
110 0.07370406850923793 0.4786337490446473 -0.16234179847721955 -0.4430886123339781 57 53 340
111 0.06321225392370212 0.5242046221114739 -0.05908606867666144 0.06834889113016551 128 340 68
112 0.03221210209155173 0.3623622361877718 -0.11882635756431392 0.30534458752683874 194 480 196
113 0.12623831424701398 0.3509692543242867 0.03321276483003732 -0.1523972330275125 97 275 286
114 0.3737200685155402 0.5738083985046881 0.21859367024812393 -0.062367944836383415 308 179 527
115 0.387264304575153 0.23917243610997369 0.07284564722265241 -0.27488146620013865 572 444 173
116 0.25375438092993585 0.45273916266766656 -0.3037033548258794 0.3195212580631157 205 405 475
117 0.22109035565502114 0.5280663238698322 1.8046566194326528 -2.024090900280568 585 75 164
118 0.1224570829171614 0.33591632935555815 0.07229951515946853 0.038722475226293795 535 485 275
119 0.977909418779885 0.4257892416450822 0.10049023280167546 -0.105728419769191 211 390 366
120 0.3887877638178761 0.20924320368381283 0.04801909321561215 0.00204878058962521 444 220 162
121 0.16536480722136704 0.886073670176073 -0.055335953180746245 -0.3999538054910712 395 449 232
122 0.619348400195253 0.4636680185203393 -0.04283082777334357 -0.13913022955946985 515 433 367
123 0.4415074233626191 0.506674550112766 -0.11662353582853058 0.15049768514741046 382 592 238
124 0.3212923068302686 0.9562258012828581 0.2277608074363613 0.1486677121687041 242 528 54
125 0.4615990538295064 0.922941704288535 0.05047573886640677 0.2785941720373497 87 121 118
126 0.3681038207410093 0.7641016188941064 1.1323509349832914 1.1583785056574991 240 92 333
127 0.41514787734304376 0.7383726715822011 0.07913395446194037 -0.5416170085112393 333 256 520
128 0.36792976621125256 0.7639145829850756 -0.9825045513570053 -1.1135393818529173 73 108 92
129 0.41514753859847636 0.7383628043447359 0.1263730022021828 0.5784092808378927 63 170 256
130 0.6186125003708896 0.9415657390187803 0.3213420463965902 0.0914218140643866 577 279 29
131 0.5574676505421035 0.8718182468211338 0.015690904825449437 -0.17052625492230966 460 285 217
132 0.5851283471571833 0.9376328571595276 0.1578304147098475 0.08886827593257429 420 217 577
133 0.5699658946131074 0.7306524012179834 0.012483674163843439 0.3943339040718419 587 336 107
134 0.6573977431090403 0.7643741010242306 0.025786376506298225 0.09333875061745545 320 559 247
135 0.598630130079822 0.7612418515775279 -0.36698639682697376 0.055183228125921246 215 107 320
136 0.3110184156041441 0.7910461937424904 -0.05659772197349339 -0.29440735752062075 381 5 184
137 0.3192729810370961 0.9134619308760676 0.44853883833311736 1.5440649023582518 391 354 80
138 0.5207904710435592 0.7783558628967416 0.33348091996177054 -0.12814455139370518 401 166 72
139 0.4490336807120317 0.7377320898571356 -0.15432097698718916 -0.48806706714744863 520 411 401
140 0.5303407916388151 0.7718673917602561 0.09919118009599215 0.027337886294998004 166 537 248
141 0.5314636317280503 0.7445193196012456 0.1415805830212724 0.34384279416765917 322 540 537
142 0.7032436462790189 0.8457964185209279 -0.04506337898321777 -0.3244803313193212 426 180 141
143 0.6822707406524663 0.8405649388855219 0.39374927918861546 -0.23460572338984687 300 358 426
144 0.7050721633910604 0.8413987903364775 -0.27759888762690643 0.23597173416656236 180 554 85
145 0.685476599258233 0.8304749849512629 0.17979509686627537 0.5197458432387725 358 247 554
146 0.6284947042429911 0.8697133205284542 -0.01618294803718001 -0.04707150641491964 110 419 300
147 0.7960783777801831 0.8867874089669602 -1.4005645239447144 0.4284408354230328 293 483 316
148 0.8161745186992999 0.9449748325120099 0.0360210744912437 0.1639190940969093 245 316 459
149 0.7948469149447163 0.9740375379814596 0.3691615782791676 0.25343312471062956 445 245 257
150 0.7793705764133517 0.9799108524858706 0.2961974415738311 -0.007085916922666691 412 445 174
151 0.7195541672406737 0.9297503905224431 0.12478036867658027 -0.2023456104061072 531 330 412
152 0.796051031231008 0.8866614541196476 -1.1143953743413155 0.8870800987216889 580 327 458
153 0.7960463620132174 0.886700540671267 0.6446943051863175 -0.8188639711751788 140 580 293
154 0.733539695959961 0.8928656552513018 0.09955505794745356 -0.0026926176566188786 330 141 140
155 0.3109907399869886 0.7896153117449831 -0.046426370864036115 0.38313957872234544 5 1 73
156 0.2802930014214171 0.8008192971304539 -0.1606294888767401 -0.25763612285234494 594 142 381
157 0.5537837618027575 0.7841692278377457 -0.12843304475484985 -0.05581428496465035 93 248 429
158 0.21254753220584188 0.4860146102139793 0.012546043370864624 0.08301412057765134 231 205 498
159 0.16708346950611633 0.4733330545800766 -0.2741849982571421 0.17702520379011338 47 259 231
160 0.29885664743694007 0.5085856823242175 0.19005609499384013 -0.26927820875877195 164 363 289
161 0.3027318893209607 0.49456890421516475 -0.03959896056893175 0.47259877348354573 363 475 331
162 0.37053738522506585 0.5054369939034222 0.21212777090440227 0.48400925524438865 331 369 249
163 0.8297968998616595 0.2942522061061139 -0.045950807568695407 0.21732857406059347 490 406 236
164 0.7402710345781311 0.2727469117741299 0.0065434411361531275 0.0007819470765335623 512 58 418
165 0.7621554555725515 0.25603592215625987 -0.17456591311360015 0.13063068196594863 58 200 406
166 0.9227961184962452 0.35047745554672105 0.20721766871845126 0.18833717779775938 409 51 172
167 0.8614954758661852 0.3284279540501437 -0.31002396101709184 -0.005625297103128979 464 262 409
168 0.9417054273021597 0.42345447503707584 0.1440063318591811 -0.10602885444632726 345 172 211
169 0.35361776277839074 0.1839588635002489 0.0659703906086273 0.059474227973033145 270 478 220
170 0.8268436530430775 0.7314284352450172 -0.0006004384489610715 0.052301114134012394 91 74 455
171 0.8477752916421656 0.626353372232088 0.08442632842831088 -0.1802682669804767 31 302 201
172 0.9988943294737983 0.6286452828462404 0.6339251779269913 0.8314639269788298 241 265 526
173 0.9988368671486862 0.6287870071349894 -0.3492215187811214 -1.385984131412418 136 241 509
174 0.43714561936524143 0.5762607451600966 0.38272445446684533 1.649689122922704 298 376 398
175 0.4406174271496537 0.6296560128505876 -0.09709114554001808 -0.04115811233496025 332 398 255
176 0.22225925515386327 0.9329060678675395 0.05681324230510931 -0.19452088759197572 427 15 525
177 0.20082925115156797 0.7142265977167087 0.14735401510090895 0.2233359795711376 99 129 41
178 0.22738119410040813 0.703876481530963 -0.23895009235164189 0.3997571391967103 129 159 325
179 0.2417545714003304 0.7501139096990322 -0.3142991555926157 0.46907732570851096 40 325 252
180 0.04466205189903212 0.08672559011323551 -0.2960127559736847 -0.02201859042316734 209 599 425
181 0.1168438256861757 0.08914563816580644 0.2505171653455207 -0.01891055957659038 425 400 171
182 0.6768731015959039 0.22621600009841297 0.09632471761411923 -0.06622285546537335 16 506 584
183 0.6613180030163714 0.26239566852732865 -1.2291737409697834 -1.1806459913938667 101 16 465
184 0.6771053660881822 0.22620553981760827 -0.28428224136171043 0.16526841081646385 584 222 352
185 0.6844389473764545 0.2495913606577776 -0.2477298890329882 -0.08280335236920955 313 352 512
186 0.6615403273579701 0.26260735331128604 1.183017703174354 1.1186097799124617 380 465 313
187 0.29968768815060387 0.11058748234070558 -0.08970769821425861 0.0006536320096284243 223 62 477
188 0.336087847134268 0.10062097700731297 -0.08645821628072703 -0.07888681097245609 477 564 383
189 0.9295420445626007 0.03503059314338687 0.06780871697475988 -0.17035881941240838 165 454 561
190 0.7423783211131219 0.7205020320101286 -0.06256004804363995 -0.2772855272378371 492 417 365
191 0.7865333386669453 0.7743960836808295 -0.055406829124748924 -0.12573209764998872 11 365 348
192 0.8211217036052536 0.7644569102634876 0.04526504379653851 -0.15988795287746882 348 91 19
193 0.48763658000050014 0.7133190401146986 -0.0361333435394684 0.11448022183002671 541 567 322
194 0.4490346728467558 0.737771521731567 -0.13018021576623356 0.48220186411729987 411 170 541
195 0.04644226749006089 1.4248778410573537e-05 -0.13962319009297453 -0.1618572102735083 482 227 65
196 0.06978158514609259 0.9841190554764414 -0.32129207037934204 -0.06139130176441299 65 439 228
197 0.11703066843309717 0.9970527043244363 -0.04672920175807782 -0.017569971866304712 228 596 45
198 0.02719171222380011 0.9573811756183145 -0.07190279735004058 1.4340071710595634 360 303 299
199 1.026996983413606 0.9571940889524233 -2.8635419492868013 -0.5397217764212129 213 553 360
200 0.027430405950324425 0.9571939983756516 2.9130077327377397 -0.6398030892153868 303 553 469
201 0.2652688080400435 0.9840975339706373 0.30144131843434785 0.079638873967669 403 525 27
202 0.22086560916821277 0.5279714550582788 -1.3308246613280648 0.45799342257048237 157 498 75
203 0.08226381322056406 0.4707189246627123 -0.4749285054644729 -0.41764969825380716 53 102 396
204 0.22083367034917037 0.5283113004267678 -1.71788633520774 1.7524207035198112 125 2 585
205 0.22072669728426453 0.5280667498606023 0.885326927941481 -0.5097241302653988 575 157 2
206 0.18588053613511257 0.5249960611241493 0.10356228791197353 -0.015575713635529453 214 100 575
207 0.13184356987191453 0.739505876698997 -0.015516015555716578 0.3199882319185332 410 414 339
208 0.14549160784786083 0.7787053325936236 -0.09508892473333169 0.06589703255722307 0 339 296
209 0.08797574412953543 0.3882722261797492 0.03439679027716913 -0.1251514697431233 461 97 547
210 0.03260100124248138 0.36417253560182683 -0.24088993638357592 -0.2596498805242445 131 194 461
211 0.08231236018764754 0.4707719661951752 0.38005705278794266 0.517933349435454 17 361 102
212 0.07369855827244029 0.4786276970850013 0.41919542628912143 0.1963567398399215 154 17 57
213 0.16797929312907867 0.3144181637647637 -0.2924210051186149 0.05311680626590709 28 543 288
214 0.23381264146931519 0.38595105702129745 -0.42729793592322096 0.06636059896036883 521 206 405
215 0.173746383148083 0.3899723239395213 0.08271129961490153 0.006678593789111176 152 487 521
216 0.1513287433156594 0.3539850399342634 -0.07606552887562401 -0.19223671786361418 286 28 487
217 0.0708983286510717 0.31933195882590465 0.10892797358552642 0.06522677745146588 196 186 535
218 0.15752874794188054 0.3078403615218184 -0.11678719814139926 0.17444739958127897 485 253 543
219 0.22632828255277862 0.08510500327679006 0.12465028592645311 0.34353213954063655 529 124 60
220 0.4283557769063099 0.5702447286370008 -0.7536009610897951 1.4556994591593533 527 291 160
221 0.4369897797232954 0.5757214613449844 -0.8262661661688123 -0.6253065687752366 7 542 119
222 0.42850276154035355 0.5700328088707739 1.1134618568934023 -1.2261276906820346 291 138 542
223 0.3585796719185167 0.5386767169011861 0.18643269775187044 -0.26150735014940363 289 263 179
224 0.25105774686869475 0.8453235895548119 0.07480039880406515 0.10713890261353654 71 22 579
225 0.25099636076757337 0.8453751586540783 0.16889898591320676 -0.6932922843997692 453 71 144
226 0.7735255563876626 0.3472741851737594 -0.16968223805202687 0.09565815743683981 112 431 145
227 0.7484272874049478 0.332422029668714 0.022263981977466152 0.2298610815576474 341 418 431
228 0.149636855557619 0.4475159556338467 -0.021153193779932522 0.15664105498802705 115 152 259
229 0.8253591072073316 0.32689206921461517 0.01858217642258797 -0.04479441539917417 145 490 306
230 1.0107467023557022 0.371526934595806 0.29333966792069455 -0.45409278550886945 390 423 131
231 0.9347250711312929 0.5546785993867144 0.1251393441127624 -0.006660115254436549 582 301 321
232 0.9355257365479149 0.5559368829827561 0.06133382139845989 -0.10515351486686114 178 321 267
233 0.1070754332645676 0.5842565450550802 0.1221004665430403 -0.15491984639570688 309 94 450
234 0.15363966288503983 0.6197749931429464 0.0048688626047566075 -0.38495566456742125 450 314 224
235 0.9651779120937817 0.9225579186826196 -0.13059700357208043 -0.4026651702541506 18 226 213
236 0.24150676517789743 0.11479403885698422 -0.18322447055939012 -0.04535146216222028 198 60 378
237 0.3558460886593923 0.9785552308782617 -0.020982712529288294 -0.20108135009508366 158 397 148
238 0.3607931741101623 -0.020419730187267827 -0.302550730475748 -0.25961189309420263 148 151 474
239 0.0002546968763611306 0.13482271603347476 1.5466040633722682 0.5883209307270298 504 209 310
240 -0.005294079503089709 0.2020498891533419 -0.31991170146988823 0.36581718938777374 35 310 502
241 0.1418759012872961 0.1211675462273411 0.15088092095161265 -0.16657289159116573 472 171 287
242 0.1316149125734229 0.18278617244737042 0.02455200071027619 0.4553146075447767 312 472 185
243 0.8827790886465874 0.46891168207666617 -0.018118634023678304 0.17631774200388417 319 368 33
244 0.9078569265529517 0.46822441663470044 -0.04171633906369099 0.16462728784361058 33 345 335
245 0.4341009291211457 0.4835883244072803 -0.03442748863768941 0.4816412366159817 369 233 592
246 0.24176997721015614 0.7500985967181559 0.2946167916874072 -0.13430199023202471 189 40 208
247 0.1854347390361611 0.8522820524638087 -0.14628041833386618 -0.02262431769706197 372 532 449
248 0.25087386073635803 0.8453036749432178 0.2170593009774872 0.011283221552178466 532 565 453
249 0.25211015429617945 0.32427171662508686 -0.34037992736879463 -0.2809876414877621 206 424 273
250 0.4160017488437127 0.5310758747953186 0.05110741066460811 0.03472701848306059 138 199 382
251 0.3191460737738117 0.9134018832868871 -1.2627303676803185 -0.22879652345614548 528 413 391
252 0.3192099312956385 0.9132904403829962 1.0955091480480519 -0.818161717731523 147 354 413
253 0.2528672491014788 0.8455394798055637 -0.22418739254338044 -0.005515599522248893 546 579 594
254 0.25607877794932127 0.8583164256637816 -0.46751627011192787 -0.0894392386012661 187 546 147
255 0.623593409731714 0.9374900103514734 0.011565626386288164 0.33662199603289034 279 110 297
256 0.5821778353216266 0.8377858621285901 0.31022843478411155 -0.4216493268877379 285 52 76
257 0.582173475105277 0.8378005739059851 -0.6773440390319437 -0.047627854545190855 76 555 419
258 0.5655575228856735 0.7755673345591636 -0.13392848653009937 -0.037414110871936135 429 183 435
259 0.5803635438499952 0.7808477642909228 -0.22896879774136902 -0.06799805267465597 441 435 215
260 0.582136445371046 0.8377281350126928 -0.24183015498154078 0.5236549603280464 324 441 555
261 0.5523585655235128 0.8124345525090103 -0.14474580527223946 -0.06338182548248916 67 93 569
262 0.5821420970565953 0.8376649127159521 0.050726757561440294 -0.3239793600028887 52 569 324
263 0.25602688036425025 0.8583280934106542 0.19978713806749743 -0.24273840768364655 15 144 187
264 0.1358545977090885 0.8693800753387567 0.24720051283733113 -0.1651995401585893 212 457 395
265 0.15516645562925357 0.8152070695952505 0.35212787269638546 -0.18266803025160544 457 274 589
266 0.0728410279822052 0.888073460744169 -0.12326763255965378 0.03257268968437366 261 578 212
267 0.33107527117296376 0.19583326553506264 0.39098304142892726 -0.0926999092071279 244 270 82
268 0.4847273701800674 0.5572056739198368 -0.06881201788933033 -0.05225410278086873 105 156 323
269 0.486238078006952 0.5268649094412481 -0.08129173133253342 0.11203323962982736 238 326 156
270 0.3025174335302781 0.9782993128689732 0.4176336873551456 0.04488287762283161 27 242 533
271 0.9149410352544938 0.6049114806056024 0.2168919060817993 -0.3868398071435377 516 277 505
272 0.8879669715843698 0.5615485975521756 0.07560485154600727 -0.171379788659054 225 254 516
273 0.9150880958401072 0.6048471570706664 -0.8164687167187042 0.5442330671572623 277 178 430
274 0.7803815054506926 0.03182229613608966 0.2388282042617429 0.13327338902607844 44 373 344
275 0.7333537034429674 0.07210209771763094 0.29981252064326114 0.13376487625893496 489 44 123
276 0.10980885094176374 0.5758404564256857 0.018284119183975545 0.13418791963010213 94 68 353
277 0.05256873127705156 0.8714426070028595 0.016994888482613213 0.14505508252882215 150 374 578
278 0.0601589458801457 0.800910108646339 0.09712162324371221 -0.22993934117865322 563 175 374
279 0.26560769716036187 0.7865615046298297 0.2027312481951704 0.011077477303500505 32 208 544
280 0.26950241962066823 0.7860808603814187 0.02804606217404748 0.026344501840441792 544 598 142
281 0.6969019351316408 0.7161079935889032 0.20478238861587617 -0.11724858930972637 559 463 492
282 0.007647578490815667 0.7431180884971289 -0.1419790290950419 -1.4559913308104417 576 495 234
283 0.007794115932654942 0.7431961579198304 -0.10640206763899099 0.3091749112342458 234 122 563
284 0.2415134279067301 0.11483339652907983 0.5681160706626285 -0.31789459865617103 389 198 59
285 0.18353001944165495 0.10488078259373183 0.6990755641251081 -1.4209364531574467 216 169 389
286 0.37473176886262854 0.5214406815628088 0.03644971997840418 -0.01014102621321733 263 249 199
287 0.27023986179691656 0.308547889803034 -0.27326355518664247 -0.33936553740787634 273 356 84
288 0.33574137092332096 0.29971462867955423 0.23116224420749454 -0.3706516822632455 84 113 207
289 0.28223973571722594 0.16179133068552412 0.15592148093490632 -0.2152730289167737 442 223 244
290 0.262463623921043 0.16498557234556285 0.16592184154395895 -0.18296486443969417 451 428 442
291 0.22769435104309585 0.23658518272802298 0.015855091024807866 0.3291755477571878 566 451 356
292 0.540377677978921 0.49761717212283696 0.05119173418499656 -0.01949834460557298 326 3 355
293 0.791497596727295 0.7031708488673953 -0.12732244286661754 -0.04579800358395225 501 139 74
294 0.79283262116939 0.6660413180376358 -0.11277947048471404 -0.04700441910698849 466 31 139
295 0.742450381316338 0.7202720824968822 -0.15878427228111813 0.030680313649854296 417 351 501
296 0.7075732346065202 0.6944692369136541 0.1144932423174927 0.04606845963733841 377 64 351
297 0.8433080092209699 0.569179534182604 0.06762816591454612 -0.22350594222619868 302 37 570
298 0.1701561359118559 0.6001009889474873 -0.13865498957321698 -0.18998461033536973 314 20 524
299 0.15455460719262862 0.572497402511961 0.04542230688797666 0.11021492746232653 353 214 20
300 0.6500459931258933 0.5806352219947583 -0.0366784231459194 -0.052312621595662634 416 519 283
301 0.6693086204021584 0.4473756902932215 0.2644640513418776 -0.17414943374362019 367 42 268
302 0.6486802360122539 0.5577438865797486 -0.0221544210060598 -0.008016686967038389 519 538 488
303 0.4370614632010778 0.5758895667607822 -0.23835867446543352 -2.300210042509537 160 595 298
304 0.6130132498581635 0.6016905517171722 0.0023644586288895653 -0.10134014391538493 155 416 545
305 0.43719110850472626 0.5758470615300911 0.11032134884038412 0.505419887087972 46 119 105
306 0.4370633484833473 0.5759089535206684 -1.672860012812789 -1.767031542409484 376 55 46
307 0.4372103938465014 0.5759854939499948 1.5811679337798892 2.0553742063934446 595 7 55
308 0.5822944987711224 0.5783755795423309 0.14912509213593772 0.0022330436111328567 177 305 155
309 0.5378540909917242 0.5952813082788402 0.025470916348302453 0.05731497221272974 556 323 177
310 0.2041610413435634 0.7396658736369014 0.063508385703126 -0.08589478642240245 493 41 189
311 0.9751963394047214 0.6904111165286095 -0.17749908799713499 -0.14286545228087144 317 496 548
312 0.007891688280630759 0.7364970909153217 0.3858972907498301 0.05946885999049897 495 548 388
313 0.9783866148074445 0.677761209293103 -0.1969866558065858 0.057414267784494655 496 491 130
314 0.24163134272766468 0.11492776218941944 0.18079503178846518 -0.3971931402134204 59 271 428
315 0.18342456810364915 0.10501830759057444 0.7936084870562238 1.0471601841205305 287 432 216
316 0.18337684929367468 0.10490323276442666 -1.370644483404248 -0.0916284336382675 432 437 169
317 0.18422145228616932 0.09446957460157093 0.021645748214671467 0.319333057913207 437 394 529
318 0.21765654748266616 0.24055533287730166 -0.07876312033139321 0.36527476859199437 86 566 593
319 0.11736237101538026 0.7693504141401635 0.10205856992850926 -0.14639962332696488 175 479 266
320 0.14415994530076887 0.7800025049000414 0.08459442109483295 -0.11246405022535821 266 0 274
321 0.16709453339384797 0.47332113947727894 0.1376383098775991 -0.26976910259761505 9 47 100
322 0.12913318232557522 0.45294021431354825 0.6831245778115203 0.15327345245601515 396 586 9
323 0.1291426024742532 0.4527883978755104 -0.6418293997813946 -0.06160223221286787 586 508 115
324 0.1662127769296503 0.6988946361789283 0.11143830649928965 0.18063637183263204 414 224 99
325 0.09954150546878356 0.4360998333464522 0.4060349135609703 -1.2400550696397206 109 357 508
326 0.09940608470765439 0.436103896676993 -1.2942058305305624 0.5165498160122646 278 547 357
327 0.09952089363964298 0.4362382004969008 1.0821850401530277 1.1347193078740805 361 278 109
328 0.16557818871109356 0.22618282067883283 -0.30441611696685467 0.23684925930245182 30 185 86
329 0.14649868896915805 0.24837130490256187 -0.14127675349029367 0.005252246901288338 530 30 253
330 0.24165934332656064 0.11485909033769505 -0.6760562615260556 0.3038243071869619 271 378 210
331 0.15529874647549374 0.815184263207344 -0.4014793046082897 -0.0525679258694782 589 387 372
332 0.2509757632304394 0.8452102428084166 0.142387883894559 0.7651213405874364 565 32 22
333 0.8440974617051509 0.3402402202513864 -0.10671891703672998 -0.149140690422489 306 464 536
334 0.9683991110246226 0.3280539422721215 0.23187314915351642 0.17031496976627203 51 514 539
335 1.0097030719824125 0.36397090322571735 0.3795403215670068 0.26308249008108464 423 539 480
336 0.15376181420730478 0.7814249913995335 -0.13367956741561215 0.048445459796542245 296 493 387
337 1.028271289494529 0.23916773458477533 0.0728971593158545 -0.22072751629936826 573 264 399
338 0.030639699451806737 0.22850436756547074 -0.08717635519711608 0.3959337826348053 264 494 36
339 0.2875221606771126 0.09924748890013438 -0.09950303671291127 0.010700020730558535 210 43 62
340 0.9041385004540153 -0.02862284214768778 -0.12484161343584432 -0.4171633441463207 481 551 168
341 0.9123548000450115 -0.060626237178846645 -0.08007807646148724 -0.572541353910383 551 89 557
342 0.9248852399917923 0.9270387086716309 -0.3835255684217498 -0.15482381331838324 557 95 18
343 0.29227171869524154 0.058501285038062734 -0.10411433590262753 0.03873056111936002 43 334 21
344 0.32676776428452436 -0.0008043978731102804 0.02905180818135733 -0.23190084921798082 533 158 276
345 0.32556370785893596 0.0409420701468646 -0.004443932721809318 -0.00837155969546366 21 276 246
346 0.3419872402556853 0.05106420813740358 -0.1455630421753895 -0.09820865926046807 564 246 446
347 0.3812035989437763 0.02410183689390834 -0.29046410970900993 -0.03170269394225933 446 474 237
348 0.21510242448850975 0.29761568055913346 -0.08587529784498393 -0.0787680531910695 288 593 424
349 1.0021072997975358 0.24464330659524636 0.3962834952547789 -0.25573678799628574 514 135 573
350 0.9954328569828924 0.2132239737849368 0.38559106437310864 -0.3854708966084808 78 143 135
351 -0.0007482610437097303 0.21044895314771728 -0.4181575079253985 0.20719030406277095 143 502 494
352 0.8348770193004874 0.41678499180717055 -0.13952059438326891 0.09628695757379901 436 536 368
353 0.594809006754686 0.5292951935528633 -0.20756647561490355 0.3222194754992722 81 515 440
354 0.08752075910339178 0.23508379225603582 -0.07582365135067048 -0.04403689756599105 549 571 530
355 0.5960378457927873 0.532546949829512 0.2769130930471448 -0.3825239169500229 305 362 114
356 0.7149945877410494 0.6134983408783927 0.4215864963228767 0.06799139184066223 283 69 38
357 0.6944480994032398 0.7006948310536132 0.2207039908469488 0.01662428701643126 463 161 377
358 0.8594804447057577 0.5565042597184521 0.039536515034077624 -0.19623477565122727 570 191 225
359 0.7150751441409158 0.6134633415786312 -0.23776177488421188 0.3542501803591126 98 69 39
360 0.7320757322130437 0.5549182872514726 -0.1676736319233818 0.1782261740967961 39 583 48
361 0.8000950428219555 0.53646750431812 0.36733455999193865 0.020615610607510604 48 195 37
362 0.7259251268602908 0.3855519566374043 -0.05966375102306465 -0.2330448140019925 132 443 470
363 0.7948084315642797 0.9740004938065107 -0.16395326191691761 -0.26354143640129546 393 257 422
364 0.7218459521846297 0.6293434221211174 0.2949686910550713 -0.3655011335636834 64 38 197
365 0.78316735907152 0.008949073464055206 0.7530895459865495 -0.005658189341324268 373 174 258
366 0.5961410286234299 0.5325012462758864 -0.39769792372224955 -0.08621166607209255 114 440 538
367 0.6896749621603416 0.529079789203912 -0.20662591360132154 0.1228531443242531 488 342 583
368 0.7833033778145102 0.00894782654983196 -0.3513086792230214 -0.0013680758891194966 258 393 434
369 1.012451274699464 0.5202868327610634 0.12191104861725144 0.13509627652674716 456 188 149
370 0.7644609528904822 0.3840009414715209 -0.016302102723297907 -0.261508096427443 470 112 467
371 0.6693962160632264 0.447425310846003 -0.3172783843893292 -0.43430400309602857 268 315 342
372 0.8313123525611834 0.9523431471754302 -0.02455028992598418 -0.22771508164341758 422 167 481
373 0.5342420418036342 0.6325918074489423 0.023464260395789083 0.05033688188493812 415 556 127
374 0.8109116749329502 0.42582423426333593 0.30639158363210406 -0.028429026494025678 467 436 4
375 0.47982191063557506 0.9794659791168586 -0.0767752278418854 -0.05538044606234749 282 118 597
376 0.41711753324645706 0.035844490296379546 -0.15866883085191574 0.01948012376407071 237 282 590
377 0.7219883559383113 0.6292766863116023 -0.4186317368768625 -0.031133902593061084 197 98 466
378 0.8673015889199505 0.5115677232653811 -0.03951384497380417 0.31487976046018495 346 385 319
379 0.8532915136509023 0.5178323021840323 0.13701292982115643 0.2217365843021346 191 534 385
380 0.8933528028251878 0.552986095967097 -0.06553205356835123 0.04082980741698661 254 346 582
381 0.8199839149951342 0.5050789198777493 0.2849978100738504 0.20865397742930725 195 4 534
382 0.6699504370340118 0.4457954767406591 -0.6411030527444074 0.08750599606629615 315 229 132
383 0.5948164610759649 0.5292927473699354 0.42837398635768703 0.0976935813678853 362 355 81
384 0.7171466647369663 0.3640714236934025 0.0894308731236304 0.08655670347135214 294 341 443
385 0.9651782151471312 0.9226023363035699 -0.12393835140510757 0.41302903974575755 226 307 150
386 0.08381328015562411 0.22414979483477987 0.08073703060273996 0.3742277468812838 36 312 571
387 0.5552314784570125 0.9972859652933382 -0.6052968640581687 1.623060869943493 597 560 337
388 0.9355752072067118 0.01395550317505806 0.07740340278450386 -0.16573566893884895 454 168 104
389 1.0206122919747687 0.48566510369402616 0.18127701423287235 0.027416124925849772 366 154 188
390 0.029975832199500264 0.5346692225342305 -0.009483721793990263 0.047046354312296756 149 128 581
391 0.06045845939499621 0.2604015491776894 0.0699328261966059 -0.249328475226962 399 549 186
392 0.5753649120920331 0.6620232829686539 0.016376515421523408 -0.004141750137298672 336 127 50
393 0.6098818592387816 0.646091403398858 0.002428037632062896 -0.036024044858251614 50 545 161
394 0.6418285589058013 0.06674784944516025 -0.013828224676437628 0.06774052568880862 8 280 489
395 0.5553061969362239 0.9968762489180768 0.18821690618960268 -2.8007975580875937 560 420 500
396 0.601119575442699 -0.001170134040843953 -0.17860187218055046 -0.13136952289882764 513 347 280
397 0.5554834799380406 -0.0026989538312049426 2.0694581077559633 1.6957178328871019 552 500 513
398 -0.00107313036473822 0.6290954436791214 0.1682767380158741 2.073594346273591 272 509 499
399 -0.0029233882167897128 0.6693617873242038 -0.092022034089978 0.04301000042228331 130 272 24
