1114
0 0.026023666974255254 0.6313865774736082 -0.27563798604690604 0.032375588321365 111 66 359
1 -0.0010082712633012933 0.6290392475367015 -0.4714900375370678 0.11173310784083103 499 526 111
2 0.7635421789695295 0.8296982855869234 -0.10433908112505996 0.14684741408976798 85 11 327
3 0.8770236315147448 0.8883572311967779 -0.10078697632877852 0.49022161077673027 558 371 384
4 0.8934552296217781 0.9105306973081199 -0.11389701801871928 0.41781736763153804 468 384 182
5 0.9173575762154642 0.9188216265999092 0.49465858648558453 -1.1586723310503892 386 182 307
6 0.9172488035815171 0.9190432210606464 -0.7384334281172007 1.3539139582067226 34 386 95
7 0.03775529650738771 0.6864776839018469 -0.3100427916138959 -0.03980190187852228 517 359 452
8 0.024424969653024327 0.6918565393542143 -0.19819262966902507 -0.06855963349122751 522 24 517
9 0.047378368591517867 0.5955853673678014 -0.2257141924755235 -0.05091101568099887 66 462 309
10 0.36613405350305267 -0.042525325099924065 -0.6085491116748906 -0.22283377606164656 163 404 151
11 0.3541613028691888 0.9697587879567352 -0.03578238729623484 -0.11218484943092966 54 379 397
12 0.36618081110356165 0.9574936804946275 0.16892746220950605 0.09294573762849484 379 193 163
13 0.8729133212092093 0.213930074192266 -0.0641933659006888 -0.03480579435777287 10 137 134
14 0.9901939530045953 0.20495952451706295 0.5986877468604213 -0.13225234813535325 591 35 78
15 0.9633661586539963 0.19241512248212644 0.4707764438699469 -0.18812441049398387 134 370 591
16 0.03439048887164578 0.0743303007985707 -0.16221428436602459 0.1584326118214685 133 482 599
17 0.13396918473325267 0.0688699133380868 0.021466528901670223 0.2631218513904354 400 45 394
18 0.5989159547705207 0.4393151303597263 0.14462390590663787 0.15168942699150811 338 447 433
19 0.6238349053703091 0.391232396725911 0.13016298247570113 0.05677259530545431 447 25 202
20 0.797828664572531 0.132244865657801 -0.17638597492319885 -0.10273477416000709 243 269 137
21 0.5195069738816551 0.2337817728650537 0.1516049060595881 -0.35822275146202287 181 6 260
22 0.6038379676062094 0.3462513083132062 0.06963550500116433 -0.018618452612972902 486 103 25
23 0.5736909484974856 0.22421667791441158 -0.19586297306251055 -0.2647956673373919 260 318 26
24 0.5127867078906251 0.20415766792655915 0.22337126523441775 -0.019614300461601175 349 250 6
25 0.5479184774935675 0.12088449651401767 0.21160551956500573 0.23217083186533038 448 23 523
26 0.4680680337437351 0.1356261157957441 0.06322332726793611 0.20387011037681368 328 23 190
27 0.4630366313258744 0.17549026678130494 0.08145572411022428 -0.0785563537830658 162 190 349
28 0.9540737211288731 0.6902606021476065 -0.046655666396250295 -0.17822122241537008 510 70 317
29 0.9169208852021804 0.6815417679628849 0.17675639042702418 0.1168179032673411 402 518 281
30 0.8933721875232393 0.6367929836137135 0.054795119830419736 -0.1739839938785792 201 77 518
31 0.9513907571477235 0.6838601811779303 0.10829241375159837 0.16051180827189593 281 88 70
32 0.9652980545562957 0.6704333175026125 0.11707529216919976 0.20138679630160583 88 49 491
33 0.9645230584677419 0.640395478952523 0.16431012037076975 0.1018411199121827 56 136 49
34 0.8767940850682535 0.8885735126708811 0.2958595586349724 0.11324895540115211 218 558 251
35 0.796138079108795 0.8868593407510059 0.2908904865654661 1.8506207491030164 483 458 218
36 0.8310037530201383 0.9499974509934681 0.02409873676480212 0.14531761002856136 459 284 167
37 0.024023685210996862 0.9836226915516704 -0.017477359837148043 -0.08398097113559988 104 299 227
38 0.11896016070979065 0.7419690314283791 0.11386289706233343 0.29639489126931373 452 410 479
39 0.1796861062770699 0.9304411122756029 0.00864730509420042 -0.17683833078430133 596 232 427
40 0.3639841794287011 0.9208889655010717 -0.16218216665475627 0.19904571203072097 193 80 13
41 0.34706271428750907 0.8063758431238234 -0.20665830643973315 -0.33365075910452013 184 240 79
42 0.39108827750027847 0.9230602421987938 -0.38027108302529644 0.20881798373784122 404 292 87
43 0.3755727677185549 0.9111798605486884 -0.23505009223712126 0.2852604652492374 13 79 292
44 0.5564273730787009 0.7434259415452675 0.019292820813143763 0.37639109641551816 540 587 183
45 0.5374200141884942 0.8167011650797011 0.3962975449536832 -0.22873827797142976 304 72 67
46 0.4873780511780703 0.6572054602256122 0.027727803386667915 0.029790608868651702 255 415 567
47 0.93870077836258 0.5495036151925333 0.03449105124772589 0.09573540146398662 301 335 550
48 0.9523135233801571 0.5527179865467979 -0.10504682496580674 -0.29267184904974497 267 153 408
49 0.9523180210088596 0.5525775060026462 -0.12416567128040612 0.3127219175779426 550 456 153
50 0.6192125196270353 -0.05835929165695463 -0.07000205696410053 -0.5123306927166298 347 29 507
51 0.6235784521482812 0.9381568060401634 -0.4996721708757593 -0.16795722592940782 507 297 531
52 0.35187356745806003 0.2535898801139166 0.2692643642776549 -0.38881702024706755 113 82 572
53 0.5289276055913371 0.8630818219354601 0.3961447857248057 -0.033571772792284627 121 304 460
54 0.21128317959016196 0.5962047886527496 -0.19168535578262258 -0.16218217463448426 524 125 471
55 0.4702616451691333 0.3655397239480913 0.006629761323262429 -0.17834876700484337 207 473 497
56 0.007613766613829186 0.7367498768645776 -0.6803180785568612 0.18880057589647498 122 388 522
57 0.8432450990079938 0.2907313949631831 -0.1759611224089186 0.25499396361788884 236 10 262
58 0.5059694525671586 0.3292282109385404 -0.027632067467475707 -0.0657388768421363 473 96 486
59 0.488011407350222 0.27448412930870514 -0.01818660153030116 -0.17664539206374563 173 181 96
60 0.9978869960306033 0.5812855764300349 0.09190497321509561 0.07191088211011554 265 408 219
61 0.023036604252783588 0.570406305981714 -0.032127996790753954 0.1343237819584342 219 581 462
62 0.48180529533063954 0.4217646203778043 0.07151185268949867 0.2952271642431281 233 497 421
63 0.5432802529568063 0.45528565185015746 0.017212058861515445 0.24323314404273155 421 338 3
64 0.2714901782655126 0.7820958265728126 -0.13531676647249302 0.37943784286439963 598 252 1
65 0.3537525327564082 0.6226071618999455 0.16862011648077768 -0.07665970705450498 117 308 476
66 0.25336784871888746 0.6430975390105875 -0.08299451959015158 -0.02547222571758212 159 471 117
67 0.39135054700080885 0.6544365891983144 0.18240574398142861 -0.09953435020637613 476 332 311
68 0.3953949637732813 0.7297715077352922 0.24396318472341694 0.17905587533506573 108 311 63
69 0.2633191446562887 0.04252569229381936 0.2703964274708426 0.25149962043502505 124 403 334
70 0.6743913265420971 0.35863586819597376 -0.01962178822201288 0.03330483597241418 90 120 294
71 0.6695462777354478 0.44603226314612165 0.242620458536832 0.5835618386725006 42 343 229
72 0.6492085851047652 0.39333947528859525 -0.0493429581915894 0.040823627117658745 202 90 343
73 0.5718079764588021 0.1761451907661144 -0.14957157526418463 -0.1780384482202857 318 503 146
74 0.5666108296918153 0.1734419842655625 0.11023736957993524 -0.038749114333880286 250 14 503
75 0.5686745985550838 0.15126296875367692 0.3259024738391705 -0.02329790986326484 14 448 290
76 0.5556030098661813 -0.0027804832428684504 -0.4881495020865861 -0.7344624017638617 337 552 192
77 0.5618316133158223 0.10379733293118366 0.12987018092880387 0.3508636537558063 523 192 116
78 0.5687449829935781 0.15124912419158948 -0.276920468492343 0.0952868774254387 290 329 230
79 0.5771922485494612 0.1145570115183884 -0.058764041896419705 0.2229123354652307 329 116 203
80 0.6452352553821299 0.1724929227909031 0.12716482741218382 0.030496412884687026 83 392 506
81 0.5785971272954142 0.16919009921271047 -0.1801076437296656 -0.1118877112488148 146 230 83
82 0.6893960357619945 0.19800171883464662 -0.2815959736224283 0.25135696961331444 222 204 574
83 0.6453197747661853 0.1723863793925782 -0.13366168018040786 0.3597496312293929 392 484 204
84 0.7441723023772783 0.18907277843796613 -0.242316559873057 0.2573554210016926 200 574 407
85 0.7741840152031543 0.13587653309328426 -0.03811754210880647 -0.1256353590606274 407 123 243
86 0.6187403811037138 0.10704050023582956 -0.1091297663347035 0.2371415543100941 203 8 484
87 0.808592888348036 0.054398938169998315 -0.39048768048807575 -0.16982880379767806 106 61 165
88 0.8084384580500704 0.054557970064403494 -0.12418294571370052 -0.46078024926437394 269 12 106
89 0.7942769308484587 0.03919438300215547 -0.39607294981735747 0.45338428348554344 239 434 61
90 0.7942133437453408 0.039249126268157526 0.5487590398799493 -0.4117821810368117 344 239 12
91 0.6433667652049162 0.27138021480373625 0.1484749472674407 -0.010899691219035113 26 101 364
92 0.6457220468475936 0.297393085674409 -0.1558921226320082 -0.15012410833773263 562 380 120
93 0.6455180248964031 0.2973632705094155 0.25889703089698735 -0.09192574160644257 103 364 562
94 0.4197846989616316 0.09877768150282425 -0.17536225596637145 -0.006569758626007172 126 590 328
95 0.36221976687398283 0.12284297970552713 0.02408486743377125 -0.04315152263290045 478 383 126
96 1.0000763293404535 0.1348795076511757 0.33635699272767466 0.1714249594976947 370 295 504
97 0.9967717396683363 0.08876870434076535 0.22639745911323672 0.01146029798837489 561 133 295
98 0.9079921129783173 0.7050357467104416 0.2645493307057434 -0.11398680298257968 455 402 375
99 0.8797031019170083 0.8026741085342253 -0.1269104626944184 -0.22408270516915962 19 568 371
100 0.929754134962985 0.7179499248293449 0.028530848170116307 -0.28828165271610473 176 375 510
101 0.9373273899141703 0.7501941577623307 0.025238467565857903 -0.4167884593009319 568 176 576
102 0.9149893514465317 0.6049462203524386 0.37201781277382795 -0.8268521368623698 77 505 350
103 0.9151027317676892 0.6048890904504787 -0.6385482314457714 0.5538446484621545 350 430 56
104 0.891930343235199 0.9105655602601005 -0.393241191747138 -0.1699333278707229 251 221 511
105 0.8919937970926103 0.9106659283649479 0.8947625698848237 0.3802960391963237 284 511 438
106 0.8941844303087932 0.9117619619683037 -1.3449583364392859 0.5593818791850251 438 588 89
107 0.8933733083789555 0.9106734729211708 0.15370248372399264 -0.24557817304769572 235 221 468
108 0.8944423391191292 0.9116495240737797 1.255346044655137 -0.5679924027805363 588 235 34
109 0.05208205626723865 0.9510863339542186 -0.19977665043080517 0.18462651373007954 469 261 439
110 0.07403079264879613 0.4784433422230298 -0.1713261178651164 -0.443977883054841 57 53 340
111 0.06309526065605899 0.5243490813454933 -0.051536141326691265 0.06944455219204393 128 340 68
112 0.03196195475477502 0.36300322374663385 -0.11939534315646289 0.30514424715320787 194 480 196
113 0.12630769543117992 0.3506477491023452 0.032880480629882136 -0.15372859738654876 97 275 286
114 0.3741803141180723 0.5736853119349321 0.2195072776323137 -0.057813371451276296 308 179 527
115 0.3874149165432585 0.23859607909463065 0.07070754051707873 -0.27407476080321125 572 444 173
116 0.25311675160434643 0.4534094899941601 -0.30358319955126056 0.3188962281741592 205 405 475
117 0.2207729433526827 0.5279249921762953 -0.5605374332908309 -0.27243564118518104 585 75 164
118 0.12260957468986014 0.3359974037728941 0.07289780307173643 0.038498058387015366 535 485 275
119 0.9781197045391767 0.42556693660785644 0.0998222123016479 -0.10597817901025763 211 390 366
120 0.38888758040748794 0.2092475382471114 0.047086667204210286 0.002082077218967804 444 220 162
121 0.16525208352848708 0.8852405466892771 -0.0521860103741556 -0.3938124007452082 395 449 232
122 0.6192629240944029 0.46337552093057927 -0.03878136700663504 -0.1384777188750963 515 433 367
123 0.44126288237481254 0.5069907054567537 -0.11629416561687034 0.1506026556935547 382 592 238
124 0.3217683018410019 0.9565341266311664 0.22566984184124728 0.1451214478448426 242 528 54
125 0.46170438904526456 0.9235248287301154 0.04987483967489048 0.27685566270085893 87 121 118
126 0.3681449020878549 0.764029482664555 -0.23920915043644697 -0.32151461565121203 240 92 333
127 0.41536359924717037 0.7384384748911897 0.0775525470502348 -0.5450257682779354 333 256 520
128 0.368198701649678 0.7640895412999547 0.38517714658390473 0.3741464520764454 73 108 92
129 0.4153609198038827 0.7383819387686243 0.12375022369955513 0.5876522515970524 63 170 256
130 0.6191808606531432 0.9415917696648328 0.3210129751943366 0.09266526116314538 577 279 29
131 0.5574974187219691 0.8714590147240786 0.01318998174570929 -0.17127185780729803 460 285 217
132 0.5854566714190584 0.9378161521601635 0.15587956064821995 0.08292669537168784 420 217 577
133 0.5699888275660744 0.7314813970708156 0.009519484506226306 0.3951284601594329 587 336 107
134 0.657451324671283 0.7645698686701442 0.025268079989482217 0.09312014284668102 320 559 247
135 0.597862289195961 0.761357753924692 -0.3644296468763297 0.055206082760772546 215 107 320
136 0.31089359198650796 0.7904295341689581 -0.06198410810635086 -0.2929359550773742 381 5 184
137 0.3194378726677373 0.9136721613694088 -0.25821468463578784 -1.21222349836901 391 354 80
138 0.5214904836585683 0.7780930549460447 0.3337001371409021 -0.12331688847150302 401 166 72
139 0.4487432620997703 0.737896718164018 -0.10939133322598157 1.5075495076660945 520 411 401
140 0.5305527542827626 0.771927994724396 0.10249677183382655 0.030241762219440638 166 537 248
141 0.5317586316099341 0.7452405038479424 0.13950916082083875 0.34304565750542526 322 540 537
142 0.7031479048160797 0.8451142796381701 -0.0460666379608482 -0.3251510145765163 426 180 141
143 0.683101600290692 0.840074815341237 0.39735666874929354 -0.23229424842008406 300 358 426
144 0.7044873580581335 0.8418945225283408 -0.2792695249966698 0.2361455724974454 180 554 85
145 0.6858511293973751 0.8315622865163488 0.17704328090367705 0.5159662225251438 358 247 554
146 0.6284620921994394 0.8696164417700359 -0.01698486074008798 -0.045114054852968266 110 419 300
147 0.796082146638548 0.8868869989179027 0.26902917976039453 -1.014670856884503 293 483 316
148 0.8162428833896149 0.9453147955270582 0.03162692954750135 0.16163446813627358 245 316 459
149 0.7950610418919396 0.9740268935476786 0.37612940476687484 0.2602846914238378 445 245 257
150 0.7799863902764836 0.9798816839399241 0.29272664674173665 -0.015028174538134209 412 445 174
151 0.7198180305692216 0.9293270960735757 0.12654333345074598 -0.1995691945033684 531 330 412
152 0.7959907337060963 0.8865411245959951 -0.3494519594984921 -2.629442741466188 580 327 458
153 0.7959592869787211 0.8869355740153714 -0.3732774702319219 1.9903414420096481 140 580 293
154 0.7337479304872907 0.892856938949663 0.0988053888706375 -0.005492499510761917 330 141 140
155 0.3108931176688318 0.7904095216053745 -0.04578291200741779 0.37557680245719255 5 1 73
156 0.2799570066972211 0.8002809802439703 -0.15937526437470595 -0.2551491646435311 594 142 381
157 0.5535150265793949 0.7840509662811563 -0.12755586014517872 -0.056763794706315984 93 248 429
158 0.21256529777124955 0.486184174045011 0.007237557081429813 0.0804686865751858 231 205 498
159 0.16704194139372291 0.47312790365729024 1.0748003216442668 -1.291168980489376 47 259 231
160 0.29925201170829646 0.5080192044960996 0.1870813871873711 -0.2683763780653159 164 363 289
161 0.30265112787919035 0.49556287810299754 -0.0373985157078871 0.4739770891742934 363 475 331
162 0.37097586512060077 0.506453256958815 0.20581879100339817 0.48386457549010053 331 369 249
163 0.8297024947852298 0.2947084596419861 -0.04406906679854661 0.2172106709774635 490 406 236
164 0.7402835178183365 0.2727489927440055 0.005405771316691066 0.0011721068560177628 512 58 418
165 0.7617858977045635 0.2563118070713118 -0.17723137228642383 0.13203439244713344 58 200 406
166 0.9232316296399212 0.35087240724265223 0.20753765511694056 0.18783380892339885 409 51 172
167 0.8608446389823198 0.3284157311473843 -0.3098265463630234 -0.005987852921829351 464 262 409
168 0.9420079566270151 0.4232324700225651 0.14411553131421506 -0.10543875911261935 345 172 211
169 0.35375608417373533 0.1840832784498416 0.0657752859123395 0.059047637265829955 270 478 220
170 0.8268422729728527 0.7315365150909235 -0.0007060081685938968 0.050714819149755286 91 74 455
171 0.8479517682164918 0.6259752252271289 0.0836842789508907 -0.1798980082956536 31 302 201
172 0.9989267065283313 0.6289618637430634 0.19533318253628276 0.5158676979430963 241 265 526
173 0.9988347690305174 0.6290896253623263 0.28517898913919904 0.1719118395814706 136 241 509
174 0.436801944347293 0.5758210837476715 -0.5219434844858138 -0.8525094866965091 298 376 398
175 0.4404136048899586 0.6295722924107013 -0.0965339329306314 -0.03874363191380681 332 398 255
176 0.22237464805722088 0.9324965436913025 0.052876544809343784 -0.1956261840019291 427 15 525
177 0.20113609376521202 0.7146965608086928 0.14496047279211055 0.22420649468946063 99 129 41
178 0.2268919526337288 0.7047092873125219 -0.22745231288701095 0.39360376416497367 129 159 325
179 0.2417805426183397 0.7504103340724813 -0.33612743220560753 0.48356208836675213 40 325 252
180 0.0440479365636421 0.0866869050659866 -0.2902035535490288 -0.016100210054048603 209 599 425
181 0.11737051236829034 0.08910614618566896 0.2510550094203534 -0.018687366584724252 425 400 171
182 0.6766888583064294 0.22631407467159464 0.1040948265085273 0.05516681216932804 16 506 584
183 0.6613574773810958 0.2624161858723136 0.23202236156677492 0.2044618280537319 101 16 465
184 0.6768816049258293 0.22631250967524327 -0.3046480374799222 0.04355689873722108 584 222 352
185 0.6839339171321634 0.24943171752236504 -0.23275949397050244 -0.07314120767376586 313 352 512
186 0.6614011962604308 0.2624565397780821 -0.2797325452546552 -0.2667004270857573 380 465 313
187 0.29950329852453605 0.11058803016433232 -0.08609068805065512 -9.883344143091222e-05 223 62 477
188 0.3359067152841936 0.10045709826326575 -0.08606613546846553 -0.07727335576968031 477 564 383
189 0.92968434515405 0.03467090480257358 0.06762215336297839 -0.17258722506685586 165 454 561
190 0.7421274280791941 0.7203032005840793 -0.6646621042474355 1.6327161689163276 492 417 365
191 0.7864190298285089 0.7741325395462584 -0.05338237074603569 -0.1254333789613149 11 365 348
192 0.8212154908204699 0.7641224967928919 0.04412326337632777 -0.15866826949539892 348 91 19
193 0.4875565551772044 0.7135547170965176 -0.03892813085770719 0.11171518779495848 541 567 322
194 0.4487370427563885 0.737596964237711 -0.1719854489066386 -1.5118461408208068 411 170 541
195 0.046149390834875986 -0.0003272903878436609 -0.13931692084689917 -0.1633389309224631 482 227 65
196 0.0691077576046201 0.9839902373581859 -0.32048825156227867 -0.06130258696501745 65 439 228
197 0.1169309793132215 0.9970159325731673 -0.04813676679482626 -0.017457805340237442 228 596 45
198 0.027186975336595778 0.9574631847143867 0.07291449101670763 -0.5289807974436607 360 303 299
199 1.027150441851315 0.9574163568051931 0.6582212916345997 0.483764248795991 213 553 360
200 0.027232422750151582 0.9574274081142414 -0.7557775481267576 0.3039132839811019 303 553 469
201 0.2659004747038103 0.9842639838589542 0.30020467153835106 0.07891984149521747 403 525 27
202 0.22067430240475766 0.5278640646551791 -0.2680493660936695 0.23312161054095565 157 498 75
203 0.08221042133315562 0.47087296950688795 -0.5164409223022433 -0.3775973509697683 53 102 396
204 0.22069947840786672 0.5280232264013154 -0.20511419323004237 -0.17623093472810686 125 2 585
205 0.22062493296462515 0.5279266964614192 0.678067290781504 -0.1075016571529426 575 157 2
206 0.18609195316843707 0.5249618338967775 0.09996505637155373 -0.016858170415190443 214 100 575
207 0.13181151230847044 0.7401770300672602 -0.015046812754104799 0.31924706298674943 410 414 339
208 0.14529020738956885 0.7788411884596467 -0.09660775176795894 0.06366053018937168 0 339 296
209 0.08804313927087812 0.3880093719862685 0.030029238817785853 -0.12519362491136832 461 97 547
210 0.03209529539372103 0.3636262963478676 -0.24072956249926447 -0.2605304746678555 131 194 461
211 0.0821754240411651 0.4708321619354318 0.43005644171137913 0.48021140978612986 17 361 102
212 0.07390760137127006 0.4783080611701509 0.4243258318065851 0.20555797129013195 154 17 57
213 0.16736857168529737 0.3145309169775198 -0.2893844190318684 0.054204769839305555 28 543 288
214 0.23291616753277217 0.3860888683306061 -0.4265290384775078 0.06496558846436074 521 206 405
215 0.17391750443723553 0.3899876202195972 0.08037220264323075 0.0078225918798136 152 487 521
216 0.15116497097975837 0.35358073764064024 -0.07971013397944926 -0.1927789951977621 286 28 487
217 0.07112761071260297 0.31946802619189024 0.10940664207925721 0.06440366573379208 196 186 535
218 0.1572850492937095 0.30820571252730905 -0.11537422042046108 0.17355371619010018 485 253 543
219 0.22659673308631736 0.08582245721103866 0.13049688760147227 0.34004355720096413 529 124 60
220 0.4287301163991947 0.5704811513841901 -0.742894968795932 1.4428219066004409 527 291 160
221 0.4368321977967093 0.5756771401027729 0.45251872302478136 0.8565425532096413 7 542 119
222 0.42887670186881005 0.5702687490585963 1.1044047876671252 -1.2278920417320058 291 138 542
223 0.3589729627398156 0.5381325501333244 0.18802393149386365 -0.2569892645909455 289 263 179
224 0.2512628665483978 0.8453167384793729 -0.46374468733710333 -1.1336162250532753 71 22 579
225 0.2513162047611731 0.8454978896759646 0.39625169072343963 0.8094384286916247 453 71 144
226 0.773171303930988 0.3474748119793795 -0.1677986576076318 0.09542478196511439 112 431 145
227 0.7484733985639707 0.33290155599621407 0.021683525808224857 0.22698588668379482 341 418 431
228 0.1495973748030506 0.4478293728050558 -0.01929252417542937 0.148052452589309 115 152 259
229 0.8253978146847286 0.326799098465842 0.018304065207974674 -0.043803340815662395 145 490 306
230 1.0113598976289322 0.37057545501325273 0.29079826211961257 -0.45217610914263795 390 423 131
231 0.9349837504590601 0.5546658411626235 0.12134287734767019 -0.00553002066881747 582 301 321
232 0.9356529450165391 0.5557195614853438 0.062095926187458184 -0.09770970144096225 178 321 267
233 0.10733246393560279 0.5839284269996632 0.12266600825372453 -0.15743005701146506 309 94 450
234 0.15364875289329982 0.6189708466962929 0.003840713164171561 -0.381110119157535 450 314 224
235 0.9649129055296094 0.9227004205927085 -0.15299169749539812 -0.4156775641468539 18 226 213
236 0.24146035070482294 0.11450298997548435 0.33135237519836375 0.9009719649760283 198 60 378
237 0.3557951309870572 0.9781344394490261 -0.02727589681894571 -0.19969346254714027 158 397 148
238 0.36016373236833477 -0.02096060851603371 -0.29749585000321543 -0.25580704889408 148 151 474
239 7.831733825662218e-05 0.13488018828528944 -0.36011922700590265 -0.06867565127823905 504 209 310
240 -0.005955714092306712 0.20282287714221098 -0.3123063702613338 0.36987302205401806 35 310 502
241 0.1421920740201521 0.12081980178236545 0.15027883104590245 -0.1646878126926321 472 171 287
242 0.1316626605576005 0.18374498133195008 0.021101646124899176 0.45770976592196533 312 472 185
243 0.8827414612147922 0.46928205841334975 -0.017735259788542734 0.17641430469228503 319 368 33
244 0.9077711235215358 0.4685700336909248 -0.040066663181681506 0.16453116299941506 33 345 335
245 0.43403090751679757 0.48460120808910406 -0.03236342166479389 0.48293125401444037 369 233 592
246 0.2416950950481084 0.7504951055673967 0.309650317081747 -0.1578757879202447 189 40 208
247 0.18512670704423367 0.8522307989089363 -0.14604408862806117 -0.02666064730094675 372 532 449
248 0.2512906167181538 0.8453835515987708 0.6120796023248811 -0.05582018712681864 532 565 453
249 0.2513954242713622 0.32368241997267366 -0.3403195541346049 -0.28028149384740075 206 424 273
250 0.41611681692821795 0.5311423882211967 0.05473307987391429 0.030008219520372137 138 199 382
251 0.31948256719841167 0.9137890911483538 1.454779031341189 0.5595470579553788 528 413 391
252 0.3193104134286771 0.9137361928128082 -0.9048674772796014 1.148756469511675 147 354 413
253 0.25241450076939226 0.8455302888580769 -0.2075132287141998 0.02248757373889132 546 579 594
254 0.25585373749773227 0.8579544992122653 -0.491778525378312 -0.08260252877209141 187 546 147
255 0.6234741695806406 0.9380547053738593 0.014750803844446742 0.338730442040738 279 110 297
256 0.5818278344379897 0.8377040521805437 0.43602358981405587 -0.5761271644109077 285 52 76
257 0.5819484440991383 0.8376767979381836 -0.6612804500136888 0.1345526030952773 76 555 419
258 0.5652775142600472 0.7754870029011194 -0.13280298562234893 -0.03901158701635765 429 183 435
259 0.5798868094164508 0.7807033960074146 -0.22591711747871335 -0.0693982676880367 441 435 215
260 0.5818586663819252 0.8374948836117785 -0.4661832288228125 -0.0902410407778941 324 441 555
261 0.5520547992019373 0.8123021872589473 -0.14320669008277553 -0.06427924269247764 67 93 569
262 0.5818228051387068 0.8375384109319751 0.13266028901613583 0.26395474010855324 52 569 324
263 0.255705396483203 0.857987748902828 0.23685806988438166 -0.25256475224481706 15 144 187
264 0.13636862503347438 0.8690299838334572 0.24160078521129336 -0.1684035702553821 212 457 395
265 0.15512909427045798 0.8149601850428443 0.3652537266157817 -0.1823636097816536 457 274 589
266 0.07258064254590234 0.8881386247979055 -0.12464240681242522 0.029630492157095567 261 578 212
267 0.3318942330345538 0.19563854107763606 0.38906944679895084 -0.09275140724906983 244 270 82
268 0.4845825337759126 0.5570986757520109 -0.06842348285185373 -0.04803491597538123 105 156 323
269 0.4860658661317405 0.5271006291501392 -0.08263326169155594 0.11246021336397405 238 326 156
270 0.3033878465613042 0.978392897541207 0.41164354008804693 0.04426675623281362 27 242 533
271 0.9150061079741056 0.6047263655789463 -0.26192485207111005 1.0192227019236322 516 277 505
272 0.8881226964231752 0.5611877502553928 0.07377046716550151 -0.17280332199887116 225 254 516
273 0.915176842971721 0.6046700613036994 0.6370319133945623 -1.1068465716518772 277 178 430
274 0.7808882480766783 0.032098725956425676 0.24100060679738133 0.13523425972800096 44 373 344
275 0.7339786598777644 0.07238314859416091 0.29559553693658813 0.13388491912347256 489 44 123
276 0.10984915076142565 0.5761221608554167 0.020006110483528072 0.13409609880832285 94 68 353
277 0.05260307818185104 0.8717432168427273 0.015475827563893318 0.14089035910158643 150 374 578
278 0.060363201609420436 0.8004291490834683 0.09758373692436706 -0.228382762701429 563 175 374
279 0.266019663468651 0.7865892272599675 0.18959712623674296 0.015106002646675387 32 208 544
280 0.26956362119623356 0.7861389977414226 0.030211640654476124 0.028927105632722827 544 598 142
281 0.6973311703804435 0.7158602592520217 0.20408238467217732 -0.11903464967183419 559 463 492
282 0.007424555861291227 0.7420001453285341 -0.41928841679089485 -0.04016639353850756 576 495 234
283 0.007495890483793727 0.7419134020832976 0.1707782749329372 -1.1005630793730719 234 122 563
284 0.24147022013461045 0.11458511064561393 -0.23469644028781614 -1.4462838808908534 389 198 59
285 0.18355440799363934 0.10468277854194523 -0.6136769737882276 1.109847300235947 216 169 389
286 0.3748093759531221 0.521415780314679 0.03741083380581767 -0.0133975351646054 263 249 199
287 0.2696640185069205 0.3078377700534339 -0.275071020128248 -0.3370524345736037 273 356 84
288 0.3362261452993099 0.29893924154158524 0.23055780895564482 -0.36794785829297183 84 113 207
289 0.2825620190441613 0.16133976221249305 0.1512647652968102 -0.21480971411358407 442 223 244
290 0.2628062027382667 0.16460183649444707 0.1606506767892757 -0.18252846248345556 451 428 442
291 0.22772739536641515 0.23727380930099226 0.015624266984370916 0.3267798243805631 566 451 356
292 0.5404818042625581 0.4975837614410463 0.048289967163883674 -0.012966141355041927 326 3 355
293 0.7912308728028897 0.703073668449724 -0.1266251450915412 -0.04642059861503789 501 139 74
294 0.7925965680756516 0.6659398717958122 -0.11167057417660331 -0.05024692537047848 466 31 139
295 0.7422373139010662 0.7199533748536489 0.4386108895643445 -1.8795952663546622 417 351 501
296 0.7078072880233762 0.6945693933995194 0.1074602013276249 0.04927143328753436 377 64 351
297 0.8434504960792197 0.5687109715549825 0.06805203033033447 -0.22277472332132842 302 37 570
298 0.16986481108936113 0.5997020020116708 -0.1387873344027568 -0.18998728805452725 314 20 524
299 0.1546485398106319 0.5727298992495872 0.04409344868394616 0.11114414943946826 353 214 20
300 0.6499673109516795 0.5805287493031923 -0.03845027490845254 -0.048632656582392464 416 519 283
301 0.669172434147667 0.44668334083164496 -1.4488942313513515 -1.334993296139321 367 42 268
302 0.6486353568235208 0.5577213589403767 -0.020082638677032527 -0.014390597047331255 519 538 488
303 0.4367888965121295 0.575813729878142 0.47671271011630667 0.9149633298623574 160 595 298
304 0.6130192729089022 0.6014786283139018 0.003310877266793355 -0.10049275162016258 155 416 545
305 0.43710598207721585 0.5757173513716212 -0.9163428510287116 -1.0748852458065603 46 119 105
306 0.437000027565898 0.5759540320127589 1.5630133926150318 2.065001646116499 376 55 46
307 0.436738536798463 0.5756193579342879 -1.7243284935108614 -2.3843065448273055 595 7 55
308 0.5825963261898751 0.5783775690190393 0.13729493028580286 -0.0006498759863582393 177 305 155
309 0.5379079459062799 0.5954003037492619 0.02578704055844483 0.05605195682600872 556 323 177
310 0.20429318252982043 0.7395005393153209 0.06234570949781304 -0.07214970253188735 493 41 189
311 0.9748262773022669 0.6901101702069445 -0.17547803175810284 -0.1434110295794877 317 496 548
312 0.007692652402014604 0.7367399662049025 0.38066991342332507 0.05499877484522824 495 548 388
313 0.9779719734924464 0.6778791022111871 -0.19786166663426918 0.05498986561242036 496 491 130
314 0.24156230085867147 0.11473858560917675 -0.0981209310904705 0.33029298604427165 59 271 428
315 0.18344000176800218 0.10457363899665871 -0.7037834421795216 -1.3542147354585417 287 432 216
316 0.1836083014960745 0.10457241596483671 1.4535133484837315 -0.21594370861236464 432 437 169
317 0.18425200614418935 0.09513945206033458 0.007424125203492338 0.3186067123669978 437 394 529
318 0.21749089313567302 0.241319979085788 -0.07898559722940846 0.3630660508346928 86 566 593
319 0.11757718108597952 0.7690436025182565 0.10249626633540565 -0.1458178005425692 175 479 266
320 0.14433648355466927 0.7797663748884516 0.08179788925193054 -0.11193172983533367 266 0 274
321 0.166848665000541 0.47333882965324453 -1.2108718130404033 1.2030603673410039 9 47 100
322 0.1291821715000587 0.4529637738262883 0.03626873559104239 -0.1669553847338204 396 586 9
323 0.12918300627443408 0.45296670129798045 0.00883217671972269 0.2630240552479134 586 508 115
324 0.166445496251866 0.6992752233072685 0.11025641233342043 0.18177465643809398 414 224 99
325 0.09964083535977153 0.4365232457351435 -0.27864372773923113 1.5079057452796516 109 357 508
326 0.09967483567090384 0.43635235358276775 1.4167139923080543 -0.24156628724799656 278 547 357
327 0.09955230952850413 0.43642487889482945 -0.9524799203367885 -0.8593637617081195 361 278 109
328 0.1649406303860013 0.22667822640510105 -0.30287018171204494 0.235055440042653 30 185 86
329 0.1462039141150834 0.24838146655272902 -0.1395421278527209 0.004467367448190984 530 30 253
330 0.24158982681916913 0.1146275873326103 -0.10504569903879127 -0.24441038057025785 271 378 210
331 0.15523425260720844 0.8149419604706262 -0.4132077140655632 -0.04725659176040703 589 387 372
332 0.251267022260918 0.8454124929556599 0.030042261871422855 0.5430945557400939 565 32 22
333 0.8438728295617091 0.3399284113931046 -0.1071898420718087 -0.14788825060396693 306 464 536
334 0.9688867192403716 0.32841089271826684 0.2324841361089902 0.16966829399778227 51 514 539
335 1.0105031456799403 0.36452436276042144 0.38228070960502625 0.2639688129538187 423 539 480
336 0.15348661030128674 0.7815281348084341 -0.1266470374752804 0.049611517151382234 296 493 387
337 1.0284211402042345 0.2387047795449333 0.07000259451966917 -0.22020126989180655 573 264 399
338 0.030461107113839883 0.22933653551902727 -0.08314118612323673 0.39654937944444413 264 494 36
339 0.2873131845473091 0.09926478650424733 -0.09941141521085939 0.0063231728880674964 210 43 62
340 0.9038757386317842 -0.029494451688271965 -0.12541691088441276 -0.41312959095374246 481 551 168
341 0.9121750027574321 -0.06180780188755987 -0.08765973294466711 -0.5555311419214171 551 89 557
342 0.9240813401936565 0.9267106469521397 -0.380282160448997 -0.1573645805677537 557 95 18
343 0.2920531581902695 0.05858309525458061 -0.1040417446640518 0.03915157364975386 43 334 21
344 0.3268291801651694 -0.0012939982554298797 0.02941176538429069 -0.2342550826928136 533 158 276
345 0.32555586496534444 0.040924016175317685 -0.0030994075361778783 -0.008804851639454547 21 276 246
346 0.3416834441474503 0.05085748040909976 -0.14385410397610432 -0.09864486102961756 564 246 446
347 0.38059777134409234 0.02403517472666374 -0.2866883459795577 -0.03178406357551289 446 474 237
348 0.21492445275636657 0.2974520544831116 -0.0837361617544996 -0.0771521804776576 288 593 424
349 1.0029402655946715 0.24410340181054702 0.39698553472300446 -0.2583248018273032 514 135 573
350 0.9962446211236125 0.2124166325076463 0.3874634675604671 -0.3834425328468061 78 143 135
351 -0.001625704483308829 0.21087972319500192 -0.41749787728535825 0.2031595033261807 143 502 494
352 0.8345862104578903 0.41698977258977943 -0.13755725586372947 0.09859417240964952 436 536 368
353 0.5950796835933537 0.529715140956471 -0.20367927025424606 0.30259865885522064 81 515 440
354 0.08736150933925228 0.23499049173339817 -0.07583638057806485 -0.04477095118249341 549 571 530
355 0.5958620547252631 0.5320841604059682 0.2955922158030724 -0.39034313801004566 305 362 114
356 0.7151555251333087 0.6139506988149941 0.42907029875697417 0.05900078826654061 283 69 38
357 0.694910233320381 0.7007284184480413 0.21948776199320896 0.015417934637329545 463 161 377
358 0.8595647055065943 0.5560929016147262 0.04066290602844358 -0.1955715568657812 570 191 225
359 0.7152991718799042 0.6138879715315098 -0.24671004217140508 0.3538051274155039 98 69 39
360 0.7317330155828298 0.5552936392021742 -0.1583317275899443 0.17941439028890116 39 583 48
361 0.8008685114097447 0.5365117483766757 0.36920295293230154 0.02148377656330247 48 195 37
362 0.7258038589787901 0.3850627149145757 -0.055636072485154564 -0.23253961985159055 132 443 470
363 0.795025897906214 0.9739929453960131 -0.17143121357325347 -0.2718869244832902 393 257 422
364 0.7217386238094861 0.6289164276738691 0.2956901528640941 -0.36157527427054054 64 38 197
365 0.7835487413481679 0.008942541880369349 -1.2473461218133497 0.006414800678491983 373 174 258
366 0.5960668961628249 0.5319922022482111 -0.4127836632401849 -0.06556655444273085 114 440 538
367 0.6892471152079611 0.5293370462234878 -0.2016279983252378 0.12227494572414344 488 342 583
368 0.7837619196660707 0.008940973883854132 1.6458602652849943 -0.013596574343840984 258 393 434
369 1.0127053427084225 0.5205666616074425 0.11973856559044371 0.13086519264071672 456 188 149
370 0.7644241116826894 0.38345130012672174 -0.018661537593001043 -0.2619240359325037 470 112 467
371 0.6694174996624501 0.44685503148270117 1.3942211513672864 0.7434292836239642 268 315 342
372 0.8312645518106947 0.951874919193835 -0.022215525469562736 -0.22056608223880447 422 167 481
373 0.5342922081505441 0.632695463226029 0.024264702747078815 0.04848698456627609 415 556 127
374 0.8115514096498176 0.425762508988514 0.30306128717683123 -0.030238144627103836 467 436 4
375 0.4796613208838702 0.9793497336916285 -0.07589242637107141 -0.05664498245461225 282 118 597
376 0.41678389849801756 0.035884953562450646 -0.15905200975718792 0.019069466838939064 237 282 590
377 0.7218338069053584 0.6288716540868612 -0.4195724649251652 -0.02809303365836676 197 98 466
378 0.8672214169320998 0.5122236983222936 -0.036982744297531234 0.31012751741665845 346 385 319
379 0.8535797182065397 0.5182960885722845 0.13741612014950277 0.2200527555312748 191 534 385
380 0.8932117080693787 0.5530726633337401 -0.06867730984599918 0.04156620655310084 254 346 582
381 0.8205806865588277 0.5055197837726537 0.28344341387875893 0.21107536968267837 195 4 534
382 0.6695657062642202 0.4460028307336731 -0.5842235028773721 -0.3741760894006361 315 229 132
383 0.5950087151212813 0.5297415996363163 0.42475952596247696 0.10671977046375954 362 355 81
384 0.717335135783999 0.3642536904319795 0.09005046222587687 0.0869821194238174 294 341 443
385 0.9649086804879887 0.9224815696551709 -0.10036659546541239 0.4255248783706627 226 307 150
386 0.08398081997762255 0.22493756688702354 0.07891677450411194 0.3759400580768957 36 312 571
387 0.5554290121574698 0.9970503781538544 0.6658028216916748 0.7650479734260234 597 560 337
388 0.9357365895729326 0.013608595998045703 0.07633832073417057 -0.16469774433147677 454 168 104
389 1.0209902773221655 0.4857151346631854 0.17867949828054286 0.0195627188059877 366 154 188
390 0.029956701962140765 0.5347671414131383 -0.008754317062931172 0.04625878603781164 149 128 581
391 0.06060608399968952 0.25988144120981477 0.07062157109105627 -0.24617725982722938 399 549 186
392 0.5753982685857114 0.6620142322555582 0.015438061246042523 -0.004461721964110765 336 127 50
393 0.6098885042223727 0.6460161992878638 0.003823576177897081 -0.03562989833727492 50 545 161
394 0.6417984879493819 0.06689188370336123 -0.01474855862437785 0.06935598206858629 8 280 489
395 0.5556292571275159 0.9970066269900426 0.08066270252649402 -0.3435317587878071 560 420 500
396 0.6007455537531764 -0.0014400711905600792 -0.17588992692885164 -0.12632585741356728 513 347 280
397 0.5557021699282172 -0.0028651045395133093 0.27454339062430366 0.2236527695952551 552 500 513
398 -0.001106086974063955 0.629123577223568 -0.033784145164576784 -0.400530499275486 272 509 499
399 -0.0031107813128302573 0.6694484709533672 -0.08816580833459486 0.03965113688775279 130 272 24
