1119
0 0.025885774576338526 0.6314030700434873 -0.27589854047216367 0.03357693914574078 111 66 359
1 -0.0009591243171124145 0.629093220883038 -0.6221901435526315 -0.004891065295289064 499 526 111
2 0.76349044912211 0.8297714708168136 -0.10240305825526264 0.1457830758888612 85 11 327
3 0.876973601938825 0.8886016458972221 -0.09566128304940155 0.4855259277077354 558 371 384
4 0.893482345717686 0.9105569922660496 -0.22352613530734686 0.35774679994098924 468 384 182
5 0.9172495030707813 0.9189631286220731 -0.46280782242040347 0.5981485043084428 386 182 307
6 0.9172363742142418 0.9189977938824646 0.2279064126439398 -0.4167411581541 34 386 95
7 0.037600349739714295 0.6864579684465022 -0.3097940376450836 -0.03918271436476051 517 359 452
8 0.024326093187033805 0.6918222775491546 -0.19871360112944103 -0.06896633489988924 522 24 517
9 0.04726552525496794 0.5955597891165483 -0.22566820426228595 -0.05131939595504065 66 462 309
10 0.36601339648223813 -0.04256221088699542 -0.609078446183313 -0.22626745975994067 163 404 151
11 0.3541423736202739 0.9697019404214278 -0.036586687672535145 -0.11214927337493963 54 379 397
12 0.36608175620336264 0.957466233051255 0.16952864026476677 0.0970641962593001 379 193 163
13 0.8728811789220441 0.21391266467663134 -0.06434555249734686 -0.0348296072538723 10 137 134
14 0.990493175572343 0.2048933899727203 0.5982997975523263 -0.1322546188883833 591 35 78
15 0.9636009913996413 0.19232072026632502 0.46893359577360183 -0.18924963540722928 134 370 591
16 0.034309380679139745 0.0744094759507517 -0.16221686858358675 0.15829195974814692 133 482 599
17 0.13397984163240054 0.06900159607585633 0.021212287829031062 0.2635276035584111 400 45 394
18 0.5989883395009525 0.43939088765884077 0.1448685386928883 0.15139647938089418 338 447 433
19 0.6239000578632583 0.3912608790731903 0.1303999932339428 0.05709283289190292 447 25 202
20 0.7977405191343949 0.1321934560920646 -0.17622473758027724 -0.10287534331354653 243 269 137
21 0.5195827141730895 0.2336027102681162 0.15139764407423595 -0.3580602248726139 181 6 260
22 0.603873031934456 0.34624206976001987 0.07045507094405323 -0.018384102573598682 486 103 25
23 0.5735931188172955 0.22408421486874042 -0.19552127833444288 -0.2650163567763375 260 318 26
24 0.5128983049263347 0.2041477487559354 0.22307516528430327 -0.019988915037072452 349 250 6
25 0.5480242910316726 0.12100054999244214 0.21027354059344194 0.23299849653823923 448 23 523
26 0.4680996337836116 0.13572809761498347 0.06318506273750302 0.20402656161766508 328 23 190
27 0.4630774936341337 0.175451050683991 0.08190315439748908 -0.0783499549961153 162 190 349
28 0.9540505823265666 0.6901715940874135 -0.046026084159211944 -0.17787855962486665 510 70 317
29 0.9170093217079726 0.6816003477158432 0.17695009832396913 0.11738723153242869 402 518 281
30 0.8933993817915349 0.6367058954671582 0.05367546684897917 -0.1746049957396245 201 77 518
31 0.9514448716933632 0.6839405257518756 0.10818662129347123 0.16080719429656387 281 88 70
32 0.9653564747862514 0.6705340987650277 0.1166808009586684 0.20167984261798555 88 49 491
33 0.9646046582336097 0.6404465670788564 0.1633634394426764 0.09917769522305164 56 136 49
34 0.8769419339163315 0.8886313748768611 0.29523904096235426 0.1159386140857279 218 558 251
35 0.7961209455499805 0.8867715748144823 -0.49968361483568835 -0.9736777838262756 483 458 218
36 0.831016358777789 0.9500705424938722 0.02574459838020071 0.14637046143271132 459 284 167
37 0.02401507234824747 0.9835806840225833 -0.01705910308846814 -0.08403787457589296 104 299 227
38 0.11901694582874142 0.7421172261690421 0.11337510236186787 0.2963858526661145 452 410 479
39 0.17969053855446224 0.9303526889629032 0.009008877671634608 -0.17685157990832145 596 232 427
40 0.3639028122794674 0.920987581209258 -0.16143396879692018 0.1959309227014816 193 80 13
41 0.3469599472618559 0.8062109323968742 -0.2059615228366951 -0.3278956245411635 184 240 79
42 0.3908984917120824 0.9231647808577037 -0.3803553690756578 0.20834604978758886 404 292 87
43 0.3754552370240726 0.911322434406443 -0.23507411503476128 0.2850678769428239 13 79 292
44 0.5564368940921578 0.7436140798546783 0.018875516427652173 0.37620011550387744 540 587 183
45 0.5376179517076992 0.8165869716087545 0.39559411735973216 -0.22815451108243456 304 72 67
46 0.48739174901683635 0.6572204032018436 0.027174920647077272 0.029948826058001643 255 415 567
47 0.9387178027513885 0.5495528377299249 0.03580310978246182 0.09095616872525913 301 335 550
48 0.9522547121826049 0.5527725142371902 -0.10439314608069739 -0.2989238663726485 267 153 408
49 0.9522625022398018 0.552532945973624 -0.12515525560905827 0.3200702464189759 550 456 153
50 0.619281611715649 -0.05845338281352225 -0.06683384078370186 -0.5133123823133218 347 29 507
51 0.6234757013266794 0.9382177461962856 -0.4965237549022991 -0.17658918042575375 507 297 531
52 0.3520081933466915 0.25339553010373406 0.2692431555484376 -0.38862194989830456 113 82 572
53 0.5291256019559187 0.863064897964104 0.39589172114162796 -0.034033665816113334 121 304 460
54 0.2111873404551311 0.5961236346826084 -0.1917360596681572 -0.16240015651702855 524 125 471
55 0.47026511338602756 0.36545043710378433 0.00714071163310237 -0.17872346311231802 207 473 497
56 0.0076713010790350426 0.7368126629246259 1.2934552007069646 0.34428889790103984 122 388 522
57 0.8431570855686967 0.2908589177530283 -0.1760704984588024 0.2550801302819705 236 10 262
58 0.5059556221879556 0.32919523814890284 -0.02767970089245786 -0.0660828732013119 473 96 486
59 0.48800231708522296 0.27439572258551304 -0.018176533889135982 -0.17692518214373898 173 181 96
60 0.9979327353254202 0.581321375401808 0.0909530829124039 0.07319776659797661 265 408 219
61 0.02302051549072487 0.5704734616897918 -0.03221202679593027 0.13429763759398305 219 581 462
62 0.48184119929821634 0.4219122159678597 0.072005198331615 0.2951673162832069 233 497 421
63 0.5432888510604242 0.45540717719154467 0.017185032563649116 0.2429292364491964 421 338 3
64 0.27142293274321105 0.782283924814387 -0.13281859136821117 0.3730408469973523 598 252 1
65 0.35383703741953637 0.6225688303453484 0.16926859913724002 -0.07666511869786063 117 308 476
66 0.25332643651424974 0.6430848152194002 -0.08271026780137802 -0.025430878236587517 159 471 117
67 0.3914416994797071 0.654386703808884 0.18223657513583014 -0.09992752528220628 476 332 311
68 0.39551591556432936 0.7298607827266848 0.24171234978831446 0.17918064705579884 108 311 63
69 0.2634543059975052 0.04265134973396695 0.2702733946369218 0.25119243837745664 124 403 334
70 0.674381353139299 0.35865265584301015 -0.020158099495182213 0.033752124706243336 90 120 294
71 0.6694199037239117 0.44602001019088194 -0.6593373154430691 -0.9935896895497086 42 343 229
72 0.6491837905299344 0.3933600020375417 -0.05007896528019806 0.04133178695131523 202 90 343
73 0.5717332817649347 0.17605650653720423 -0.14927246825766072 -0.1769123023423469 318 503 146
74 0.5666657915766504 0.1734226645645499 0.10688482911247466 -0.03883635383769568 250 14 503
75 0.5686416235844949 0.1512898990746642 0.3311819164991247 -0.023742106715417093 14 448 290
76 0.5556657061979793 -0.00280779496540866 1.9794784428945038 0.7047883625126671 337 552 192
77 0.561896055984038 0.10397276368978416 0.12749555716728977 0.3509010294139303 523 192 116
78 0.5688022746281365 0.15125834601486998 -0.28283160833438187 0.09705093399932363 290 329 230
79 0.5771629011164356 0.1146684668004753 -0.05708628049438946 0.22327153285928159 329 116 203
80 0.6451745425838269 0.17266465622512123 -1.1162842542222728 1.596284837002322 83 392 506
81 0.5785072625105648 0.1691339313862095 -0.1767754340478711 -0.11411394277432985 146 230 83
82 0.6892547630332707 0.19812727893730891 -0.2831641927880657 0.25096719771799947 222 204 574
83 0.6453772677627858 0.17240936389036798 1.110011799285908 -1.2073069389398718 392 484 204
84 0.744051313814013 0.1892013591652816 -0.24175172141926993 0.25703204634131005 200 574 407
85 0.7741652207382463 0.13581358591949141 -0.03723745860273464 -0.12606603365383773 407 123 243
86 0.6186856729911597 0.1071591050884354 -0.10960598886833317 0.23725612863234602 203 8 484
87 0.8083954515082655 0.054312221793103924 -0.39509716745825524 -0.17319617038967894 106 61 165
88 0.8083787032030298 0.05432931890303342 -0.11911804038668627 -0.45765408117776896 269 12 106
89 0.7943782441820361 0.03915091896815335 1.1105156220825145 -0.8753450703412731 239 434 61
90 0.7941901185386661 0.0393145445883689 -0.9539319382941567 0.9213878693672126 344 239 12
91 0.6434411972170324 0.27137372548795013 0.1491525701557972 -0.014301701142804824 26 101 364
92 0.6456450365150695 0.2973178434066969 -0.15316209239272746 -0.14832650624437677 562 380 120
93 0.6456465718697224 0.2973176709395998 0.25625569848730523 -0.093209994668546 103 364 562
94 0.4196970598650268 0.09877453470881832 -0.17522224088351024 -0.006109851513613762 126 590 328
95 0.36223177459900546 0.12282147665847584 0.023969422280334385 -0.04290922617222748 478 383 126
96 1.000056831292853 0.13490018933934872 0.34100681158363455 0.17282391127053245 370 295 504
97 0.9968841144523284 0.08877442915250112 0.22367343047169364 0.011442256864224731 561 133 295
98 0.9081245163727116 0.7049787273709138 0.2649778754054699 -0.11407309818967093 455 402 375
99 0.8796397248686767 0.8025619422897383 -0.1266518126485927 -0.22449923448020215 19 568 371
100 0.9297684763922098 0.7178059499188791 0.028784783931423696 -0.28772900416418334 176 375 510
101 0.9373398932231835 0.749985400072793 0.024866917552879286 -0.4178810887600637 568 176 576
102 0.9150124783445097 0.6048754317101969 0.7677611754903015 -0.5562389276015257 77 505 350
103 0.9151125317566817 0.6048281309763672 -0.8446849130157416 0.4654087810209177 350 430 56
104 0.8921048083486218 0.9106397736263669 0.44010463023908636 0.30109527819822307 251 221 511
105 0.8920653742781844 0.9106955452167121 0.03266128083457718 0.0009686020093087853 284 511 438
106 0.8942579636339573 0.9117734379199837 -0.07240026781221709 -0.6013564691727865 438 588 89
107 0.8933697387538752 0.9107371808746102 0.355053053705803 -0.3256493008574595 235 221 468
108 0.8943260277630322 0.9116332572130216 -0.08264637675939844 0.6545155448764266 588 235 34
109 0.051982156996230364 0.9511783311907834 -0.19975403796335112 0.18380745328561154 469 261 439
110 0.0740813807665471 0.4783695660407583 -0.1796209339659195 -0.449405632006088 57 53 340
111 0.06306911909325565 0.5243836622695204 -0.05047940954128194 0.06952295406037479 128 340 68
112 0.03190221292897277 0.36315578516032376 -0.11954352453682343 0.3051091195991305 194 480 196
113 0.12632411161275375 0.35057079091117127 0.032800296159707365 -0.15404128580337462 97 275 286
114 0.37429016551709116 0.5736573167591712 0.21971737484971499 -0.05670036593019567 308 179 527
115 0.38745012044562116 0.23845909774305646 0.07020848659389234 -0.2738882814989907 572 444 173
116 0.25296496553105285 0.453568889423441 -0.30356451935498185 0.31873421124650747 205 405 475
117 0.22081893140772502 0.5278957686090843 -0.7765433914278496 -0.8400137252939036 585 75 164
118 0.12264606521537458 0.3360166358242275 0.07303635266020514 0.038441304653358266 535 485 275
119 0.978169570182111 0.42551392974506846 0.09966985917153615 -0.10603654412855157 211 390 366
120 0.3889110566250551 0.20924858272578162 0.04686285456911854 0.0020937279687771593 444 220 162
121 0.16522621242454738 0.8850440740415427 -0.05144678155710736 -0.39236803806019793 395 449 232
122 0.6192434161864749 0.46330551266646286 -0.03794188158101619 -0.1389213570568426 515 433 367
123 0.44120475678415244 0.5070660149240271 -0.11622276058220748 0.15063002373194578 382 592 238
124 0.32188214569350665 0.9566063665939628 0.22903035683252693 0.14404628427555632 242 528 54
125 0.46172928454148465 0.9236631337423499 0.049734515811250546 0.2764479381522911 87 121 118
126 0.3682919730578304 0.7641644186678731 1.1037230755794933 1.1554128048490584 240 92 333
127 0.41541199588346006 0.7383676224199455 0.09228157968002192 -0.5443817958915839 333 256 520
128 0.36812393714078795 0.7639804511351023 -0.9601046472479705 -1.104756858040577 73 108 92
129 0.4154134234596129 0.7384739790629902 0.10840274652672076 0.5855009488701562 63 170 256
130 0.6192362126898631 0.9414771643938182 0.31473594783453135 0.09696388218445681 577 279 29
131 0.5575038522980715 0.87137333320914 0.012812312322196817 -0.1713132729425082 460 285 217
132 0.5855342820925713 0.9378560616224262 0.15380235904305373 0.07736605661667895 420 217 577
133 0.5699933808538212 0.7316790131510167 0.008832238412859184 0.39530042850177693 587 336 107
134 0.6574639227809218 0.7646164148419916 0.02514954355881116 0.09307495676957878 320 559 247
135 0.5976802510001589 0.761385358844743 -0.3638426719632104 0.055211729632631545 215 107 320
136 0.3108672616639867 0.7904801815739403 -0.06260734436306162 -0.3022752575939378 381 5 184
137 0.31952180907847777 0.9138929471969224 0.45303542858603996 1.5441318864989253 391 354 80
138 0.5216572121721677 0.7780319853013912 0.3339634482152354 -0.12256119886339123 401 166 72
139 0.4486747716291378 0.7378484764104899 -0.08047789871307424 1.5047940763940402 520 411 401
140 0.5306042322697052 0.7719433222783443 0.10326014748124335 0.03092929488912599 166 537 248
141 0.5318282476963712 0.7454119721318195 0.1390489254987637 0.3428646307840344 322 540 537
142 0.7031248005940633 0.8449516545735575 -0.04630250171992756 -0.3253167428149406 426 180 141
143 0.6833005311006244 0.8399588304941457 0.39819743474778235 -0.23175355905180606 300 358 426
144 0.7043476064522165 0.8420126075563944 -0.2796584509107136 0.23618673596764728 180 554 85
145 0.6859394575986386 0.8318200014750452 0.17639907538141708 0.5150727388006371 358 247 554
146 0.6284532478376686 0.869594362565599 -0.019477717355664836 -0.04391029068129271 110 419 300
147 0.7960111037964241 0.8869561865225971 0.3196710222634516 1.132245645350349 293 483 316
148 0.8162584918846496 0.9453948883085799 0.030919563437370456 0.1608792220969546 245 316 459
149 0.7951075973976185 0.974019234217665 0.37923133083456506 0.26108801911493534 445 245 257
150 0.7801297870027476 0.9798727344091549 0.2865455810130424 -0.016509053499258464 412 445 174
151 0.7198814273327548 0.929227549331268 0.12705877530660992 -0.1976984263796222 531 330 412
152 0.7960051132459152 0.8867812115656268 -0.8938597655778168 0.4167321743925572 580 327 458
153 0.7959507311010358 0.886811250933707 0.909028588105896 -0.3806114318573132 140 580 293
154 0.7337973589464636 0.892854770875193 0.09881102533415564 -0.004397190250804428 330 141 140
155 0.3108652577361489 0.7903989419110656 -0.045611895030796094 0.38169880385205934 5 1 73
156 0.27987795657629283 0.8001552671315504 -0.15730596547580689 -0.24902797463033366 594 142 381
157 0.5534513136156707 0.7840225185303521 -0.12733940429887625 -0.05698296782347123 93 248 429
158 0.21256912054966282 0.4862231585092789 0.006353140930004386 0.07890225486861802 231 205 498
159 0.16690189500843103 0.4732221095044054 -0.27844819034327734 0.18687117826597524 47 259 231
160 0.2993453399035726 0.5078850971742203 0.186726694696715 -0.26672066916200166 164 363 289
161 0.30263259141257526 0.49579996496987244 -0.03685670223879667 0.47430430364509 363 475 331
162 0.3710783356177404 0.5066951782672697 0.20435794081258285 0.48382786683315304 331 369 249
163 0.8296805895521684 0.29481705813706116 -0.043638953908797795 0.21718813882770638 490 406 236
164 0.7402861407514226 0.27274960501906254 0.005137230224550038 0.001264708476833576 512 58 418
165 0.7616971004771451 0.2563779206356572 -0.17783496168710666 0.13235493326324566 58 200 406
166 0.9233354208368083 0.3509662888284215 0.20761213234687936 0.18771619328394884 409 51 172
167 0.8606897406871572 0.3284127139301444 -0.30977646732488484 -0.006065028687607388 464 262 409
168 0.9420800231744669 0.423179791266208 0.14414497720438568 -0.10530361721494685 345 172 211
169 0.35378895830923246 0.1841127745692774 0.06573033575762999 0.05895579476000723 270 478 220
170 0.8268419140411489 0.7315617598926587 -0.0007246939159877286 0.050338608281741415 91 74 455
171 0.8479935576881665 0.625885301153386 0.08350887412134078 -0.1798156235022219 31 302 201
172 0.9989274031849833 0.628972871451332 -0.11402969332121281 0.12466952952025923 241 265 526
173 0.9987417051751439 0.6291296892486873 0.8897312216680792 0.06578957250941847 136 241 509
174 0.43684772660905485 0.5759447447929444 0.23664709690267555 0.6761687003156172 298 376 398
175 0.440365372984614 0.6295530894534909 -0.09587137195232742 -0.03821778726820213 332 398 255
176 0.22240116952828184 0.9323988148800784 0.05202167863149754 -0.19585167029823047 427 15 525
177 0.20120839631995396 0.7148087257767008 0.14436760190084108 0.2244119362559971 99 129 41
178 0.22677843388224656 0.7049058382463144 -0.2255917078142211 0.392385190312039 129 159 325
179 0.24175391851885708 0.750511375592122 -0.3399854848877299 0.48560293864361237 40 325 252
180 0.04390326043570668 0.08667928370305349 -0.28879315432106534 -0.014677478156477353 209 599 425
181 0.1174960758330549 0.0890968239100786 0.2511744593564069 -0.018614045374509836 425 400 171
182 0.6767402463146274 0.22633720806666807 0.1018994249866827 0.040583700242158925 16 506 584
183 0.6613275635579964 0.26238412711808373 0.23601165577533284 0.20845993722981743 101 16 465
184 0.676730369215291 0.22633837063497142 -0.3010117884448906 0.056792857154158154 584 222 352
185 0.6838175006424512 0.24939622915158133 -0.23290329213832006 -0.0695803675093698 313 352 512
186 0.6614070627328971 0.2624573877844625 -0.2842228895516769 -0.2708453891475974 380 465 313
187 0.2994605077720669 0.11058792576121422 -0.08523946930238946 -0.00028585050992901984 223 62 477
188 0.3358637104324306 0.10041857474514025 -0.08597204406712855 -0.07689652595233021 477 564 383
189 0.9297181629974021 0.03458460208395621 0.06764202566122979 -0.17262011160756874 165 454 561
190 0.7420972714942305 0.7201633291150227 -0.060537583458511804 -0.27894702210530703 492 417 365
191 0.7863916904529538 0.7740704909878143 -0.05430168606435082 -0.12422726319849531 11 365 348
192 0.8212374744002875 0.7640432484293954 0.04386397356448413 -0.15838175076998695 348 91 19
193 0.48753662295737143 0.7136099402796273 -0.03915962415446117 0.1117377738946157 541 567 322
194 0.44866755666754676 0.7376433686108832 -0.1952998185020911 -1.5089775620821724 411 170 541
195 0.046079755308398945 -0.00040906339707567213 -0.13924032794820906 -0.16368362255880786 482 227 65
196 0.06894757042915148 0.9839595910185532 -0.3202983510364188 -0.0612863936683139 65 439 228
197 0.11690681264136338 0.9970072112433285 -0.04846399878633001 -0.017432641441494923 228 596 45
198 0.027185002150177377 0.9574906119146275 0.06684302208145951 -0.501897883659324 360 303 299
199 1.0271660714496562 0.9574697969400633 0.6766767280161996 0.47512314771261993 213 553 360
200 0.0272065902694153 0.9574756934057237 -0.7684428069370087 0.2860472236246997 303 553 469
201 0.2660504886582633 0.9843033926027919 0.29991065395029715 0.07874878110714079 403 525 27
202 0.22061362241920224 0.5277805729001742 -0.04069752006642495 0.48338878289684234 157 498 75
203 0.08224346277773478 0.4709592248613412 0.8750318004644504 1.074610550964492 53 102 396
204 0.22062893171345294 0.5280290982040393 0.07885029786221243 0.2951904185417029 125 2 585
205 0.2205322131713905 0.5278718024409328 0.38356338712553906 -0.2630214653769145 575 157 2
206 0.18614085486820997 0.5249533549826095 0.0982855463682597 -0.016635667843267754 214 100 575
207 0.1318040200479952 0.7403366022278323 -0.014943362866559617 0.3190760836102591 410 414 339
208 0.14524179731957756 0.7788728644905074 -0.09697323879228475 0.063133563654727 0 339 296
209 0.0880588705775521 0.38794652601860247 0.03241637791528973 -0.12602335772160522 461 97 547
210 0.031974944071680736 0.3634959701532355 -0.24068497801342167 -0.26073339892294584 131 194 461
211 0.0820982687657403 0.47079776914960064 -0.9648779924836207 -0.9713622299890065 17 361 102
212 0.07398392506788586 0.4782625741619238 0.4322864106823601 0.21265000988660454 154 17 57
213 0.16722409103757382 0.3145580944057096 -0.2886801606788447 0.05445443627266622 28 543 288
214 0.23270295651726264 0.38612125421312354 -0.4263509462143489 0.06464303675679517 521 206 405
215 0.17395752507972995 0.38999161087913614 0.07981683022850738 0.008084975744448997 152 487 521
216 0.15112486169518416 0.35348431146807274 -0.08055643999083095 -0.19290088415502282 286 28 487
217 0.07118234662021493 0.3195001700457883 0.10951498111144709 0.0642105445203267 196 186 535
218 0.1572274630395936 0.30829242687178127 -0.11503805321527727 0.17334557695508623 485 253 543
219 0.22666226434937223 0.08599229586764935 0.1336816865538104 0.3382663329998259 529 124 60
220 0.42881571985883116 0.5705412757143425 -0.7429535782662905 1.4507556643317623 527 291 160
221 0.4367977950642532 0.5754345654148348 0.09705204824067255 -1.98224108007502 7 542 119
222 0.4289695178424425 0.5703171984302604 1.0961944812740392 -1.2266677054983455 291 138 542
223 0.3590670812124492 0.5380043711057587 0.1883778744105058 -0.2559390029771569 289 263 179
224 0.25140008214312115 0.845415563146115 -0.19744817894400135 0.06911250246009532 71 22 579
225 0.2513496365237903 0.8454728898074155 0.09050881847786447 -0.33082708089784757 453 71 144
226 0.7730875371463335 0.34752250737867624 -0.16735720344274174 0.09536808773247252 112 431 145
227 0.7484841999933398 0.3330148481422952 0.02154928145647883 0.22631737317535539 341 418 431
228 0.14958880666331123 0.44789969138549346 -0.018423173403503412 0.14123930185128142 115 152 259
229 0.8254069489934894 0.32677726583146105 0.018245352798040848 -0.04357353332318237 145 490 306
230 1.011505120736716 0.3703495021419176 0.2902125439269154 -0.45172582861796595 390 423 131
231 0.9350442320723693 0.5546631232384803 0.12088686926481351 -0.005438548786665387 582 301 321
232 0.9356836441396762 0.5556698748654516 0.062176879790654116 -0.09272011307608768 178 321 267
233 0.10739383789821626 0.5838495386568432 0.12280263472774777 -0.1580067113607364 309 94 450
234 0.15365060069573172 0.6187805590929449 0.003599027673106825 -0.3802198819680136 450 314 224
235 0.9648479180783479 0.9226931871213606 -0.124815003357771 -0.418012614865175 18 226 213
236 0.24146272682394604 0.11443799084891007 -0.26242331326096874 0.9445962324665119 198 60 378
237 0.35578105911751085 0.978034694780217 -0.02874313660347627 -0.19934401638069255 158 397 148
238 0.36001627394301206 -0.021087978372024103 -0.29609524814649957 -0.2548486168624242 148 151 474
239 8.619758773750248e-05 0.1349102973082639 -0.36374431435371846 -0.07066370109767936 504 209 310
240 -0.0061113636397676155 0.20300806017615292 -0.31066614107622126 0.3706728225576217 35 310 502
241 0.1422667484751744 0.12073651180425654 0.1487260516130906 -0.16784842890582574 472 171 287
242 0.13167296917281196 0.18397400414419265 0.02029496154465349 0.45826895472833584 312 472 185
243 0.8827326209732672 0.46937027175824236 -0.017643964761449027 0.17643482300155888 319 368 33
244 0.9077512092069979 0.4686522918555796 -0.03967381388692015 0.16450789931676812 33 345 335
245 0.4340148718738105 0.48484276156524897 -0.031876775524741774 0.4832233224671967 369 233 592
246 0.241708295534642 0.7505566704294856 0.3123424666693145 -0.16148244569595596 189 40 208
247 0.1850534736759752 0.8522176936061905 -0.14585728180804836 -0.027246514766599006 372 532 449
248 0.25129944276983784 0.8454407633456316 0.6276306392912824 -0.050234335978059305 532 565 453
249 0.25122526846865045 0.3235423295148631 -0.3403063671136852 -0.2801138907632117 206 424 273
250 0.4161452078007875 0.5311568112713815 0.055708646029550835 0.028862805201423924 138 199 382
251 0.3193953422483443 0.9138326017975952 -1.2607297663193122 -0.2270689538279953 528 413 391
252 0.3194591317671081 0.9137207935586728 1.098879932493889 -0.8191277752796081 147 354 413
253 0.2523128316562964 0.8455204616862737 -0.19890468805437017 -0.0161039662833172 546 579 594
254 0.2558023665324427 0.8578655952284281 -0.47662824271144794 0.0024035783183651988 187 546 147
255 0.6233344024296719 0.938078688811713 0.013739968586718235 0.3464359357870615 279 110 297
256 0.5817250382183868 0.8376875009985724 -0.45105235266332816 0.24757749079464506 285 52 76
257 0.5818984394589175 0.8376208605485469 0.06633921504169875 -0.3427644910605895 76 555 419
258 0.5652111917387876 0.775467386068083 -0.1325402685173338 -0.03938035592065958 429 183 435
259 0.5797739779085292 0.7806686010298556 -0.22327025974572257 -0.0697982546760123 441 435 215
260 0.5818343132553145 0.8374540967173852 -1.1740342235986179 0.41507945870581164 324 441 555
261 0.5519829952392484 0.8122703598293493 -0.14542367882813823 -0.061416124963464824 67 93 569
262 0.5817210967276112 0.8375171205874506 1.0008719458770705 -0.5913294491110936 52 569 324
263 0.2556287829775329 0.8579091944262165 0.2212178111375175 -0.33573113922182735 15 144 187
264 0.13648929381920186 0.8689456520302499 0.24020324965179363 -0.16916846812264907 212 457 395
265 0.1551148632739036 0.8149032775653753 0.36856336340621193 -0.18232679604654206 457 274 589
266 0.0725182265214007 0.8881532295004917 -0.12495926411670855 0.028929899448248975 261 578 212
267 0.3320886305308833 0.19559216121195888 0.3886119377682906 -0.09276536865054918 244 270 82
268 0.484547608292331 0.5570730691610313 -0.07080009981064173 -0.05334488996366904 105 156 323
269 0.4860244612712628 0.5271568941501941 -0.08292995942738024 0.11257715905321763 238 326 156
270 0.3035932461990885 0.9784149839285092 0.41023767612113904 0.04410975439073095 27 242 533
271 0.9150313188804584 0.6047481791961975 -0.45034401113987077 0.8810059361308666 516 277 505
272 0.8881587113381838 0.5611017040359376 0.07259926878416811 -0.17268006868159658 225 254 516
273 0.9151743693404243 0.6045989679793441 0.6378028006507729 -1.1498259247944702 277 178 430
274 0.7810072319914131 0.0321639601909156 0.23881199309738754 0.12763329559906111 44 373 344
275 0.7341261614834856 0.0724500993774116 0.2946059840525095 0.1339088312457548 489 44 123
276 0.10985927487540337 0.5761891995900844 0.02040766965138996 0.1340660233870028 94 68 353
277 0.05261094062463121 0.8718137664648784 0.015314189152904056 0.14023934478968325 150 374 578
278 0.060412227231315896 0.8003148839797005 0.09812709117484886 -0.22841484814684065 563 175 374
279 0.26611420067558966 0.786596655145904 0.1876417509219519 0.015566648968109997 32 208 544
280 0.26957888411386477 0.7861536392850944 0.03070337755740893 0.029512323834746113 544 598 142
281 0.6974329834780663 0.715802455420717 0.203604613724373 -0.11621754825857922 559 463 492
282 0.007361153556589424 0.741656509519271 0.007449825503128178 -0.5465543188469318 576 495 234
283 0.0074349858317083375 0.7416874599794494 -0.2558111963712551 -0.5918161388279415 234 122 563
284 0.24142126879907153 0.11456767981070504 0.29271543579853854 -0.9948463065986238 389 198 59
285 0.1836418484480694 0.10447954243218924 0.7007442162068525 -1.4163403505709293 216 169 389
286 0.3748281483996361 0.5214088552830718 0.037633970419170826 -0.014150758516351392 263 249 199
287 0.26952635428162347 0.3076694082269744 -0.2755000026721799 -0.3365046175735076 273 356 84
288 0.33634138137055075 0.298755459017525 0.23041509186749742 -0.36731015382041043 84 113 207
289 0.28263732592648855 0.16123239213865423 0.15018133785182908 -0.21469165195631135 442 223 244
290 0.26288587748451175 0.16451072420995913 0.15882122214594396 -0.18216844213658767 451 428 442
291 0.22773519006824358 0.2374370295286557 0.015564862940187218 0.32621391716364245 566 451 356
292 0.5405058512424515 0.49757755124306546 0.04760047772611742 -0.011443027775337455 326 3 355
293 0.7911671810109103 0.7030491719697406 -0.12720984543523883 -0.048745578407061174 501 139 74
294 0.7925407257389246 0.665914680675095 -0.11139154459938183 -0.05105215833411947 466 31 139
295 0.7421578980136101 0.7199704026794439 -0.15855590111799217 0.033230095628292156 417 351 501
296 0.7078618564990519 0.6945927949483084 0.10773848289208354 0.04737236089513708 377 64 351
297 0.8434845520069157 0.568599637479239 0.06815165792817268 -0.22259693428783311 302 37 570
298 0.16979540880332494 0.5996070119062018 -0.13881595109510592 -0.18997503396789295 314 20 524
299 0.15467048976925343 0.5727855321206402 0.043769047414210505 0.11134480976116023 353 214 20
300 0.6499481606566839 0.5805043274790114 -0.038851466835354564 -0.04772207490288949 416 519 283
301 0.6691331164295236 0.44656424267761513 -1.5691484404819638 -0.8855637394862134 367 42 268
302 0.648625206748539 0.5577142288564922 -0.019636446635384885 -0.015814105233658005 519 538 488
303 0.4367672714005106 0.5757313269421841 0.08702978881991712 -0.9380973008246479 160 595 298
304 0.6130209913642108 0.6014284529070169 0.003520557456671014 -0.10025752311682012 155 416 545
305 0.4369127255752711 0.5756875658039919 0.18257051960729812 1.06143932132206 46 119 105
306 0.4367927449907915 0.5756957902345639 -1.5268943011462242 -2.195313466172373 376 55 46
307 0.43681598989723613 0.5758708581992119 0.26183178017353614 2.897909870390751 595 7 55
308 0.5826647973194746 0.5783772341100637 0.13457685313356116 -0.0012911630098422222 177 305 155
309 0.5379208565049811 0.5954282340435199 0.025845411921743278 0.055732765624760816 556 323 177
310 0.20432448867728648 0.7394646882658307 0.0623702492430489 -0.06997788772056257 493 41 189
311 0.9747385519634508 0.6900385153857014 -0.17470487886223074 -0.1437522207173303 317 496 548
312 0.007485287514629562 0.7367982194153632 -1.5928670864877552 -0.10078555285128596 495 548 388
313 0.9778729851436092 0.6779064255119097 -0.19805582174292624 0.054415556956233235 496 491 130
314 0.24153763325792832 0.11468273354709345 -0.04372108085997934 -0.04759701537255818 59 271 428
315 0.18353647115525362 0.10461684019282592 0.7939535562388701 1.0483668585130985 287 432 216
316 0.1834887213198843 0.10450150579115115 -1.3716793563104757 -0.09192550183784262 432 437 169
317 0.18426014146094988 0.09529911165773516 0.022353461963386945 0.31981052649870945 437 394 529
318 0.2174513861465519 0.24150135467830183 -0.07903259158226206 0.3625413459024118 86 566 593
319 0.11762845889932914 0.7689707387432778 0.10259480452690095 -0.14566666657611638 175 479 266
320 0.1443776569440612 0.7797102957403144 0.08101418717734038 -0.111772783151394 266 0 274
321 0.16691994464753884 0.4732024112842752 0.1411456442846346 -0.271457516095577 9 47 100
322 0.12918516825548138 0.45307429529588983 0.03284098960387293 -0.17203913948277658 396 586 9
323 0.12920112089743152 0.45290775443088266 0.009590506229342592 0.27509369362002134 586 508 115
324 0.16650054026898808 0.6993661922935013 0.10997582150507057 0.18204691365486525 414 224 99
325 0.09970631749945691 0.4364531022380898 0.4039742099133181 -1.2407930470109902 109 357 508
326 0.09957096434363769 0.4364578348102158 -1.2929900417300897 0.5147090884690015 278 547 357
327 0.09968529626848155 0.43659157615120664 1.0798442556532017 1.1295639047731323 361 278 109
328 0.16478930216167478 0.2267956270777567 -0.30251458664476427 0.234632143228386 30 185 86
329 0.14613426733684295 0.24838364529970353 -0.1391277849871475 0.004284447102653743 530 30 253
330 0.24160829476734208 0.11453793552914775 -0.093690771609564 -0.3581436962236473 271 378 210
331 0.1552246758788485 0.8148842229185657 -0.4161957116726074 -0.04591971647762219 589 387 372
332 0.2513727929103702 0.8453834612324612 0.044374306898235794 0.5128514014572411 565 32 22
333 0.8438192020221471 0.3398545546013458 -0.10729839967915655 -0.14759751719439773 306 464 536
334 0.9690030043526748 0.3284956806121949 0.23262750961650092 0.16951411177523745 51 514 539
335 1.0106944757596885 0.3646564078192842 0.3829120059223312 0.2641705298088437 423 539 480
336 0.15342324196702628 0.7815530487595272 -0.12482880302339128 0.049869853906148176 296 493 387
337 1.0284559466838776 0.23859471796527418 0.06935538324204238 -0.2200708226762771 573 264 399
338 0.030419815291465355 0.2295348468577146 -0.08221367753247222 0.3966702102203845 264 494 36
339 0.28726336907413896 0.09926728871799603 -0.0995080753907196 0.004938657469089058 210 43 62
340 0.9038129817067109 -0.029700728109632583 -0.12557768019894056 -0.41216611720851226 481 551 168
341 0.9121297272279608 -0.062083700184476856 -0.09203129577861624 -0.5496193517667836 551 89 557
342 0.9238890707918506 0.9266324463397131 -0.38741691070487416 -0.15220725686770908 557 95 18
343 0.2920011422989531 0.05860269803259255 -0.10402688224719903 0.039240808519247494 43 334 21
344 0.32684390906899513 -0.001411289354520024 0.029488022093571153 -0.2347994177559487 533 158 276
345 0.32555440879984376 0.04091958211133365 -0.0027880642239352937 -0.008910430726594143 21 276 246
346 0.3416116376400088 0.050808129132562156 -0.14345255677783442 -0.09874060770409532 564 246 446
347 0.3804546945322358 0.024019277894132846 -0.28579358601898974 -0.03180170154992723 446 474 237
348 0.21488273427429488 0.29741359156519154 -0.08323807199062117 -0.0767753430275242 288 593 424
349 1.0031388090217526 0.2439740571425153 0.3971545241981955 -0.258931889124403 514 135 573
350 0.9964384975770934 0.21222507969059626 0.3879486880180305 -0.38287549671521537 78 143 135
351 -0.0018344075249673783 0.210980991100773 -0.4173362599512592 0.20210920862254178 143 502 494
352 0.8345175662018124 0.41703922493748236 -0.1371103862390921 0.09911003094609239 436 536 368
353 0.5951529020558157 0.5298101514121176 -0.22436573059246134 0.23187348117958972 81 515 440
354 0.08732359165918012 0.2349680575199529 -0.07583443786124411 -0.04493276029027271 549 571 530
355 0.5958190931423787 0.5319758818162904 0.3024014948280369 -0.3825851532552205 305 362 114
356 0.7151859921041094 0.6140604390349282 0.43096295719363337 0.056803170527712846 283 69 38
357 0.6950198861082724 0.7007360347424073 0.2191788073951928 0.015103735796773154 463 161 377
358 0.8595851191414392 0.5559951585218011 0.04093623426348891 -0.19542500465097312 570 191 225
359 0.7153600370980161 0.6139843493431553 -0.24901773160320403 0.3537168395207138 98 69 39
360 0.7316540412286902 0.5553832931349242 -0.15604726052997897 0.17969653889893245 39 583 48
361 0.8010532437211371 0.5365225530222567 0.3696382921969388 0.021691978768778597 48 195 37
362 0.7257761269947198 0.3849463023320506 -0.05558033651376082 -0.23322720872631653 132 443 470
363 0.7950835369366441 0.9739962241434499 -0.17073391279730882 -0.2715231082175615 393 257 422
364 0.7217061472300779 0.6288198215035871 0.2952472482426957 -0.3618568016300165 64 38 197
365 0.7837301247514535 0.008940405586984692 0.7642957851349864 -0.01247834947621252 373 174 258
366 0.5960513780456872 0.5318726002105987 -0.4190492305640534 -0.0703217978097713 114 440 538
367 0.6891470430632236 0.5293980393654831 -0.20020804875064968 0.1220482007124879 488 342 583
368 0.78378057822566 0.008940187127418679 -0.3663642817911634 0.007054596341230131 258 393 434
369 1.0127651981095789 0.5206320701174396 0.11889781346974271 0.12928071391193896 456 188 149
370 0.7644146151383746 0.38332031290461116 -0.0192136466459214 -0.262007676665732 470 112 467
371 0.6694274593470053 0.44667754053394937 1.5132877946817462 0.2852254664190959 268 315 342
372 0.8312538992129108 0.9517655595598044 -0.021530577884801283 -0.2187954451730173 422 167 481
373 0.534304395032395 0.6327195785529172 0.024445983431986562 0.04806045977856499 415 556 127
374 0.811702708214883 0.42574726882139957 0.3022887259951368 -0.03064036385724833 467 436 4
375 0.4796233368411535 0.9793217480224992 -0.07571617707813338 -0.05681881978802927 282 118 597
376 0.41670434701483894 0.03589445718110657 -0.1591362014385922 0.018965895520750564 237 282 590
377 0.7218042006274734 0.6287736828305039 -0.4191218769532831 -0.02611303416609565 197 98 466
378 0.8672031008881058 0.5123784333113168 -0.036399282372923114 0.309033497750133 346 385 319
379 0.853648447090686 0.5184059966391508 0.1374841539225624 0.21965873460427776 191 534 385
380 0.8931771547983529 0.5530934992173835 -0.06939986398057929 0.04173640183458005 254 346 582
381 0.8207223005910645 0.5056254880375781 0.28308509841812324 0.21162952015818526 195 4 534
382 0.6695230138934573 0.4461217295116242 0.3189770912668025 1.2131549210014458 315 229 132
383 0.5950457902679999 0.529850628741366 0.44565613479814575 0.17484153113213416 362 355 81
384 0.7173802094860267 0.3642972039936223 0.09021221963889658 0.08705703553879562 294 341 443
385 0.9648467603402365 0.9224933032140865 -0.1283415933966449 0.42570441594579067 226 307 150
386 0.08402014972069596 0.22512565672602255 0.0784882122836783 0.3763389622504776 36 312 571
387 0.5554167384697313 0.997062064009073 -2.871523693923506 0.3835878603414191 597 560 337
388 0.9357746805981624 0.013526322086369169 0.07607815800947382 -0.16444754481759194 454 168 104
389 1.0210795446769236 0.4857251714506976 0.17815086766903576 0.01835501195479594 366 154 188
390 0.029952380321630036 0.5347902187006843 -0.008571204510032793 0.04608365911096257 149 128 581
391 0.06064144209607085 0.2597585739344331 0.07077894936813323 -0.24544008769833425 399 549 186
392 0.5754059210486109 0.6620119787881455 0.015216256726846566 -0.004537034636875603 336 127 50
393 0.6098905130645625 0.6459984094492338 0.004146619159151044 -0.035546734306057814 50 545 161
394 0.6417910539283442 0.06692667462038353 -0.014946140852734047 0.06973059490933409 8 280 489
395 0.5557492914520128 0.9969801303311852 2.3991139628658793 -0.8887260958406751 560 420 500
396 0.6006583319894065 -0.0015025620531835225 -0.17355587800249594 -0.12348075062451613 513 347 280
397 0.5557990289528031 -0.0028685779535960448 -0.9695556602528059 -0.29003930291553526 552 500 513
398 -0.0010751227819000076 0.6292178258084552 -0.17936684088416635 0.21408413456434125 272 509 499
399 -0.003154633817062313 0.6694680613363984 -0.0861051455830486 0.038932465237784264 130 272 24
