1120
0 0.025858181795951583 0.6314064251613375 -0.2759278038694246 0.033551178502122525 111 66 359
1 -0.000996234728661716 0.6291022251506866 -0.37110411549301503 0.09004267648605058 499 526 111
2 0.7634800929459156 0.8297861160636344 -0.10356176194381561 0.14645246820821356 85 11 327
3 0.8769638845941384 0.888650057252122 -0.09717344686614553 0.4841135489990107 558 371 384
4 0.8934635264010742 0.910595212116297 -0.18819316611800793 0.38219850247438353 468 384 182
5 0.9172195222508511 0.9190306964746485 -0.2998081993020704 0.6756785257541135 386 182 307
6 0.9172422741193885 0.9189490643976514 0.058999051467495095 -0.48729484813182833 34 386 95
7 0.037569374939697725 0.6864540617711544 -0.30974800016569937 -0.03906675347803423 517 359 452
8 0.024306517245645066 0.6918154867202658 -0.19575941388738638 -0.06790828888797451 522 24 517
9 0.04724295939988063 0.5955546490977904 -0.22565855087308684 -0.05140018757843201 66 462 309
10 0.3661375783844472 -0.04250840502416746 1.2418190220908945 0.5380586282795999 163 404 151
11 0.3541388514417355 0.9696908763234913 -0.035221785384120796 -0.11064097936441808 54 379 397
12 0.3659136273875527 0.957399560902593 -1.681288158099771 -0.666721486620146 379 193 163
13 0.8728747413232567 0.21390918114816565 -0.06437598787378818 -0.034835284656864474 10 137 134
14 0.9905529986745572 0.20488016574576376 0.5982310221416126 -0.13224226956543017 591 35 78
15 0.9636478965522157 0.19230180390902502 0.4690515257449457 -0.1891635730000285 134 370 591
16 0.03429315897940974 0.07442530216251642 -0.16221699730006867 0.15826211764713438 133 482 599
17 0.13398195810266347 0.06902795635804256 0.021164702629361543 0.26360282186221884 400 45 394
18 0.5990028313652583 0.43940602136215906 0.14491864305798963 0.15133703318293001 338 447 433
19 0.6239131026297753 0.3912665948079161 0.13044766516978612 0.0571573472579745 447 25 202
20 0.7977229000308577 0.1321831657349912 -0.17619103537258596 -0.10290357073394762 243 269 137
21 0.5195978497865119 0.23356690748931896 0.151356134223124 -0.358027787972226 181 6 260
22 0.6038800933944144 0.3462402357322291 0.07061459958435101 -0.018340277907480385 486 103 25
23 0.5735735736373765 0.2240577086615113 -0.19545179918978306 -0.2650620722910446 260 318 26
24 0.5129206063735168 0.20414574212756498 0.22301447182015988 -0.020066283704101018 349 250 6
25 0.5480453759207851 0.12102380862232531 0.21084889112454874 0.23258629883171622 448 23 523
26 0.4681059515767752 0.13574850349918807 0.06317793163623797 0.20405884204599545 328 23 190
27 0.4630856928336475 0.17544321976842223 0.08199199513780897 -0.07830915568773911 162 190 349
28 0.9540459922602794 0.6901538127951068 -0.04590066287127326 -0.17781292306617846 510 70 317
29 0.9170270204779916 0.6816120978533728 0.1769877001900344 0.11750137529631388 402 518 281
30 0.8934048263649381 0.6366884899481876 0.05444573403234898 -0.17405518970559086 201 77 518
31 0.9514556882162403 0.6839566123620618 0.10816522877030166 0.16086610186288874 281 88 70
32 0.9653681350905534 0.6705542726130538 0.11660304301969182 0.20173848026133756 88 49 491
33 0.9646209104404123 0.6404566553187179 0.16252206802569447 0.10088239861538728 56 136 49
34 0.8769715969048314 0.888642972935838 0.29662988499884013 0.11598058976972428 218 558 251
35 0.7960701291098055 0.886868100114846 -0.5081644017498931 0.9652530036358521 483 458 218
36 0.8310189438740493 0.9500851703273935 0.025850962603185534 0.1462783352128641 459 284 167
37 0.024013375718292887 0.9835722792151776 -0.016966299545839725 -0.08404807405604231 104 299 227
38 0.11902827358009987 0.7421468645714168 0.11327751358453098 0.2963840237471538 452 410 479
39 0.179691446635295 0.9303350034350694 0.009080808327510681 -0.17685527833877224 596 232 427
40 0.36388672606526645 0.9210074502311372 -0.16086214200961013 0.19869021879170834 193 80 13
41 0.34693968548237947 0.8061783150333419 -0.2026177947644925 -0.32617363532327914 184 240 79
42 0.3908603805742951 0.9231855524187373 -0.3811113778728892 0.20771561033694486 404 292 87
43 0.37543172873849395 0.9113509371342252 -0.23508285578593968 0.2850272778215368 13 79 292
44 0.5564387733590734 0.7436516960305122 0.018792669156941777 0.37616175833921073 540 587 183
45 0.5376574976615025 0.8165641689522727 0.3954595380328829 -0.22802656481774042 304 72 67
46 0.4873944556613976 0.6572234011679551 0.02706644561256688 0.029979661114731826 255 415 567
47 0.9387213493060009 0.5495621310341847 0.03546554612487984 0.09293304259819224 301 335 550
48 0.952244254187866 0.5527427902220299 -0.10457994739025266 -0.29724015160293665 267 153 408
49 0.9522500433714683 0.5525647647482712 -0.12458868333439353 0.3181877464714924 550 456 153
50 0.6192741387727216 -0.058504209699339525 -0.0747294292730862 -0.5082688581727881 347 29 507
51 0.6234256674907577 0.9382004850766871 -0.5003383592177721 -0.17261119598542193 507 297 531
52 0.352035117217602 0.2533566718166599 0.26923870910522396 -0.38858287074172715 113 82 572
53 0.5291651860461257 0.8630614853967573 0.3958409020704545 -0.03412567346761097 121 304 460
54 0.21116821281094034 0.5961073968289773 -0.1912764419076396 -0.16237853631140275 524 125 471
55 0.47026583766138946 0.36543255727949653 0.007242753619074449 -0.17879824287803103 207 473 497
56 0.007601475241095395 0.736811020987218 -0.6982583793964771 -0.016419374079769053 122 388 522
57 0.8431394763507934 0.2908844275019943 -0.17609217903280516 0.2550974896597946 236 10 262
58 0.5059528532818096 0.32918862302718854 -0.02768906146033423 -0.06615121714292904 473 96 486
59 0.4880004996286211 0.2743780244986975 -0.018174566018824834 -0.17698086815509662 173 181 96
60 0.9979418093303704 0.5813286651021791 0.09074004950204717 0.0728970037111587 265 408 219
61 0.023017292885139706 0.5704868913851684 -0.03222605585162519 0.13429695376598882 219 581 462
62 0.4818484096734299 0.4219417315134923 0.07210375213562159 0.29515545632574636 233 497 421
63 0.543290568917739 0.45543146405094326 0.01717857314731397 0.2428685939859232 421 338 3
64 0.2714096126089013 0.782321262352353 -0.13320134309782738 0.37337537965934087 598 252 1
65 0.35385397714263284 0.6225611637116316 0.16939723096465187 -0.07666633716763016 117 308 476
66 0.253318171298932 0.643082273027249 -0.08265215317715402 -0.025421921512336354 159 471 117
67 0.3914599197293911 0.6543767032804231 0.18220249684008927 -0.10000528460896163 476 332 311
68 0.3955396924889599 0.7298786331254133 0.23776924630569685 0.1785039872859162 108 311 63
69 0.2634813310452604 0.04267646305150358 0.27025047755202536 0.25113317536629154 124 403 334
70 0.6743793266696819 0.3586560398561493 -0.020264696171112817 0.03384013139151598 90 120 294
71 0.6694086009590049 0.44608536050670666 -0.1130276490674334 0.6535031582473619 42 343 229
72 0.6491787537314561 0.39336415076314085 -0.050367984782972997 0.04148725599173453 202 90 343
73 0.5717183599958192 0.17603883993051972 -0.14921769115466832 -0.17666606684507702 318 503 146
74 0.5666765902583042 0.17341879347507663 0.10798681653739761 -0.03871089473278522 250 14 503
75 0.5686745874992581 0.15128756095902723 0.3296391476323652 -0.02338115636974121 14 448 290
76 0.555673897187322 -0.0027957771221549035 0.081909893426854 0.12017843253756336 337 552 192
77 0.5619089720354955 0.10400784134414172 0.12916051457534383 0.35077654357562604 523 192 116
78 0.5687741380218896 0.15126801122373137 -0.2813660624693785 0.09665208861389402 290 329 230
79 0.5771571286422703 0.11469077967181754 -0.05772474165333108 0.2231287134224491 329 116 203
80 0.6451875628799669 0.17266725277259912 0.13020296140081947 0.025965474778968933 83 392 506
81 0.5784894697413276 0.16912281051120737 -0.1779276923713491 -0.1112087500212966 146 230 83
82 0.6892266131436986 0.1981520324307306 -0.28149889572115505 0.24753493421680872 222 204 574
83 0.6453634913751477 0.1724456868882419 -0.13776387638086626 0.36322997873914664 392 484 204
84 0.7440271498599115 0.1892270558948869 -0.24163954101541485 0.25696729605284574 200 574 407
85 0.7741615145094156 0.1358009707895438 -0.037062288307798674 -0.12615129947601833 407 123 243
86 0.6186749317933674 0.10718273990420657 -0.10741197792318857 0.2363481577116744 203 8 484
87 0.8083562803139149 0.054294170668237655 -0.39171194350556326 -0.1805112486626825 106 61 165
88 0.8083664512840784 0.054284270528690934 -0.12251918951457859 -0.45048374342485836 269 12 106
89 0.7943375746732397 0.03919560869646237 -0.4066950879636367 0.44689728309014326 239 434 61
90 0.794246351702642 0.039273919794996934 0.5623316397598832 -0.406247933719666 344 239 12
91 0.643456210272484 0.2713723964315019 0.15013055451595925 -0.013290564482293377 26 101 364
92 0.6458280324647057 0.2973057964370108 1.8299594963607029 -0.12046969686105233 562 380 120
93 0.6454737886874684 0.2973049229958817 -1.727831822539816 -0.12747943718149957 103 364 562
94 0.4196795404330106 0.0987739328881417 -0.1751943201622197 -0.006018206766267298 126 590 328
95 0.36223416925479857 0.12281719057427995 0.02394655793103162 -0.04286084195892492 478 383 126
96 1.000090923766039 0.13491737932754563 0.3409247318575891 0.17189988196924275 370 295 504
97 0.9969065078621632 0.08877556744758432 0.2239340983478666 0.011382950831917427 561 133 295
98 0.9081510226814568 0.7049673183497207 0.26506308745122276 -0.11409021193065083 455 402 375
99 0.8796270653578759 0.8025394840691773 -0.12659510800760998 -0.22458220561016873 19 568 371
100 0.9297713599873086 0.7177771880383284 0.028835950988126413 -0.2876188055084272 176 375 510
101 0.9373423736191415 0.7499435993538651 0.024803959580710355 -0.4180071892789794 568 176 576
102 0.9150613511527003 0.6048164971131911 0.4887280819057321 -0.5893459700576196 77 505 350
103 0.9151293407757932 0.6048327336677873 0.1680901911150362 0.0460269142013559 350 430 56
104 0.8920900411707106 0.910646751892661 -0.1476717791126271 0.06978266294075264 251 221 511
105 0.892128807152041 0.9107122106323278 0.634328738565945 0.166654156155742 284 511 438
106 0.8942683322819718 0.9117219160324778 0.10368648014561897 -0.5152188750585712 438 588 89
107 0.8933959989106643 0.9107130756632716 0.2626015678915345 -0.24105211338554688 235 221 468
108 0.8943045784750475 0.9116854398912592 -0.2144928798458864 0.5218267823761409 588 235 34
109 0.05196218229517051 0.9511966967410446 -0.19974701059854993 0.18365550261134622 469 261 439
110 0.07406480242793743 0.4783256706561615 -0.16578338609676488 -0.4389538459684218 57 53 340
111 0.06306402060905138 0.5243905988299437 -0.05098484204268949 0.06936560423276283 128 340 68
112 0.03189025547175113 0.363186295422337 -0.11957457221644166 0.3051026201323671 194 480 196
113 0.12632739015359534 0.3505553806710734 0.03278540841589184 -0.15410240097879502 97 275 286
114 0.3743121550132873 0.5736519023170127 0.21989496196139768 -0.054144421585133884 308 179 527
115 0.3874571313589641 0.2384317126190269 0.07010913342930802 -0.27385124029555286 572 444 173
116 0.2529346094245355 0.4536007595648974 -0.3035610651735965 0.31870141456447065 205 405 475
117 0.2207467667418739 0.5278795812003978 -0.7216466585109951 -0.16187408686423652 585 75 164
118 0.12265337160380288 0.33602047880531716 0.07306388428302002 0.038429810896023486 535 485 275
119 0.9781795342067164 0.4255033248892555 0.09964024605402244 -0.1060485581294568 211 390 366
120 0.38891573842604366 0.20924879234796234 0.04681800988559637 0.0020962218072462235 444 220 162
121 0.16522108249362288 0.8850048660903514 -0.05129930924496762 -0.39207951191277957 395 449 232
122 0.6192395319420211 0.4632914132179791 -0.03884244453855601 -0.14099448483739785 515 433 367
123 0.4411931357842609 0.5070810783592485 -0.11620999891548411 0.15063435221396304 382 592 238
124 0.3219047417410744 0.9566207708054669 0.22596047567768895 0.14404211504115416 242 528 54
125 0.4617342552626804 0.9236907703019185 0.04970721195762806 0.2763655956861122 87 121 118
126 0.36826700130106566 0.7641317401285981 -0.24971756764735445 -0.3267853927507638 240 92 333
127 0.415425606001064 0.738514074239582 0.1361011760391451 1.4645181963657663 333 256 520
128 0.36816317973742 0.7640182007748727 0.3924259663209105 0.3774963977043813 73 108 92
129 0.4154202746478731 0.7383317654748618 0.06851188260242674 -1.4221358812834395 63 170 256
130 0.6192684711645372 0.9414863499964081 0.3225847467416159 0.09185602589835548 577 279 29
131 0.5575051096917398 0.8713561893427441 0.012573936683524245 -0.17143866395952223 460 285 217
132 0.5855498691491473 0.9378639073783461 0.15587056576005232 0.07845755919944075 420 217 577
133 0.5699942504167151 0.7317185465557263 0.00869562893912601 0.39533404709579667 587 336 107
134 0.6574664353563473 0.7646257214393594 0.025125754254951005 0.09306597367753078 320 559 247
135 0.5976438789063845 0.7613908806273575 -0.36372093774328373 0.05521782614481552 215 107 320
136 0.3108610050430679 0.7904499683558054 -0.06256620918782592 -0.30213218134891295 381 5 184
137 0.3194960894056006 0.9137716983154796 -0.25719672877187133 -1.2124888144286055 391 354 80
138 0.5216905343429369 0.7780198887819454 0.33322170769206627 -0.12096519445836673 401 166 72
139 0.44865886560586715 0.7377983303999862 -0.15906023270696126 -0.5014601050373768 520 411 401
140 0.5306145731886249 0.7719464285590978 0.1034091891977118 0.03106280753450985 166 537 248
141 0.5318421434489059 0.7454462551302735 0.13895752534742734 0.3428299845398275 322 540 537
142 0.7031201656188082 0.8449191195681905 -0.04634975255164708 -0.3253500536690157 426 180 141
143 0.6833403675089285 0.8399356657888875 0.39836408304017024 -0.2316470525814962 300 358 426
144 0.7043196328574044 0.8420362269792789 -0.27973594812075175 0.23619422884549324 180 554 85
145 0.6859570846756242 0.8318714909120994 0.17627076985549106 0.5148943705429732 358 247 554
146 0.6284513412045534 0.8695899338516756 -0.01906633115278389 -0.04428713923365635 110 419 300
147 0.7960565175536871 0.8868724244467795 0.45413757262938775 -0.8376207581760418 293 483 316
148 0.8162616560507663 0.9454110277984633 0.03164166116620404 0.1613948988343772 245 316 459
149 0.7950016075411758 0.9739060849312351 -1.0598985644275678 -1.131492864299557 445 245 257
150 0.7801586713490165 0.9798712294596219 0.28884346268964745 -0.01504949533048805 412 445 174
151 0.7198941401398813 0.9292077831172553 0.12712807126447068 -0.1976621401278411 531 330 412
152 0.7959676911180285 0.8867343964441117 -0.3742212788672254 -0.46815121515172453 580 327 458
153 0.7959771817964657 0.8868648823275526 0.2645069542992688 0.5363139384554011 140 580 293
154 0.7338072327645462 0.8928542751695637 0.09873818082595243 -0.0049570562932199635 330 141 140
155 0.3108605702615542 0.79043686461497 -0.046874745946758056 0.37922703904398225 5 1 73
156 0.27986223137053723 0.800130370668777 -0.15725205755601213 -0.24896462773316141 594 142 381
157 0.5534385831693556 0.7840168158371212 -0.12730446315167843 -0.05702693230830169 93 248 429
158 0.21256971579143535 0.4862310898722758 0.005952417725385573 0.07931362996926872 231 205 498
159 0.16700918124817762 0.4730932033498541 1.0728623974660403 -1.289061545512929 47 259 231
160 0.29936397145853466 0.5078583269096041 0.1863155496203972 -0.267702646161716 164 363 289
161 0.3026289172651827 0.49584740210430134 -0.0367414739257943 0.47437134428895966 363 475 331
162 0.37109874238764273 0.5067435603100342 0.20406769902364674 0.48382042764499866 331 369 249
163 0.8296762341795607 0.29483877652434076 -0.04355372607706132 0.21718387279573426 490 406 236
164 0.7402866490078803 0.2727497335977727 0.005082564577540971 0.00128578710179017 512 58 418
165 0.7616793050493055 0.256391162479598 -0.17795427839639721 0.132418439408033 58 200 406
166 0.9233561835318438 0.3509850581053181 0.20762695035481116 0.18769276896590803 409 51 172
167 0.860658764055689 0.3284121059248663 -0.30976631468226934 -0.006080052780688128 464 262 409
168 0.9420944382760099 0.4231692635828302 0.14415101542986086 -0.10527683377836716 345 172 211
169 0.35379553045060524 0.18411866835570853 0.06572141372784834 0.05893786431121484 270 478 220
170 0.8268418412035796 0.7315667862662816 -0.0007283756930931418 0.050263736228739475 91 74 455
171 0.8480019050787925 0.6258673211046861 0.08347390625940143 -0.17980048699905993 31 302 201
172 0.9989175133902778 0.6290101690515738 -0.09889794705560377 0.3729760024185355 241 265 526
173 0.9988132967640324 0.6291399923570066 0.7159158888842476 0.10303108319308953 136 241 509
174 0.4367974300547704 0.5758533111126204 -0.5029655428446687 -0.9143368032404333 298 376 398
175 0.4403558448952548 0.6295492751258871 -0.09528089359167602 -0.038143276037683194 332 398 255
176 0.22240638385038095 0.9323792382669006 0.052143220991007766 -0.19576613177751945 427 15 525
177 0.20122282103668754 0.7148311710826967 0.1442471673357426 0.2244530599576633 99 129 41
178 0.22675583982458009 0.7049450759342395 -0.22594057666469602 0.3923768792518656 129 159 325
179 0.24172000098382745 0.7505599065536325 -0.33917535029621143 0.4853096151048687 40 325 252
180 0.04387436718864095 0.08667780610124522 -0.2889324706573104 -0.01477601808269613 209 599 425
181 0.11752119573952231 0.08909496398855625 0.2511990646741902 -0.01859921522351371 425 400 171
182 0.6765509224625162 0.22635459792642246 -1.8932385211114486 0.17389859754386802 16 506 584
183 0.6613510630916729 0.2624048500947154 0.23499533676531745 0.20722976631676499 101 16 465
184 0.6768996390527108 0.22633082032532295 1.6926983741985557 -0.07550309648465336 584 222 352
185 0.6837941326242363 0.24938921319737484 -0.23368018214897646 -0.07015954206490704 313 352 512
186 0.6613787217865964 0.2624303838839153 -0.28340946300658887 -0.2700390054714017 380 465 313
187 0.2994520007215862 0.11058789348880031 -0.08507050480721645 -0.00032272413907907804 223 62 477
188 0.335855115112905 0.10041089259508527 -0.08595319525572798 -0.07682150054977299 477 564 383
189 0.9297249274735688 0.0345673394527012 0.0676447616670961 -0.17262631255010596 165 454 561
190 0.7420912073134628 0.7201354740929092 -0.060641807677827564 -0.27855022113486194 492 417 365
191 0.7863862791358649 0.7740580619311416 -0.05411317088865886 -0.12429056672758065 11 365 348
192 0.8212418556620992 0.7640274159385909 0.04381261811681192 -0.15832490804501553 348 91 19
193 0.48753254157519477 0.7136208553696397 -0.040813821766683134 0.10915090012386663 541 567 322
194 0.4486561551708962 0.7376932131946017 -0.11401496650552574 0.4984458371845883 411 170 541
195 0.0460658328221448 -0.00042543861530567467 -0.13922486254147604 -0.16375218230002542 482 227 65
196 0.06891554437439193 0.9839534626865793 -0.3202605475954856 -0.06128331973831447 65 439 228
197 0.11690195973217776 0.9970054684753152 -0.04852909185615317 -0.01742768013235363 228 596 45
198 0.027187909703709455 0.9574590299515267 0.02907553532079186 -0.3158196310079072 360 303 299
199 1.0272449788497973 0.9575094269010574 0.7890740014105041 0.3962996099410651 213 553 360
200 0.027122276917441825 0.957493484611521 -0.8431335197347296 0.17791205797273393 303 553 469
201 0.26608047380499 0.9843112640931958 0.299851467266965 0.07871490403932313 403 525 27
202 0.22061524432669716 0.52780593664299 0.016219074949188825 0.25363742815829715 157 498 75
203 0.08219600382583808 0.47091648305969613 -0.47458951896704477 -0.42741801645023153 53 102 396
204 0.22064467262046203 0.5279855219661386 0.15740907009103872 -0.435762379007382 125 2 585
205 0.2205515266009099 0.5278739168256478 0.1931342951940005 0.02114384714947508 575 157 2
206 0.18615071557934648 0.5249516077662796 0.09860711136511213 -0.017472163299503407 214 100 575
207 0.1318025277408493 0.7403685064422415 -0.014923071459116422 0.3190421440923963 410 414 339
208 0.14523208998968323 0.778879163892072 -0.0970732989434217 0.0629940156461617 0 339 296
209 0.08806182995647457 0.3879339859072226 0.029593789224735545 -0.12540111379855112 461 97 547
210 0.03195087648833725 0.3634698926226345 -0.24067583343488108 -0.2607753060094708 131 194 461
211 0.0821372645905775 0.47085089404566166 0.3899582483719811 0.5312489606101694 17 361 102
212 0.07402583755451904 0.4782827648806217 0.41912486633177615 0.20190718697931254 154 17 57
213 0.16719523702174788 0.31456354479983867 -0.2885401582594649 0.0545039412908066 28 543 288
214 0.23266032496189343 0.38612771210956337 -0.4263155536921026 0.06457896439826527 521 206 405
215 0.17396549552077323 0.3899924245182228 0.07970441043281262 0.008136390866608778 152 487 521
216 0.15111678922211222 0.35346501897439375 -0.08072473071940589 -0.19292493678990663 286 28 487
217 0.07119330025994629 0.3195065872506114 0.1095363973135921 0.06417204823083722 196 186 535
218 0.15721596595578777 0.3083097572883102 -0.11497083805822594 0.17330416528932302 485 253 543
219 0.2266754621172508 0.08602620965005671 0.13197767878558864 0.3391378240735765 529 124 60
220 0.4288562111476014 0.5705191908272946 0.4049128877027866 -0.2208488704793284 527 291 160
221 0.43675961617847175 0.5755708077808089 -0.38178885781461025 1.3624236597405137 7 542 119
222 0.42896550806109823 0.5703593284896847 -0.040097813443088284 0.42130059424287136 291 138 542
223 0.3590859259716398 0.5379787982160501 0.18844759190617122 -0.2557288970861382 289 263 179
224 0.2513685877686247 0.8454258538777509 -0.31494374496445754 0.10290731635971898 71 22 579
225 0.2513640028335281 0.8454384590651984 0.1436630973783589 -0.3443074221707503 453 71 144
226 0.7730708102225639 0.3475320430487076 -0.16726923769694313 0.09535670031368682 112 431 145
227 0.7484863522541052 0.3330374665822634 0.02152260765442282 0.22618439968202786 341 418 431
228 0.14958692090901546 0.44791392518858797 -0.018857542957717577 0.14233803094509945 115 152 259
229 0.8254087723872865 0.32677291304617606 0.018233937970624225 -0.04352785284988947 145 490 306
230 1.0115341303698753 0.37030433853490535 0.2900963315920213 -0.4516360701221911 390 423 131
231 0.935056284367395 0.554662592787385 0.12052295025703763 -0.005304510953749175 582 301 321
232 0.935689878797798 0.5556604637670167 0.06234658121804376 -0.09411098434840975 178 321 267
233 0.10740612090161537 0.5838337265473742 0.12283003399116144 -0.15812109468993363 309 94 450
234 0.15365095577936783 0.6187425547943133 0.003550836361054799 -0.3800429863171084 450 314 224
235 0.9648351188057012 0.9226514928257038 -0.12799272646791832 -0.4169429565682335 18 226 213
236 0.24146855606074932 0.11450113108551828 0.058292368032716 0.6314023660820367 198 60 378
237 0.3557781573409054 0.9780147667762391 -0.029017766054600935 -0.19928003977889852 158 397 148
238 0.3599865223377181 -0.02111349157568321 -0.29751605293976136 -0.2551320365910825 148 151 474
239 4.9819517576931656e-05 0.13490330864736425 -0.3637807016057082 -0.0698866089964814 504 209 310
240 -0.006142455810545733 0.20304513709236463 -0.3109217077811727 0.37076916211721545 35 310 502
241 0.14228172807350004 0.12072001554711848 0.14979598325637333 -0.16496257138065573 472 171 287
242 0.13167498244597126 0.1840198421464754 0.02013273159295892 0.4583800228274981 312 472 185
243 0.8827308584027957 0.4693879156402575 -0.0176257047151962 0.17643882015139223 319 368 33
244 0.9077472501804191 0.4686687419874266 -0.03959026578792546 0.16450131846978966 33 345 335
245 0.43401169390665023 0.4848910896707942 -0.03177967160261641 0.48328105545225597 369 233 592
246 0.2417394597537805 0.7505405672940322 0.31164219138504845 -0.1610313545336484 189 40 208
247 0.1850388320844249 0.8522149888388776 -0.14641591550290656 -0.02704767312899925 372 532 449
248 0.25136298658582956 0.8454432765723169 0.6354381599172536 0.02513226685343559 532 565 453
249 0.2511912380903435 0.3235143214755725 -0.3403037830695954 -0.2800803929059459 206 424 273
250 0.41615109211944484 0.5311595789597516 0.058843186573342976 0.027676883701532873 138 199 382
251 0.3195409494097164 0.9138886362546351 1.4560716137207528 0.5603445703993752 528 413 391
252 0.3193686159847791 0.9138356619455517 -0.9051578232901819 1.1486838687890408 147 354 413
253 0.25229261428684685 0.8455198128509208 -0.20217369449578027 -0.006488353528500551 546 579 594
254 0.25575334474927863 0.8578596779412055 -0.49021783164098026 -0.059172872225493785 187 546 147
255 0.6233361525662632 0.938112942065706 0.01750136591368006 0.3425325399296526 279 110 297
256 0.5817576875079158 0.8376328427209898 0.3264928952900498 -0.5465827758254589 285 52 76
257 0.5818516328641922 0.837620007350365 -0.46806594725329675 -0.008531981818640268 76 555 419
258 0.5651979431628881 0.7754634400989413 -0.13248575899543757 -0.03945969141716521 429 183 435
259 0.5797514759736826 0.7806616217532372 -0.22501934846680394 -0.06979276618440666 441 435 215
260 0.5817792007357402 0.8374961347668178 -0.5511251957433143 0.4203804943253911 324 441 555
261 0.5519686492558021 0.8122639920701994 -0.14345983446323318 -0.06367759149833452 67 93 569
262 0.5817345474274498 0.8375037331694606 0.13450699838603222 -0.13387417990037667 52 569 324
263 0.255652496119961 0.8578815983761634 0.2371314242812254 -0.2759605005311005 15 144 187
264 0.13651334489387537 0.868928740204907 0.24051074673514528 -0.16911825342913467 212 457 395
265 0.1551516254113601 0.8148850717997161 0.36762137456495264 -0.18205765659135356 457 274 589
266 0.07250572435484175 0.8881561083665608 -0.12502166558958638 0.02878866069144781 261 578 212
267 0.3321274825668814 0.19558288438827465 0.3885203599812703 -0.09276823684234436 244 270 82
268 0.48454060437023594 0.557067944634499 -0.0700392209507239 -0.05124526532285234 105 156 323
269 0.48601616196397973 0.5271681542882244 -0.08299307283077262 0.11260138030322331 238 326 156
270 0.30363424232929437 0.978419392039677 0.4099613020586146 0.044081111677529705 27 242 533
271 0.9150334441118005 0.6046897601186642 0.02125231342092141 -0.5841907753335526 516 277 505
272 0.8881658006389969 0.5610845290424615 0.07089300813056809 -0.17174993476032352 225 254 516
273 0.9151177667102532 0.6046754728999071 -0.566026301710939 0.765049205629924 277 178 430
274 0.781030934787233 0.03217749415706824 0.23702795819841027 0.1353396615264013 44 373 344
275 0.734155602073174 0.07246349038619955 0.294405896883454 0.1339100878794408 489 44 123
276 0.10986132371079291 0.5762026054857141 0.02048835389539816 0.13405895629703402 94 68 353
277 0.05261248582457143 0.8718278069139249 0.015451999402227301 0.14040449046459624 150 374 578
278 0.06042203780658473 0.8002920535101024 0.09810575268831556 -0.2283046959816737 563 175 374
279 0.26613299830020537 0.7865981678166566 0.18797624615728148 0.015126707525459082 32 208 544
280 0.26958196327288886 0.7861566032206497 0.030791590241094347 0.029639355553223723 544 598 142
281 0.6974533427357315 0.7157908034661248 0.20359257665164554 -0.11651954592156732 559 463 492
282 0.007356631337519806 0.741607008855176 -0.045222190696184245 -0.4950066409491172 576 495 234
283 0.007414647217508951 0.7416231069739483 -0.20338614199386615 -0.6435300550108295 234 122 563
284 0.2414243135111156 0.11452553596039255 0.03044712044064559 -0.42143850312477676 389 198 59
285 0.183580484133709 0.10459026400729153 -0.6136431436040224 1.1072157510229244 216 169 389
286 0.37483191619042033 0.521407425410428 0.03767790784231506 -0.014298726438988218 263 249 199
287 0.2694987957080059 0.30763576870837317 -0.2755857361758096 -0.33639518601247254 273 356 84
288 0.3363644200309746 0.2987187407285601 0.23038660423857493 -0.36718288964898704 84 113 207
289 0.2826523225085897 0.16121092537379547 0.14996582101134415 -0.21466764858757426 442 223 244
290 0.26290172652180266 0.16449251314657268 0.1584903729090481 -0.18211063386452953 451 428 442
291 0.22773674534328428 0.2374696396219099 0.015552750406988558 0.3261009325419839 566 451 356
292 0.5405106150863542 0.4975764075915031 0.047638439026886914 -0.011436515623408638 326 3 355
293 0.7911544687020658 0.7030443095631521 -0.12712308844475828 -0.04862406588479473 501 139 74
294 0.7925295735704304 0.6659095947551459 -0.11152168494232839 -0.050859199490771445 466 31 139
295 0.7421420551702093 0.7199736847008485 -0.15842843400831666 0.03282021404594961 417 351 501
296 0.7078726300644598 0.6945975749357212 0.10773565407851127 0.04779987412828479 377 64 351
297 0.8434913691591404 0.5685773813579529 0.06817152224669609 -0.2225612128620158 302 37 570
298 0.16978152664491603 0.5995880146799791 -0.1388215840891771 -0.18997226222672303 314 20 524
299 0.15467486028896346 0.5727966706131297 0.04370519710028553 0.1113849248945975 353 214 20
300 0.6499442878159553 0.5804995349541622 -0.038728407286692246 -0.047925248491953454 416 519 283
301 0.6691782551195733 0.4465435083766327 0.4513869004973709 -0.20734300982421827 367 42 268
302 0.648623227041585 0.5577126689825609 -0.01979706953925131 -0.015598739314115484 519 538 488
303 0.4367517652335419 0.5758646503544802 -0.15506166968655682 1.3332341229610987 160 595 298
304 0.6130213475241041 0.6014184322304367 0.003561598932444454 -0.10020676580180243 155 416 545
305 0.43686473967941436 0.5755669568800672 -0.47985895856769145 -1.2060892392473004 46 119 105
306 0.43692723367576564 0.5758857242083101 1.3448868497412874 1.8993397374626395 376 55 46
307 0.4367656898794909 0.575577404030374 -0.5030001774526758 -2.9345416883785154 595 7 55
308 0.5826782674920215 0.5783771111809662 0.13470172546825587 -0.0012292909745692526 177 305 155
309 0.5379234422535408 0.5954338004448181 0.025857485597136076 0.05566401298229273 556 323 177
310 0.20433075242160137 0.7394576460258104 0.06263744314893849 -0.07042240020294077 493 41 189
311 0.9747209323114634 0.6900242486685187 -0.1761965198743276 -0.14266717182631616 317 496 548
312 0.0075250692258222104 0.7368240146883555 0.39781711192647756 0.25795272992276685 495 548 388
313 0.9778531763449974 0.6779118560595532 -0.19808798611825607 0.05430547643514583 496 491 130
314 0.2415497573954946 0.11461447135118054 0.12124137566300874 -0.6826219591291689 59 271 428
315 0.18346595196337337 0.10448149811950372 -0.7051919188026147 -1.3534207332220778 287 432 216
316 0.18363431071952382 0.10448004817176323 1.4558939963950661 -0.21457619387918458 432 437 169
317 0.18426085082938193 0.09533097784629457 0.0070936843205027245 0.3186618855940959 437 394 529
318 0.21744348197446076 0.2415375983239733 -0.07904172091149908 0.3624364567147986 86 566 593
319 0.1176387202287542 0.7689561753913645 0.102613294250542 -0.14563351913299272 175 479 266
320 0.14438585017045152 0.7796990924870653 0.08193226390309366 -0.11203253249148643 266 0 274
321 0.1667989611630063 0.47332281024514505 -1.209834845325474 1.2039896086985982 9 47 100
322 0.12918948573710667 0.45305741865421495 0.043174816253079874 -0.16876641674868492 396 586 9
323 0.12920136648420374 0.45293472419999 0.0024558677221833344 0.2696976910733246 586 508 115
324 0.16651153224291637 0.699384402435923 0.10991973928287102 0.18210142421759556 414 224 99
325 0.09967869568191426 0.43660417960660153 -0.2762181754265187 1.510773685117089 109 357 508
326 0.09971279175314833 0.4364330485588387 1.418274095106413 -0.2478625137710029 278 547 357
327 0.09958959509673569 0.43650563053821445 -0.9570117174585984 -0.8594561299218916 361 278 109
328 0.1647590577586511 0.22681908184355987 -0.30244403023682587 0.23454765803176958 30 185 86
329 0.14612036285028776 0.24838407010427005 -0.1390448655519405 0.004248045665233846 530 30 253
330 0.2415768310674395 0.11453948078353769 -0.3146369990258578 0.015452543899400345 271 378 210
331 0.1551831722716429 0.8148795864217873 -0.4150360720560158 -0.04636496778414982 589 387 372
332 0.25138307155507456 0.8454242095409755 0.10278644704377948 0.40748308514308024 565 32 22
333 0.8438084700263689 0.33983980063031477 -0.10731995778168191 -0.14753971031011837 306 464 536
334 0.9690262699615587 0.3285126289396586 0.23265608883882294 0.1694832746368391 51 514 539
335 1.0107327794847587 0.364682828865746 0.3830372507021562 0.26421046461777564 423 539 480
336 0.15341067480669307 0.781558047882726 -0.12567160333210037 0.04999123198734523 296 493 387
337 1.0284628694744997 0.23857271351527595 0.06922790622004849 -0.22004449998225262 573 264 399
338 0.030411612319847417 0.22957451617183292 -0.08202971617937704 0.39669314118306875 264 494 36
339 0.287253401089715 0.09926770916413921 -0.09967984423986387 0.004204461431789319 210 43 62
340 0.9038004203298416 -0.029741925590129052 -0.1256137686922454 -0.41197480496468764 481 551 168
341 0.9121205712689143 -0.062138633795227396 -0.09155959046491802 -0.5493361075054048 551 89 557
342 0.9238507612070406 0.9266167170059921 -0.3830958480999236 -0.15729333720931882 557 95 18
343 0.29199073993824415 0.05860662385385784 -0.10402360708927638 0.039258212652937274 43 334 21
344 0.32684685935248486 -0.0014347801064331263 0.02950283489733252 -0.23490751913102237 533 158 276
345 0.32555413617948 0.04091868894561865 -0.0027262036378372656 -0.00893165714999089 21 276 246
346 0.34159730039136355 0.05079825319353725 -0.14337248645246436 -0.09875939024905911 564 246 446
347 0.3804261327578319 0.02401609751025992 -0.2856177440391239 -0.031803838729249634 446 474 237
348 0.21487442037729348 0.29740592153148615 -0.08313897001399617 -0.07670033705386992 288 593 424
349 1.0031785278658343 0.24394815185421886 0.39718844081770843 -0.25905288296435014 514 135 573
350 0.9964773024246708 0.21218680401696308 0.38804847577421364 -0.38275673633174356 78 143 135
351 -0.001876137899414168 0.2110011804059746 -0.41730374446789786 0.2018930520160389 143 502 494
352 0.834503864007919 0.41704914610716676 -0.13702193893405656 0.09921169684401487 436 536 368
353 0.5951333543574563 0.5298431543479779 -0.1954769835948544 0.3300293586024549 81 515 440
354 0.08731600827593584 0.23496356106613597 -0.07583383244275099 -0.04496453816921209 549 571 530
355 0.5958490000067459 0.5319374881481406 0.2990686436726061 -0.38393668149784044 305 362 114
356 0.7152291010908914 0.6140661107392652 0.43108986782028086 0.05671704336924783 283 69 38
357 0.6950417977864387 0.7007375386648106 0.21911678166341986 0.015039224032786791 463 161 377
358 0.8595892182899252 0.555975618694198 0.04099148485925408 -0.19539827603165527 570 191 225
359 0.7153351446651149 0.6140197348788139 -0.24892432901177028 0.35385535658582784 98 69 39
360 0.731638431901526 0.5554012544556188 -0.1560932716415664 0.17961320694648286 39 583 48
361 0.8010902162352151 0.536524726471802 0.36972514078081886 0.021734495453396008 48 195 37
362 0.7257706858130479 0.3849230725195326 -0.05441181671894668 -0.23229812518010817 132 443 470
363 0.795210219617796 0.9741081163735816 1.266826811518757 1.1189223013177685 393 257 422
364 0.7217356234610035 0.6287836249476249 0.29476230925621355 -0.36196555962232035 64 38 197
365 0.783806186716513 0.00894004070876767 0.7606196505951167 -0.0036487821702328553 373 174 258
366 0.5960098091161874 0.5318656606297546 -0.4156892949975198 -0.06939580844103795 114 440 538
367 0.6891272045796594 0.5294102025094474 -0.19838483564238452 0.12163143964238898 488 342 583
368 0.7837444567139511 0.008939826330439701 -0.3612151170899046 -0.003607969789766593 258 393 434
369 1.0127770954982087 0.5206450131907194 0.11897388629833472 0.12943073279814143 456 188 149
370 0.7644126827690406 0.3832941103684981 -0.019323693339901027 -0.2620253611307355 470 112 467
371 0.6693742655356948 0.44664033666249175 -0.5319381131050054 -0.3720387145762522 268 315 342
372 0.8312517144348796 0.951743637479399 -0.021847780312320153 -0.2192208040530802 422 167 481
373 0.5343068432131504 0.6327243761305995 0.024481807553433654 0.047975776823472316 415 556 127
374 0.8117329217293511 0.42574419686922776 0.30213514468080405 -0.03071952171807002 467 436 4
375 0.47961573709150446 0.9793161981919041 -0.07599749649034315 -0.055498305950862914 282 118 597
376 0.4166884317082663 0.035896351635352826 -0.15915306572633625 0.01894454246254007 237 282 590
377 0.7217623083179792 0.6287710680764894 -0.4189230949427371 -0.026147540145712248 197 98 466
378 0.8671994725414722 0.5124093149499693 -0.036283466335607084 0.3088163865253013 346 385 319
379 0.8536621967427452 0.5184279546636987 0.1374965205927503 0.21958024547935606 191 534 385
380 0.8931702008509177 0.5530976764337687 -0.06953947435245356 0.0417721638529267 254 346 582
381 0.8207506019884707 0.5056466619725446 0.2830139740617188 0.2117393496647857 195 4 534
382 0.6695025660202115 0.44607644292898574 -0.20447873245695633 -0.45286582638483314 315 229 132
383 0.5950874646231873 0.5298583219921531 0.41674355187462997 0.07693250787127198 362 355 81
384 0.7173892338350378 0.3643059112371249 0.09024349011121924 0.08707243502603657 294 341 443
385 0.9648342096984366 0.9225358985183567 -0.1255064179997824 0.42595304270245155 226 307 150
386 0.08402798999338051 0.22516329855865955 0.07840272684550564 0.37641832636992056 36 312 571
387 0.5555050887531123 0.9970616737126895 0.8835028338105305 -0.0039029638353692275 597 560 337
388 0.9357822832355709 0.013509882365673298 0.07602637408510304 -0.16439720695871074 454 168 104
389 1.0210973579833786 0.4857270464905432 0.1781330645489465 0.01875039845611326 366 154 188
390 0.029951527125019452 0.5347948235935402 -0.008531966105840283 0.046048928559194735 149 128 581
391 0.06064852310955475 0.25973404460822397 0.07081013483900556 -0.24529326209110636 399 549 186
392 0.5754074382460896 0.6620115235824807 0.015171974787620002 -0.004552056648288172 336 127 50
393 0.6098909341455104 0.6459948563907614 0.004210809478877309 -0.03553058472438586 50 545 161
394 0.6417895553622813 0.06693365509401321 -0.01498566062907436 0.06980473629680795 8 280 489
395 0.5557284135073619 0.9970097415319422 -0.2087794465088777 0.2961120075702095 560 420 500
396 0.6006409781404931 -0.0015149452402287399 -0.17353848913437275 -0.12383187045217348 513 347 280
397 0.5557767584976985 -0.0029190524123926514 -0.22270455104621972 -0.5047445879660661 552 500 513
398 -0.0011022578476790896 0.6292011373997507 -0.2713506577908201 -0.16688408704533703 272 509 499
399 -0.0031632690494178715 0.6694719369361353 -0.08635232355558298 0.038755997369688266 130 272 24
