115
0 0.05170436459182328 0.6279510855942808 -0.2141823449500202 0.0461788917868744 111 66 359
1 0.041687265266316456 0.6272910867360079 -0.7608911887710401 0.011233297798896036 499 526 111
2 0.7825400515446514 0.8115013787016148 -0.25232235051353413 0.2573186979465403 85 11 327
3 0.8943857404974144 0.8261968781009282 -0.1849968017317294 0.659103552985707 558 371 384
4 0.9129755657168032 0.8616289074047009 -0.19190717348571695 0.6680042359541449 468 384 182
5 0.9435829787823624 0.889285262150375 -0.45611748093754567 0.4196556498137216 386 182 307
6 0.9175021662555263 0.9192983441013532 0.23056510867203173 -0.15542418671521396 34 386 95
7 0.07066216436812506 0.697793923876163 -0.29947569493704584 -0.22253343889833133 517 359 452
8 0.052452930588681675 0.7040372553277529 -0.3827166920183922 -0.21805789743312154 522 24 517
9 0.07339738609934851 0.5924543789014265 -0.3781358177967764 0.10790838743390818 66 462 309
10 0.4050465658132698 -0.0002725441372533506 -0.4238944195655847 -0.8329408768617541 163 404 151
11 0.3460151565101937 0.9705688877834862 0.12962817139139382 -0.06156991964878511 54 379 397
12 0.3737391448512659 0.9518847996922389 0.026736310387853734 0.44554535963414743 379 193 163
13 0.8793672281137365 0.21699814669748502 -0.11301224817072963 0.01656032880270608 10 137 134
14 0.9218521152802823 0.21453543037245315 0.7856924951789301 -0.08928474218641846 591 35 78
15 0.9164970590223288 0.21180538739081456 0.40372063981816697 -0.27179800363499873 134 370 591
16 0.04707242404067183 0.06153742617324263 -0.0024260711495305287 -0.010100039554705731 133 482 599
17 0.12836807264744585 0.051671664905448236 0.0754129793334446 -0.011387311926736032 400 45 394
18 0.5823527802581745 0.42445231127765587 0.2523141716392896 0.097559810924297 338 447 433
19 0.6193329590567921 0.38680733743705703 -0.18556287131876736 -0.005811875980477055 447 25 202
20 0.8104145710243238 0.1399354913408943 -0.04514213933215494 -0.05887336035348412 243 269 137
21 0.5025292483945107 0.27162100807622847 0.18416671486443104 -0.39833951623324815 181 6 260
22 0.598173794366465 0.34709427482889404 0.1147705229465057 -0.06414329761783577 486 103 25
23 0.5934093970746352 0.2506079811897337 -0.08000955072084981 -0.3226431014718978 260 318 26
24 0.48904810060227105 0.20535883003935385 0.26589953537603517 -0.089198811184521 349 250 6
25 0.5398353730938455 0.08658736806898618 -0.27745647376842264 0.5442613533468421 448 23 523
26 0.45761403157720426 0.11809878359380818 0.21893384466453725 0.09760071986719687 328 23 190
27 0.46687159062817984 0.1893089226753442 -0.30096935221823884 -0.210515448823001 162 190 349
28 0.9650673616006428 0.712138511520422 -0.1331399358817098 -0.3153431963470732 510 70 317
29 0.9007417590843781 0.6767421561902107 0.18165774370859644 -0.028637987467550197 402 518 281
30 0.8856634179599276 0.6572394974943603 0.15967693799134874 -0.30537359793636476 201 77 518
31 0.9424614991496079 0.667302833883617 0.032046472073221643 0.28399534304085483 281 88 70
32 0.9502485706741319 0.6557034344663772 0.2600230548238658 -0.020563640894255553 88 49 491
33 0.9445204710319179 0.6233219695090725 0.1355342766837242 0.20053368045974684 56 136 49
34 0.8525539075092567 0.8772344158701054 0.14065575995592106 0.16122977813948225 218 558 251
35 0.8333444848975776 0.878593765808506 -0.48166942309690874 0.09420445049035386 483 458 218
36 0.8312104179499546 0.9407108691612743 0.135507612769592 0.00844921979603619 459 284 167
37 0.03540817618833868 0.9904025874660612 -0.2575333146390135 -0.009789461775933095 104 299 227
38 0.10392984670957672 0.7131361263939499 0.12099432983303515 0.2761539601159324 452 410 479
39 0.18643995255217716 0.9497495953003432 -0.1990949205846193 -0.1919400267197391 596 232 427
40 0.39301010390638846 0.8922411870201918 -0.5533901732690527 0.43069439212978233 193 80 13
41 0.37957130019251467 0.8435557173310422 -0.3589573971396476 -0.3657210097263164 184 240 79
42 0.41535603880753325 0.8923467904154869 0.013145086755206314 0.49438538714252633 404 292 87
43 0.401039080370874 0.8850312809920944 -0.31335078334165933 0.23493453987777357 13 79 292
44 0.5438740617192633 0.7056355459080222 0.32136507881891374 0.4047254630393238 540 587 183
45 0.48990993055259235 0.8515382306736821 0.5584242046205445 -0.5168084585283061 304 72 67
46 0.4814945208099269 0.6599140576092865 0.10363475182184612 -0.1934826056315675 255 415 567
47 0.9334404224579007 0.5390583007995834 0.2318732164607873 0.1218666272062574 301 335 550
48 0.9731140651643957 0.5722318291704296 -0.41354814503402615 -0.4267330490706489 267 153 408
49 0.9679362067369317 0.5481786012430742 -0.30337492309961966 -0.17013192035730818 550 456 153
50 0.6294926097236375 -0.0017331797595393824 -0.2249571678242246 -0.6654357745383699 347 29 507
51 0.6607316946687 0.9589194784049745 -0.12291293885469123 -0.2357044816270193 507 297 531
52 0.3266608276428265 0.295029939441366 0.1923275143311809 -0.4749654808344772 113 82 572
53 0.4867128342501112 0.8637198650274137 0.43308973525502115 -0.024919702933112742 121 304 460
54 0.23439326354298562 0.6101576078420192 -0.33823427461610045 -0.14510862927918922 524 125 471
55 0.47620491987765434 0.38006587695415395 -0.17704989314915043 -0.15993147431392352 207 473 497
56 0.041705511068062785 0.7182197078482202 -0.48291512490250543 0.22124701549997017 122 388 522
57 0.856263838441367 0.2646589794861467 0.004844448626972753 0.2813151961378324 236 10 262
58 0.5024608843617461 0.3306532583917061 0.30387342780935356 0.07593608936096174 473 96 486
59 0.4925109515695217 0.2852981583179494 -0.1879140964361481 0.04334504317971 173 181 96
60 0.9829525339398891 0.5797160979178118 0.18298023148760612 -0.04698822338167208 265 408 219
61 0.023660777516379183 0.559872667903117 -0.09172003434532172 -0.013965206074884051 219 581 462
62 0.4792574688763296 0.38880781314007556 0.0012330721513298393 0.44204730119401514 233 497 421
63 0.5345233000647507 0.4233300253341238 0.2944703737794985 0.48406919653243285 421 338 3
64 0.29810215200537515 0.7451346402938273 -0.4845115125079458 0.22213354315681055 598 252 1
65 0.34395572158493853 0.6281393169284658 -0.020080036244873867 0.01372098060170579 117 308 476
66 0.26070072673547273 0.6478737637320946 -0.012056942770566348 -0.14080018158335594 159 471 117
67 0.3685131422184784 0.65530258533388 0.3449732957627738 0.14465903197535823 476 332 311
68 0.3694785178475293 0.7003460032287663 0.25277805404400056 0.21195490987335752 108 311 63
69 0.23286422044406882 0.0071889114284361955 0.36293812608056975 0.5302010129548673 124 403 334
70 0.6779717359747479 0.3627600641325752 -0.08646965227177006 -0.1805185702308254 90 120 294
71 0.6592030772525839 0.4211899128210535 0.1956028887473149 0.4313262153693431 42 343 229
72 0.6508193031412828 0.3920321499514085 -0.03011844627864857 0.06480453361434879 202 90 343
73 0.5934870997029505 0.20283887566548206 -0.40079681934424016 -0.33483250894139616 318 503 146
74 0.5422170307403762 0.17611410484489057 0.35959316618122683 0.007121112033381394 250 14 503
75 0.5456773183793917 0.16680986702109685 0.4970248362184959 -0.4580028958520166 14 448 290
76 0.5294477083570821 0.022775444720063997 0.6798463590695913 -0.09886495996869193 337 552 192
77 0.5468698392902236 0.07682707621333067 0.0895111280235783 0.04900491158699172 523 192 116
78 0.5564804348328525 0.16212974680508127 0.5385571589383575 -0.4465949157358984 290 329 230
79 0.5954307666299878 0.08623894178876415 -0.4562541143504628 0.5154310277200036 329 116 203
80 0.6405172145974241 0.1512054806645524 -0.0314667344264441 0.5344527135089927 83 392 506
81 0.6147638051319065 0.16484679773307714 -0.6042799198524573 0.35820615917891985 146 230 83
82 0.7224856218962469 0.16902635595358756 -0.39519289160572235 0.3546796592535095 222 204 574
83 0.6465083820914703 0.14069107524939414 0.1935464816193999 0.249617219776066 392 484 204
84 0.7814100862221376 0.1573270937243473 -0.5832494268803723 0.3926829514333541 200 574 407
85 0.793410418707908 0.14264259216390598 -0.43132780819243877 -0.0021538732603021415 407 123 243
86 0.6307676308206389 0.07957949039567017 -0.17055404206989255 0.32715805290545186 203 8 484
87 0.849791310085657 0.0766111190390051 -0.4147599527715151 -0.45605470233578416 106 61 165
88 0.8191360378712228 0.10942828844371776 -0.11305013800089192 -0.623293667373348 269 12 106
89 0.8023684651097001 0.019784373286412506 -0.26149318752000106 0.5118750028010322 239 434 61
90 0.7792252416866577 0.04387732876177399 0.335105879850639 -0.3469365142394487 344 239 12
91 0.6143308581576836 0.2612263451212794 0.42922018959890007 0.08717384036849296 26 101 364
92 0.6541549477638702 0.30912358901359877 0.11100496667693083 -0.04105479810279089 562 380 120
93 0.6328470777776412 0.30429309582378244 -0.050265280132633094 0.08044171717624948 103 364 562
94 0.4406916668806832 0.10736239529325277 -0.298260471182088 -0.19655770136517425 126 590 328
95 0.3562259879205436 0.12939787843748987 0.14823467245350663 -0.08102366000350969 478 383 126
96 0.9732951053373342 0.11434007087415404 0.2541215963353105 0.3915020297534655 370 295 504
97 0.9706698047468414 0.08671544019396878 0.3087904366233518 0.0055885757827001115 561 133 295
98 0.8932487595542388 0.7171687380651403 -0.14759148694865054 -0.17303449714733965 455 402 375
99 0.8942563844524938 0.8179276242102264 -0.18440055385426923 -0.0544247950526322 19 568 371
100 0.926888610509465 0.7545123767395596 0.059689777426319424 -0.4881148599894525 176 375 510
101 0.9287382641415733 0.785567257447124 0.20585341244105937 -0.20293385027958522 568 176 576
102 0.9003540294575948 0.6329953174401943 0.3196585024456411 -0.4929463077313345 77 505 350
103 0.9351803776130656 0.6198576580762463 -0.5888181203034248 -0.10624971839845454 350 430 56
104 0.8675033507628622 0.9027727992715104 0.31970716664331267 -0.14090927591414726 251 221 511
105 0.8648529443028568 0.9215030316332381 0.21171337842573745 -0.15549245571677694 284 511 438
106 0.8842980938368303 0.9285193175088975 0.18490989746322573 -0.10317132252690708 438 588 89
107 0.8951471174124042 0.8951290457077401 -0.30315818431991826 0.3660858220733143 235 221 468
108 0.8990134557609195 0.9147613238651962 0.04920804007324531 -0.059822580222856914 588 235 34
109 0.07096379123276296 0.9146138043844115 -0.14200771149275315 0.6093701494791492 469 261 439
110 0.09059273275209083 0.5117130151626741 -0.45821269452350766 -0.4259003216072754 57 53 340
111 0.09035192324194426 0.5297949852434702 -0.5057676263908739 -0.29361626498192184 128 340 68
112 0.04995692720483768 0.3239402089591507 -0.309787171262621 0.6010322795013678 194 480 196
113 0.12271706012175211 0.36101080260829405 -0.015907349049104624 0.011770846450320782 97 275 286
114 0.35554719063303 0.5888483230868493 0.17121980239870327 -0.18219812152053816 308 179 527
115 0.3719355175716123 0.26984007179285313 0.2811465789342993 -0.37344467726518893 572 444 173
116 0.28552628542760694 0.4208894658306891 -0.37681640238651504 0.35965691536077316 205 405 475
117 0.2661518334475802 0.5347163076659844 -0.5390093997872936 -0.04379999401366019 585 75 164
118 0.11791846436083187 0.3359421646663065 0.037318174245237756 -0.1537717796845639 535 485 275
119 0.962963633296358 0.43646727455081596 0.24676260722278354 -0.11651601072859563 211 390 366
120 0.38245765226277184 0.20604956555139237 0.06904451663181099 0.13000110710148505 444 220 162
121 0.1829342710982053 0.9404996354764227 -0.37507318761259567 -0.6763254867606094 395 449 232
122 0.6194389117236652 0.48065773243526844 0.03676268491015211 -0.2645132744782952 515 433 367
123 0.45282469769054434 0.4875477515451562 -0.0711176610657116 0.3080635260777065 382 592 238
124 0.2966341095813811 0.9430766336580001 0.3031572496509094 0.03287333582430163 242 528 54
125 0.4541249049384607 0.8905262266018175 0.13575994287085003 0.3435198098200587 87 121 118
126 0.3872326744977254 0.7915318272419417 -0.20007406495436975 -0.3215543685486377 240 92 333
127 0.4189740808592759 0.7615292669350927 -0.3128762172954769 -0.2143072289073622 333 256 520
128 0.3317546965070821 0.7472241999479461 0.45607601792396757 0.1498128895244255 73 108 92
129 0.3782146759960695 0.704541524245882 0.6793358237056069 0.43327459762348974 63 170 256
130 0.5832527773196529 0.9277030870352545 0.43699656809836895 0.23043479728535043 577 279 29
131 0.5431482913653402 0.88193522472958 0.34684534619411345 -0.08987169272667295 460 285 217
132 0.5702617087669273 0.9259798990121958 -0.04155000649097573 0.14158036045625044 420 217 577
133 0.5522436747049737 0.7003464359354159 0.5535418146421223 0.18367997366153244 587 336 107
134 0.6535101483079104 0.7533941140586339 0.014981739807073957 0.09531149688934981 320 559 247
135 0.6448556978017748 0.7534588481780214 -0.6644440202902002 0.09983554816184181 215 107 320
136 0.3090035436829248 0.8242074630763511 0.12555184166623823 -0.4059235307260489 381 5 184
137 0.3478302418781491 0.8989413455589467 -0.7587000958042545 0.019082053992480752 391 354 80
138 0.4864986608827952 0.7965263805268596 0.4642432029078325 -0.15729667360298016 401 166 72
139 0.46122086201037205 0.7578109656702599 -0.08217026850609876 -0.003559361139160444 520 411 401
140 0.5443340479441026 0.7771337936400364 -0.5707596690412986 -0.1404680524674795 166 537 248
141 0.49926691394650713 0.7082194947041183 0.6352467354225899 0.36645765311149603 322 540 537
142 0.7061508731828854 0.8756233736018096 -0.014319856064815006 -0.2724028218270558 426 180 141
143 0.6523351037223108 0.8693654418091471 0.22965188882506649 -0.37378676404076216 300 358 426
144 0.7272047478874195 0.8196241758907515 -0.1651262668267428 0.19424229030784446 180 554 85
145 0.6620931491630121 0.7712533562705635 0.2705167014005472 0.6903285637571699 358 247 554
146 0.6349814009572408 0.8795452307255186 -0.1536730038359524 -0.16861364388054412 110 419 300
147 0.801199787761917 0.9146643299188028 0.04660359841091033 -0.46265349312041293 293 483 316
148 0.8020201950831701 0.9245027687983818 0.1421473669674378 0.2501338766322525 245 316 459
149 0.7710765313834997 0.9607993448406069 0.44770605001076547 0.20220366908629828 445 245 257
150 0.738421487606843 0.9711727854820841 0.33244405214793993 0.059939102292627666 412 445 174
151 0.713224164213513 0.9510686647149792 -0.07033710697212925 -0.21884579842756935 531 330 412
152 0.7913037154707676 0.8485653255309362 0.20129369074362025 0.5313698085707141 580 327 458
153 0.7749059548023941 0.8879822555962208 0.09145989937620058 -0.09598969605284502 140 580 293
154 0.7211224852017294 0.8942250748998877 0.22920192480069268 0.09673474556104456 330 141 140
155 0.3167654765938384 0.7520221317097722 -0.09278418693081658 0.34317487879187425 5 1 73
156 0.2950210153091713 0.8289951054694233 -0.22292539307577908 -0.3171140555008334 594 142 381
157 0.571181660266573 0.7881130200408835 -0.3298293209733072 -0.0517887812495621 93 248 429
158 0.21237320525373204 0.46814375735130676 0.009382580129502216 0.2827462680654591 231 205 498
159 0.19234747445168177 0.46483892373694174 -0.4234514079659579 0.15295101296608493 47 259 231
160 0.2763546470053609 0.5327594077932589 0.2213685724311576 -0.1997327084973799 164 363 289
161 0.3079912132672754 0.45181598432745007 0.00360596309756378 0.4193359048887402 363 475 331
162 0.33166044982356635 0.45917241938241166 0.5666545906113374 0.42205668369932337 331 369 249
163 0.8495614435606169 0.26695007603719473 -0.4839506044171382 0.44552666278452335 490 406 236
164 0.7375031743429215 0.27148042936813305 0.04173287895814504 0.05413939609122398 512 58 418
165 0.7578370201656099 0.2548788900200132 0.4528027765238196 -0.20957102685181805 58 200 406
166 0.9033037417994094 0.3298998133766845 0.20638982224652214 0.2586541434160261 409 51 172
167 0.8931725979812879 0.32621719347886846 -0.4035077109248997 0.04370048403007365 464 262 409
168 0.9276311662024033 0.43811494893163105 0.1110693589184697 -0.2790136201941129 345 172 211
169 0.3460161362551795 0.17381473846694215 0.09634117531520658 0.16903765609477261 270 478 220
170 0.8233607587026435 0.7218863722995684 0.19217087678102818 0.12295646098503532 91 74 455
171 0.8355062580451701 0.644809784644706 0.240817790708725 -0.13820271732578604 31 302 201
172 0.9840819025890004 0.5937942615820709 0.26761019997212365 0.36130421762065046 241 265 526
173 0.9752294569880613 0.6084301632316 0.23786595020058865 0.3657345704066728 136 241 509
174 0.45239499929652294 0.6123600182682429 -0.3041357185193383 -0.5940079341598681 298 376 398
175 0.4583363192763525 0.6450338759407606 -0.33166055388167415 -0.3299068004891659 332 398 255
176 0.21711978012306263 0.9554140104793731 -0.020281782503461798 -0.3758993335351013 427 15 525
177 0.17872521150688264 0.6938284417684775 0.3654964053634302 0.18258953689287427 99 129 41
178 0.25510272149766045 0.6602039636854318 -0.28217982898232075 0.46797563567346767 129 159 325
179 0.26570246717436885 0.7073014744823994 -0.31121139484890925 0.4543571560655657 40 325 252
180 0.07526075506371112 0.08622179903448547 -0.41704571220047004 0.16998050189620528 209 599 425
181 0.09730079877330412 0.08792341195490709 0.06460576275346686 0.07490604976567727 425 400 171
182 0.6680247153593317 0.22314728086986194 0.01491966689082247 -0.007801537887930365 16 506 584
183 0.6494148436546758 0.24687833775304543 0.31320949098190276 0.3775483130991075 101 16 465
184 0.694252552373618 0.22684581358730277 0.02475457373807277 -0.22141258861074764 584 222 352
185 0.7224438337370602 0.266951947334687 -0.5569696925888934 -0.1855050637405986 313 352 512
186 0.6781261949230298 0.2831956987470699 -0.3615134046286439 -0.39565998463664265 380 465 313
187 0.3192064219492538 0.11042856218394913 -0.3698020837467064 0.11399873406370276 223 62 477
188 0.3449832979821705 0.11423876917597746 -0.09746199680638057 -0.29966000479608734 477 564 383
189 0.9230490842698915 0.042939938962458554 0.0742202186862495 0.12635293280410798 165 454 561
190 0.7537997897615984 0.7462766504886841 -0.030836294281910703 -0.4980603769688674 492 417 365
191 0.7952119976555578 0.7899679024889816 -0.2476939788692567 -0.18039803505176533 11 365 348
192 0.8109250524289966 0.7847288681552329 0.17449768609234528 -0.2948269694352801 348 91 19
193 0.4892055837667686 0.7036643845953053 -0.08466768917914091 -0.002768358632609935 541 567 322
194 0.48014196218024235 0.7099488404353966 -0.5450618106167537 0.3068458490768089 411 170 541
195 0.05764097526481335 0.00819364510528866 -0.0162677527698607 0.07136461109558123 482 227 65
196 0.10453491596108452 0.9942327368281095 -0.43212119334168353 -0.23349081210155553 65 439 228
197 0.11441927188813752 0.9985881597998243 0.16717523337872464 0.0027862373866427426 228 596 45
198 0.03383642054933735 0.975506073264091 -0.2996911652869416 -0.5628482390232503 360 303 299
199 0.9995873396333671 0.9477514440684329 0.772137769000647 0.0644587966336374 213 553 360
200 0.05130132905495805 0.9320309186382015 -0.5814750479726793 0.5550090421968523 303 553 469
201 0.2334519985784931 0.9743551729084678 0.32206280923402497 0.12747827758674557 403 525 27
202 0.21756832568969542 0.5010038829796171 0.07930856527060826 0.3924738069260858 157 498 75
203 0.10396064740109745 0.4822482474656768 -0.2161694698243899 -0.1406371994555622 53 102 396
204 0.23866403297065564 0.5628064924875549 -0.26475874201348226 -0.2034054563671006 125 2 585
205 0.19170455738146716 0.5367280222074396 0.4613718664059352 -0.2941255024258016 575 157 2
206 0.16981028196585057 0.5374114791540873 0.17558165928133196 -0.2855315740790676 214 100 575
207 0.1346516660251596 0.7033959388126705 0.05114561205110668 0.5145247086030258 410 414 339
208 0.1598493299022275 0.7767615388260918 -0.39920498746959243 -0.2529153055388922 0 339 296
209 0.07759512849669478 0.3990600236125684 0.20222394921803888 -0.05579686296330877 461 97 547
210 0.04731233520789198 0.3882217654090612 0.06569262356315164 -0.26513230222402484 131 194 461
211 0.07188580862646242 0.4524254847241518 0.2730500981568129 0.11331073683507054 17 361 102
212 0.019548463861583258 0.4690518464078766 0.8112091887113593 0.24791197185403124 154 17 57
213 0.21019312993559786 0.3134766616716703 -0.6285715177523077 0.024699637127256757 28 543 288
214 0.2796691398219143 0.3740969881858823 -0.559656255019747 0.18578780527911398 521 206 405
215 0.1573499578071173 0.39208788425117647 0.28334233882765236 -0.015503371503244878 152 487 521
216 0.14293757048109682 0.3685215962990396 0.35934900922962587 -0.1293793284312672 286 28 487
217 0.06422393204565487 0.3081724121615136 -0.029735564358035482 0.23220400480888914 196 186 535
218 0.16970830655477018 0.28846694879327633 -0.06316518627591527 0.21708125158559355 485 253 543
219 0.21070039729373477 0.053305704446934346 0.28439062632612533 0.2791917641520314 529 124 60
220 0.37888973413969484 0.5820637940961387 0.7319337896188882 -0.34333107606920876 527 291 160
221 0.4422277612213177 0.5611350018492348 0.13606622391304501 0.34347424366504287 7 542 119
222 0.4275281729882067 0.5319820906826 -0.2139552465751926 0.611432780794896 291 138 542
223 0.3509525634995968 0.5810212832600261 -0.08665831958271086 -0.6502397039212515 289 263 179
224 0.26052185193704697 0.8369828191182828 -0.4615521381756693 0.3188885287774834 71 22 579
225 0.23717104690660218 0.868459204076054 0.2612911080210334 -0.6240474312649291 453 71 144
226 0.7967286804414915 0.33813618626685843 -0.3388927301978262 0.08813461314927107 112 431 145
227 0.7438970068450913 0.29920146473460707 0.06472686900349522 0.47604612127272183 341 418 431
228 0.15151491955370897 0.4231746954393725 0.037172850908540056 0.26259780600002003 115 152 259
229 0.8165722322127029 0.3346330458689134 0.23717058768302213 -0.10373797931784168 145 490 306
230 0.9727069004097189 0.4205308121598175 0.5272504547543244 -0.5355979566107338 390 423 131
231 0.9223657891683616 0.5565512291980972 0.03033592509138483 0.01727920757865764 582 301 321
232 0.9300067686215168 0.5699084940118855 0.12733254745739275 0.11396928886742153 178 321 267
233 0.09806821944082926 0.5874973118779282 0.049366791210481153 0.18663320194844957 309 94 450
234 0.15090653581233895 0.6732971787719529 0.02985517007225713 -0.7561904304120848 450 314 224
235 0.9724410839170488 0.9400203882696161 0.1742096158302564 -0.12829508150291602 18 226 213
236 0.25113542326241955 0.09196455439574601 -0.12761740900146812 0.363364089511764 198 60 378
237 0.3501813996093453 0.9941121174296448 0.02937357891641401 -0.011789298356990052 158 397 148
238 0.4053847377197783 0.011974171473943498 -0.47962251982502924 -0.441744735582561 148 151 474
239 0.02345120967064056 0.1450473226055683 0.09239640927360959 -0.3144004258326394 504 209 310
240 0.03285507405156487 0.17707945214963866 -0.5517146146188923 0.09415612178820254 35 310 502
241 0.11919356923486586 0.1364087584262862 0.3790176301282644 -0.26944258907368734 472 171 287
242 0.11750351566410083 0.14768532682379953 0.30087646714360705 0.2180049222741398 312 472 185
243 0.8870300767819768 0.45139174091232115 -0.12382117327985886 0.18353433772766437 319 368 33
244 0.9154840202051231 0.4516520123037087 -0.1306269498818624 0.22693267438811393 33 345 335
245 0.4456853429544486 0.44434804874463885 -0.31232737715547465 0.25929942151781127 369 233 592
246 0.21490988322972696 0.7532083303118254 0.45072700780024455 -0.048754312219345675 189 40 208
247 0.18898948358248435 0.8413869644922791 0.1656188641091516 0.33816576899825534 372 532 449
248 0.21456314105040689 0.840694854372358 0.40179508435655986 0.16553012051334637 532 565 453
249 0.28612387027788716 0.3540032116729384 -0.38155600727562966 -0.3583405454310462 206 424 273
250 0.4282000222903649 0.5117327715605448 -0.31748097345518644 0.37630632290786004 138 199 382
251 0.3003193890682509 0.9310878384078308 0.4474655635605673 -0.6006429834407023 528 413 391
252 0.29555479730629997 0.876583657069806 0.3569640126890872 0.6289741238257873 147 354 413
253 0.2890197055741952 0.8374396860484483 -0.515403422891858 0.16399491990087833 546 579 594
254 0.2863402756824175 0.865797153948024 -0.19977162788592517 0.09508150534270898 187 546 147
255 0.6291659774945255 0.90292736720884 -0.14761371153193537 0.3756944571414733 279 110 297
256 0.5754526127472022 0.8554612914637574 0.28427585459234184 -0.09470662483412884 285 52 76
257 0.6209038117996659 0.8680372467005804 -0.5993122480923985 -0.5463464822913489 76 555 419
258 0.5827557212265911 0.7779082551518952 -0.2253766014093106 -0.170107478277004 429 183 435
259 0.6108111309731868 0.7793410982614826 -0.2512548086253119 0.34524132372371064 441 435 215
260 0.6078531724911663 0.8389636671092039 -0.44116724370879545 -0.5220752240242543 324 441 555
261 0.5680740740593172 0.8081227907846805 -0.19527428632426513 0.34947514535033086 67 93 569
262 0.578359867406651 0.8247738369602435 0.2818122724762562 0.5794408550197083 52 569 324
263 0.2412230174612674 0.8815375416954517 0.33826072429188336 -0.3342133575098827 15 144 187
264 0.10035837018643903 0.8763934706171435 0.5493814212581549 0.027465809834814614 212 457 395
265 0.14372220069287722 0.8388786515458097 -0.015245774781513788 -0.555699959658984 457 274 589
266 0.07915701156407372 0.8778443353393631 0.03665263544061492 0.24029993203611433 261 578 212
267 0.2917632786712924 0.20358085336922832 0.33844234081925606 0.0066714807289702804 244 270 82
268 0.4875146549767161 0.5637147853487895 -0.019765053135833988 -0.13339575971604845 105 156 323
269 0.4849021147544969 0.5112013613051433 0.24379855634304448 0.34610331337003863 238 326 156
270 0.24516523494936227 0.9729975426063528 0.7527209714905392 0.08555674502197519 27 242 533
271 0.8974197666980162 0.6033075953318202 0.2281069985676787 0.18353359040879091 516 277 505
272 0.8645305308966285 0.5815691550879057 0.4493457272936041 -0.2916507998648732 225 254 516
273 0.9188416808196609 0.5974965611066968 0.0005014433313021982 0.14099220402297163 277 178 430
274 0.7400852985056912 0.022544800531054975 0.44189100954772353 0.19111621885753438 44 373 344
275 0.6933149489558773 0.063724723337045 0.539396996512842 0.03971609083275318 489 44 123
276 0.1099972212702659 0.5671178077235366 0.02879305543990185 -0.05461265120687564 94 68 353
277 0.05365863950436709 0.8549394924762123 -0.14076876365953783 0.1536962487835858 150 374 578
278 0.05344159695589179 0.8320566096672954 0.022245469355475223 -0.4588366190466653 563 175 374
279 0.24083636516882448 0.779353952488945 0.18592139529316487 0.21814837401767928 32 208 544
280 0.25799214578255003 0.7782094849421639 0.36376515862024394 0.2392602265616217 544 598 142
281 0.6736820998781671 0.725229278174385 0.3532578334020098 0.06855447112763535 559 463 492
282 -0.00011480536341162136 0.7934533187907207 -0.004004534204238297 -0.6541606582810555 576 495 234
283 0.03358372045822456 0.8105202100255571 -0.12613089045432346 -0.7129061795757563 234 122 563
284 0.22595355498521372 0.15043104811153665 0.0013953192767868217 -0.6249959955823003 389 198 59
285 0.20547433432041454 0.1338690414823595 -0.5852628930103076 -0.44152853560797123 216 169 389
286 0.36742058572622377 0.5164491397526118 0.22081217895819627 0.043140230970850624 263 249 199
287 0.29225793830393487 0.3480183674436237 -0.16136149829509838 -0.506816847170577 273 356 84
288 0.3103516305815949 0.3425513630333309 0.3433869487368124 -0.4350237694378256 84 113 207
289 0.24924669352236187 0.1823213305337197 0.5925318536173507 -0.25775342138434354 442 223 244
290 0.23663017693023808 0.18248026971707046 0.3382074439950422 -0.1855230583741596 451 428 442
291 0.22608151674855798 0.1977481442185025 0.05986993409715091 0.5027482492814261 566 451 356
292 0.5466133642381442 0.5074939072753509 -0.3483786294167235 -0.3212841596933469 326 3 355
293 0.8043112954245688 0.6973124920341753 -0.253823282531096 0.22060277146684903 501 139 74
294 0.8054124921940244 0.6685367796913076 -0.17411238180387034 -0.009403055417633865 466 31 139
295 0.7610664532366829 0.7178389284659286 -0.3136228582389933 0.29390473110790793 417 351 501
296 0.6828579012074628 0.6979011491560989 0.52230091310973 -0.2313907357387457 377 64 351
297 0.8384669899427799 0.5908625113388388 -0.012545644731409844 -0.1882545452858153 302 37 570
298 0.18107555257692454 0.6118010232707087 -0.07645331104311204 0.09586648558324029 314 20 524
299 0.14342618674303767 0.5660596100220976 0.31452409635090994 0.06880972042155875 353 214 20
300 0.6491413998736089 0.5833006460906388 0.1108066357419224 0.08682317365060754 416 519 283
301 0.6356039215613678 0.4742308832822672 0.4664881078642047 -0.3982012303227478 367 42 268
302 0.6480784063356027 0.5560542766540117 0.05684006165046496 0.07525876536546017 519 538 488
303 0.41928730904608397 0.5859391990939322 0.5433510592844915 -0.12490083099725435 160 595 298
304 0.6169372482998291 0.6113372477590789 -0.09924168709041226 -0.13662822678783826 155 416 545
305 0.47332066205894113 0.5711500728254106 -0.5644598063264672 0.09604672439322837 46 119 105
306 0.4557146630126625 0.6017468245254123 -0.2465514058538898 -0.8075166809534684 376 55 46
307 0.43922456788070885 0.5687611286054504 0.056000817698353966 0.6180054286028525 595 7 55
308 0.5562641778585529 0.5782021295732898 0.3829296203045063 -0.0022174276304021134 177 305 155
309 0.5391875495638271 0.5863721857183561 -0.1592785701942656 0.15635231581656583 556 323 177
310 0.20362806469324968 0.7522115257126449 -0.10862011012857664 -0.12967949301195825 493 41 189
311 0.9940186174420991 0.7073018781124889 -0.21836774957706417 -0.1729542103284798 317 496 548
312 0.007224337444649957 0.7189716029425386 0.15225339322633147 0.3120347247947963 495 548 388
313 0.994849754370509 0.6617710341689375 -0.16128846556939802 0.33564153036763633 496 491 130
314 0.2358639525296552 0.1742968608539225 0.22820306425780368 -0.783507917226367 59 271 428
315 0.1484897004825125 0.12560709448091126 0.8056753587198928 -0.16655969971302031 287 432 216
316 0.188262808886793 0.0909416629513358 -0.2754392384313187 0.5907972784602311 432 437 169
317 0.1911245130884691 0.06428559880583198 -0.2154446069463356 0.3077596715667097 437 394 529
318 0.22291966035068775 0.1991679559985294 -0.010870227851525471 0.5300693689536118 86 566 593
319 0.10861415293317926 0.7742622183750677 0.1461940814934115 0.13552197211663675 175 479 266
320 0.13082145019066044 0.784223085343261 0.2863950354647926 0.31774891780245174 266 0 274
321 0.1633376985360987 0.493622852188124 0.007912954319566623 -0.2452626921001233 9 47 100
322 0.12910151454156035 0.47222089276102786 0.09375903040065303 -0.08333617233791113 396 586 9
323 0.13604403868749207 0.43286375652413467 -0.30832240996425675 0.25769241740469795 586 508 115
324 0.15218210421257214 0.6844161983625283 0.14963114167848568 0.07460583973523116 414 224 99
325 0.11322403465379342 0.4282956802983659 -0.8624745421320634 -0.0890968791800173 109 357 508
326 0.08226668189359466 0.4104547690932109 0.46174228416490104 0.5735217445054785 278 547 357
327 0.08163735440489943 0.4352440781488838 0.5084534862587198 -0.34474908622295075 361 278 109
328 0.2037429423521531 0.19804682973944815 -0.5259760977455175 0.30427362608664854 30 185 86
329 0.16197708482071724 0.2455364540509989 -0.14518006449804055 0.04896859584491153 530 30 253
330 0.2830848026407808 0.09633217910951757 -0.590158178229161 0.3252105175433062 271 378 210
331 0.1763285055988253 0.8310078787960233 -0.28017792981505085 -0.12735264821872594 589 387 372
332 0.23615827912299175 0.8228312094203103 0.20170500929228563 0.1435203639960081 565 32 22
333 0.8460788575228124 0.35802918783425214 0.2744954270827993 -0.20762035909949184 306 464 536
334 0.9513176080288782 0.3104395291099651 -0.061451342625584715 0.1823761738850571 51 514 539
335 0.9821870107984496 0.3486548654960874 0.18030223356002573 -0.13032843623750345 423 539 480
336 0.17239764289616832 0.7830125506294768 -0.10098224739046868 -0.15174388429822772 296 493 387
337 1.005129183396027 0.26197586996570665 0.47289096735680936 -0.33754559009002705 573 264 399
338 0.05742605754066131 0.193377532904051 -0.5222223148707017 0.3393087762149083 264 494 36
339 0.3002889098543511 0.0889410525775228 -0.19273921868234734 0.14711884765983285 210 43 62
340 0.9181205245751088 0.02046255628827779 -0.16991207624911242 -0.5977293248901616 481 551 168
341 0.9198908348643304 0.011311540944289808 -0.14752289927838502 -0.8361013346946944 551 89 557
342 0.9444878804762773 0.9607969951334773 -0.18135112439532364 -0.5368070959965721 557 95 18
343 0.3019863221579112 0.06300830653164824 -0.07963309629765991 -0.2769658009882381 43 334 21
344 0.32546864673102643 0.01607361087458468 -0.017313725800272017 -0.1439521529755794 533 158 276
345 0.32836886199919363 0.040706274985586294 0.04557369585878046 0.03201033015043375 21 276 246
346 0.36332614469087443 0.05504371078446762 -0.32547271683336376 0.13238833987405663 564 246 446
347 0.4153383360584252 0.02925033058016684 -0.4472650900685937 -0.1059406975340016 446 474 237
348 0.2313937794755997 0.31168348399767787 -0.2807411733640741 -0.3025911618492749 288 593 424
349 0.9636603164749596 0.2601977912888035 0.45906438424919704 0.06193068610022001 514 135 573
350 0.9607806653187658 0.2511092426037752 0.35224142196782493 -0.3585458730262503 78 143 135
351 0.041328112354158716 0.186243616077891 -0.5442277727432665 0.2986584051248298 143 502 494
352 0.8616793781667288 0.4246513008505192 -0.5352194513974506 -0.35456704516878546 436 536 368
353 0.6124101163556073 0.5000021595377715 -0.1213518611986597 0.291304894789457 81 515 440
354 0.08988850373940747 0.2320164021149126 0.1452965081583102 0.1789063230894783 549 571 530
355 0.5634015146074941 0.5622011304757 0.5426540716779726 -0.2200784405409495 305 362 114
356 0.681437085572283 0.5986347239601277 0.30424875743784163 0.17880852423712845 283 69 38
357 0.672930385665999 0.7023257811044418 0.19248780850494862 -0.06538341205258869 463 161 377
358 0.852940948701898 0.580959163443674 0.16890797753521536 -0.3836862043360423 570 191 225
359 0.7407700922640869 0.5761428313649595 -0.4543176057580922 0.4424199978592114 98 69 39
360 0.7578600766693453 0.5386744137621601 -0.31850766381985585 0.18503338531511426 39 583 48
361 0.7692834390223778 0.5358526205400587 0.326197113070803 0.004337728440328981 48 195 37
362 0.7433944344445451 0.4032082165459586 -0.32208977446962495 -0.02938402281910113 132 443 470
363 0.8062176860618611 0.9916697006776748 -0.2625707564568591 -0.18082521591189504 393 257 422
364 0.7002116700038038 0.6649026719758816 0.16066390856606105 -0.5141426520638426 64 38 197
365 0.7446050775795348 0.008913210621649 0.5230669650885256 -0.08268973786945688 373 174 258
366 0.640226847402359 0.5517671309642466 -0.5868651653181955 -0.26711448400384974 114 440 538
367 0.7225241901518993 0.5190653540208531 -0.5027426343284791 0.05337877154176773 488 342 583
368 0.7995134641493311 0.006459440343093416 -0.3767345907457198 0.11202650404551484 258 393 434
369 0.9983339576469104 0.48847136524672535 0.16433020187667235 0.6615345844035447 456 188 149
370 0.7579028775484493 0.40219009996795385 0.1982381130777311 -0.048778421059270105 470 112 467
371 0.7034303345515257 0.48425844008332214 -0.4112777597653494 -0.26474023390177237 268 315 342
372 0.8363816423635694 0.9772397827021214 -0.1590508259818879 -0.090253349932512 422 167 481
373 0.5348938299005663 0.6158090323798638 0.033397412960156636 0.4000477719923179 415 556 127
374 0.7695127360248621 0.41481615136651473 0.5266180783114471 0.3485846299111639 467 436 4
375 0.4906741069270014 0.9846153043520611 -0.1921154322431784 -0.04777340172762434 282 118 597
376 0.427567884377663 0.03332897896166038 0.017995642996593286 0.05742442545780824 237 282 590
377 0.7452304789735311 0.643085795125396 -0.04437435557891334 -0.1721153199130132 197 98 466
378 0.8824203267709577 0.46092430909895754 -0.3399483987712171 0.7094496786916316 346 385 319
379 0.8524954581723174 0.4839553893288585 -0.15821025600715188 0.6866192600596399 191 534 385
380 0.8841178582172194 0.5563240925193201 0.369921947934726 -0.204443525303466 254 346 582
381 0.7885266493473679 0.5037054533288536 0.23147730190964388 -0.4165774530884292 195 4 534
382 0.7070296794341023 0.4472326297402224 -0.33785434797040104 -0.2546168872963328 315 229 132
383 0.5615827399241473 0.5190014233266431 0.1851436590843969 0.039159278597544755 362 355 81
384 0.7056534183302574 0.3627805035136913 0.1982122618815474 -0.12717628339320441 294 341 443
385 0.9729839298561942 0.899719132329222 -0.0817632014177283 0.17912431676814222 226 307 150
386 0.07203394944247979 0.19263158765115077 0.12514963041582172 0.25839178297015764 36 312 571
387 0.5038157674716237 0.9883488999899764 0.5554278420874526 0.13838073343458435 597 560 337
388 0.9256537027880533 0.03269818613317388 0.16287629595740372 -0.24240500388211794 454 168 104
389 0.9979461823552863 0.46981896583905575 0.2967790221908295 0.27465635703272095 366 154 188
390 0.022456686829689355 0.5174962807646075 0.374808133141169 0.40895712719035693 149 128 581
391 0.06066200511556981 0.29417280659299566 -0.19392554315850186 -0.43743263143658506 399 549 186
392 0.5758638547478353 0.6625545403622861 -0.20885677354254284 -0.09607211276518868 336 127 50
393 0.6179861834958144 0.65435499211633 -0.25325106040030576 -0.15084045956736958 50 545 161
394 0.6385258022145397 0.06819381257319514 0.146826030847369 -0.21368974940233487 8 280 489
395 0.5434468824360629 0.9715268763649304 0.37613272912961904 0.1438644384177401 560 420 500
396 0.6233997735883315 0.017770659122526376 -0.3717370911093809 -0.2889972244152217 513 347 280
397 0.589392881912008 0.007401895468680653 -0.8013110931737177 -0.07426153858514084 552 500 513
398 0.004786980131654819 0.645792945347293 0.10070304624909543 -0.2476505474649504 272 509 499
399 0.002858435940261761 0.656764866731042 0.04941711779365976 0.23543532262637612 130 272 24
