1157
0 0.02483390715189184 0.6315438981299712 -0.2776670924437008 0.040428435599260126 111 66 359
1 -0.0009846532497138798 0.6294911932403616 0.1451902603379811 0.0034166166830397124 499 526 111
2 0.763101281185206 0.8303261158515751 -0.10109570056093808 0.1453718291577477 85 11 327
3 0.877466634979166 0.8896255824460546 1.383153565291705 -0.8574969694486074 558 371 384
4 0.8936046815536827 0.9109926811342679 1.094366343983781 0.19362584695314933 468 384 182
5 0.9168334109417249 0.9192211626775506 0.48045511919465944 -1.1778170000737602 386 182 307
6 0.9167345598629433 0.9194269156929041 -0.7286408098967065 1.351095263310364 34 386 95
7 0.03642656136595898 0.6863180057060425 -0.3080905312119464 -0.034679380894742096 517 359 452
8 0.023588530543469467 0.6915632521343742 -0.19219771763695492 -0.06836038471402794 522 24 517
9 0.04640876951750181 0.5953590124270381 -0.225260198688515 -0.05422554349987507 66 462 309
10 0.36531388055883623 -0.04274201491222988 -0.6403752520172789 -0.22238473293217062 163 404 151
11 0.35397704960897014 0.9692633114943072 -0.051920649897507776 -0.12000273812845519 54 379 397
12 0.36511537683659334 0.9571790670555131 0.2033577464679182 0.1051636248190161 379 193 163
13 0.8726343536476582 0.21377971377703625 -0.06554037035311211 -0.035174645141022864 10 137 134
14 0.992701754212846 0.20443886778928794 0.5322714638863373 -0.08982934960656032 591 35 78
15 0.965357428870907 0.19158829199020577 0.4563142575603196 -0.19401982971622989 134 370 591
16 0.033693043547547846 0.07500831512887549 -0.16215145424297583 0.15681320512939134 133 482 599
17 0.13405684058114534 0.07000882952621686 0.019384667829247526 0.26650113608972514 400 45 394
18 0.5995428908481216 0.4399615409006539 0.14698772199395194 0.14898334683988157 338 447 433
19 0.6243989679655519 0.3914827149667685 0.1321198993958772 0.0595691444088553 447 25 202
20 0.7970612793455365 0.1317988284463992 -0.18055501919966854 -0.10469033799587191 243 269 137
21 0.5201549319141274 0.2322444670456047 0.14980683742116252 -0.3568411628684931 181 6 260
22 0.6041353855095705 0.3461608561190687 0.06913723274437622 -0.0229622383607353 486 103 25
23 0.5728551830654854 0.223073963013236 -0.19293473485504364 -0.266638268409114 260 318 26
24 0.5137415270157446 0.20406615478175405 0.22077584517499194 -0.02288802550265423 349 250 6
25 0.5488211964889556 0.12188631295920044 0.20771789809026497 0.23421781840393674 448 23 523
26 0.46833930864745604 0.1365057958228296 0.06299264720954767 0.20526977131951618 328 23 190
27 0.4633951186341157 0.1751562012593236 0.08513411434152296 -0.07690864126108643 162 190 349
28 0.9538848335277053 0.6895007366639987 -0.041370918149596925 -0.17528274534953092 510 70 317
29 0.9176845106064093 0.6820547825340215 0.17836057457365495 0.12165815542475311 402 518 281
30 0.8936066205261801 0.636046595862109 0.05573989880769403 -0.1722006724713676 201 77 518
31 0.9518543296452999 0.6845559076134117 0.10732393454851441 0.163006647763142 281 88 70
32 0.965793882042986 0.6713048519405815 0.11359065268251589 0.2039251989494062 88 49 491
33 0.96521411663326 0.6408126081218879 0.15786133684969617 0.09346591695047479 56 136 49
34 0.8772406716244862 0.8898291161750724 -1.1661057513874464 1.4280032684171808 218 558 251
35 0.7959330155612232 0.8870514089929351 -0.4150846770494725 0.40075486292787166 483 458 218
36 0.8311345046253354 0.950635584266519 0.03635070477047905 0.15084647329529666 459 284 167
37 0.023955788260955416 0.9832604297729356 -0.014177703802631392 -0.08449592900361402 104 299 227
38 0.11944053160455409 0.7432433526249478 0.10966056049332984 0.29631329733631473 452 410 479
39 0.1797299758313092 0.9296803044365826 0.011645820419126096 -0.17705613572505108 596 232 427
40 0.3632835486013358 0.9217344828248661 -0.16510673106484575 0.1943929028164204 193 80 13
41 0.3462065557381752 0.8050448239420767 -0.1913599161074142 -0.2860541879756706 184 240 79
42 0.3894590323364279 0.9239544856920758 -0.3764520115773218 0.20792427675442315 404 292 87
43 0.3745612117281082 0.9124026524902793 -0.23551275044747522 0.28349136649286066 13 79 292
44 0.5565026655433596 0.7450407541768651 0.015867174588124477 0.3747097774425834 540 587 183
45 0.5391109685318993 0.8157283798497621 0.3903614860176208 -0.22393363864614546 304 72 67
46 0.48748683224305944 0.657336438695002 0.02297582471499915 0.031069168765496258 255 415 567
47 0.938856995808035 0.5499038819037676 0.039680275992076686 0.08212372708954474 301 335 550
48 0.9518210219689367 0.5528199583290719 -0.10146803747701147 -0.3186584625347339 267 153 408
49 0.9518300071865782 0.5525710514573124 -0.12636374055962316 0.34411153674793193 550 456 153
50 0.61970908351745 -0.05925937847727704 -0.07888853172327656 -0.49377194448403966 347 29 507
51 0.6225820794698188 0.9385548532125001 -0.4431858508001721 -0.2649974752220313 507 297 531
52 0.3530309258063155 0.2519216823649503 0.2690266162619359 -0.38712153413444916 113 82 572
53 0.5306261849199864 0.862928803040718 0.3939319807855224 -0.03749802621189069 121 304 460
54 0.21047058260379603 0.595505172211789 -0.18665089265845758 -0.16319826809385596 524 125 471
55 0.4702997623688771 0.36476579433602785 0.010982092318867487 -0.18152843048180323 207 473 497
56 0.007064492060628456 0.7373344260131209 0.440538381459249 1.0524090576507648 122 388 522
57 0.8424864675638014 0.291829544507589 -0.17685138891526675 0.2557670216243868 236 10 262
58 0.5058498203401173 0.3289390443255248 -0.027979955852242 -0.06868302870888243 473 96 486
59 0.48793337908769024 0.2737193600073461 -0.01811149910602161 -0.1789806851337783 173 181 96
60 0.9982600092085878 0.581603941978889 0.08193287714952646 0.0775633602484449 265 408 219
61 0.022897192282065937 0.5709834675566703 -0.03263401632258578 0.13410451638051768 219 581 462
62 0.48212208534562373 0.4230330054132094 0.07572183852166958 0.29474135909701715 233 497 421
63 0.5433535645526975 0.4563258668653236 0.0168500137454064 0.24066414347490017 421 338 3
64 0.270957070241112 0.7836206846756367 -0.1121800525302058 0.3309753298687268 598 252 1
65 0.3544897910406917 0.6222775113467713 0.17413692710022133 -0.076643646290675 117 308 476
66 0.2530167606078039 0.6429888456074206 -0.0802608438044139 -0.025080072740824022 159 471 117
67 0.39213142941634416 0.654001352653593 0.18078149741085348 -0.10277326281671328 476 332 311
68 0.39640930463385776 0.730482727443905 0.2283141620207374 0.15057594754397385 108 311 63
69 0.2644796226226844 0.04360168988536661 0.26940567381117386 0.2491117149366895 124 403 334
70 0.6743161889804384 0.3587782047372771 -0.015920727236551357 0.03310325139005421 90 120 294
71 0.6689225226194033 0.4459480868969643 -1.3934380013616663 0.7254256507722555 42 343 229
72 0.6489876216203458 0.3935227540732095 -0.04961327876307209 0.04295935725207034 202 90 343
73 0.5711707942702018 0.17540169119133425 -0.14681926854831495 -0.16792301498966267 318 503 146
74 0.5670602173707422 0.1732771856519788 0.09806326011635447 -0.037966185750804016 250 14 503
75 0.5687454456222915 0.15143148328718922 0.34732454568941074 -0.023292533543215962 14 448 290
76 0.5562566890714844 -0.002938664434968279 0.08499392509039187 -0.5005318510074743 337 552 192
77 0.562385086867951 0.10530406740784899 0.12913241587142466 0.34980480075053055 523 192 116
78 0.5688736856460539 0.15140655328308184 -0.30339573731206093 0.10334002409221124 290 329 230
79 0.576949942028294 0.1155175023718378 -0.05350430307138332 0.2239254622005138 329 116 203
80 0.645171005276018 0.17337267296707545 0.1346836187227692 0.014052090746433446 83 392 506
81 0.5778474746979859 0.1687098336886245 -0.16788427852770793 -0.11119776540530202 146 230 83
82 0.6882203315438458 0.19906369302698118 -0.2660459380576796 0.24115219196541027 222 204 574
83 0.6453278086864896 0.17317747855605833 -0.1538943032795663 0.3728633241734374 392 484 204
84 0.7431407315609411 0.19017322349797275 -0.23766841689143448 0.25453909952011244 200 574 407
85 0.7740364138243612 0.13532829095173834 -0.030798371492002374 -0.1292416302450805 407 123 243
86 0.618283701760414 0.10805365922933652 -0.10266235431211079 0.23387441289157707 203 8 484
87 0.8074562159823555 0.05308889301275078 -0.3941379042311354 -0.16828209766428168 106 61 165
88 0.8073848523452821 0.05316208738909977 -0.109875988865628 -0.4595933289161264 269 12 106
89 0.7946864100112124 0.03923381825671777 1.1238220729977377 -0.8778522377545073 239 434 61
90 0.7944872017531925 0.03940625005441097 -0.9609457236167801 0.927356308492266 344 239 12
91 0.643964767075438 0.27129619116444 0.13058863816695077 -0.030521018698492774 26 101 364
92 0.6460229111831886 0.29688654081146953 1.819224349431108 0.1307232026328187 562 380 120
93 0.6456718610110989 0.29683642910127306 -1.7104431037530647 -0.3730357157271961 103 364 562
94 0.4190332604690905 0.09875800827998178 -0.17417930708862883 -0.00270359498677486 126 590 328
95 0.36232123117282067 0.12266198258649849 0.023151877637239693 -0.04108946932701585 478 383 126
96 0.9999027480182263 0.13504846555790828 -1.5201224611360928 -0.4736754610609381 370 295 504
97 0.9976995488536501 0.08881703428116229 0.2080299037199307 0.010847211323605777 561 133 295
98 0.909137599335301 0.7045440283647819 0.26810361986040476 -0.11468705672645907 455 402 375
99 0.8791786641349182 0.8017031951219182 -0.11727291776564286 -0.22741749455823523 19 568 371
100 0.929881757315081 0.7167206457658382 0.030811332304980787 -0.28361829794432136 176 375 510
101 0.9374295817728955 0.7483850106214147 0.022467549348759164 -0.4241765626245009 568 176 576
102 0.9150389564160278 0.6044832955767581 -1.644487799099426 0.03688293432672321 77 505 350
103 0.9153416750925099 0.6044240488304901 1.559962443584061 -0.5930114391211475 350 430 56
104 0.8930063395822782 0.9110253016083029 0.6292815086860826 0.20356367383563262 251 221 511
105 0.8929506894817771 0.9111234986670437 -0.18525829275587574 0.042134195266075536 284 511 438
106 0.8941247471949392 0.911685634700356 0.0927099688279075 -0.5961267378898827 438 588 89
107 0.8934534277889256 0.9110274999935886 -1.0392370207811907 0.008271871965062454 235 221 468
108 0.8941528285590801 0.91167257542766 -0.15257647024882315 0.5503161573493102 588 235 34
109 0.0512229770417386 0.9518635896201245 -0.1997159052719022 0.1775627256339618 469 261 439
110 0.07450511189344429 0.4778705674567001 -0.17927327816149272 -0.4476115132503468 57 53 340
111 0.0628923758643838 0.5246487126080724 -0.042341585099192613 0.07003400984140207 128 340 68
112 0.03126092244434034 0.36342862143010424 -0.10684627314070488 0.3556597614396464 194 480 196
113 0.12644769512369589 0.34998102229500544 0.032298781531270304 -0.15624581385653702 97 275 286
114 0.37512821682134667 0.5734615750760312 0.2212334156148632 -0.04745468393241303 308 179 527
115 0.38770968657997135 0.23742099123546023 0.0665371344826804 -0.2725387047985972 572 444 173
116 0.25181150572900546 0.4547774213563718 -0.303552927238826 0.31732662192363037 205 405 475
117 0.22030760739484395 0.5276307987576908 -0.6097244051583873 0.9033638236285436 585 75 164
118 0.12292564561566377 0.33616165336371473 0.07409044194134351 0.03782779801203562 535 485 275
119 0.9785469487255951 0.4251106072511242 0.09926629448986368 -0.10606396108614469 211 390 366
120 0.38908578808192795 0.20925677181942093 0.04514011768541604 0.002225039943959395 444 220 162
121 0.16504137876547476 0.8835741000188985 -0.046029480227360864 -0.3816616772622794 395 449 232
122 0.6191095887255219 0.46278202346183933 -0.02996860398729595 -0.13192634380765345 515 433 367
123 0.44076408445885545 0.5076388900225319 -0.11574546252002271 0.1508862385729559 382 592 238
124 0.3227500879226363 0.9571403387590582 0.23083040236182573 0.13691759843947882 242 528 54
125 0.4619162094797904 0.9247077129339668 0.04867852718137833 0.27343395880841115 87 121 118
126 0.36852324656686386 0.764229398416098 -0.2668071791658063 -0.3474744014709489 240 92 333
127 0.4157896387951183 0.7384991377914535 0.06832438740348107 -0.5439049732223209 333 256 520
128 0.368410319675603 0.7641024206029857 0.39626421280045643 0.3946886331434793 73 108 92
129 0.41579059482140934 0.7385182997099882 0.12813969784477305 0.5938523930850564 63 170 256
130 0.6197099542622214 0.9407427198701167 0.30602045800973704 0.0977810756354943 577 279 29
131 0.5575460446155929 0.8707205536719096 0.009489536934026432 -0.1723317571977745 460 285 217
132 0.5861204312034168 0.938094244085415 0.15158955757321735 0.0483754696023464 420 217 577
133 0.5700170709346907 0.7331834156986919 0.0038325558004981275 0.3964022173008619 587 336 107
134 0.6575577057188651 0.7649694520030937 0.02424143177859328 0.09275771678529665 320 559 247
135 0.5963061107061411 0.7615953744194655 -0.35956240519718907 0.05533533666002288 215 107 320
136 0.3106456049638833 0.7906217142249158 -0.03452712111985841 -0.3583850307042587 381 5 184
137 0.31990000480146497 0.914524503617565 0.4554425216954025 1.5425525937666364 391 354 80
138 0.5229254442588773 0.7775858955874733 0.33387321622668775 -0.11314670207707156 401 166 72
139 0.4481623625105337 0.7377444377068402 -0.1437834111958614 -0.5060736578863206 520 411 401
140 0.5310075105687935 0.7720709111619344 0.10877206392534422 0.03607565669805357 166 537 248
141 0.5323503416153369 0.7467123454488315 0.1359313141213736 0.3416060906369367 322 540 537
142 0.7029453789680421 0.8437128812931763 -0.04808155923104532 -0.3266599443740338 426 180 141
143 0.6848257000611251 0.8390858051201739 0.4042746385053697 -0.2279028471149913 300 358 426
144 0.7032793154937974 0.8429107170374561 -0.2824862454522091 0.23649323723298754 180 554 85
145 0.6866004213420724 0.8337641670844065 0.17164200755148684 0.5083781669072696 358 247 554
146 0.6283591710418013 0.8694337321827151 -0.031115354737210055 -0.04083846802394042 110 419 300
147 0.7959194946003004 0.8870673428907743 -0.10831015515889997 -0.1371377388113392 293 483 316
148 0.8163674506482068 0.9459944496922974 0.026150270664160313 0.1550838280711675 245 316 459
149 0.795448789064649 0.973943864759165 0.40019588426292146 0.2698006603259152 445 245 257
150 0.7811932254532759 0.979779724393944 0.2715864694594061 -0.031635925649975416 412 445 174
151 0.7203710561447636 0.9284975282956321 0.13061498896349555 -0.18561383680060217 531 330 412
152 0.7958014875659853 0.8869615146591786 -0.42042101995132336 0.2120731901016342 580 327 458
153 0.7958010699441737 0.8870035485883931 0.7749152043678466 -0.2701469427524765 140 580 293
154 0.7341714878669464 0.8928356554950809 0.09823557245436376 -0.00513048492578605 330 141 140
155 0.3106416953077672 0.7905106772712223 -0.07861258998636839 0.4131052753320692 5 1 73
156 0.2793105492782712 0.7992826069979161 -0.13937101021876952 -0.20965652339222096 594 142 381
157 0.5529704327272801 0.7838028405135674 -0.12581348411006 -0.058570940979219 93 248 429
158 0.21258871592977302 0.48650684740561145 0.003858339342466266 0.0726990391497484 231 205 498
159 0.1666352691765955 0.4730780212787657 -0.2839888818691286 0.19888202477849182 47 259 231
160 0.300043514156168 0.5068731122852943 0.18110434298057587 -0.2649013662939237 164 363 289
161 0.30250092448066945 0.4976071650086734 -0.032497150630195204 0.4767825053167418 363 475 331
162 0.3718339869848273 0.5085331445751171 0.1937906835003389 0.4835237290418126 331 369 249
163 0.829520846058371 0.2956421252165276 -0.04057559063047611 0.21707749799093623 490 406 236
164 0.7403017709840516 0.2727556669096354 0.003155747538285958 0.0018959112058070104 512 58 418
165 0.7610128948686214 0.2568853948662116 -0.1820576467359558 0.1346307617472453 58 200 406
166 0.9241254194521525 0.35167789944524297 0.20815436180265934 0.18684223612730477 409 51 172
167 0.859513381804978 0.3283886758910504 -0.30936081057975073 -0.006542600489156669 464 262 409
168 0.9426282679761072 0.42278156106343584 0.14440958776007484 -0.10432893646217245 345 172 211
169 0.35403809220247 0.18433560749451425 0.0654063411070771 0.05837326663704623 270 478 220
170 0.826838908974051 0.7317476066211513 -0.000837704905443104 0.04756411237094582 91 74 455
171 0.8483083213015348 0.6252031058860263 0.08219664254793813 -0.17926772219456488 31 302 201
172 0.998886113629133 0.629322580782955 -0.24954518796954822 0.7518109105587606 241 265 526
173 0.9987631064956916 0.6295180400673449 0.5818960456440824 -0.17687384266094375 136 241 509
174 0.43639041467218836 0.5754994942716878 -0.07179035123127232 -0.8621798890483928 298 376 398
175 0.44000307697274244 0.6294159391706241 -0.09458189439981446 -0.03414069790763641 332 398 255
176 0.22258943323269945 0.9316526837245377 0.04728646363361122 -0.19678624216257212 427 15 525
177 0.20174784790474515 0.7156644490247605 0.13961123888905913 0.22590430359681335 99 129 41
178 0.22595265976853995 0.7063770763636207 -0.20894446485508755 0.38195199364432497 129 159 325
179 0.24167895972873066 0.7511264985868206 -0.37084131263302905 0.5065379990454311 40 325 252
180 0.042824277908614164 0.08664219625782053 -0.2803177209451113 -0.005992725933545717 209 599 425
181 0.11845219413852089 0.08902749585240892 0.2519962519903496 -0.01783370603969381 425 400 171
182 0.6763455669389438 0.2265248653363264 0.10297034694226265 0.03971222480836346 16 506 584
183 0.6612016676325603 0.2622352644471757 0.24276542777445542 0.22268521495641574 101 16 465
184 0.676325064100717 0.22652644139881195 -0.3209315751905473 0.05940138845453161 584 222 352
185 0.6829842542551807 0.24914825029333504 -0.2101451169328472 -0.05659570034843853 313 352 512
186 0.6613435496952316 0.2623640059705862 -0.29414144540190756 -0.2868166445991159 380 465 313
187 0.29914903113456376 0.11058394464032988 -0.07890646434860482 -0.0017892305692601695 223 62 477
188 0.3355384226274053 0.10013182560293153 -0.08524873446047465 -0.07412347610702419 477 564 383
189 0.9299739789703555 0.033920691932136274 0.06702719143603098 -0.17628699888749821 165 454 561
190 0.7416911340248407 0.7196731493423103 -0.05792618357365869 -0.28147396411001746 492 417 365
191 0.7861890983463214 0.7736018522656107 -0.052787715171254135 -0.12218038664135733 11 365 348
192 0.8214005880862484 0.763445344020773 0.04209447235226094 -0.1564118334851372 348 91 19
193 0.48737478916336685 0.7140191327208082 -0.045141831939155 0.10489399071555994 541 567 322
194 0.4481622315068719 0.7377408603755176 -0.11721438602173805 0.5063312926594822 411 170 541
195 0.04555182454283693 -0.0010360175538606034 -0.13862362195637967 -0.1661963237170605 482 227 65
196 0.06773322231254017 0.9837268637116827 -0.3188770986845002 -0.061218745003865926 65 439 228
197 0.11671793203264036 0.9969413123887608 -0.050856622385575534 -0.017261414519964546 228 596 45
198 0.027155642769821332 0.9577968583653673 0.06073231655805752 -0.43697093052931557 360 303 299
199 1.0271707977686946 0.9578181257487107 0.7126932230881885 0.4517184480702413 213 553 360
200 0.027134258294421846 0.9578136250753108 -0.8003345787111642 0.2493967653284545 303 553 469
201 0.26718578860981235 0.9846001118258032 0.29767676032466106 0.07745238270184807 403 525 27
202 0.2203691488362131 0.5274777622543784 0.05590616133713729 -0.6494178449417591 157 498 75
203 0.08203353029533997 0.47113351814771914 0.16457165960938672 1.3255558968424925 53 102 396
204 0.22029403699898506 0.5275781559528361 0.2230534413676246 -0.7123917855283625 125 2 585
205 0.2202675931017194 0.5276587066551319 -0.029316713062106824 0.13183382836769664 575 157 2
206 0.18649686425878853 0.5248908426605546 0.09101933096111736 -0.016298249555513067 214 100 575
207 0.1317486210091493 0.7415466505880247 -0.014263090188093575 0.31784314191013463 410 414 339
208 0.14486786778733238 0.7791050211660099 -0.09956114497286853 0.059385249853455974 0 339 296
209 0.08816329026204836 0.38748564402610186 0.025255980640181974 -0.11680391306945204 461 97 547
210 0.03125214495073537 0.36338746965187635 -0.24965502406470974 -0.3136339390365954 131 194 461
211 0.08198716099562575 0.4710193337673737 -0.247863482500223 -1.2206637551198967 17 361 102
212 0.07451751735091149 0.477884220055976 0.43016793590606095 0.22274546149751587 154 17 57
213 0.16613722714960488 0.31476856045004165 -0.2835538973761098 0.05623661675224767 28 543 288
214 0.23108537749188401 0.3863622821478178 -0.4250580887266153 0.062309731679865976 521 206 405
215 0.17425278628514573 0.3900261153548017 0.075721361125769 0.009998271655042856 152 487 521
216 0.1508065686598529 0.35274960364876734 -0.08672817013166689 -0.1937392409695482 286 28 487
217 0.07158391318021927 0.31972669723827835 0.1015413239602303 0.05479237272232318 196 186 535
218 0.156795289512611 0.30894813605486016 -0.1124921697459591 0.17182114168956542 485 253 543
219 0.22717853876953145 0.08727169609459108 0.1386904004835321 0.33478313038459717 529 124 60
220 0.42952691437757956 0.5708825008135058 0.3977819964016234 -0.22558409735736004 527 291 160
221 0.43637577796240645 0.5753033049484388 -0.3233821694367117 1.1818433800532415 7 542 119
222 0.4295924923664504 0.5707866877013441 -0.043652846886278046 0.4238735962621082 291 138 542
223 0.3597877163492214 0.5370469429837661 0.190753970952251 -0.24826754090045977 289 263 179
224 0.2518199325980299 0.8456010919149686 -0.8146446114855235 0.2804519248818661 71 22 579
225 0.25179816445996955 0.845632550251564 0.4643035840919346 -0.2598064599882658 453 71 144
226 0.7724579990419789 0.3478840486561825 -0.1640908076083747 0.09492508341868433 112 431 145
227 0.7485641643603778 0.3338652175712654 0.020576621309609244 0.22143001390806383 341 418 431
228 0.1495344183332216 0.4484067867863025 -0.013307398238904256 0.12899222558149237 115 152 259
229 0.8254755286065192 0.32661498674167705 0.01788188971896254 -0.0419024967501791 145 490 306
230 1.0126205728798126 0.3687128851869033 0.29669583422042844 -0.40762019449906706 390 423 131
231 0.9354904822980822 0.5546467306297934 0.11475308294740805 -0.0034410544726137804 582 301 321
232 0.9359219409968688 0.5553283017465933 0.06348941317341553 -0.07781612353183892 178 321 267
233 0.10786254224858248 0.5832409212943201 0.12386177916656749 -0.16213619587548966 309 94 450
234 0.153660750945886 0.6173484878596105 0.0018024661624371774 -0.3737606734527388 450 314 224
235 0.9643663101454254 0.9226841755479767 -0.1285815517211228 -0.43339673860625594 18 226 213
236 0.24148649627947755 0.11402933003919051 1.4051546581693728 -0.7664556830092831 198 60 378
237 0.3556503612188221 0.9772827604766405 -0.03969813111050213 -0.19641611128350112 158 397 148
238 0.3589269737366305 -0.02203777166192671 -0.27594435963659847 -0.24467897053077892 148 151 474
239 0.00016719791960566685 0.13513992090402205 1.5041460633489068 0.572180603833789 504 209 310
240 -0.0072070557319369455 0.20438764096848064 -0.23401722938751116 0.3399257832869705 35 310 502
241 0.14282826459037667 0.12010102203740564 0.14576266582633224 -0.16947482722740048 472 171 287
242 0.13173834132779288 0.1857235158320745 0.014316862972929556 0.4623775667900176 312 472 185
243 0.8826669273897776 0.4700409840482553 -0.016949784284459035 0.17655889944512282 319 368 33
244 0.9076064877103016 0.46927698571159854 -0.03657045673233217 0.16427983695610493 33 345 335
245 0.4339008668606723 0.4866830854444393 -0.02823981500033046 0.4852623382983756 369 233 592
246 0.24165953828054276 0.751145898171526 0.33379169422237137 -0.19669725535582505 189 40 208
247 0.18449857024610278 0.8521007463786635 -0.144228314014061 -0.035035465500987684 372 532 449
248 0.2517022344215369 0.8455868372805876 0.0995537118535358 -0.09796904496282627 532 565 453
249 0.24993227916694744 0.3224803716805893 -0.340220886879683 -0.2788464886077646 206 424 273
250 0.416374495503362 0.5312487135899839 0.06357397663858677 0.020171032205640316 138 199 382
251 0.31977482206695507 0.9144641366174328 -1.254251404003855 -0.22880903357983332 528 413 391
252 0.31983748464674805 0.9143521650736276 1.102877506301784 -0.8130566077769584 147 354 413
253 0.2519317677440957 0.845576680798296 -0.207150418728017 -0.032082321802846425 546 579 594
254 0.25524192797223405 0.8572526936511065 -0.5028581602163531 -0.07991121240880127 187 546 147
255 0.6224174900868851 0.9383774393006538 -0.025185233618659625 0.42944366133914474 279 110 297
256 0.5812457476541194 0.8373814748296131 0.13301930502993953 -0.5629595415567379 285 52 76
257 0.5813295967897762 0.8373787597337471 -0.4792182668972387 0.04095797394548361 76 555 419
258 0.5647114026769501 0.7753123235332569 -0.13056878304246178 -0.04213594386598407 429 183 435
259 0.5789248459602847 0.7803990251896806 -0.2211516697200877 -0.0720959488290096 441 435 215
260 0.5812521690828326 0.8372446026009396 -0.5684517074530703 0.3257100832587071 324 441 555
261 0.5514427146977449 0.8120266596507358 -0.14122344127454056 -0.06411982941129102 67 93 569
262 0.5812314286440696 0.8372548161897556 0.35677336227479467 -0.07134838016893078 52 569 324
263 0.2552819511996386 0.8572433579737614 0.285170955389481 -0.259884448886022 15 144 187
264 0.13738448778218718 0.8682928912532214 0.22934767140991852 -0.17479821895483028 212 457 395
265 0.15497977619241088 0.8144867319674158 0.39418157470744175 -0.18358283289279623 457 274 589
266 0.07203884265147413 0.8882528045615357 -0.1272535198743041 0.023625394696136226 261 578 212
267 0.3335585511208873 0.19523941681153356 0.3851183781600209 -0.09289238649123899 244 270 82
268 0.4842755899775135 0.556873373300177 -0.07275197978773296 -0.05298502817052686 105 156 323
269 0.48570497037953414 0.5275866558221727 -0.08513413585209406 0.1136290353476177 238 326 156
270 0.30513179148304076 0.9785801901687943 0.3998828362189455 0.04284437457591217 27 242 533
271 0.9151270920348078 0.6044420105608623 -0.6102441206748562 1.1229747643731074 516 277 505
272 0.8884172952897788 0.5604475412284903 0.06623524853588414 -0.17312188713841659 225 254 516
273 0.9152514481211422 0.604326422412961 0.8072927088037768 -0.9290134567933959 277 178 430
274 0.781907287258726 0.03265372399827259 0.23537099803905281 0.12436520754194325 44 373 344
275 0.735231207347258 0.07295917418423477 0.2872343286830503 0.13399406376124467 489 44 123
276 0.10994264129654821 0.5766980577850057 0.023361149473211107 0.13373480500095125 94 68 353
277 0.052667522975623306 0.8723383281245434 0.013900216394580056 0.13491834975620787 150 374 578
278 0.06078904876501445 0.7994500070143775 0.09998473160521826 -0.2267078275108858 563 175 374
279 0.26678683858616387 0.7866641907173404 0.16551421071382688 0.020137352115673357 32 208 544
280 0.2696986797212788 0.7862738783879398 0.03167975395901301 0.03351041583977976 544 598 142
281 0.6982033954920767 0.7153619888639124 0.20182642588434385 -0.11470681574726749 559 463 492
282 0.006905531356658363 0.7395125732658627 -0.008406565877173543 -0.5102822918823681 576 495 234
283 0.006943238583322435 0.7395254933132751 -0.2413456960919779 -0.6179081405195013 234 122 563
284 0.24125512619134998 0.1141738384473623 -1.1782042021056722 0.7595170189518319 389 198 59
285 0.18380888392801548 0.10389851170467776 0.7057063348649877 -1.415052928663025 216 169 389
286 0.37497434627266246 0.5213442670423266 0.03923940408712134 -0.019617064743460144 263 249 199
287 0.26847312029389064 0.30639875879265793 -0.2787433363987679 -0.332377510930959 273 356 84
288 0.33721486299057085 0.2973690257028432 0.2293441270229124 -0.36253941723685124 84 113 207
289 0.2831923883803008 0.16041840532903182 0.14225528324751657 -0.21372921661655386 442 223 244
290 0.26347114895940726 0.1638202533368779 0.15019929362758422 -0.18154693512406617 451 428 442
291 0.2277934047540412 0.23866834489056674 0.015077103107663525 0.3219769615855905 566 451 356
292 0.5406790425209229 0.49755196462107765 0.043239915814563545 -0.001650077990911214 326 3 355
293 0.7906848289334637 0.7028572738282661 -0.12685221623121024 -0.05271328165634692 501 139 74
294 0.7921205529840716 0.6657108377118915 -0.11004172850714866 -0.05563282542975223 466 31 139
295 0.7417364285192977 0.7195294730745302 -0.15836469946821016 0.037289104527142396 417 351 501
296 0.7082537352802827 0.6947780825070763 0.09999285531525626 0.04940908151368495 377 64 351
297 0.8437449801188387 0.567756463965591 0.06889097695084168 -0.22120302811678982 302 37 570
298 0.1692675210565459 0.5988854966600063 -0.13900834025526443 -0.18973299147073686 314 20 524
299 0.154831978793004 0.5732113391924296 0.04127660400976563 0.11266603622273053 353 214 20
300 0.6497980083110575 0.5803309457469148 -0.040527224631770054 -0.042716817583166034 416 519 283
301 0.6688383763249613 0.44597724442794384 -1.441040076468933 -1.1760782900595788 367 42 268
302 0.6485529962081793 0.5576414278070325 -0.017605552085631082 -0.023931585532710464 519 538 488
303 0.4363101662444549 0.5755878781973327 -0.24853250576935312 1.3376646548437674 160 595 298
304 0.6130372551824891 0.6010515217016021 0.004955617860513684 -0.09808247408704673 155 416 545
305 0.4365138290210234 0.5753110570687567 -0.42254970643079615 -0.3711193989001504 46 119 105
306 0.436390253381221 0.5755710483413893 -0.379814119874167 0.8618984478247138 376 55 46
307 0.4364274260866612 0.5752881904201957 0.7746645960013225 -2.610875955611923 595 7 55
308 0.5831476156700525 0.5783662579815854 0.11788613488161737 -0.004938550263178243 177 305 155
309 0.5380198016652407 0.5956348877963105 0.02618972747003845 0.05304450906296054 556 323 177
310 0.2045603572752035 0.7392352684638208 0.06157147708352184 -0.0507471609872967 493 41 189
311 0.9740727190785644 0.6894965865405693 -0.17423426711821177 -0.14257444079512904 317 496 548
312 0.006950550353576174 0.7371818054743572 -0.7409797407693041 -0.8170847985685465 495 548 388
313 0.9771175556550623 0.6781049372876078 -0.19947568093842127 0.05021467668758772 496 491 130
314 0.24147533158528733 0.11411387959049446 0.10162650360731172 -0.6170146039065962 59 271 428
315 0.18370377979885694 0.10403637678898733 0.7934727420385668 1.0515353254315125 287 432 216
316 0.18365542440961286 0.10392053978576278 -1.3741221129302859 -0.09356556186031119 432 437 169
317 0.18431483625702055 0.09651297411849066 0.02335145583842735 0.32033566754047227 437 394 529
318 0.21715046836592788 0.2428712594628592 -0.07931613196093812 0.3585714640139126 86 566 593
319 0.11801966989820266 0.7684196728755831 0.10326685791206547 -0.1443612451801357 175 479 266
320 0.14467940667375265 0.7792861251578517 0.0744164875825671 -0.11074669525076679 266 0 274
321 0.16666449042137743 0.4730459634544772 0.14726485212621662 -0.27442352809003123 9 47 100
322 0.129274449787751 0.45321964418923466 0.045833097535893756 -0.17448475481845505 396 586 9
323 0.12927839417488213 0.45317720193373123 -0.002483670995918289 0.28680513231141075 586 508 115
324 0.16691430201829527 0.7000620285148523 0.10785174558991528 0.1841326632834317 414 224 99
325 0.09994050035960199 0.43695754459927516 0.40663382800656867 -1.2426424531264368 109 357 508
326 0.09980472651090545 0.43696218956916166 -1.297244227240358 0.5067810417136702 278 547 357
327 0.09991802562093997 0.43709589347617006 1.07399399409654 1.129651323270595 361 278 109
328 0.16364480874247192 0.22768102179835226 -0.2999602746744934 0.23146236940996268 30 185 86
329 0.14561173677420466 0.24839728362215407 -0.13596947630312162 0.002943229340801601 530 30 253
330 0.24142965498241026 0.11417896575834742 -0.42596051419474845 0.16987795812283304 271 378 210
331 0.15518451400878455 0.8144507304865415 -0.4393240793127296 -0.03420663558179396 589 387 372
332 0.25180879912489723 0.8455390675045171 0.7827809617053051 0.2947811688215444 565 32 22
333 0.8434099133751454 0.3392978658618649 -0.10808550547636298 -0.14547865551106653 306 464 536
334 0.9698896695744053 0.32913674515510327 0.2341430119234822 0.16760967683215888 51 514 539
335 1.0121527040664258 0.3655862551789581 0.3842186823040106 0.22324324329241196 423 539 480
336 0.1529695304256509 0.7817465710125238 -0.11045238786089318 0.05165052795186309 296 493 387
337 1.0287109926802915 0.23776054232599866 0.06555796218388199 -0.21889228433297214 573 264 399
338 0.03012843169516878 0.23102953584348176 -0.06775070591352739 0.38302428052167103 264 494 36
339 0.28688436482972685 0.09926729573443208 -0.09957224073042781 -0.0035041101964505827 210 43 62
340 0.9033330502058506 -0.031252626281963174 -0.12704804985830265 -0.404811324045129 481 551 168
341 0.911760134191039 -0.06411399064073668 -0.10397392270072858 -0.5183382160989236 551 89 557
342 0.9224264396172375 0.9260247612176467 -0.37939895721622596 -0.16601444524644293 557 95 18
343 0.2916060197681132 0.058752956526469 -0.10393979496536865 0.0397922281930585 43 334 21
344 0.3269569290018521 -0.0023112946266342256 0.02994890065111111 -0.2387195378872331 533 158 276
345 0.3255482737211487 0.04088411794507721 -0.0005330111352286337 -0.009741069409430203 21 276 246
346 0.34107238082764496 0.050431631281714955 -0.1404634308171948 -0.09937166610407555 564 246 446
347 0.3793818847925807 0.023898184443449395 -0.279033565697695 -0.03192564129728126 446 474 237
348 0.21457361727410368 0.2971272932932961 -0.07959179079697343 -0.07400949922353739 288 593 424
349 1.0046319897050877 0.24298536943553328 0.3795279476109803 -0.25917995909174874 514 135 573
350 0.9971845537079095 0.21130680037029417 -1.1497743235540998 0.7388648488990037 78 143 135
351 -0.002677198852919555 0.21120635582196376 1.1316725674831787 -0.9208940446520705 143 502 494
352 0.8340028268415796 0.4174229328031023 -0.1339582594156452 0.10263505219321178 436 536 368
353 0.5956060076899251 0.5305613337592737 -0.2719472364529421 0.0897564050861277 81 515 440
354 0.08703552594380147 0.2347951281467186 -0.0757650046867564 -0.04601212414551137 549 571 530
355 0.5956321844756801 0.5311189880988085 0.2999546811236972 -0.37517259624496313 305 362 114
356 0.715548094384729 0.6148194569718487 0.4441842211373118 0.04163977354923725 283 69 38
357 0.6958483778242853 0.7007888002529097 0.21690867661045 0.012688809551686386 463 161 377
358 0.8597447771445077 0.5552546615874052 0.043047124198558606 -0.19434886477931457 570 191 225
359 0.7156870955192853 0.61475813806911 -0.26412816622441504 0.35406122423297604 98 69 39
360 0.7310878044380401 0.5560681734554359 -0.14111050661291813 0.18106155255659395 39 583 48
361 0.8024641592707388 0.5366081052676835 0.37282901627078147 0.023294269985152383 48 195 37
362 0.7255779712953014 0.3840615211360681 -0.05066153330179901 -0.23402037425956923 132 443 470
363 0.7955410867377665 0.9740324955570846 -0.1867588094562429 -0.2791305911479776 393 257 422
364 0.7213972472709023 0.628128539623948 -1.5134359827218187 0.500162101807548 64 38 197
365 0.7845140669716416 0.008928823386001664 0.7809583030051761 -0.032226496765477924 373 174 258
366 0.5958041065164931 0.5310416652064975 -0.41408267578159874 -0.06051360257070676 114 440 538
367 0.6884023796808082 0.5298590621835294 -0.19434224923786658 0.12107839106323404 488 342 583
368 0.7845073893536421 0.008931324144186192 -0.38493001324255277 0.028708549532313436 258 393 434
369 1.0132108548006435 0.5211124471558997 0.11479464705199671 0.12198666625440335 456 188 149
370 0.7643335853597932 0.38232363922588414 -0.02329272122403303 -0.26252563803397244 470 112 467
371 0.6691001399436559 0.4461404807201832 1.3467961643320772 0.5692973748002544 268 315 342
372 0.8311829952493703 0.9509599246076426 -0.016007203928244257 -0.2057365535530417 422 167 481
373 0.5343998122581822 0.6328961161209534 0.02570573892635153 0.04498170377842392 415 556 127
374 0.8128403038194056 0.42562534747435354 0.29666632136993165 -0.03336058165825939 467 436 4
375 0.47933713181487764 0.9791076911700475 -0.0744238996819302 -0.058134028146916705 282 118 597
376 0.41609851461434244 0.03596491941583408 -0.1596820037308433 0.01812627131725364 237 282 590
377 0.7216409766023018 0.6280128962996511 1.3885538836183131 -0.8772894414380331 197 98 466
378 0.8670731024419488 0.5135371727617669 -0.032200046101715785 0.30116508228233974 346 385 319
379 0.8541714445140586 0.5192349782375691 0.13768186261226 0.21674861315490457 191 534 385
380 0.8929029405046334 0.5532543880363002 -0.07474060988166276 0.042864987254143117 254 346 582
381 0.8217929164521686 0.5064375265148717 0.28050719524941314 0.2155807671266885 195 4 534
382 0.6691208640216949 0.4458765715032959 1.0824163565079872 -0.499052974859142 315 229 132
383 0.5954314943387791 0.5306117184933119 0.4948618982853533 0.30146495550538094 362 355 81
384 0.717725586777515 0.36462872710567523 0.09154258497068302 0.08735018541816686 294 341 443
385 0.9643656746377323 0.9225300925821127 -0.1237348284596762 0.4400151907250774 226 307 150
386 0.08431212994043763 0.22656136889097558 0.07527475118923599 0.3790377145831969 36 312 571
387 0.5559996407837955 0.9970302892619555 -0.5043069660614773 1.5205144024264425 597 560 337
388 0.9360598178184213 0.012905182995721187 0.07402368371045576 -0.16250772914838674 454 168 104
389 1.0217486563806064 0.4857775061798174 0.1740722926912852 0.009084212548859938 366 154 188
390 0.029922747354438874 0.534962875227295 -0.007035654003839653 0.04485621180050359 149 128 581
391 0.060912407203228366 0.2588366329091744 0.07170937593725668 -0.2399729297219988 399 549 186
392 0.5754604866333698 0.661993635432908 0.013553052430337331 -0.005099913547024215 336 127 50
393 0.6099109006447283 0.6458643860191715 0.006489333376213935 -0.035041788915002314 50 545 161
394 0.6417318838172418 0.0671969991817996 -0.016063134156141246 0.07242572722110374 8 280 489
395 0.5561879663598349 0.996808863263097 1.503351249904246 -1.3832810222817087 560 420 500
396 0.6000294087790209 -0.0019531479684988494 -0.15848094572779026 -0.11171669422882502 513 347 280
397 0.5562209053192277 -0.0028917587130893145 -0.5473424419605234 0.2676935000585161 552 500 513
398 -0.0011199827877674778 0.6295930304446478 -0.5022230799203026 -0.1823933626772219 272 509 499
399 -0.0034722573553316203 0.6696045505139279 -0.0796833845434497 0.03320380810578616 130 272 24
