1172
0 0.024417044843920675 0.6316043741828521 -0.278090144315013 0.039856245040437166 111 66 359
1 -0.0011297040387297794 0.6295973987967657 -0.6710181266934657 0.33133159919981386 499 526 111
2 0.7629502285970601 0.8305439479263838 -0.10007374789955392 0.1449252315377514 85 11 327
3 0.8775991973964239 0.8900734240928669 -0.1055679754388434 0.4847580340014857 558 371 384
4 0.8935839056048124 0.9111022275295736 -0.6414600854475058 -0.6649398323919703 468 384 182
5 0.9166050310932343 0.9194430040871333 -0.38661606952981525 0.6268264278425995 386 182 307
6 0.9165975977728261 0.9194564569470446 0.1434676538566949 -0.46313463333217797 34 386 95
7 0.035964901063316346 0.6862673289891572 -0.3075011158898411 -0.033013202588305646 517 359 452
8 0.023303297003574537 0.691461218733809 -0.1890429170842145 -0.0679692819388622 522 24 517
9 0.04607101751904916 0.5952768165617157 -0.22509188471464547 -0.055293936790379306 66 462 309
10 0.3649164573052376 -0.04285696805885664 -0.6404248160485435 -0.2267655010111929 163 404 151
11 0.35390217435212484 0.9690882532671743 -0.052340018777408126 -0.11762093087702707 54 379 397
12 0.3648573495315271 0.9571194238028573 0.20397317756809702 0.11222129744567488 379 193 163
13 0.8725356713622594 0.21372685706400202 -0.06599665119955134 -0.03526059305647422 10 137 134
14 0.9929629358388705 0.20460035189457157 0.5293329097147501 -0.09234990846313743 591 35 78
15 0.9660299440970537 0.1913078209158543 0.4430643924663302 -0.17933540139014603 134 370 591
16 0.03344986009292436 0.07524293738175145 -0.1620946089159192 0.15605202789703565 133 482 599
17 0.13408537469958146 0.0704094915168851 0.018710161892032673 0.2676360924547261 400 45 394
18 0.5997640837270304 0.44018422714079614 0.14787532309767926 0.14799945539933912 338 447 433
19 0.624597669713524 0.3915727962478488 0.13277016569501754 0.06047116939134067 447 25 202
20 0.7967893092661624 0.13164125369311888 -0.18266355962526237 -0.10545320242028033 243 269 137
21 0.5203791341664468 0.23170958529133445 0.14917114626866734 -0.35636670246697033 181 6 260
22 0.6042371397834662 0.34612369980035246 0.06797714405260002 -0.025270611991867753 486 103 25
23 0.5725665992947859 0.222673508048145 -0.19191318187394835 -0.26725599511223663 260 318 26
24 0.5140719549486763 0.20403090099478105 0.2198552884885574 -0.02404037732772757 349 250 6
25 0.5491326924069735 0.1222375720562871 0.2087399763456288 0.23338306530396036 448 23 523
26 0.46843376943109555 0.13681410904292277 0.0629611321412149 0.20578227247214365 328 23 190
27 0.4635237830034134 0.17504125013216495 0.08633155162973694 -0.07639886639987381 162 190 349
28 0.9538242005004344 0.6892386147712397 -0.03959744285936262 -0.17427981679335458 510 70 317
29 0.9179524851958376 0.6822385927328196 0.1789035929816718 0.12330749477040825 402 518 281
30 0.8936897199065431 0.6357882464236001 0.05464092511786589 -0.17258087181559745 201 77 518
31 0.9520150254242318 0.6848010954542582 0.1069594538806451 0.1638517914230586 281 88 70
32 0.9659632653612427 0.6716114526514778 0.11233418622386138 0.2048163028067762 88 49 491
33 0.9654497173103179 0.6409496901414775 0.1558245622812482 0.09258521067867509 56 136 49
34 0.8774405349595435 0.8902237592806254 0.3311561421999801 0.07034001135459295 218 558 251
35 0.7958939397396336 0.8871272255861521 -0.014112041678455978 0.28857084055210896 483 458 218
36 0.8311625098394125 0.9506787037882672 0.04606919870001232 0.1625435155829663 459 284 167
37 0.02393535679939808 0.9831335363744385 -0.01310144596977647 -0.08467817384782972 104 299 227
38 0.11960384451242131 0.7436877964109927 0.10817280803737672 0.29626764652679327 452 410 479
39 0.17974823876254595 0.9294146284920746 0.012634072954487152 -0.17717409275808116 596 232 427
40 0.3630390951086792 0.9220277068030895 -0.16365164674791988 0.19657211552948084 193 80 13
41 0.3459215254703843 0.804625551490042 -0.18953681749089846 -0.27228864440953515 184 240 79
42 0.38889210267297014 0.9242636724118096 -0.37737376556989943 0.2059226678063908 404 292 87
43 0.37420772502790217 0.9128273464453867 -0.23578604034513173 0.2828178915018076 13 79 292
44 0.5565255716899571 0.7456023366503404 0.014755330637883368 0.3741058438727629 540 587 183
45 0.5396948768193498 0.8153936995832061 0.3883195971374209 -0.22242030110058986 304 72 67
46 0.4875199604075072 0.657383376891526 0.02130493975682768 0.03148292529453478 255 415 567
47 0.938915830379408 0.55003331278341 0.0395215564268081 0.08644227590670628 301 335 550
48 0.95165429931308 0.5527444960277972 -0.10079847312187938 -0.31866099843211576 267 153 408
49 0.9516565473034121 0.5526846515580379 -0.1253074793098252 0.3445492551668429 550 456 153
50 0.6198731445898641 -0.059554667672160534 -0.12867508303039374 -0.5171336802802331 347 29 507
51 0.6221348857233578 0.9385753328845822 -0.487838447368633 -0.16825038346527926 507 297 531
52 0.35343437804772254 0.2513414804112465 0.2689147217405097 -0.38652029563102097 113 82 572
53 0.5312164554671144 0.862871465410588 0.393146411606371 -0.038859923265355256 121 304 460
54 0.21019330764441446 0.5952603191987851 -0.18425337158789468 -0.16340608519072042 524 125 471
55 0.47031743349281624 0.3644926311187736 0.012477727878712486 -0.18261480591585944 207 473 497
56 0.006787053652545012 0.7374406121795811 -0.6294820237084204 0.3629033617586147 122 388 522
57 0.8422209608851796 0.2922134223797873 -0.17713628931714798 0.25605240202425383 236 10 262
58 0.505807776204028 0.3288352037496646 -0.02807038629315528 -0.06970230434499847 473 96 486
59 0.4879062288404315 0.273450263651731 -0.018090617198707193 -0.17975961968952348 173 181 96
60 0.9983805249284912 0.5817199699897688 0.07989257311269427 0.07779330825352648 265 408 219
61 0.02284817857348803 0.571184560793663 -0.03270430280755132 0.1340249109610392 219 581 462
62 0.48223682943776824 0.42347499259985116 0.07717194314138531 0.2945864004122445 233 497 421
63 0.5433786904333097 0.45668616266317297 0.016659291307563606 0.23979038685228993 421 338 3
64 0.27079414403360397 0.7841070568102309 -0.10359448403274296 0.3153244446801873 598 252 1
65 0.3547525085557955 0.6221625745342733 0.17602414595363491 -0.07660502371331646 117 308 476
66 0.25289723041761375 0.6429513457561409 -0.07917381888988828 -0.024931275099948635 159 471 117
67 0.3924020895095709 0.6538463362253576 0.18013785255122094 -0.10383759685428373 476 332 311
68 0.3967502922242784 0.7307034371187816 0.22567327312428276 0.1462649855399345 108 311 63
69 0.26488347854388933 0.043974785574779296 0.26909011442699526 0.24840477834409125 124 403 334
70 0.6742953561297855 0.358826872633171 -0.013529290882052791 0.03252046271162712 90 120 294
71 0.6687680789394685 0.44577493196797097 -0.6118958912385122 -0.2759338160181435 42 343 229
72 0.6489117786859824 0.39358835972564793 -0.050594507403078914 0.04411881762700354 202 90 343
73 0.5709513696300859 0.1751526297088807 -0.14581798745902375 -0.16440904419129376 318 503 146
74 0.5672062151998896 0.1732207303013501 0.09900433537227138 -0.03717143285883462 250 14 503
75 0.5686800575523728 0.15150992947925504 -1.6162769784235504 0.35713110855376906 14 448 290
76 0.5563883840994606 -0.002905471452233117 -0.3427737940166729 -0.8874845956329154 337 552 192
77 0.5625773138648059 0.10582848808542684 0.1285060231837054 0.3493716642377631 523 192 116
78 0.5690035811634022 0.15144723230508042 1.658704465780747 -0.2775445675429124 290 329 230
79 0.5768698525853346 0.1158533677162977 -0.05458142791903153 0.22360956766775963 329 116 203
80 0.645245885452924 0.17354860563466457 0.13175296151507407 0.011079151758295295 83 392 506
81 0.577596943472325 0.16854271093148093 -0.1686040451351345 -0.11042134168831597 146 230 83
82 0.6878279817511905 0.19942664637380308 -0.25984877825846464 0.2417824128408963 222 204 574
83 0.6452197666925102 0.1735815364357708 -0.156530425751119 0.37406742495956374 392 484 204
84 0.7427854489603796 0.19055423933366036 -0.23615036315316473 0.253553631562875 200 574 407
85 0.7739921624873223 0.13513346190495376 -0.028375891913956508 -0.1304449655931128 407 123 243
86 0.6181298415846335 0.10840427210140524 -0.10252037968561112 0.23364060408592735 203 8 484
87 0.8071454475987715 0.05254664985308848 -0.36328916144345685 -0.13594372108593522 106 61 165
88 0.8069425323991186 0.0527631515872285 -0.13614000157237405 -0.4904137513022256 269 12 106
89 0.7947062783508575 0.03935929449942461 -0.39467249111056496 0.4205646726720643 239 434 61
90 0.7947136278193095 0.039353676533685204 0.558291855862127 -0.3713368598289718 344 239 12
91 0.6441525128752128 0.2712519004613904 0.1252927567252371 -0.028961297943164155 26 101 364
92 0.645968846686286 0.29668922687522004 -0.16991567626111098 -0.1521598594816714 562 380 120
93 0.64588955443798 0.2966774144205661 0.277395409607425 -0.085318295213032 103 364 562
94 0.4187723139097993 0.09875499834046193 -0.17377708438903738 -0.0014002757287023826 126 590 328
95 0.36235572142167205 0.1226009149057252 0.022857334081027858 -0.04038234260872464 478 383 126
96 0.9999040362767622 0.1351256299100224 -1.511199341462248 -0.46290531307066746 370 295 504
97 0.9980043800900141 0.0888331909199669 0.20211933862701592 0.010555225443686922 561 133 295
98 0.9095406975844904 0.7043718195540286 0.26927712525048886 -0.11490785337131548 455 402 375
99 0.8790068884239017 0.8013611728008978 -0.1123627399457483 -0.22854410308692508 19 568 371
100 0.9299286476722686 0.7162964841538932 0.03165681571049017 -0.2820399344627411 176 375 510
101 0.9374625681146785 0.7477465884167296 0.02160311513010882 -0.4267026364190851 568 176 576
102 0.9152196254031881 0.6044152541044227 0.49998350306815337 0.6356525442231884 77 505 350
103 0.915291419176114 0.6043527009941141 0.1466878745207123 -1.144948073121001 350 430 56
104 0.8932954423966064 0.9111581076365036 -0.24697892246432726 -0.20361936046634074 251 221 511
105 0.893314125517846 0.9112924615279123 0.641916372284162 0.26176636380682244 284 511 438
106 0.8940524713745197 0.911701758265598 0.7088351483737226 0.04982842336442514 438 588 89
107 0.8935950897257383 0.9112404429321759 0.7956154836596387 0.9940410881660025 235 221 468
108 0.8941032874445037 0.9116429143417212 -0.8253991098326188 -0.027890516358561844 588 235 34
109 0.05092332721442637 0.9521277781233164 -0.19974020597224307 0.17517528642929658 469 261 439
110 0.07478002364213338 0.4777999557936913 1.1821203894717915 1.0510555941946809 57 53 340
111 0.06283197282396714 0.5247540315093114 -0.040149929214639 0.06993883180927973 128 340 68
112 0.030982239814309333 0.3633994648540368 -0.09869712163702599 0.3838899508581918 194 480 196
113 0.12649603642953267 0.34974602748323597 0.03217195954086094 -0.15701989049266007 97 275 286
114 0.37546043620758374 0.5733919102493461 0.22173838667982615 -0.04451707405483951 308 179 527
115 0.3878083746846735 0.23701258612645798 0.06514503138321803 -0.27203773400596987 572 444 173
116 0.2513561442402812 0.45525291646472865 -0.3035987940214202 0.3167001140502723 205 405 475
117 0.22032593279032983 0.5274565420244178 -0.858314240563757 -0.2115958881309006 585 75 164
118 0.12303712230834965 0.33621811859870254 0.07451808493180723 0.03747177203944352 535 485 275
119 0.9786960653915546 0.42495169756973833 0.09958145003041707 -0.10580661069514719 211 390 366
120 0.3891529468335781 0.20926016492348254 0.04444998362440611 0.002296051543337896 444 220 162
121 0.16497398328471607 0.8830048965336155 -0.043976668834266874 -0.3775629819208204 395 449 232
122 0.6190650324272527 0.46258492359149084 -0.029662040185174376 -0.13174454097097943 515 433 367
123 0.4405905912968312 0.5078653129691741 -0.11559197522770237 0.15100481420837752 382 592 238
124 0.3230943985323819 0.9573435507660369 0.22840917282551665 0.13421617636732996 242 528 54
125 0.4619889012491304 0.9251169415441322 0.0482711183524831 0.27228231891385235 87 121 118
126 0.368651913245979 0.7643024328280078 1.0547630221258906 1.145224142817144 240 92 333
127 0.4159439328481011 0.7386791456534875 0.1808330276990009 1.4524335518529325 333 256 520
128 0.3684720583897921 0.76409888560345 -0.9308623571315785 -1.10136785943565 73 108 92
129 0.4159283151785629 0.738412133171627 0.0132514990012323 -1.4052157155385216 63 170 256
130 0.619879842863894 0.9404502861573312 0.3491892242818797 0.12726490146143737 577 279 29
131 0.5575590115980809 0.870461472270334 0.008367256887353847 -0.1727495015091396 460 285 217
132 0.5863491160115208 0.9381576452670114 0.15040188539039434 0.03771605944224987 420 217 577
133 0.5700213175974691 0.7337782973819806 0.0019638155684953418 0.3967421263045834 587 336 107
134 0.6575937855447975 0.7651085025672123 0.02389093436971912 0.0926533696987697 320 559 247
135 0.5957680515040868 0.7616784394767634 -0.3579651231683245 0.055415266819736075 215 107 320
136 0.31056082821080927 0.790671329768043 -0.06865653593606316 -0.3778510460354829 381 5 184
137 0.32001849378008174 0.9146367632416611 -0.25099960667849736 -1.2123056063412327 391 354 80
138 0.5234263798145696 0.777418790113293 0.3339242667099729 -0.1096951198278906 401 166 72
139 0.44796897926654344 0.7377815824540055 -0.14147443546524974 -0.5128757077479994 520 411 401
140 0.5311723264781166 0.7721266401452204 0.11083786024407294 0.038097777710355274 166 537 248
141 0.5325533863564966 0.74722439227575 0.13488218840451704 0.34115621022623444 322 540 537
142 0.7028726537571128 0.8432224271700636 -0.049070037315525415 -0.32728484578062833 426 180 141
143 0.6854339248581716 0.8387450891787676 0.4065280508926128 -0.22648799389776708 300 358 426
144 0.7028547020412557 0.8432655437938406 -0.28382536629201255 0.236558200368126 180 554 85
145 0.6868564308336732 0.8345246584987802 0.16983114263860455 0.505788640397381 358 247 554
146 0.6283100809004744 0.8693741673517309 -0.03423260772073 -0.038813542657667455 110 419 300
147 0.7958458451955426 0.887156621859353 -0.08711393160109292 -0.7048603703447642 293 483 316
148 0.8164072734396949 0.9462233459636269 0.02724227579631311 0.1438490729310793 245 316 459
149 0.7956108125603456 0.9739371369107089 0.4005183421517625 0.27625392881732663 445 245 257
150 0.781598885852194 0.9797326521299582 0.2694523763835388 -0.03535454221048617 412 445 174
151 0.7205678812314094 0.9282213700816273 0.13176282218085866 -0.1825246745412734 531 330 412
152 0.7957472926386931 0.8870375377564629 -0.05175288878272056 0.8037766976819313 580 327 458
153 0.7957141807029153 0.8870750761438697 -0.017041192139051822 -0.17660372783037584 140 580 293
154 0.7343187485487201 0.8928277718512043 0.09812671855624622 -0.005392856994301809 330 141 140
155 0.3105564569333325 0.7905395426825109 -0.044407341459650265 0.4272476290671009 5 1 73
156 0.2791090775187526 0.7989793827237196 -0.12949533251260803 -0.19375703957935642 594 142 381
157 0.5527821778934057 0.783714512656681 -0.12523410919396127 -0.05915653106258745 93 248 429
158 0.21259269815619664 0.4866127352217656 0.000765352364817673 0.06895361573389103 231 205 498
159 0.16660893422172562 0.4729398126444638 -0.29027822497583977 0.20681225677311732 47 259 231
160 0.30031370717150796 0.5064777640284194 0.17929993930548838 -0.2622552440836867 164 363 289
161 0.302453634910545 0.49832311614102864 -0.03065971209553764 0.4777555871748884 363 475 331
162 0.3721215304170864 0.5092583259967312 0.18988639185341105 0.4833926172537195 331 369 249
163 0.8294608825839596 0.2959677255582508 -0.039458260617242225 0.2170596527170665 490 406 236
164 0.7403058918785452 0.27275870528522816 0.0023946598176616263 0.0021306831299305884 512 58 418
165 0.7607385970100281 0.2570880058203369 -0.18355792510971192 0.13545561269867612 58 200 406
166 0.9244378099669975 0.35195788529703786 0.2083509934025507 0.18649388283664692 409 51 172
167 0.8590494832079762 0.32837874798560823 -0.3091812833533325 -0.0066808895221592834 464 262 409
168 0.942844979262315 0.42262536615351315 0.14453219870924627 -0.1039559667515011 345 172 211
169 0.3541361052851547 0.1844230224276535 0.06528647310266589 0.058196540642097006 270 478 220
170 0.826837632973357 0.7318181001668049 -0.0008585826494211801 0.04649943624590591 91 74 455
171 0.8484312082393826 0.6249343620784714 0.08168697801513858 -0.1790698346548769 31 302 201
172 0.9989566737626999 0.6295806345604162 0.32855747732216595 0.22389222342758724 241 265 526
173 0.9987759825935367 0.6295456703400482 -0.5230038160209803 -1.4885057789294904 136 241 509
174 0.4362072893375 0.5753900123432869 -0.5490227756064581 -0.8499265198970776 298 376 398
175 0.4398612054555694 0.6293659839735618 -0.09352203664270142 -0.032649939696316466 332 398 255
176 0.22265834009826016 0.9313569735089179 0.045474687210278475 -0.1971372357023604 427 15 525
177 0.2019556903791222 0.7160037398236889 0.1376377685435859 0.22644137051552882 99 129 41
178 0.22564354071245857 0.7069469419510477 -0.20185768785652147 0.3775003826894663 129 159 325
179 0.24168080524059485 0.751326019259876 -0.38390499343691953 0.5150416953250128 40 325 252
180 0.04240788286449214 0.08663714764322124 -0.27684704129865567 -0.002505212530479195 209 599 425
181 0.11883041669134654 0.08900105893749476 0.2522776917923686 -0.017434638455160467 425 400 171
182 0.6761101385859256 0.2266012267925138 0.11265564248607793 0.04765670872524958 16 506 584
183 0.6611237144241292 0.262151902790945 -1.2446603579265338 -1.126556269862559 101 16 465
184 0.6762298133510182 0.2265998873679735 -0.3325454931985949 0.0525743866112505 584 222 352
185 0.6826774807276971 0.2490615357016126 -0.20275227607946533 -0.058015590248539084 313 352 512
186 0.6613440579331212 0.2623496291125459 1.1915636186531282 1.0599342591156045 380 465 313
187 0.29903262274705106 0.11058075833806617 -0.07647348553019295 -0.0024201602527584853 223 62 477
188 0.3354107806969773 0.10002148463795545 -0.08495946723918735 -0.07307192351202474 477 564 383
189 0.930074291277948 0.033655290137046726 0.066657400432657 -0.17800075580165498 165 454 561
190 0.7415446669066076 0.7194412451168599 -0.057460207002636016 -0.2812196574241733 492 417 365
191 0.7861104888603175 0.7734190966349819 -0.05183296014621419 -0.12174065575076831 11 365 348
192 0.8214632435047408 0.7632112792118492 0.04149546470322285 -0.15572717629308563 348 91 19
193 0.4873055357228846 0.7141747965760168 -0.04727532740278484 0.10244433218398186 541 567 322
194 0.44796688062335294 0.7377054130082358 -0.11403534615076275 0.514931260066527 411 170 541
195 0.04534409563355471 -0.001286069975337735 -0.13836419926471777 -0.16713958411740393 482 227 65
196 0.0672553467574408 0.9836350390636586 -0.31832830468814244 -0.06121628794153455 65 439 228
197 0.11664092368946588 0.9969154671451766 -0.05175714370975193 -0.017203689861577942 228 596 45
198 0.027107785107574906 0.9581737093045749 -0.3454035418316823 2.478991235700236 360 303 299
199 1.0269089556436197 0.9577947081727672 -2.4106676844905603 -1.4300251651507434 213 553 360
200 0.027403450932138047 0.95785730453273 2.7280569401379124 -0.7843229409520269 303 553 469
201 0.2676316036812688 0.9847158773600453 0.2968022744243015 0.07693562315003177 403 525 27
202 0.2201363716844338 0.5273763390837332 0.13043161680380796 0.19562400408064656 157 498 75
203 0.08199032042025091 0.47119998504715976 -0.4871912465576229 -0.43802176252966984 53 102 396
204 0.22017036079661423 0.5275760364435952 0.15264635653037226 -0.2356866206566126 125 2 585
205 0.2200682428062322 0.5274493111645314 0.2182627823106315 -0.07362512457066271 575 157 2
206 0.18662999074320807 0.5248647061052735 0.08674965745747443 -0.017791784018283963 214 100 575
207 0.13172870562501582 0.7420225914588711 -0.009783213648917322 0.31589472773707605 410 414 339
208 0.14485818334088313 0.7790602634823048 -0.1198761540770546 0.06904502916128298 0 339 296
209 0.08819626843834924 0.38731525260374133 0.019322075189842636 -0.1112120104340697 461 97 547
210 0.03099914847828245 0.36347858614999357 -0.2541167920186438 -0.3432109638292846 131 194 461
211 0.08191161910061509 0.4711112510008723 0.4121347483448424 0.5443319359219999 17 361 102
212 0.07461781584649516 0.4776216506169276 -0.9311898440268057 -1.271678295366931 154 17 57
213 0.16571343761501153 0.31485343801598953 -0.2816363064636618 0.05688515821583584 28 543 288
214 0.2304481777468324 0.3864550512006741 -0.42457630605730046 0.06144520725559488 521 206 405
215 0.17436511291862644 0.3900416858685689 0.07415595845716716 0.01071064903435115 152 487 521
216 0.15067461711096417 0.3524587620906039 -0.08904175625989996 -0.1940261683958111 286 28 487
217 0.07173259162241595 0.3198048535249292 0.09735416708900324 0.05007604608753269 196 186 535
218 0.15662734976376746 0.30920540558439424 -0.1114949412309163 0.17124559981845922 485 253 543
219 0.22739184085264583 0.08777081619772094 0.1416092371836486 0.3329145344815876 529 124 60
220 0.4297797346308367 0.5710478529555587 0.40240252120857156 -0.23400405674311228 527 291 160
221 0.4362006680373566 0.5752315623578267 0.1658516719414086 1.1358140670721975 7 542 119
222 0.42985396302953965 0.5709396006026632 -0.053717673917982184 0.43282006257023065 291 138 542
223 0.36007449226765026 0.5366768517898253 0.19154664278320244 -0.2453916531780509 289 263 179
224 0.2520476139389546 0.8456530194100473 1.9402533649558178 -0.6745823679443421 71 22 579
225 0.2517523933959647 0.845690771629119 -1.159322151954195 -0.42982799532630644 453 71 144
226 0.7722128623326447 0.3480262925496867 -0.16284536878685696 0.09474499969297501 112 431 145
227 0.7485947381443334 0.33419588499613057 0.020214489110381706 0.2195906238094958 341 418 431
228 0.1495176790641535 0.4485918399323385 -0.00904583838390316 0.11975755422055645 115 152 259
229 0.8255022628591432 0.32655263448214095 0.01777398714319922 -0.04127873667880699 145 490 306
230 1.0130683948262522 0.36812235617589983 0.29957131966046324 -0.3830202393098614 390 423 131
231 0.9356598583272445 0.5546426578193171 0.11157496978197665 -0.0022144401980520034 582 301 321
232 0.9360172286739198 0.5552084041708781 0.06328572892512832 -0.07897994496906466 178 321 267
233 0.10804867570628321 0.5829964995278565 0.12428839025677152 -0.16364796375650803 309 94 450
234 0.153662901861304 0.6167897814156885 0.0011132681582148862 -0.37135475527971806 450 314 224
235 0.9641766554313081 0.9226318109171862 -0.1272965269381431 -0.4377989226705828 18 226 213
236 0.24138474648605363 0.11392331987683217 1.122183598147963 0.30931530487036124 198 60 378
237 0.35558736768629645 0.9769891696622982 -0.04395441532446809 -0.19513677184529454 158 397 148
238 0.35851101525583734 -0.022404121559913937 -0.27414764902644606 -0.24249386938561546 148 151 474
239 0.00015131803127380863 0.13520971037723914 1.5058853731430524 0.560946402485197 504 209 310
240 -0.007018257999807359 0.20458994397225133 -0.23006165118311714 0.32794055514906306 35 310 502
241 0.1430469478342511 0.11984871629256727 0.1458191657699448 -0.1670808283393832 472 171 287
242 0.1317579811681025 0.1864183274156204 0.012028178453249438 0.4639271446171822 312 472 185
243 0.882641721994576 0.47030585008159737 -0.016675686526079758 0.1765920881746652 319 368 33
244 0.9075526411507988 0.46952331962250676 -0.03530851409860869 0.16417198260565424 33 345 335
245 0.4338596333697104 0.4874115614537808 -0.026834763924843408 0.48598337021310556 369 233 592
246 0.2415998052318625 0.7514071039041351 0.3431878596463298 -0.21142602272335337 189 40 208
247 0.18428065063659244 0.8520472339168407 -0.14440077605870627 -0.03774605419892829 372 532 449
248 0.25181101563878633 0.8456428278399161 0.4183466648701719 0.12356337825755043 532 565 453
249 0.24942196965355118 0.32206249998532216 -0.3401942338943087 -0.2783491975105745 206 424 273
250 0.4164704883969265 0.5312769031154895 0.06560352122653157 0.017179651451426636 138 199 382
251 0.32006498310989967 0.9147535402552428 1.463378007432372 0.5629317893313069 528 413 391
252 0.3198915848918301 0.9147001760769865 -0.9004463461751572 1.1488461028715458 147 354 413
253 0.25206331889475164 0.8456753424482694 -0.16362187258843647 0.4826326851625068 546 579 594
254 0.25508134015489586 0.8569972379129633 -0.48779369649705906 -0.08728932959237644 187 546 147
255 0.6221638147118593 0.9386037146320183 0.02231257061708833 0.3331163360629466 279 110 297
256 0.5810131988383558 0.8373074307208893 0.08527096432924507 -0.6481441128703032 285 52 76
257 0.5811399350085892 0.8373047228011505 0.045020360066338506 0.05303937452541714 76 555 419
258 0.5645161618994814 0.775248272292366 -0.129804532053579 -0.04319179614659108 429 183 435
259 0.5785943331735274 0.7802901605649525 -0.2183539815972524 -0.07304957975323711 441 435 215
260 0.5810889675316252 0.8370637931928583 -0.7539219090224678 0.7835527010156742 324 441 555
261 0.5512319039552537 0.8119300948069063 -0.14132273684630547 -0.06295816281504107 67 93 569
262 0.5809803177352028 0.8371827141679724 0.06594406306550861 -0.45715306978312553 52 569 324
263 0.25513995106255677 0.8569844429711053 0.3003521140495 -0.2596951595767652 15 144 187
264 0.13772728166924783 0.8680297223769122 0.22598118099015352 -0.17659916827506006 212 457 395
265 0.15498121039564103 0.8143181075511843 0.3976179797145641 -0.18007920522323304 457 274 589
266 0.07184727912969273 0.8882865730011427 -0.12810211294511653 0.021540237649109173 261 578 212
267 0.33413512177256116 0.19510003074440074 0.38373452332374214 -0.09295262684561045 244 270 82
268 0.4841657184696495 0.5567935630206459 -0.07310204282184873 -0.05190256210929611 105 156 323
269 0.48557661734987106 0.5277574831948372 -0.08593530297085206 0.11411430203556172 238 326 156
270 0.30572845758751643 0.9786440260115867 0.3959483612508974 0.042301888034113055 27 242 533
271 0.9151319519431126 0.6042205125743536 -0.5597212942033669 -0.8719952559236536 516 277 505
272 0.8885133331637168 0.5601885443218431 0.062262955381753304 -0.17237313798545983 225 254 516
273 0.9152874273524025 0.6041447553901204 0.030628558456841093 1.018983971609903 277 178 430
274 0.7822581143606957 0.03284336464265849 0.2353601962629126 0.12697948265777415 44 373 344
275 0.7356597798341321 0.07316015377685588 0.28439533436563913 0.13397958575911417 489 44 123
276 0.10997857870255065 0.5768985231378649 0.024476472758327983 0.13355993706831715 94 68 353
277 0.05268828710648941 0.8725396502030651 0.013589753974918573 0.1332419546223873 150 374 578
278 0.06093957918078563 0.7991104837601439 0.10094945435135116 -0.22627032331135055 563 175 374
279 0.2670299765147912 0.7866955110826304 0.15700494376824636 0.02276929569368369 32 208 544
280 0.2697459056112961 0.7863251907797753 0.03125391091762797 0.03471892781950481 544 598 142
281 0.6985055883271203 0.715190122052713 0.20120486943220328 -0.11505826465196822 559 463 492
282 0.00667064090789234 0.7386482521277479 0.0374863939612809 -0.6154604773224307 576 495 234
283 0.00680192469674711 0.7387017384989665 -0.28581404391380805 -0.5077369232301884 234 122 563
284 0.2412422103982992 0.11391090506553879 -0.8628158273122472 -0.3361273070005854 389 198 59
285 0.18380994148966037 0.10379748438564042 -0.6161669713193075 1.1053653144763118 216 169 389
286 0.375033671923079 0.5213132133790225 0.039816976452056174 -0.02164037490870463 263 249 199
287 0.2680539870999055 0.3059014830108557 -0.28001534216337554 -0.3307659438012145 273 356 84
288 0.33755854543085556 0.2968266963358034 0.22892743534175253 -0.36069293871121566 84 113 207
289 0.28340337503157587 0.1600981334783251 0.1392725029053521 -0.21332536813412073 442 223 244
290 0.2636927406865276 0.16354861861202577 0.1469497357131644 -0.18130259134274684 451 428 442
291 0.22781585679602026 0.23914999561997122 0.014871918974090903 0.3203365088813581 566 451 356
292 0.540743156096552 0.49755144603708246 0.04356191102283802 -0.001286126066757376 326 3 355
293 0.7904947664700571 0.7027772152884686 -0.1264475815720978 -0.0535509234178555 501 139 74
294 0.7919565795792174 0.6656247182066839 -0.10940364308931194 -0.05761884233623782 466 31 139
295 0.7415590777331167 0.7193955830600868 -0.1580487937234503 0.03757101940215883 417 351 501
296 0.7083995852215388 0.694852684816684 0.09623891735616175 0.05085186473297032 377 64 351
297 0.8438485435034776 0.5674251138756555 0.06917369940739881 -0.2206334843990465 302 37 570
298 0.16905895370135376 0.5986010229585361 -0.13907638027332858 -0.18956849839879553 314 20 524
299 0.154893094422575 0.573380683304288 0.040271692230975376 0.1130860131232092 353 214 20
300 0.6497373177311349 0.5802674647021192 -0.04112422277713357 -0.040594443084795984 416 519 283
301 0.6688593451265785 0.44592085146576366 0.5680838878446809 1.1856903107695889 367 42 268
302 0.6485263846764509 0.5576046414668089 -0.01781690107949263 -0.02512075547578263 519 538 488
303 0.43617055598663274 0.57536033116595 0.40385821562503343 1.0012125220283359 160 595 298
304 0.6130450858525598 0.6009052049433788 0.005446280232357381 -0.09706238590645455 155 416 545
305 0.43630447648282256 0.5751902121626254 -0.6845255207826341 -1.4102300730309139 46 119 105
306 0.43638348576011143 0.5755147690633281 1.3831772440381145 2.2371985236823964 376 55 46
307 0.4361509066483931 0.5751574103892478 -1.3884660871212169 -2.581299064736498 595 7 55
308 0.5833213859949874 0.578358306797638 0.11584006393006163 -0.00515840356540842 177 305 155
309 0.5380591547165444 0.595713540590588 0.02626847281361755 0.05190135127230988 556 323 177
310 0.2046528005173966 0.7391639353931898 0.06097637221536001 -0.042725276094834896 493 41 189
311 0.9738111659782926 0.6892833118636051 -0.17441466326761912 -0.14189161009342532 317 496 548
312 0.006777840692920192 0.7374246402129829 0.3266918598517814 -0.13176843427151197 495 548 388
313 0.9768179274867095 0.6781789682547806 -0.19999681424853755 0.048598319812853674 496 491 130
314 0.24142361120463757 0.11396135200032852 -0.3053242671529016 -0.5991749293579985 59 271 428
315 0.18369598542146706 0.10368900884613327 -0.6994150479833422 -1.3513662075156136 287 432 216
316 0.18386446602430526 0.10368739358463347 1.4603139048935094 -0.2077923406474183 432 437 169
317 0.184334326819379 0.09699233289990958 0.002979009140063882 0.31881318349191723 437 394 529
318 0.21703143050026955 0.24340787073032877 -0.07939263101108818 0.3570151228468599 86 566 593
319 0.11817403938497938 0.7682053318308087 0.10112198058076505 -0.13801755294196028 175 479 266
320 0.14465111701898653 0.77925575730589 0.08912534721740653 -0.1087728996446418 266 0 274
321 0.16648505066044594 0.473076173920744 0.15285467778124692 -0.27631080035226024 9 47 100
322 0.12930300857685897 0.45335539136128067 0.04600609789233868 -0.17261394340522662 396 586 9
323 0.1293166219536169 0.4532169519171604 -0.00018660284363709867 0.2923149261627742 586 508 115
324 0.16707541260837255 0.7003388925129689 0.10702359484748847 0.18496897902231524 414 224 99
325 0.09999609419893495 0.43729018038190953 -0.2844001002039707 1.5060139742814442 109 357 508
326 0.10003046481319264 0.4371198602847174 1.4177477012148296 -0.24993454900102893 278 547 357
327 0.09990598271150253 0.4371912934998816 -0.9579163455806844 -0.8681424604640042 361 278 109
328 0.16319562485148656 0.22802723105034822 -0.2990203969849281 0.2302339967980016 30 185 86
329 0.1454087811114427 0.24840129196594984 -0.13472136704828497 0.0024370991336120085 530 30 253
330 0.24145205058555524 0.11401891784011493 -0.04807922771085519 0.16982197584882722 271 378 210
331 0.15511540593118303 0.8142944826385402 -0.44599659971568917 -0.03300962251478502 589 387 372
332 0.25184577799949975 0.8455539142576899 -0.7459227247051496 0.6859048447109289 565 32 22
333 0.8432475482042538 0.33908028580629507 -0.1083804254675691 -0.14468489045738053 306 464 536
334 0.9702414273420412 0.3293871336815437 0.23482524258433557 0.16626935592234382 51 514 539
335 1.0127283220352323 0.3659013807510186 0.3834559356239581 0.20021292540528535 423 539 480
336 0.15280582757881714 0.7818191332681029 -0.10036698295384783 0.03364196265315256 296 493 387
337 1.028809296946555 0.2374328077690057 0.06570732491092968 -0.2180979308610831 573 264 399
338 0.0300362561829198 0.2315900853557665 -0.05745406728499547 0.3678339461146707 264 494 36
339 0.2867346026632046 0.09925822682113813 -0.09944882764512109 -0.006336769650672203 210 43 62
340 0.903141732251802 -0.03185662239002212 -0.12826396889042968 -0.3996145234164139 481 551 168
341 0.9116013206241063 -0.06488209372704522 -0.10996164152843324 -0.5047725341877918 551 89 557
342 0.9218487954401455 0.9257789706503551 -0.3860002961361686 -0.1642257600742436 557 95 18
343 0.29145012921358554 0.058812777200126676 -0.10391680016486049 0.039952947894494883 43 334 21
344 0.3270019552356699 -0.002670532332917825 0.03007230749141332 -0.24015768332330545 533 158 276
345 0.3255481468408022 0.040869234824473216 0.00030301525177911515 -0.010081501952696748 21 276 246
346 0.3408626086433344 0.050282407310028636 -0.13931212919371383 -0.09957596205922847 564 246 446
347 0.3789654610532701 0.023850256366733675 -0.2763843841291358 -0.031971771063954435 446 474 237
348 0.21445533225725294 0.2970171179955916 -0.0782192685622185 -0.07296492923747344 288 593 424
349 1.0051827780952625 0.24259988595345394 0.35946497237149266 -0.2557086525162289 514 135 573
350 0.9972775084654764 0.21109986113204185 0.4925485847560396 -0.4648774875939672 78 143 135
351 -0.0027843041743575324 0.21114761084481276 -0.4958806946837803 0.29050642025630113 143 502 494
352 0.8338028025322068 0.4175778655755471 -0.13282636830702632 0.10384507177774172 436 536 368
353 0.5956957283530889 0.5306724036633258 0.047239456480395715 -0.7402732319405415 81 515 440
354 0.08692192473772052 0.23472581494773612 -0.0757026434594632 -0.04637651564859402 549 571 530
355 0.5956418822155032 0.5309918129905719 -0.22514231654132896 -0.9566899446093474 305 362 114
356 0.7156541840109477 0.6151273474228344 0.4499988018227385 0.03552118497886399 283 69 38
357 0.6961730251650836 0.7008070481168241 0.21600575564328928 0.01169811487261585 463 161 377
358 0.8598100263937061 0.5549634446902805 0.04389717339625676 -0.1939737009903908 570 191 225
359 0.7158511745370355 0.6150401670487952 -0.2709400144453207 0.35415887458486484 98 69 39
360 0.7308795326367071 0.5563398487626866 -0.1350188280624387 0.18164518431063037 39 583 48
361 0.8030243670141968 0.5366435521923846 0.3740289036824329 0.023925322140128102 48 195 37
362 0.725503580646348 0.3837103669462449 -0.04859250987698793 -0.2341054978344248 132 443 470
363 0.7957000220233983 0.9740224404257031 -0.18548217274160644 -0.28440928638063817 393 257 422
364 0.7213113503024376 0.6278445570823168 -1.5144155501845262 0.501925304960502 64 38 197
365 0.7846938809090166 0.008927222117943745 -1.217796341441708 0.0007243310721453001 373 174 258
366 0.5957539084837085 0.5308921357358893 0.15733838787770124 0.5165045050364273 114 440 538
367 0.6881130769708256 0.530040141380583 -0.19187978289592067 0.12046122155329186 488 342 583
368 0.7849201214124668 0.008926721589018317 1.6119856170677742 -0.004550129060831116 258 393 434
369 1.0133824420681974 0.5212946096741289 0.11375968500537681 0.12043808762796093 456 188 149
370 0.7642973977280826 0.38192969619831013 -0.024848761936979713 -0.26271929909338354 470 112 467
371 0.6688634192855798 0.44585827414724555 -0.25848757967243413 -0.8814718800755355 268 315 342
372 0.8311874055671055 0.950839777676764 -0.02383505750083205 -0.20602952299406638 422 167 481
373 0.5344387270325018 0.6329626708294339 0.026145943743394184 0.043840601288147596 415 556 127
374 0.8132836143562268 0.4255745601304051 0.2945653859720565 -0.03428088646284522 467 436 4
375 0.4792254223788706 0.9790220759225865 -0.0741857422714709 -0.057579161577558935 282 118 597
376 0.41585884860306943 0.035991824171618454 -0.15985701581899825 0.017768739257739696 237 282 590
377 0.7215402149841164 0.6277360740351279 1.3894091709267105 -0.8744587121550579 197 98 466
378 0.8670260466899803 0.5139865868089238 -0.030654238349081542 0.2982655128089262 346 385 319
379 0.8543779254687539 0.5195592116827488 0.1376180147269479 0.21564028444831518 191 534 385
380 0.8927892370198633 0.5533190184667003 -0.07671306472001316 0.043284497167062064 254 346 582
381 0.8222129137408523 0.5067620588564968 0.27955879208785284 0.21702242711252318 195 4 534
382 0.668881750514937 0.4458182726512893 -0.10497695457866145 -0.4074753297541385 315 229 132
383 0.5955458187584327 0.5307103763753579 0.1275946998340223 1.137817628521975 362 355 81
384 0.7178633216781873 0.3647597661653825 0.09206705363362655 0.08735959004801952 294 341 443
385 0.9641765848895872 0.9225894679872086 -0.12481266222104641 0.4415302478776202 226 307 150
386 0.08442401519014853 0.2271303932563453 0.07398739034630841 0.37956402083871854 36 312 571
387 0.5562057133917612 0.9969061917385715 -0.873584970732962 -0.2716185830615482 597 560 337
388 0.9361701766467816 0.012662049174554768 0.07316964603654164 -0.16171695302324984 454 168 104
389 1.022008393874619 0.48578772655464164 0.17259961099247434 0.006398335333779315 366 154 188
390 0.02991271859113296 0.5350298023235212 -0.006376392122642294 0.044414292382777276 149 128 581
391 0.061020157695853935 0.2584783470015654 0.07193080645007122 -0.23788930963997146 399 549 186
392 0.5754802994375449 0.6619858107628989 0.012908148855350632 -0.0053181008208280645 336 127 50
393 0.6099213356078996 0.6458119398916612 0.007360958370616899 -0.03490102443159948 50 545 161
394 0.6417075525152686 0.06730643406031982 -0.016347332515431745 0.073413459339422 8 280 489
395 0.556438280643497 0.9968840699530654 1.7717728852489314 0.3362022688268825 560 420 500
396 0.5997969965826577 -0.0021193244839636492 -0.15281828372182282 -0.11055574650198352 513 347 280
397 0.5564379423166135 -0.0030220191847562987 -0.01744902801891976 0.7276569365230381 552 500 513
398 -0.0010921460903114432 0.629796487539308 0.842467260128108 1.3296356237864067 272 509 499
399 -0.0035922903911688618 0.6696524746396371 -0.08002425042064054 0.030878366877318264 130 272 24
