1200
0 0.023636231373408666 0.6317275311122985 -0.2789943397835115 0.040228325531854736 111 66 359
1 -0.0010377361344793743 0.6298778457342676 -0.40249764207613437 1.1258935761894289 499 526 111
2 0.7626680393564049 0.8309310197570824 -0.1016087686211975 0.133156169423998 85 11 327
3 0.8778887404291158 0.8908687353450674 -0.10349639949854168 0.4781149122581396 558 371 384
4 0.8938130598976362 0.911368211551756 -0.6749829929368459 -0.4433575441935885 468 384 182
5 0.916310341948373 0.919554268541226 0.4818524956359707 -1.1914075626334453 386 182 307
6 0.9161972230613261 0.9197893130790146 -0.737353719946457 1.3480854176339725 34 386 95
7 0.03510532827056326 0.6861791927335368 -0.30655513839211723 -0.03011265715946454 517 359 452
8 0.02277800815159279 0.6912702562811877 -0.18709713847653298 -0.06870839071304591 522 24 517
9 0.045441255741878045 0.5951192456704503 -0.2247444133574028 -0.05716461540239415 66 462 309
10 0.36440966797687274 -0.042972446214829464 1.2106552470981136 0.5138857485914837 163 404 151
11 0.3537493567142753 0.9687611603773174 -0.055045750249616 -0.11460909443705702 54 379 397
12 0.3641443138436396 0.9569218758290204 -1.6457875344072774 -0.6236243832228835 379 193 163
13 0.872349780775447 0.21362844680114662 -0.06673141900170876 -0.03494991102082068 10 137 134
14 0.993417375446803 0.20489121779103472 0.5345897181581547 -0.11482074127413025 591 35 78
15 0.9672300912700841 0.19084291129758607 0.4176404826139457 -0.1545766230293122 134 370 591
16 0.032996191988088064 0.07567754816289987 -0.16195031600496623 0.154390630488499 133 482 599
17 0.13413600201490758 0.0711619221179743 0.017513729702600678 0.2697242144911183 400 45 394
18 0.6001804629968779 0.4405960408797392 0.1494621506420435 0.14623572144878416 338 447 433
19 0.6249711533430335 0.39174447339690804 0.1339544617590116 0.06207535006852449 447 25 202
20 0.7962760127859463 0.13134443511517355 -0.18391596995348536 -0.10652037897573852 243 269 137
21 0.5207950794298877 0.23071303271573496 0.14797295437574132 -0.3554896821356124 181 6 260
22 0.6044258168512551 0.34604802066003687 0.06752146827770922 -0.02807660354209318 486 103 25
23 0.5720320330220108 0.2219235273614244 -0.18998951162307876 -0.26839306749293357 260 318 26
24 0.5146850522631907 0.2039604802709108 0.21813374821710863 -0.02617848854358229 349 250 6
25 0.5497093231845445 0.12289596341098635 0.2056879399442435 0.23520048270109228 448 23 523
26 0.4686100459646045 0.13739171848042483 0.06296331581112646 0.20676595297031142 328 23 190
27 0.4637686263300684 0.17482861657314083 0.08845757043518532 -0.0755308912636643 162 190 349
28 0.9537180156597658 0.6887533123037087 -0.03638513761117235 -0.17246687637056946 510 70 317
29 0.9184548206551083 0.6825882739804581 0.17986667363856235 0.12634494978014388 402 518 281
30 0.8938444832173904 0.6353071915919365 0.05552848597600857 -0.1713187036678221 201 77 518
31 0.9523134922362784 0.6852621254685055 0.10625142189690795 0.16539205486935937 281 88 70
32 0.9662743394593551 0.6721873456327321 0.1099346665783818 0.20647493575998155 88 49 491
33 0.9658817615078195 0.6411913426165907 0.1520933653326173 0.08446970727049585 56 136 49
34 0.8777988607397829 0.8909539146090083 0.3401009846253251 0.05691700571139671 218 558 251
35 0.7957057168605242 0.887235216506947 -0.9043226376734985 -0.4839776367391029 483 458 218
36 0.831185463040897 0.9505856913425937 0.06410544844525495 0.19260182528165434 459 284 167
37 0.023901647540298734 0.9828959664390478 -0.011342798922342467 -0.085037927394227 104 299 227
38 0.11990230863417203 0.7445169311636883 0.10506621614392309 0.295942508346525 452 410 479
39 0.17978620107639395 0.9289181753300918 0.014402497250376456 -0.17743565158823138 596 232 427
40 0.36258361434824427 0.9225720938991342 -0.16132990204170694 0.1952420763257079 193 80 13
41 0.3454072384060605 0.8039009392652359 -0.18220195838192232 -0.24478111204651043 184 240 79
42 0.3878353900299568 0.9248365334414295 -0.3780826506039059 0.20286038231176473 404 292 87
43 0.37354670684614827 0.9136174142374438 -0.23637354469585592 0.28154287096127106 13 79 292
44 0.556564000438335 0.7466481775856181 0.012786550637744476 0.37296109672846356 540 587 183
45 0.5407767446573736 0.814774875496233 0.3845892904488779 -0.21974667554353067 304 72 67
46 0.4875751155564969 0.6574725768372891 0.018204521223808 0.0322014817588645 255 415 567
47 0.9390297264860252 0.5502659960596938 0.04212463268829514 0.07782910435918944 301 335 550
48 0.9513364644759076 0.5528309879652091 -0.09854056771138683 -0.33488330024073093 267 153 408
49 0.9513426902091234 0.5526749157184878 -0.12660271107563323 0.3640428296135386 550 456 153
50 0.6202051912258892 -0.0600389644374726 -0.20264703801185605 -0.5459875041473717 347 29 507
51 0.6216325201141102 0.9389188942141783 1.088136707570022 1.134862971090068 507 297 531
52 0.35418699169162876 0.25026086693393534 0.26866695396199347 -0.3853840059575564 113 82 572
53 0.5323151186048725 0.8627589860832428 0.3916645948537356 -0.041396919572833646 121 304 460
54 0.20968382976841604 0.5948022996840393 -0.1805120074249711 -0.1638283224358883 524 125 471
55 0.47035638271902164 0.36397840552909466 0.015237614642282793 -0.1846110132819323 207 473 497
56 0.006393322587715453 0.7373566732229131 -0.5681436858869177 0.09817861445430685 122 388 522
57 0.8417242522495337 0.2929311655288511 -0.17762905677592977 0.2566060385011948 236 10 262
58 0.5057289771713124 0.3286373023672996 -0.02820201849829118 -0.07158501014181695 473 96 486
59 0.4878556248195967 0.27294488056933397 -0.018057461775855543 -0.18116847952387438 173 181 96
60 0.9985923256773402 0.5819421113913615 0.072669129741465 0.08109994134586351 265 408 219
61 0.02275654506947422 0.5715595543149672 -0.03272295420742033 0.13382676182505104 219 581 462
62 0.4824568046183392 0.4242994355062953 0.07985150804468155 0.2943146004685815 233 497 421
63 0.5434248946054646 0.45735525590502646 0.01636568727758636 0.23819862263185776 421 338 3
64 0.27051987635956987 0.7849590294043257 -0.09132268190357312 0.2900523810500308 598 252 1
65 0.3552504196821525 0.6219482384772455 0.1794901581531061 -0.07648629368750548 117 308 476
66 0.2526786709416797 0.6428819601767755 -0.07698865156502421 -0.024638388551601054 159 471 117
67 0.3929046562924132 0.6535528257191802 0.1788667866597926 -0.10573066935859465 476 332 311
68 0.39737024648814107 0.7310820184371594 0.2182463397504275 0.1319658965437398 108 311 63
69 0.26563610754623923 0.044668580616925524 0.26852900597562623 0.24723790896519215 124 403 334
70 0.6742622350281603 0.3589171170511511 -0.011004913647028047 0.03230298389889086 90 120 294
71 0.6684882660286876 0.44545011749916674 0.6773792144006922 0.5771082501530682 42 343 229
72 0.6487719950276187 0.39371336862866874 -0.05040734774031108 0.045577274940256096 202 90 343
73 0.5705458074703665 0.17470155485085523 -0.1439339944106499 -0.1580702478198165 318 503 146
74 0.5674648863954899 0.1731175309687245 0.09108383938576103 -0.0361675233599007 250 14 503
75 0.5688982870497601 0.15159697413222895 0.36171127325849073 -0.022497753257523425 14 448 290
76 0.5567970722466002 -0.002825782722520119 1.0335997950208082 2.729928849968898 337 552 192
77 0.5629346114410538 0.10680551342834828 0.12709540329891578 0.3485027936372953 523 192 116
78 0.568899136515892 0.15159680894978422 -0.32241645260051466 0.108827603786249 290 329 230
79 0.5767257334879494 0.11648120441895929 -0.05129582140994682 0.22419245522542486 329 116 203
80 0.6451255632327594 0.1741875544236136 0.12776127268762302 -0.008693256639720481 83 392 506
81 0.5771436813247877 0.16823214553039398 -0.160546718107335 -0.10911384729778151 146 230 83
82 0.687117126793203 0.20009266256728353 -0.24934951568800212 0.23425795088460877 222 204 574
83 0.6452604631163434 0.17402032702237843 -0.15973055040642037 0.3925490522753167 392 484 204
84 0.7421281832598335 0.19126150771065023 -0.23344903024580255 0.2517049957351247 200 574 407
85 0.773919062162536 0.13476503328841508 -0.024031562850801436 -0.13262294283611364 407 123 243
86 0.6178499081719333 0.1090550699287004 -0.09787264262928197 0.2314124482316604 203 8 484
87 0.806466322102416 0.0516503964985626 0.9744702170871787 -1.6415212537452655 106 61 165
88 0.8062311220411295 0.05190565923611099 -1.468638558470017 1.0152410310300648 269 12 106
89 0.7949937222700768 0.03938761632820388 -0.39465336066951856 0.42870225265773454 239 434 61
90 0.7948968441066867 0.039468449223800856 0.5667373089270413 -0.38092911181083694 344 239 12
91 0.6444811727040096 0.2711483061849347 0.1127254314198245 -0.04448125999478858 26 101 364
92 0.6460801820986625 0.2963532005791233 -0.17198395099078947 -0.15017228939390972 562 380 120
93 0.6460869899540862 0.2963540562780563 0.28376781083404756 -0.08354069229600915 103 364 562
94 0.41828681199189477 0.09875453778192618 -0.17303900048948329 0.0009741152329212355 126 590 328
95 0.36241897158823466 0.12248973762716128 0.022348211475842206 -0.03908050480450065 478 383 126
96 1.0000687585340418 0.1353148825410954 0.40529509893830745 0.18415090685658775 370 295 504
97 0.9985503499195687 0.08886203463398136 0.1912044265972579 0.009947032086898844 561 133 295
98 0.910297752913541 0.7040495196779009 0.2713835763751282 -0.11528521436099393 455 402 375
99 0.8787001374843912 0.8007181312266036 -0.1063722915306542 -0.23066893672929467 19 568 371
100 0.9300196434470382 0.7155109677410059 0.03328937681068567 -0.27915959023572245 176 375 510
101 0.9375213916385776 0.7465490315182217 0.020891925689436874 -0.42552564041842267 568 176 576
102 0.9151934031518895 0.6042019850170589 -1.0234230002013607 1.2845759916175168 77 505 350
103 0.9153806178123642 0.6040279305027724 0.43066203782662643 -1.30359837732135 350 430 56
104 0.8936972137806547 0.9114448885470012 -0.33993679465023263 -0.551434884109032 251 221 511
105 0.8937398183893239 0.9115897804554602 0.5787273982724139 0.06453154864855329 284 511 438
106 0.8939958871637669 0.9116695442858617 0.4063635200416468 -0.3167899337492598 438 588 89
107 0.8939197448733304 0.9115570300863926 0.7855781079791312 1.4446314111133578 235 221 468
108 0.8939722631292291 0.9116730270411124 -0.33431582803489496 0.22256441170159227 588 235 34
109 0.050363835961307654 0.9526115548226766 -0.19996681012435236 0.17029779149357882 469 261 439
110 0.07503436884700278 0.4773613097371602 -0.07423887448052545 -0.5156090786581191 57 53 340
111 0.06273180711004946 0.5249511534301811 -0.033544148014819086 0.07035538124311458 128 340 68
112 0.030473074978604672 0.36336274052605283 -0.5054470483791733 -1.533134051195207 194 480 196
113 0.12658588558042982 0.3493044175800938 0.03203363060921838 -0.15834121687430258 97 275 286
114 0.37608248785340204 0.5732728568085598 0.22252618567253357 -0.041148228574483525 308 179 527
115 0.3879871076913323 0.23625218381606916 0.0626288063076963 -0.27114824760476886 572 444 173
116 0.2505058406784838 0.45613783552949005 -0.30376643284091287 0.3154128770666009 205 405 475
117 0.21992552378441876 0.5272256884949448 -0.5059070127604807 -0.11581686815438488 585 75 164
118 0.1232469487738578 0.3363219035893215 0.07533255876740474 0.03665795410279227 535 485 275
119 0.9789764494715361 0.4246565269395088 0.10078145609715428 -0.10498718006068941 211 390 366
120 0.3892755224334913 0.2092668160348456 0.04314755115697455 0.002454456082823242 444 220 162
121 0.16485624915449332 0.8819585756745983 -0.04028062917937891 -0.37012058765051314 395 449 232
122 0.6189822985973268 0.46222588956668864 -0.028085121728249618 -0.1254339496853385 515 433 367
123 0.44026729198818737 0.5082884722635496 -0.1153555997251976 0.15124657290477295 382 592 238
124 0.32374006122652504 0.9577110290437053 0.22961868066662117 0.12867765117330343 242 528 54
125 0.46212297197399965 0.925876260820199 0.047521445806220086 0.27017444878540964 87 121 118
126 0.3687984868318976 0.7643418093766301 1.0280743736345068 1.1444697441655096 240 92 333
127 0.4162124230646714 0.738740058390256 0.18405485107064962 1.4474372314761916 333 256 520
128 0.36866059919678085 0.7641820268064936 -0.9135811466557644 -1.1047289633645332 73 108 92
129 0.4161970568557146 0.7384917874149112 0.0067999277100761184 -1.4000032167617977 63 170 256
130 0.6201414238456674 0.9398639286500582 0.40642966745200404 0.17155090887882757 577 279 29
131 0.557578674909893 0.8699759396102149 0.0058943946945611 -0.1739561713426374 460 285 217
132 0.5867715561332237 0.9382363050153096 0.14952295235293178 0.01872033084104885 420 217 577
133 0.5700219321521607 0.734889940769669 -0.0013734985371272046 0.39724271337637784 587 336 107
134 0.6576604055872662 0.7653674003576406 0.023884449973365918 0.09221724633912132 320 559 247
135 0.594769894708918 0.7618338441675806 -0.3551323412426255 0.0555903031940197 215 107 320
136 0.3104021396463516 0.7907715916000309 -0.06381327016281857 -0.4131249296975524 381 5 184
137 0.320313408047869 0.9151046279517886 -0.24894520426479386 -1.209602159136635 391 354 80
138 0.5243626810352915 0.7771186115973082 0.33463215028811666 -0.1045323097179085 401 166 72
139 0.4476154593005673 0.737745418737274 -0.13848960957646472 -0.5179074550609188 520 411 401
140 0.5314880550578209 0.7722387113377207 0.11451081766838955 0.04180210535359441 166 537 248
141 0.5329285029628499 0.7481785036046865 0.13317035946203148 0.3403971861326571 322 540 537
142 0.7023876391695322 0.8431432042206892 -0.024777096650427377 -0.3826741955704083 426 180 141
143 0.6865584705176498 0.8381889592882823 0.3977411040280432 -0.17605158901881635 300 358 426
144 0.7024093322070917 0.8430912843725482 -0.3069280688329859 0.29255608964030844 180 554 85
145 0.6873607495764295 0.8358653583970682 0.18730875318666296 0.45627896504488175 358 247 554
146 0.6282033138830945 0.8692682842057299 -0.040599295453302986 -0.035991265523449556 110 419 300
147 0.7957552942878022 0.8873043165616636 0.6411170520170687 0.3269160780083012 293 483 316
148 0.8164921664635554 0.9465947318962938 0.03494511971458003 0.11857122575453793 245 316 459
149 0.795867160659682 0.9738772738050221 -1.0485460068610017 -1.1085311536227296 445 245 257
150 0.7823369003017988 0.9796342246106291 0.26004608570662224 -0.032751681228182505 412 445 174
151 0.7209399245028082 0.9277224614694264 0.13369902615578688 -0.1751687642159716 531 330 412
152 0.7957350299200919 0.8872075020747392 1.2490776443667266 0.08763390332004088 580 327 458
153 0.7955260646035034 0.8872473788660062 -1.1569797352906586 0.28564057013912925 140 580 293
154 0.7345774529399629 0.8928228414259002 0.08796798151022855 0.0009352442431609376 330 141 140
155 0.3103950622278457 0.7905602391362896 -0.049730732222140125 0.45096853693851396 5 1 73
156 0.2787679784088923 0.7984702663834877 -0.11474337521799605 -0.16762003313131046 594 142 381
157 0.552432991629058 0.7835473620261049 -0.12422568390624278 -0.060185351320740654 93 248 429
158 0.21259309724071207 0.48680308326471833 -0.0015933365737907934 0.06739111629849859 231 205 498
159 0.16633744285929875 0.47293383347775086 -0.2886353885211634 0.2107425719789633 47 259 231
160 0.3008094526007554 0.5057458428137069 0.17498661877141108 -0.26038865022504076 164 363 289
161 0.30237298996087725 0.4996634624384177 -0.0270335289744017 0.47956824388364905 363 475 331
162 0.37264312204079786 0.5106114534021844 0.18301588421837378 0.48313316437786913 331 369 249
163 0.8293532806656292 0.2965754820318357 -0.037495912104390516 0.2170587291502879 490 406 236
164 0.7403105612051372 0.2727653144671799 0.0010005850314964704 0.0025626202548867383 512 58 418
165 0.7602208414151719 0.2574693963139334 -0.18612707486376223 0.13689347572176658 58 200 406
166 0.9250216778201603 0.35247908349587354 0.20867557612436194 0.18580438576609737 409 51 172
167 0.8581842850941981 0.32835974765603465 -0.3088258777178554 -0.006869512944596146 464 262 409
168 0.9432500288256496 0.42233530514142886 0.1447846724456081 -0.1032523698485388 345 172 211
169 0.3543185957054646 0.18458558039484477 0.06507372314612514 0.05794107971190954 270 478 220
170 0.8268352122665276 0.7319454743126884 -0.0008618453173347973 0.04456112770445664 91 74 455
171 0.8486585770109013 0.624433439384175 0.08075546065189343 -0.17875037908177127 31 302 201
172 0.998888641179525 0.6297514916379989 0.37459588798915977 -0.34220296953090323 241 265 526
173 0.9987585789377215 0.6299503093920035 -0.030442658257526928 0.4850479999504156 136 241 509
174 0.43580273464499847 0.575224404879974 -1.2395241607901226 0.3679147699578401 298 376 398
175 0.43959930343036346 0.6292786638728284 -0.09308608536762186 -0.029880470320264862 332 398 255
176 0.22277996609323006 0.9308036763021861 0.04195001290785427 -0.19786825372625216 427 15 525
177 0.2023355594973666 0.7166391161188425 0.13380816628327796 0.2273423831133936 99 129 41
178 0.2250912189168675 0.7079939783580679 -0.19191539087082266 0.3702181887443867 129 159 325
179 0.24157234247703177 0.751792540750573 -0.40079316287783445 0.5274434927010629 40 325 252
180 0.0416449796265133 0.08664194737650567 -0.2698074012472129 0.004392133358399608 209 599 425
181 0.11953747850672831 0.08895345741709575 0.2527371808364043 -0.016573133490571657 425 400 171
182 0.6758231931996919 0.22674115092904795 0.11001638434488718 0.045775256393536246 16 506 584
183 0.6610796889956212 0.26208793692340576 0.2574843243838016 0.22033269692252333 101 16 465
184 0.6758822729457389 0.22674061607744903 -0.3413613806554916 0.05445179109448165 584 222 352
185 0.6821328479132941 0.24891743000847033 -0.18812954874491972 -0.045213388935594345 313 352 512
186 0.6612375600079471 0.26222727063862156 -0.31256104991543576 -0.28701500698140836 380 465 313
187 0.29882492832910224 0.11057225411664189 -0.07205434859880455 -0.0036277626735969903 223 62 477
188 0.33517368323364805 0.09981965725426088 -0.0844142318545682 -0.07117181982652099 477 564 383
189 0.9302602840025725 0.03315534821231304 0.06617313710877148 -0.17912845234890895 165 454 561
190 0.7412067507817901 0.7192189998992496 -0.054102464272943324 -0.28744591737232816 492 417 365
191 0.7859654220837402 0.7730811996529902 -0.05226909252642464 -0.1193596638193739 11 365 348
192 0.8215779698761299 0.7627769394527597 0.04051601276700012 -0.15458445079552519 348 91 19
193 0.4871698565381223 0.7144589861827947 -0.04995697189258408 0.09991881003146297 541 567 322
194 0.4476155840856847 0.7377505349341293 -0.10895236181215343 0.5224928961209785 411 170 541
195 0.04495740388142885 -0.001756536566161683 -0.13785714687852835 -0.16883405576373356 482 227 65
196 0.06636549467351263 0.9834636003964374 -0.31732159747055455 -0.06124510065763644 65 439 228
197 0.1164936387039387 0.9968674358522753 -0.05337526601256748 -0.017110940442321976 228 596 45
198 0.027093808418695377 0.9583369546985226 0.09924782677010573 -0.6474020530333312 360 303 299
199 1.0269627062221307 0.9580962021265791 0.561250411174486 0.5411926857503379 213 553 360
200 0.02728517476023052 0.9581401046939864 -0.6886537545617611 0.3756377684382625 303 553 469
201 0.2684603045124202 0.9849298800619934 0.2951879053691986 0.07595536422044802 403 525 27
202 0.21993570735142504 0.5272467876532769 0.06209456940737276 0.4444075220011955 157 498 75
203 0.08183869645848078 0.4713036523963409 -0.5555957919808115 -0.3583786514619637 53 102 396
204 0.21992289823117916 0.5272335645708016 -0.041250366319901983 -0.5780391388376178 125 2 585
205 0.21991061696972464 0.5272412881645726 0.12550483611899718 -0.07621298094909733 575 157 2
206 0.18686846277643965 0.5248128403945889 0.08374279950040808 -0.01886316727817139 214 100 575
207 0.13170709173622944 0.7429041718533373 -0.002919351392571823 0.3128582049677364 410 414 339
208 0.14480096070766066 0.7790189593013886 -0.14845448501141917 0.07778222752300931 0 339 296
209 0.08824705344510472 0.3870128188241243 0.014825604632839884 -0.1052390216638166 461 97 547
210 0.03052922929983597 0.36362534245617895 0.1583471815251407 1.5712260013683519 131 194 461
211 0.08184823500902368 0.4713009797647351 0.4808177106246578 0.4624283867692104 17 361 102
212 0.07505511297641808 0.4774159671427903 0.3259359107290376 0.3074503837289914 154 17 57
213 0.16492987107025525 0.31501437891519074 -0.27820879593132286 0.058014944584461325 28 543 288
214 0.22926062049568469 0.386624853964954 -0.4237183132138611 0.05991511037306552 521 206 405
215 0.17456863361225772 0.39007354478268685 0.0713323573819924 0.011986078796155653 152 487 521
216 0.15041924292683842 0.3519147902280495 -0.09318249540035684 -0.1944936798420338 286 28 487
217 0.07199686651188807 0.3199350442303677 0.09228775868508343 0.0437956719501198 196 186 535
218 0.1563178427748752 0.30968337719094163 -0.10965173768973102 0.17020733347056227 485 253 543
219 0.22780310239531407 0.08869418865489705 0.14916252955021747 0.32826371482164163 529 124 60
220 0.4301994731895986 0.5714163434522824 -0.7661945987552607 1.4440970338462917 527 291 160
221 0.4360337355506128 0.5749234535693594 1.083877718661779 -1.0897708766848488 7 542 119
222 0.43037810664056203 0.5711599735421758 1.085238669210982 -1.2122902819871695 291 138 542
223 0.36061272151989376 0.5359972835950528 0.19281219329481125 -0.24024667429067836 289 263 179
224 0.25200765505500844 0.8458209326204971 -2.348848062661761 1.7412304329888617 71 22 579
225 0.25203411845702556 0.8458647471461495 1.4097391281078526 -0.5898740598785698 453 71 144
226 0.7717601881214737 0.3482910833299958 -0.16058883216263364 0.09440216768019649 112 431 145
227 0.748650393071181 0.33480590703685903 0.01956835908589749 0.2162845007258607 341 418 431
228 0.14949260261583983 0.448920981203868 -0.008558462966101743 0.11769899568858655 115 152 259
229 0.8255517902795717 0.3264386820040971 0.017617405798087127 -0.04016682299268215 145 490 306
230 1.0139097930594585 0.3671051026345021 0.30045116690803964 -0.34823851207191336 390 423 131
231 0.9359668609987942 0.5546383164824603 0.10751247092035884 -0.0006864158276064652 582 301 321
232 0.9361973915338736 0.5550042627582826 0.06462358671734288 -0.06631097372047055 178 321 267
233 0.10839784826476305 0.5825343876525458 0.12509328998003277 -0.1663014022497411 309 94 450
234 0.1536641904078998 0.6157562620747807 -0.00014087966904163807 -0.36707033523875054 450 314 224
235 0.9638185068808564 0.9225821707413225 -0.1623716460520978 -0.44727497592293586 18 226 213
236 0.24124605359303128 0.11360924261063539 -0.21738894384566504 0.27461781729789514 198 60 378
237 0.35545315715210835 0.9764463150480557 -0.05161091051059108 -0.19267168767551912 158 397 148
238 0.35775324547728854 -0.02307560551532337 -0.26900856425239594 -0.23787693381911723 148 151 474
239 2.4846217323660016e-06 0.13529226355691096 -0.3914378560909809 -0.08778202647552605 504 209 310
240 -0.006630827770490544 0.2049194155490812 -0.23454546686595523 0.3256718228008084 35 310 502
241 0.1434506785370787 0.11937534907728048 0.14382345384089668 -0.16801272664790368 472 171 287
242 0.13178557290470633 0.18772137378947765 0.007845803867700951 0.4666922619189773 312 472 185
243 0.8825957716965998 0.4708003699623367 -0.01616432369899723 0.17662987079891668 319 368 33
244 0.9074571933613351 0.46998270217689897 -0.03295067725617162 0.16396370060289822 33 345 335
245 0.43378824458534726 0.48877413005301573 -0.024259618619515422 0.4872111606518681 369 233 592
246 0.2415872349324629 0.7517775458803138 0.3552059663994322 -0.23324767488953163 189 40 208
247 0.18387524376116132 0.8519371985279846 -0.1439682623116667 -0.043549063660774934 372 532 449
248 0.25182267543915365 0.8458399462120932 -1.7752394925859487 1.932789741228042 532 565 453
249 0.24846948582486722 0.3212844632317568 -0.34015502810291753 -0.27742526435836634 206 424 273
250 0.41665681393796433 0.5313180336432926 0.06666283289269437 0.01266230731378215 138 199 382
251 0.32036031889543326 0.9152208857995058 1.466887711857245 0.5609509913810564 528 413 391
252 0.3201869053908831 0.9151667013454697 -0.8953901513324625 1.1486402946766237 147 354 413
253 0.252293895873559 0.845685031884047 1.366110300750345 -0.68451401490934 546 579 594
254 0.2548980271591476 0.8564979424050585 -0.4830696819608463 -0.08612266477769394 187 546 147
255 0.6213809360655927 0.938715703662765 -1.5417737212086209 -0.9749259996673337 279 110 297
256 0.5806415360672904 0.8371086170414154 0.1879672556953692 -0.3187900826645681 285 52 76
257 0.5807414032450955 0.8370898643807307 -0.4219346045675806 -0.24068242860959127 76 555 419
258 0.5641547459231856 0.7751245602492566 -0.12840317541867874 -0.045097415558859044 429 183 435
259 0.5779828305595828 0.7800834331127124 -0.2164679942240344 -0.07463551963959869 441 435 215
260 0.5806655069190562 0.8369482912215299 -0.5699674524397343 0.5853427150208541 324 441 555
261 0.5508413290640226 0.8117507718504222 -0.13901708291463866 -0.06355318268175258 67 93 569
262 0.5806139205748202 0.8369657120635602 0.2470105934111169 -0.2920341987113981 52 569 324
263 0.25484852146952125 0.8565089168108622 0.3150336867595175 -0.2603806626636906 15 144 187
264 0.13835176725290907 0.8675308224165058 0.21892118118316262 -0.18004477977950906 212 457 395
265 0.15492422354555802 0.8140227208945062 0.4061346220267381 -0.17863824761338123 457 274 589
266 0.0714863773566775 0.8883412792732246 -0.12961249816478837 0.0176801007861771 261 578 212
267 0.3352058312151619 0.19483958297150367 0.38115049727505124 -0.09308014116415908 244 270 82
268 0.4839566940878186 0.5566421146821228 -0.07533653353930525 -0.05419756414493104 105 156 323
269 0.48533386255499417 0.5280783138474378 -0.08739308478278307 0.11501898114496534 238 326 156
270 0.3068267112445959 0.9787609113452209 0.38882540381868225 0.04121369148735177 27 242 533
271 0.9153413584500285 0.6039239715718179 0.8857106474970415 -1.287104675613246 516 277 505
272 0.8886832536694473 0.5597042579387644 0.05787643090476857 -0.17269486266360823 225 254 516
273 0.9153390901766256 0.6039674758832021 -0.17447717707468405 0.943802539536665 277 178 430
274 0.7829060513836889 0.03319105359979759 0.22559376814529353 0.1281213447834606 44 373 344
275 0.7364485324379879 0.07353518365865815 0.279210305570432 0.13388979230866127 489 44 123
276 0.11005004270745539 0.5772719497052068 0.026480558978220214 0.13317541548707457 94 68 353
277 0.05272518756761361 0.8729076075007172 0.012843374280757658 0.12980658492534047 150 374 578
278 0.06122213817754152 0.7984808210612184 0.09965668845701714 -0.2224444337062259 563 175 374
279 0.2674483542685608 0.7867605755094889 0.14138964296236955 0.02453511577932277 32 208 544
280 0.2698320605909897 0.7864256119767757 0.03026159839207565 0.03684283151998702 544 598 142
281 0.6990666923963698 0.7148726698590316 0.19952736823869444 -0.11072368369391405 559 463 492
282 0.006289771856113827 0.7374817335071439 -0.4893412821542313 -0.2578265503899073 576 495 234
283 0.006448543539468557 0.737517525533241 -0.25953575963160413 -0.8071226740994155 234 122 563
284 0.24127085185087474 0.11359925538883621 0.4790968920293458 -0.33896897287210953 389 198 59
285 0.18393698701327282 0.10337636679858037 -0.6137497209648913 1.1114520131940557 216 169 389
286 0.3751466024126048 0.5212473828727507 0.0407879474986772 -0.02520755965074173 263 249 199
287 0.2672665157706847 0.3049796700290409 -0.282377079358076 -0.327784103679174 273 356 84
288 0.3381984237206543 0.29582169062957786 0.22815764000316818 -0.35730132671996095 84 113 207
289 0.28378551106775834 0.1595019518499198 0.13391974196252932 -0.21253590484771046 442 223 244
290 0.26409226224593946 0.16304317848276154 0.14001636447491528 -0.18035079263345466 451 428 442
291 0.22785692503177682 0.24004255210653871 0.014471144248184853 0.3173206031270581 566 451 356
292 0.5408629677601284 0.49755363278140974 0.04257443911304115 0.0018355511555157022 326 3 355
293 0.7901406305089457 0.7026214629047699 -0.12671992344337468 -0.058221208409925396 501 139 74
294 0.7916532401019307 0.6654557251916855 -0.10797889180014231 -0.061711052240509545 466 31 139
295 0.7412956022031801 0.7189378851390784 -0.15932931172872067 0.045582454591451896 417 351 501
296 0.708659507794448 0.6949936088576973 0.0918914238104418 0.049234463381231386 377 64 351
297 0.8440429768896053 0.5668089098443132 0.06968560312126115 -0.2195460178239239 302 37 570
298 0.16866935944730854 0.5980707843167922 -0.13920081511076265 -0.18916813532277033 314 20 524
299 0.15500309330584092 0.5736982872221756 0.0383666945436012 0.11372390702757418 353 214 20
300 0.6496222229984316 0.5801561838555334 -0.04152079201291681 -0.0381791282616506 416 519 283
301 0.668446425558109 0.4456180980962053 -0.2139407422242388 -0.2689464886635861 367 42 268
302 0.648472931911181 0.5575373148459681 -0.02015100863950181 -0.023223829456742173 519 538 488
303 0.43582010464982307 0.5750903121597323 0.8617415308593982 -1.5905400823127378 160 595 298
304 0.6130616662582193 0.6006362894075673 0.006363194693381757 -0.09507758608195971 155 416 545
305 0.4360875645001109 0.5749992513082807 -0.9975572640391444 0.14019769477291444 46 119 105
306 0.4360955581480973 0.5750842245604352 2.0721700675081887 -0.02429397176186227 376 55 46
307 0.43573650311908424 0.5751812917511455 -2.420892240589701 1.6938246743984435 595 7 55
308 0.5836375674901398 0.5783425212178502 0.11045649672691837 -0.006026411314419278 177 305 155
309 0.5381329207396259 0.5958558622945933 0.026413485287868355 0.049851868466621596 556 323 177
310 0.20482401605542866 0.7390576552247394 0.06082916913230374 -0.03234125536821786 493 41 189
311 0.9733262320152555 0.6888851355371113 -0.17088859841085657 -0.1433184968271939 317 496 548
312 0.006361876492868744 0.7373615190708447 0.7661265464533554 0.07186615888163123 495 548 388
313 0.9762566027063373 0.6783107764385751 -0.20084398345832088 0.04569324588837853 496 491 130
314 0.24136318645553337 0.1136749118294733 0.0265939142492992 -0.5947671815570801 59 271 428
315 0.18382289069063443 0.103267243098576 -0.7070327582870415 -1.3500329004397567 287 432 216
316 0.18399254936701814 0.10326554949874081 1.4708370675895572 -0.21104011936981004 432 437 169
317 0.18437018470145933 0.09788742585907154 -0.0007523610207060827 0.3185933588993606 437 394 529
318 0.2168089846488779 0.24440332347443502 -0.07948277903901957 0.35413007474366376 86 566 593
319 0.11845442730848353 0.7678286548908917 0.09766194901394964 -0.12762035941915606 175 479 266
320 0.14461733861954507 0.779188457031339 0.10985598345716538 -0.10701764386776211 266 0 274
321 0.16637389542176373 0.47289359371991524 0.1532568995426647 -0.27713058531364415 9 47 100
322 0.12937226240546543 0.45344400268363233 0.029310749134211316 -0.17877200548700062 396 586 9
323 0.1293729910103999 0.4534678550064143 0.01740150884479085 0.2978402296058361 586 508 115
324 0.16737297291060405 0.7008591881207471 0.10559133151177846 0.18662929188173472 414 224 99
325 0.10015939029356025 0.4376488974252072 -0.2956689137175849 1.498711565083282 109 357 508
326 0.10019403151546503 0.43747950553164644 1.4145556501398695 -0.24246449038800838 278 547 357
327 0.10006971605099192 0.43754985987130657 -0.948518137546938 -0.8731251282525706 361 278 109
328 0.16236080066805855 0.22866860096918945 -0.29736210577224753 0.22797549785458227 30 185 86
329 0.14503493564730854 0.24840678415022666 -0.13239544321974606 0.0015253704549467173 530 30 253
330 0.24136524957938593 0.11366143339540849 -0.3774420565916085 0.20479070718686013 271 378 210
331 0.15503587144038627 0.814002840411754 -0.458558876130109 -0.02572148988754224 589 387 372
332 0.25211315623183966 0.8455301399221438 1.6136281335684604 -2.2141981485509015 565 32 22
333 0.84294330701767 0.3386772460729713 -0.10891194023032735 -0.14326435246458935 306 464 536
334 0.9709008109480216 0.3298481030683722 0.23613159691460162 0.1629412750558945 51 514 539
335 1.0137994159588142 0.3664123793783153 0.38180913285602164 0.169465162172186 423 539 480
336 0.15253786511344067 0.7819002624658552 -0.08460367770940502 0.013098352437401761 296 493 387
337 1.0289971752824558 0.23682501999623015 0.06900571980147929 -0.21597524359207032 573 264 399
338 0.02989685305754848 0.23258548673273305 -0.043427242097521246 0.3445563197604362 264 494 36
339 0.28645520156670945 0.09922884397078394 -0.09958459473713432 -0.012734077334264349 210 43 62
340 0.9027788517679458 -0.03295962140665825 -0.1310926346642649 -0.3874815641957685 481 551 168
341 0.911283439465471 -0.0662632787832499 -0.1176355412385588 -0.4820076601741441 551 89 557
342 0.9207806076060311 0.9253017171588981 -0.3753086438851305 -0.17793250640246727 557 95 18
343 0.2911592260683672 0.058924993552101235 -0.10387842148962267 0.040177286497744547 43 334 21
344 0.32708638920902455 -0.0033466692605448496 0.030213181609339834 -0.24266973916442502 533 158 276
345 0.3255511644062358 0.04084006612125654 0.001781900321740082 -0.010733363850490285 21 276 246
346 0.3404756047303558 0.050003114630871086 -0.1372029885537973 -0.09989408952804091 564 246 446
347 0.37819866387716794 0.023760636340680614 -0.2715134540809405 -0.03203822068753581 446 474 237
348 0.21423991945139614 0.29681556275101384 -0.07575628457878736 -0.07108537161681916 288 593 424
349 1.0061437324929494 0.24189283003068496 0.32881639668025375 -0.24947389466734027 514 135 573
350 0.9972817362217021 0.21087179268092454 0.5413723382901984 -0.4716876429104299 78 143 135
351 -0.0027605552544080134 0.21090288886131534 -0.5193441573534264 0.30719284334308283 143 502 494
352 0.8334337710032951 0.41787161563152814 -0.13087045301618527 0.10585186130396274 436 536 368
353 0.5957652105906258 0.5306994807447752 -0.7541155417896233 0.014772984067599679 81 515 440
354 0.08671023048095217 0.2345950486004891 -0.07549170030415886 -0.04699477109543215 549 571 530
355 0.5957145845093181 0.5309190773570563 0.0037266947584520607 0.5978718756562748 305 362 114
356 0.715972812181658 0.6156371104633269 0.44601816801242544 0.0315674191783211 283 69 38
357 0.6967754036577956 0.7008370867693615 0.21431705264640666 0.009807955662910484 463 161 377
358 0.8599352471782113 0.5544213133194784 0.04549264333297831 -0.19330645868731455 570 191 225
359 0.7160339686059336 0.6156098692529176 -0.26756980689261745 0.3492843793817708 98 69 39
360 0.7305133652740956 0.5568488545935043 -0.12579436034498848 0.18218229286270926 39 583 48
361 0.8040747940042398 0.5367122487050296 0.3761796540935336 0.025099039513420962 48 195 37
362 0.7253709578455514 0.38305286375175074 -0.045330635425888666 -0.2346494942795374 132 443 470
363 0.7960597053912429 0.9740604087068202 1.2728790900701312 1.1004141957329414 393 257 422
364 0.721269602364828 0.6272671302299792 0.30559118226907744 -0.3573810223586127 64 38 197
365 0.7853228312816468 0.008921112490293301 0.8007179043482927 -0.07521955690151065 373 174 258
366 0.5958286890840957 0.5308115529563 0.034108232254206894 -0.9053045185261642 114 440 538
367 0.6875798929292549 0.5303761738243981 -0.1886183063903868 0.11946275357832548 488 342 583
368 0.7853896397562433 0.00892156171627833 -0.4085463937612095 0.07135347555051272 258 393 434
369 1.0136965524095805 0.5216247426068212 0.11056111685892045 0.11528482092570957 456 188 149
370 0.7642237035734845 0.3811936148949005 -0.02767187243235547 -0.26303996411569663 470 112 467
371 0.6686287668783814 0.4456953114981449 -0.15053823034319197 -0.2559589608189597 268 315 342
372 0.8312290082332057 0.9508397843370525 -0.042407945048412304 -0.2151160713914548 422 167 481
373 0.5345130310589058 0.6330824545244801 0.026884630632828532 0.04181318832841008 415 556 127
374 0.814102910197744 0.4254763265770301 0.2908167876652934 -0.035788045443796435 467 436 4
375 0.4790187236006383 0.9788605664544953 -0.07350938677208596 -0.05768338445788501 282 118 597
376 0.4154108402015815 0.0360405700192546 -0.16012678127896862 0.017068782498519397 237 282 590
377 0.7212331300220959 0.627284508229318 -0.4305490016640295 -0.006573524574470619 197 98 466
378 0.8669442115954631 0.514814216942777 -0.02793151127056248 0.2931430643365873 346 385 319
379 0.8547628657340944 0.5201600735542744 0.1373116906636107 0.2136314774386916 191 534 385
380 0.892569190078726 0.5534412214934084 -0.08028209382004992 0.043976501953868485 254 346 582
381 0.8229932278280865 0.5073734363810061 0.2778896682209542 0.21955160328657186 195 4 534
382 0.6686594448438077 0.4455431676648341 -0.7263819405369702 -0.4343043044771275 315 229 132
383 0.5956368073888194 0.5307127112769086 0.8267701838334798 0.24760676006828178 362 355 81
384 0.7181225588548434 0.36500424118581865 0.09306214965310033 0.08724321542974423 294 341 443
385 0.9638249158821524 0.9226473962815227 -0.08944527900056663 0.4498197374202048 226 307 150
386 0.08462761924927313 0.22819358062818468 0.07151651640682766 0.37967853592016376 36 312 571
387 0.5565861058295458 0.9967327162113048 -1.3073071202932331 -2.0074866577201407 597 560 337
388 0.9363725176285984 0.012211528319557685 0.07138664243067083 -0.1601114598542841 454 168 104
389 1.0224866865583415 0.4857917736525762 0.16942861627566863 -0.0014582765550663623 366 154 188
390 0.029896702520267583 0.5351530416091728 -0.005100421127113286 0.04365148277563069 149 128 581
391 0.06122199692139545 0.2578177062412738 0.072204788675867 -0.23417068076292402 399 549 186
392 0.5755147180541822 0.6619703352122662 0.011723030879373653 -0.005720524748342726 336 127 50
393 0.6099442183259117 0.6457145037249568 0.008912776766623054 -0.034719871422339565 50 545 161
394 0.6416612380201129 0.06751454005879524 -0.016683551762319837 0.07514992447776869 8 280 489
395 0.5567791963437151 0.996847355654932 0.12445615345593741 1.075070602064355 560 420 500
396 0.5993844707592955 -0.0024122116051863117 -0.14242298868039072 -0.0981976958080999 513 347 280
397 0.5568126101312096 -0.0031721196463678648 0.687591411685875 -1.9020368898327917 552 500 513
398 -0.0011596857391852737 0.6300493944176133 0.03720858972496022 -0.8674773625827209 272 509 499
399 -0.003806367423693435 0.6697334860774382 -0.07511553219707867 0.02703401669190697 130 272 24
