1234
0 0.02268381016335027 0.6318913925530343 -0.28110513188017716 0.05512937051310729 111 66 359
1 -0.0010161286217991485 0.630221297721817 -0.16234082033576933 -1.4117610037760446 499 526 111
2 0.7623239436900696 0.8313599576773345 -0.10100155226067109 0.11900704866008027 85 11 327
3 0.8782655753931362 0.8917905463640585 -0.10199469068264931 0.47097171688862194 558 371 384
4 0.8941235458245457 0.9116532191113632 0.557102557851739 0.5443011681671196 468 384 182
5 0.9158772620320429 0.9198108506681398 0.5150700678604536 -1.1953567299127852 386 182 307
6 0.9157656225444925 0.920028800013405 -0.7798995439683802 1.3379677849762535 34 386 95
7 0.03406441911136665 0.6860817381737847 -0.3058694218044389 -0.027482057081418265 517 359 452
8 0.022139845211184374 0.6910333077753366 -0.1889700821169904 -0.07080489840272097 522 24 517
9 0.044677865458321725 0.5949211543299666 -0.2243045013616829 -0.059259016443879986 66 462 309
10 0.3636556358442091 -0.04315893237533243 1.1974746951337145 0.5116412276063274 163 404 151
11 0.35353946894961574 0.9683634719838511 -0.061816232774930535 -0.11367001185799697 54 379 397
12 0.36342467770719616 0.9567491107040241 -1.6301967814496925 -0.614793945054548 379 193 163
13 0.8721215744996262 0.21351120923510253 -0.06745894398640928 -0.033940937560483775 10 137 134
14 0.9938971554940575 0.2052421450437473 0.5768124195228391 -0.1267251520828904 591 35 78
15 0.9685932251838159 0.19036727806555004 0.3853497940881079 -0.1280613805970665 134 370 591
16 0.03244595252003657 0.07619840535055791 -0.16171762731026496 0.15200598037223845 133 482 599
17 0.13419317431950648 0.07208334685788516 0.016183998585717063 0.2721976987557495 400 45 394
18 0.600691813431512 0.44108968933358955 0.15125085281453288 0.14423288986764593 338 447 433
19 0.625429033430872 0.3919587445842984 0.13533684797839562 0.06389203853485181 447 25 202
20 0.7956437232338758 0.13097947857372758 -0.18717080906005545 -0.10801713655472778 243 269 137
21 0.5212956139519117 0.2295062124069105 0.14649907190134037 -0.3544376896147394 181 6 260
22 0.6046517583341393 0.34594450882482247 0.06667067800614213 -0.0316392953503275 486 103 25
23 0.5713901880450517 0.22100863845949548 -0.18763256087739322 -0.26972900302180136 260 318 26
24 0.51542305923501 0.2038669878881169 0.21604526327656526 -0.028744242056011338 349 250 6
25 0.5504013124608412 0.12370015983953347 0.2032833276710555 0.2366137542841873 448 23 523
26 0.4688242684091795 0.1380968761307518 0.06306462990712802 0.2080078789767903 328 23 190
27 0.46407364128426504 0.1745734580310679 0.09086121507961842 -0.07461328221936014 162 190 349
28 0.9536008109291056 0.6881697366056221 -0.03272190513339823 -0.17100209841885983 510 70 317
29 0.9190683366278556 0.6830241677244743 0.18097607509814928 0.129943097254559 402 518 281
30 0.8940342610921943 0.6347266919316511 0.05661442148419127 -0.16983407596926625 201 77 518
31 0.9526732847014961 0.6858275946478598 0.10544061149371509 0.16715993667384965 281 88 70
32 0.9666430032398131 0.6728928085718044 0.10701934807094693 0.2084251975870144 88 49 491
33 0.9663948078131545 0.64146645539297 0.14812244000794728 0.07630896331489723 56 136 49
34 0.878243811313565 0.8918110958494176 0.34720483332899765 0.043646986849429914 218 558 251
35 0.795619792359116 0.8873081431495536 0.3093634560276306 -1.8252916350059432 483 458 218
36 0.831250488160688 0.9506915549531668 0.05090104059139689 0.21236211051442921 459 284 167
37 0.02386663748284147 0.9826060485738815 -0.008494250441914986 -0.08537191197033334 104 299 227
38 0.12025221096565605 0.74552199714753 0.10080681168284089 0.295249620411997 452 410 479
39 0.17983874133437158 0.9283142633633379 0.01642118663269798 -0.1778036697042129 596 232 427
40 0.362030571340813 0.9232284318981707 -0.16081470356754668 0.19371469463236313 193 80 13
41 0.3448125637695823 0.8031182972916457 -0.1717618360042028 -0.21668995695001136 184 240 79
42 0.38655626715560043 0.9255254075587278 -0.37710700569182354 0.20041696392747443 404 292 87
43 0.3727415833112235 0.914571821754194 -0.2372275497569687 0.2798973944978522 13 79 292
44 0.5566035449957898 0.7479137824635298 0.010570750177962829 0.37155123491783293 540 587 183
45 0.5420765684322374 0.8140329292580354 0.38016053933304095 -0.2168490560727765 304 72 67
46 0.48763043899246816 0.6575835128912433 0.01445816244505238 0.033015828959648275 255 415 567
47 0.9391734626486152 0.5505339503474451 0.04380124188699264 0.07261396943805676 301 335 550
48 0.9509545630315928 0.5528791473226095 -0.09619916385835911 -0.34890617534629864 267 153 408
49 0.9509609888527247 0.552729517242512 -0.12711854404116787 0.3812053392323071 550 456 153
50 0.6204985032936635 -0.06072921619617187 -0.12247845483515508 -0.5062219687983476 347 29 507
51 0.62074076122086 0.939081682724713 -0.50972831225815 -0.20159346057849756 507 297 531
52 0.3550998371262873 0.24895301155299665 0.2682998476166709 -0.3839794655846607 113 82 572
53 0.533643604666586 0.8626128272583384 0.38984858119484045 -0.044490771830552056 121 304 460
54 0.20907817781607596 0.5942445786992969 -0.1763897986006846 -0.16428888111041928 524 125 471
55 0.4704139737905861 0.3633465661831815 0.018532143875038543 -0.1869793764264216 207 473 497
56 0.005913238699208685 0.7365827322091786 -0.048553544551304825 -0.6698503607417117 122 388 522
57 0.8411193754196599 0.2938048542205226 -0.1781509195372677 0.25731393179379003 236 10 262
58 0.5056328979817081 0.3283899582140849 -0.028301956611631596 -0.07383861508336587 473 96 486
59 0.4877942877269695 0.2723260201727944 -0.018025430453816327 -0.1828061292619143 173 181 96
60 0.9988303790221894 0.582220747062633 0.0680451174572827 0.08394174834391865 265 408 219
61 0.02264552909857892 0.5720140826207245 -0.0325533700690217 0.1335415986125632 219 581 462
62 0.48273392343415045 0.42529956439169864 0.08305620219362098 0.29400947926250254 233 497 421
63 0.543480037982482 0.45816184630012635 0.01609572961025485 0.2363336429334062 421 338 3
64 0.27023405144961976 0.7859043700684083 -0.07863539036503248 0.2664501162134673 598 252 1
65 0.355867900183605 0.6216885544452592 0.18359181883087494 -0.07626138262550874 117 308 476
66 0.2524218606476771 0.6427988456322231 -0.0741255473668545 -0.024261188891205876 159 471 117
67 0.393509914549538 0.6531895045912055 0.17719993736231565 -0.10789665758070832 476 332 311
68 0.39809454711487346 0.7314883687559 0.2095906354721011 0.11408773266385897 108 311 63
69 0.26654798334798213 0.045507073508364526 0.2678924110322001 0.24606832509099785 124 403 334
70 0.6742330230005024 0.35902518356112784 -0.007687309816484245 0.03190202407798992 90 120 294
71 0.6681701075803045 0.44520575530020934 -0.7935571899562468 0.6880889487858276 42 343 229
72 0.6486065173576839 0.3938694884723188 -0.0465029827145802 0.046050542545916784 202 90 343
73 0.5700603800040398 0.17417719050934594 -0.1417103581181911 -0.15051103965588175 318 503 146
74 0.5677569709766251 0.1729971621884862 0.0847910385133599 -0.0345174135368137 250 14 503
75 0.5689816582318132 0.15174301902975093 0.3746755683859619 -0.022231994416537122 14 448 290
76 0.5571661825303411 -0.003057926511006316 0.4295673967469153 -0.14426856160989868 337 552 192
77 0.5633666293396613 0.10798826543756247 0.12611375520277246 0.3472848508767612 523 192 116
78 0.5689421612777729 0.151750493102777 -0.33896868195694974 0.1129735427264438 290 329 230
79 0.5765585871475349 0.1172446563410918 -0.049230909279773805 0.22441913917481404 329 116 203
80 0.6450971087213404 0.17479493882391103 0.14332431440397445 -0.008672872999198472 83 392 506
81 0.5766168090092196 0.16785756882365863 -0.1537218536490359 -0.10854600308862761 146 230 83
82 0.6862893841956486 0.20088343351250143 -0.23858054941372497 0.22949924738391303 222 204 574
83 0.645164586532674 0.17471293653478567 -0.18396318752730323 0.38944155162799665 392 484 204
84 0.7413398819710741 0.19211333944649325 -0.2303850617224601 0.2494382714268717 200 574 407
85 0.7738461493795374 0.1343096699628268 -0.019059025191392465 -0.13514057824182135 407 123 243
86 0.6175210623140973 0.10983972014218435 -0.09499537198531804 0.22993235718193894 203 8 484
87 0.8055503660671458 0.05068214606862241 -0.3870865677090777 -0.16460624205371677 106 61 165
88 0.805484602844103 0.050749425280203396 -0.09780940883608036 -0.4596803500182562 269 12 106
89 0.7952287549320919 0.03952981922560997 -0.3842488499760277 0.41452562629998563 239 434 61
90 0.7952494427151402 0.039513268723793994 0.5586721523630689 -0.35755169089298494 344 239 12
91 0.6448440122551224 0.2709932287946305 0.10443823514338924 -0.049579724353820964 26 101 364
92 0.6462582952263443 0.29595588490263014 -0.18344420933463432 -0.14531136386157983 562 380 120
93 0.6462856679172166 0.29595878690057614 0.29297796760493205 -0.0869786788982972 103 364 562
94 0.4177000188510116 0.09876275551640519 -0.1721626181894198 0.0037609082514933334 126 590 328
95 0.3624939721283187 0.12235958254884902 0.02179802310875445 -0.03753306276887969 478 383 126
96 0.9999818980559805 0.13543366999726952 0.43428531423697453 0.19018871284717104 370 295 504
97 0.9991778165003458 0.08889440835587904 0.17780675057310624 0.009106599502262114 561 133 295
98 0.9112247312473217 0.7036568440094608 0.2738016792458442 -0.11567543589663387 455 402 375
99 0.8783505508569673 0.7999297972117307 -0.09945322482218799 -0.23292099221583484 19 568 371
100 0.9301362542882642 0.7145677976857896 0.03523282013362383 -0.27576752374691704 176 375 510
101 0.9375931329921299 0.7451203226057258 0.021296910762691468 -0.4152875578145032 568 176 576
102 0.9152757989565775 0.6037641479778321 -1.5792121942243291 0.035901903712177434 77 505 350
103 0.9155580429072198 0.6037084975775929 1.6568204993975633 -0.6106343674290386 350 430 56
104 0.893968616569447 0.9117874687119537 0.1413295613108016 0.8129317425681826 251 221 511
105 0.8939541929217045 0.9117922402309213 0.028361064733674335 0.07246460438132965 284 511 438
106 0.8942025594270695 0.9118686746432016 0.1109964419123777 -0.7225914921510325 438 588 89
107 0.8941218247540909 0.9116947472865286 -0.06015351645749034 -1.407495931939485 235 221 468
108 0.8941849288133717 0.9119644616307037 -0.3635931161631947 1.1383251846718618 588 235 34
109 0.04968386512070187 0.953182601178538 -0.2002903020520419 0.16469045467648602 469 261 439
110 0.07547629885759387 0.4770504610505055 -0.18985519866030875 -0.4451476654437425 57 53 340
111 0.06263159888319415 0.525191140613432 -0.026354148030538482 0.07060279860748864 128 340 68
112 0.029912935081916094 0.36351232049897336 -0.0754400586731917 0.4500767276260269 194 480 196
113 0.12669474050656185 0.3487635272157904 0.03202852566497327 -0.1597546284495821 97 275 286
114 0.37684083179125594 0.5731471612264226 0.22344167835419704 -0.035034898593355734 308 179 527
115 0.38819489777931554 0.23533205992964573 0.05971087964351529 -0.27014407030789833 572 444 173
116 0.24947251519684466 0.45720725605620705 -0.30408074530585694 0.31368098812878387 205 405 475
117 0.2197538196059357 0.5269259531750228 -0.49179920746174505 -1.4593213231930837 585 75 164
118 0.12350484741600465 0.33644448398067983 0.07634728179523043 0.035446275255257564 535 485 275
119 0.9793276668599723 0.4243048719189198 0.10771096792261403 -0.10073148912215224 211 390 366
120 0.38941942328784873 0.2092755568833073 0.0415432716005526 0.0026872847697090307 444 220 162
121 0.16472678500429438 0.8807154354412061 -0.0360455210818289 -0.36146318715957193 395 449 232
122 0.6188833110963881 0.46180579919309017 -0.029502850509843803 -0.12117796696631267 515 433 367
123 0.43987545904247954 0.5088032523988739 -0.1151556416195687 0.1515580629746216 382 592 238
124 0.3245284571944795 0.95813606331284 0.2309787024840082 0.1217844953355085 242 528 54
125 0.46228298516405886 0.9267904804564434 0.046631803279906237 0.26768822922185187 87 121 118
126 0.3689902981087282 0.7644180506171542 0.9956048047253985 1.1438966959715973 240 92 333
127 0.4165207476069197 0.7386576666659475 0.044105686494334155 -0.552675530840973 333 256 520
128 0.36884195225135974 0.7642411869420823 -0.8906498541856817 -1.106506131029949 73 108 92
129 0.41652851659438916 0.7387454756899032 0.14233470800333775 0.6006623410221038 63 170 256
130 0.6205172159130267 0.9392983816777684 0.3163964211748459 0.1408963830277902 577 279 29
131 0.5575946471294129 0.869382471535462 0.0038527181445147107 -0.1749464295652814 460 285 217
132 0.5872757516585542 0.9382700346022803 0.14669677625422928 0.001459402043657576 420 217 577
133 0.5700105366314879 0.7362413118477642 -0.005172901690331244 0.3976316043791117 587 336 107
134 0.6577435578873118 0.7656792822777915 0.025207234910507026 0.09118401034236001 320 559 247
135 0.593568142637694 0.7620232884677931 -0.35192121612681593 0.05583918397111809 215 107 320
136 0.31020356121473186 0.7907217392866963 -0.076846269312389 -0.4419697902376487 381 5 184
137 0.3206843109573037 0.915673377066357 -0.24485423070607498 -1.208816982728694 391 354 80
138 0.5255016339988307 0.7767743213849966 0.3352826118303842 -0.09814871493665778 401 166 72
139 0.4472039997518292 0.7377766419366056 -0.13437195490952242 -0.5251229657300726 520 411 401
140 0.5318848116862142 0.7723885858111772 0.11870349642464917 0.046208450954488 166 537 248
141 0.5333782320548377 0.7493344250948786 0.1314952587788687 0.3396035872654801 322 540 537
142 0.7018133139853182 0.8430258920135788 0.007688637237730084 -0.4476617671553881 426 180 141
143 0.6878903417482743 0.8376874587259161 0.3838488598533526 -0.11734080428236343 300 358 426
144 0.7018633862821414 0.8429067706100268 -0.33325461122493766 0.36086285711727556 180 554 85
145 0.6880230798059288 0.8373151671034518 0.202759612105783 0.39443948394502804 358 247 554
146 0.6280512982712599 0.8691534762183768 -0.04729194535979531 -0.03130204914714163 110 419 300
147 0.7955439106564173 0.8876053868923308 -0.2765674768906011 1.606177130108132 293 483 316
148 0.816607977260671 0.946964977862506 0.03594572070553248 0.10306996471587393 245 316 459
149 0.7962292457033379 0.9738640559188155 -1.1236970137557363 -1.0099650583218942 445 245 257
150 0.7832045857172956 0.9794983054187034 0.253694275829941 -0.03861653601056059 412 445 174
151 0.7213976837513704 0.9271432505568606 0.1353050768648778 -0.16667987892682312 531 330 412
152 0.7954348514172773 0.887413013041293 -1.133865800993024 0.35937853557979493 580 327 458
153 0.7955342236993286 0.8874163159814773 0.9267326664988114 0.08362142147613164 140 580 293
154 0.73485926764015 0.8928394124144399 0.07765102866263973 0.008500834064451013 330 141 140
155 0.3102035194215038 0.7907204070564905 -0.03734196973311605 0.47091548102955355 5 1 73
156 0.2784068040303627 0.7979397759761908 -0.09902838583875084 -0.14399096116834986 594 142 381
157 0.5520126571991741 0.7833407124773302 -0.12307281062329256 -0.06131810337262067 93 248 429
158 0.21258249753931768 0.48702242399633755 -0.0037776164141245516 0.06241169595022633 231 205 498
159 0.16615077729493402 0.47278278520650335 -0.29326893209627014 0.2218524283281297 47 259 231
160 0.30139557478162815 0.5048666031823099 0.17022498467224312 -0.2558336555623375 164 363 289
161 0.3022891181497924 0.5012977933303875 -0.02241953272336117 0.4817263123558374 363 475 331
162 0.37325185249827986 0.5122535206240338 0.17542298638012488 0.4827945009056034 331 369 249
163 0.8292296840075821 0.2973135506122204 -0.03530509877502919 0.2171059373945461 490 406 236
164 0.7403110568506411 0.27277495957026415 -0.0006502000327035518 0.0030897898822823677 512 58 418
165 0.7595830936297918 0.2579376516847308 -0.18887277089540966 0.1384759858863438 58 200 406
166 0.9257317156803346 0.35310916936511727 0.2089545494965428 0.18481604233122617 409 51 172
167 0.8571350781296248 0.3283361505740032 -0.30836292720659575 -0.006989035739035643 464 262 409
168 0.9437428799794961 0.4219858472290991 0.14512075915962264 -0.1022922038740326 345 172 211
169 0.3545394196507399 0.18478221218149646 0.06483278358615507 0.057751185431054175 270 478 220
170 0.8268323787727755 0.732092973385505 -0.0007987728534164518 0.042290502696995524 91 74 455
171 0.8489312118252091 0.623826305541183 0.0796572301176024 -0.17841110255822912 31 302 201
172 0.9988493400904378 0.6301202254056035 -0.5990441919693102 0.37372964784205576 241 265 526
173 0.9987167255104672 0.6302295489160364 0.9361757371243893 0.1324021980269631 136 241 509
174 0.4355819303157315 0.5750446713738502 0.17167695326724156 0.7318882473705303 298 376 398
175 0.43928276368338004 0.6291827292013715 -0.09198848210933974 -0.026759359311734343 332 398 255
176 0.2229175400680117 0.9301303746241636 0.039074670582506243 -0.19818410523786412 427 15 525
177 0.20278206285741585 0.7174136966186178 0.1289492443379281 0.22822620113216452 99 129 41
178 0.22446132544275138 0.7092364149536172 -0.18057866556231428 0.36149959310727287 129 159 325
179 0.2415786597903879 0.7521917942823196 0.9858776517677809 -0.8820707658033287 40 325 252
180 0.04074376315364135 0.08667223025449909 -0.2601488488171433 0.013483397384717044 209 599 425
181 0.12039760244449645 0.08889919031798275 0.25318632503046334 -0.015358001329013327 425 400 171
182 0.6754204209184534 0.22691229825404488 0.11777225584737663 0.04794736543971235 16 506 584
183 0.6610511169513101 0.2620305844024941 0.2599994388988408 0.2155921896587168 101 16 465
184 0.6754930986162673 0.2269112812225548 -0.3525730873704322 0.05338284128571279 584 222 352
185 0.6815143041215181 0.24876802750861954 -0.1767994185081223 -0.040321024297185204 313 352 512
186 0.6610760864913432 0.2620523605821176 -0.3182691495266332 -0.2854157154922373 380 465 313
187 0.2985890040612374 0.11055731198362488 -0.06691459990271209 -0.005125350838186549 223 62 477
188 0.33488784608698785 0.09958155752994911 -0.08374340942918224 -0.06897038287712043 477 564 383
189 0.9304835446063267 0.03254103644339386 0.0652365817616074 -0.18160074902184853 165 454 561
190 0.7408418798856072 0.7188174957716021 -0.0518298989610113 -0.2907584948416003 492 417 365
191 0.785791408612677 0.7726758231005254 -0.051841454046241964 -0.11778122713246297 11 365 348
192 0.8217139639915432 0.7622534656921363 0.03954587386723052 -0.15342099118909047 348 91 19
193 0.4869938905097766 0.7147923451396224 -0.05351087767335727 0.09613973922517616 541 567 322
194 0.44720289865261176 0.7377407317665332 -0.10290572315444206 0.5331180809227962 411 170 541
195 0.04448978103761361 -0.002333964673226975 -0.13722281366757016 -0.17076087696632491 482 227 65
196 0.06528870021189545 0.9832552270231586 -0.3161253724071056 -0.06133490521031959 65 439 228
197 0.11630887588320127 0.9968094182333024 -0.05523543428198607 -0.017024329168613406 228 596 45
198 0.027065075437179568 0.9585711108704749 -0.09450123344988993 -0.7721153880483038 360 303 299
199 1.02701454248853 0.9584513026042246 0.5796397935904033 0.35519179932886646 213 553 360
200 0.02716055323852596 0.9584730083518829 -0.5155082409232826 0.6910434860896586 303 553 469
201 0.26946057152573544 0.9851859900710271 0.2932688987489218 0.07472578250622419 403 525 27
202 0.21960150745471413 0.5268456022730945 -0.23421004524898717 0.6887463474710125 157 498 75
203 0.08180539195873167 0.4715649415016852 0.943934477607431 0.9892474969570787 53 102 396
204 0.21960031848380812 0.5271453294063388 -0.2124444129186602 1.3919037534539103 125 2 585
205 0.2195133847007409 0.526921608150184 0.5768024567009847 -0.9505014215104284 575 157 2
206 0.18714098264123924 0.5247474215825547 0.07727138234825404 -0.017802839757941058 214 100 575
207 0.13170469194981818 0.7439640913404812 0.0020518886936771175 0.31045274944546675 410 414 339
208 0.14464978939521184 0.779060523465929 -0.023922697299204602 0.2081863182286901 0 339 296
209 0.08829070952697923 0.3866717006620738 0.008824466157797417 -0.0959857547611076 461 97 547
210 0.029931277948476075 0.36359808126383164 -0.2591168578259997 -0.4158546636575831 131 194 461
211 0.08163341970736328 0.4713991497170608 -1.013226859793143 -0.8798667019669119 17 361 102
212 0.07546328604309757 0.4770361359639985 0.4390437660198071 0.24648143567135555 154 17 57
213 0.16399087875395774 0.3152138318974285 -0.2742992980322989 0.05924936236079148 28 543 288
214 0.22782170173452782 0.38682552038371326 -0.42274529848951303 0.058200128744134716 521 206 405
215 0.17480536917015077 0.39011685711071653 0.06805504215723346 0.013434267587264515 152 487 521
216 0.15009405657267474 0.35125268936554516 -0.09791108618317779 -0.19494273764686376 286 28 487
217 0.07229594170233443 0.3200667543991808 0.0846266751119984 0.03466242640137729 196 186 535
218 0.15594888577393431 0.31025996006100165 -0.10745484415458639 0.1690044866206608 485 253 543
219 0.2283251032856047 0.08980093533794649 0.15437362256565113 0.324720720798477 529 124 60
220 0.43086310502464836 0.571620374418805 0.38552737081313376 -0.2192376717865543 527 291 160
221 0.435624493749211 0.5745750700100904 1.0660259739448437 -1.1599108387063317 7 542 119
222 0.4308452592170856 0.5716463599298751 -0.061642142188826674 0.4301869796285518 291 138 542
223 0.3612704616565552 0.535190799949909 0.1939986921106751 -0.2344033512430288 289 263 179
224 0.2521765048308406 0.8458888859381006 -0.5537490169841577 0.21129642665531842 71 22 579
225 0.25217674446219085 0.8459063322734279 0.08253407796337663 -0.2541570196136619 453 71 144
226 0.7712188065642507 0.348611307762522 -0.15797032709707892 0.09397606894057109 112 431 145
227 0.7487156217254296 0.3355345536003616 0.018831283754572326 0.21248005056817565 341 418 431
228 0.14947162441950698 0.44929270790752257 -0.005238305275656607 0.1013798541643629 115 152 259
229 0.825611453002563 0.3263043494083903 0.017492617770953345 -0.038905311264270104 145 490 306
230 1.0150248373928774 0.366578419638549 0.2933409288749262 -0.3311404699816826 390 423 131
231 0.9363243753681315 0.5546392954412711 0.10144051067076473 0.0020746482982079983 582 301 321
232 0.9364174886316743 0.5547876977439344 0.06597038988763286 -0.05676614940098874 178 321 267
233 0.10882488833733754 0.5819637274783871 0.1260788628880405 -0.1692453446486275 309 94 450
234 0.15366113249130625 0.6145168282088929 -0.001603636320957058 -0.36221241839218266 450 314 224
235 0.9633936475129496 0.9226297761845224 -0.1248427115591727 -0.4633386933839117 18 226 213
236 0.24129395302464687 0.11309339549979947 1.4254622185698365 -1.479087343436578 198 60 378
237 0.3552618224162515 0.9757967243607601 -0.06061556413056168 -0.18951961135420942 158 397 148
238 0.3568662384581821 -0.02386897898930668 -0.25950764605785215 -0.2311667669785411 148 151 474
239 0.00017715958147215832 0.13549974176929394 -0.39775362945795517 -0.0950484609909489 504 209 310
240 -0.006089054597875691 0.20523520937415735 -0.2755609413449076 0.3109029403310136 35 310 502
241 0.14393359220155222 0.11879732760673184 0.1415211989264087 -0.16894729920613472 472 171 287
242 0.13180354472790262 0.1893136480666289 0.0028899958814943005 0.4697999843317202 312 472 185
243 0.8825418975864963 0.471400933247689 -0.015544970519143497 0.17663527307476556 319 368 33
244 0.9073501726678128 0.4705397191858054 -0.030080630000761666 0.16369669543492282 33 345 335
245 0.4337111111063336 0.4904329785197656 -0.021218374279818875 0.48851051051568284 369 233 592
246 0.24141543665986986 0.7523570183373858 -1.0365036058985415 1.1652123402699262 189 40 208
247 0.18338539794121317 0.8517862880028666 -0.1446373201763329 -0.04590635233059359 372 532 449
248 0.25212806149632355 0.8458598421683774 0.4606806130281549 -0.19874231888027463 532 565 453
249 0.2473130159106603 0.32034317012187585 -0.340125526354651 -0.27631065456501513 206 424 273
250 0.41689401272808774 0.5313490030892586 0.07035169113933648 0.006605570951334627 138 199 382
251 0.32073214562484964 0.9157894272664157 1.4711053667582465 0.5617065574470411 528 413 391
252 0.3205582839658567 0.9157347194625992 -0.8911802476882372 1.1480326803109007 147 354 413
253 0.2523568502843274 0.8458788395912293 -0.29589913503648163 0.06684875659480112 546 579 594
254 0.25467231547879177 0.8558986034200387 -0.46212705727833714 -0.08934381590672627 187 546 147
255 0.6207528282449439 0.9390935928508841 0.06405004560717598 0.3608728587644098 279 110 297
256 0.5801406875916861 0.836913052110131 -0.24441994664391262 0.05550797248059236 285 52 76
257 0.5803239673108972 0.8368660652894252 -0.49627332245570904 -0.3588742107467607 76 555 419
258 0.5637211099627648 0.7749673020290782 -0.1267336164831323 -0.047318705898025115 429 183 435
259 0.577251270949245 0.7798264073257913 -0.21202397355174485 -0.07658624862766361 441 435 215
260 0.5802444356542693 0.8367183020615232 -0.7209959970472679 -0.17553691313281372 324 441 555
261 0.5503731018646834 0.8115344516964451 -0.13767342595810694 -0.062223168978414733 67 93 569
262 0.5800600483721714 0.8367143745603149 0.9041303812942248 0.21406819196499552 52 569 324
263 0.2546297477307802 0.8559079915526665 0.3486132074746566 -0.2655876699066053 15 144 187
264 0.13908324203303088 0.8669124179185141 0.21198266059174742 -0.1834541029505088 212 457 395
265 0.15474836589080737 0.8136980332699913 -1.553732761433064 0.17631399592952415 457 274 589
266 0.07104266534190816 0.8883932560517309 -0.13132546647365295 0.013041037347227835 261 578 212
267 0.3364962619996821 0.19452280301174002 0.37802099298045455 -0.09326021725708511 244 270 82
268 0.4836969428801576 0.5564553982753772 -0.07810087125637022 -0.057504821043830034 105 156 323
269 0.48503374868578675 0.5284713056133032 -0.08908346178782 0.1161191375692594 238 326 156
270 0.30813414690912017 0.9788985404978787 0.3805725082295375 0.03976669653293907 27 242 533
271 0.9152983450532156 0.6037524190127798 -1.3285724164537667 0.6671974934747927 516 277 505
272 0.8888743562773871 0.5591145084932095 0.054854487618882786 -0.17425525614470083 225 254 516
273 0.9155223190850829 0.6036687455562866 1.3691185512282213 -0.45333594907981106 277 178 430
274 0.7836844843340799 0.03360360578433005 0.22862894719782867 0.12070222963483923 44 373 344
275 0.7373871403484796 0.07399009146882936 0.2731281659174023 0.13369091320103443 489 44 123
276 0.11014416018641333 0.5777237816673642 0.028794534031456598 0.13260565302070093 94 68 353
277 0.05276613965835989 0.8733399990090791 0.011391293464058094 0.12492356489535172 150 374 578
278 0.06155258124420104 0.7977383584639821 0.09466099015753571 -0.21427163932052906 563 175 374
279 0.26789944344747 0.7868503689648162 0.12546261976380257 0.026905709561361735 32 208 544
280 0.2699321495613415 0.7865548318038504 0.028642164085369154 0.03899684740708495 544 598 142
281 0.6997428419308568 0.7144926431375164 0.19781352736392144 -0.10862908229186674 559 463 492
282 0.005902541719216796 0.7366762251974399 0.12229128551011301 -0.30912915272956726 576 495 234
283 0.005903525060513798 0.7366774722373631 -0.544301054923558 -0.7211493540564342 234 122 563
284 0.2410108462241772 0.11333663201695375 -1.9739671644471384 1.1598245854829368 389 198 59
285 0.18409516058905048 0.10286847189726102 -0.6176488555255811 1.1039891559033645 216 169 389
286 0.37528702851715134 0.52115464422186 0.041743034029373405 -0.02915814239362602 263 249 199
287 0.2663014472655401 0.30387147426773825 -0.2852224342125842 -0.3242092799088381 273 356 84
288 0.3389725419923612 0.294613935366556 0.22723526948986716 -0.353278643838717 84 113 207
289 0.2842299874787823 0.1587810658447937 0.12778226358978184 -0.21153801488260626 442 223 244
290 0.26455467483121065 0.16243179318773196 0.13109134715250104 -0.17874719690502694 451 428 442
291 0.22790524840853524 0.24111515455787533 0.01396669013081775 0.31374256456717653 566 451 356
292 0.5410083193067605 0.49756162969245976 0.04280655413468892 0.0029728830508446435 326 3 355
293 0.7897121415839096 0.7024222791092015 -0.1262329428486364 -0.061525005229379204 501 139 74
294 0.7912889463809777 0.6652376982960507 -0.10677148956639293 -0.06562339560645114 466 31 139
295 0.7409362865066059 0.7185192420661166 -0.15994472576355728 0.05075153241456201 417 351 501
296 0.7089559784840607 0.6951678624639464 0.08628877699173865 0.049892212410085346 377 64 351
297 0.8442809534685692 0.5660648167572709 0.07027791751323953 -0.21818961568054185 302 37 570
298 0.16819580332743533 0.5974286697103062 -0.13935933865227845 -0.18853970364107742 314 20 524
299 0.15512949146042274 0.5740859960087789 0.03605271775564134 0.11428540405700183 353 214 20
300 0.6494797464546394 0.5800319750271021 -0.042741249775546386 -0.03415436856946119 416 519 283
301 0.6680884967709885 0.4453124366095505 0.7922671124509749 -0.4133107177198888 367 42 268
302 0.6484022887834098 0.5574574798487784 -0.021949337139504088 -0.02249541490584317 519 538 488
303 0.4355147310986545 0.5748208659088571 0.3026318601398242 -1.0536823073198474 160 595 298
304 0.6130852068581054 0.6003174140692108 0.0074474371114519045 -0.09255779545580545 155 416 545
305 0.4356337219631964 0.5747527725092091 0.11687442329444366 0.8699919324881011 46 119 105
306 0.4355239036092943 0.5747822425770889 -1.4950156675469701 -2.143594382803904 376 55 46
307 0.4354670074170179 0.5749060430427974 -0.8099406752602051 2.270472691247408 595 7 55
308 0.5840062745216432 0.57832125343136 0.10601923089437193 -0.006617245640327951 177 305 155
309 0.5382230013383007 0.5960211700692843 0.02656865560890509 0.04748019269418258 556 323 177
310 0.20502931746192876 0.7389704065344532 0.06059954725523564 -0.021378227660351357 493 41 189
311 0.972762350456986 0.6883874571179237 -0.16144015811681012 -0.14911860756611217 317 496 548
312 0.005900607209791025 0.7367209601711154 -0.07965897734463992 0.7952503789217802 495 548 388
313 0.9755738348387116 0.6784606311152114 -0.20054203228592193 0.042649295727004155 496 491 130
314 0.24131096826394707 0.11332755893468055 1.1247644916682378 -0.8604182895788521 59 271 428
315 0.18398103504454338 0.10276045442698198 -0.7039875262300704 -1.347029667141315 287 432 216
316 0.18415096099779613 0.10275821541152305 1.4810073588100756 -0.20238419127962917 432 437 169
317 0.1844087230831986 0.09897407573642136 -0.008166064916284577 0.3178770017608218 437 394 529
318 0.21653868090619052 0.2456012905654999 -0.07950275073692614 0.3506659877403062 86 566 593
319 0.11878282087988205 0.7674083616793389 0.09520988095146343 -0.11896703622227278 175 479 266
320 0.14463473996118936 0.779036002732523 -0.015374867079413875 -0.24237607930684504 266 0 274
321 0.16610047250871687 0.4728387831512386 0.15780418120229373 -0.2772099779786057 9 47 100
322 0.1294386381934824 0.4538155828719067 0.003756013805100017 -0.1911043530616451 396 586 9
323 0.1294610153470269 0.45352705440832325 0.042624811758549055 0.3205225541143969 586 508 115
324 0.1677291830405383 0.7014974581615258 0.10401713032570647 0.18878121635368394 414 224 99
325 0.10035169334171795 0.43807532476721694 -0.29601712204499125 1.4922376637583212 109 357 508
326 0.10038629451227243 0.4379066660590881 1.4146265142064374 -0.2438254775275102 278 547 357
327 0.10026121456194244 0.4379763472081778 -0.9510166678439831 -0.8767489853832864 361 278 109
328 0.16135306553469733 0.22943900509624482 -0.2955053698266985 0.22529329027354272 30 185 86
329 0.1445897129966867 0.2484101087796179 -0.12958649917016452 0.00047002436665000147 530 30 253
330 0.24133466404816292 0.11324686403965391 -0.6557390494423172 0.7260192291433897 271 378 210
331 0.15503433194920732 0.8136466097393344 1.5013299089259409 -0.37302107689023783 589 387 372
332 0.2521864959737055 0.8458441901988973 0.5074658800298263 0.3612316067485286 565 32 22
333 0.8425719163231183 0.3381930191515987 -0.10953075876840579 -0.14164063116828274 306 464 536
334 0.9717107467042624 0.3303883192513398 0.2418991632002765 0.15285827117961226 51 514 539
335 1.0149864036663991 0.3663430966920661 0.37472657851049873 0.16008061558725645 423 539 480
336 0.152263469330557 0.7819419092066335 -0.07715526464252553 0.009218224794604879 296 493 387
337 1.029245713016439 0.2360967616361944 0.07765348273257311 -0.21234957060974058 573 264 399
338 0.02977032031415955 0.23371303710766367 -0.03330280313670886 0.3214973401648863 264 494 36
339 0.2861166727600904 0.09917300913822788 -0.09968708983287833 -0.020324754379519305 210 43 62
340 0.9023284752361826 -0.03425567464208606 -0.13371619089763698 -0.37522292217762043 481 551 168
341 0.9108694432143885 -0.06785614180183523 -0.12553746618626516 -0.4559954481717088 551 89 557
342 0.9194998231810985 0.9246984608212803 -0.36598849003505185 -0.18689191036772024 557 95 18
343 0.2908061237517452 0.05906190193940192 -0.1038307387984938 0.04033244675738512 43 334 21
344 0.32718918529625723 -0.00417664158651539 0.030225414185403032 -0.2454121180578417 533 158 276
345 0.3255601610226044 0.04080215173146909 0.003435855419620104 -0.011549136647026614 21 276 246
346 0.34001350190150653 0.04966294893185957 -0.13470703962015218 -0.10017688900632038 564 246 446
347 0.3772857117014351 0.02365159314953737 -0.26570912414758396 -0.032099673613616986 446 474 237
348 0.2139873370235757 0.2965776920790347 -0.07293514681094848 -0.0689239679219078 288 593 424
349 1.0072049118596202 0.24105872218445484 0.2994207690815154 -0.24201592535577632 514 135 573
350 0.997243766054476 0.2106733835411445 -1.0483789287475047 0.7067667519077914 78 143 135
351 -0.0025976373175946033 0.21055734712318488 1.097368725377142 -0.8638534567103413 143 502 494
352 0.8329925990188645 0.41823518819191935 -0.1287489542062259 0.10788466821287646 436 536 368
353 0.5959297498505151 0.5307585160798699 1.3634197212054302 0.7545247020129581 81 515 440
354 0.08645431629140757 0.2344340508710268 -0.0750148507547288 -0.047682441415425325 549 571 530
355 0.5958747817019631 0.5308356245392495 0.5547123868946682 0.7773217495966477 305 362 114
356 0.7162084886454938 0.6163028672631945 0.4584689510846174 0.017692701454298868 283 69 38
357 0.6975004456163678 0.7008663386858586 0.2122645285235203 0.007481416874899338 463 161 377
358 0.8600933190865172 0.5537653892830385 0.047430953262206366 -0.19255666332262944 570 191 225
359 0.7164019170163829 0.616216031562453 -0.28209806997954096 0.351036267252653 98 69 39
360 0.7301057120358465 0.5574695515840458 -0.11322563858717771 0.1831780067906852 39 583 48
361 0.8053581482668221 0.5368000445950322 0.37863353147260526 0.026497875421638284 48 195 37
362 0.7252189911194389 0.38224994507586424 -0.04345550898288142 -0.2369449973033122 132 443 470
363 0.7964680000462592 0.9740587731002254 1.350803405918228 1.0020017024875651 393 257 422
364 0.7210666187264615 0.6266528870112614 0.3028706228942377 -0.3534123509096719 64 38 197
365 0.7860672526319851 0.008915018268526188 0.8107706381909978 -0.02976981283726442 373 174 258
366 0.5958536090509549 0.5307075016898892 -0.20666839929808561 -1.21212259809807 114 440 538
367 0.6869431779005676 0.5307803952786235 -0.1849281255905666 0.11807273422870246 488 342 583
368 0.7859653676721359 0.00892009197038287 -0.42644053199604004 0.027445442772760262 258 393 434
369 1.0140672849482073 0.5220095009558913 0.10710050520057468 0.11019906792641976 456 188 149
370 0.764123821062056 0.38029866747657487 -0.030960820018854918 -0.2633850533506621 470 112 467
371 0.6682040162288003 0.44534367877359854 -1.08649950386581 0.08453992868977851 268 315 342
372 0.8312492212427054 0.9506843230902495 -0.024684864279733577 -0.2236768401330273 422 167 481
373 0.5346058154296479 0.6332205535299751 0.027648919959100127 0.039518117944670195 415 556 127
374 0.8150841428100939 0.42535193202160987 0.2865560139869716 -0.03728380694456579 467 436 4
375 0.4787708619906517 0.978661140564735 -0.07239930530089644 -0.05929653365543963 282 118 597
376 0.41486596433250467 0.036097039607010446 -0.16036495811833085 0.01616760197942213 237 282 590
377 0.721011787420675 0.6266793187743024 -0.4281213281890489 -0.0014211438256528158 197 98 466
378 0.8668546336104852 0.5158007045612794 -0.024899815889711796 0.28739567583396797 346 385 319
379 0.8552286567744161 0.5208823016809704 0.13665453872657718 0.21129616875614765 191 534 385
380 0.8922889570470853 0.5535920363348138 -0.08441728410052418 0.044685737055072394 254 346 582
381 0.8239347527730394 0.5081249103417034 0.27603354671446034 0.22236455315960413 195 4 534
382 0.6683435963332315 0.44514849248615923 0.6658844574681014 -0.7400269616349608 315 229 132
383 0.595664741882225 0.5306929578085557 -1.5990027419676731 -0.3629728625639399 362 355 81
384 0.7184410812198201 0.3653003182145461 0.09426197426776195 0.0868986795715676 294 341 443
385 0.963393928706343 0.9225983544196185 -0.12512824388015864 0.46247861628376846 226 307 150
386 0.08486532343882544 0.2294828831035487 0.0683743050892971 0.3785685628691915 36 312 571
387 0.5570325957661517 0.996780797416728 0.5692852190846386 0.35427130824208436 597 560 337
388 0.9366110117674111 0.011670862406024773 0.0689308929380239 -0.15795248754779667 454 168 104
389 1.0230563804710107 0.48577216759933695 0.16591199039628357 -0.009211776480499978 366 154 188
390 0.02988216909850986 0.535300003494195 -0.003483090899036867 0.0428412385428123 149 128 581
391 0.061467873486614574 0.25702889725446415 0.07240900865013167 -0.23003133356458427 399 549 186
392 0.5755521069261113 0.6619500403122696 0.010318116500096508 -0.006202412194955542 336 127 50
393 0.6099776463432798 0.6455966496804472 0.010678248563156245 -0.03463145881177354 50 545 161
394 0.6416041913724988 0.06777351003696545 -0.0168196276351118 0.0770967879815121 8 280 489
395 0.5572536490338441 0.9966849554968761 0.2216223423095326 0.0286217623061448 560 420 500
396 0.5989165065855645 -0.0027400763188980236 -0.13308194130035034 -0.09162437614174124 513 347 280
397 0.5573512724954155 -0.00317909385231574 -0.681613645712141 -0.3449315436954755 552 500 513
398 -0.0011722127557030548 0.630397933783104 -0.19590756083619643 1.296207750004939 272 509 499
399 -0.0040531046667956925 0.6698177674613246 -0.07048142729171314 0.022744803263030633 130 272 24
