1236
0 0.022627657645298248 0.6319012568539034 -0.2808041327240218 0.0497019307654778 111 66 359
1 -0.0011020200380742365 0.6302415337835546 -0.3947468608039113 -0.016599995588729467 499 526 111
2 0.7623037387605346 0.831383846270799 -0.0997081632536645 0.11880310485379297 85 11 327
3 0.8783907721938087 0.8917469529327265 1.3543033391184052 -0.9038589253746875 558 371 384
4 0.8940885169394549 0.911703342330501 -0.6211670475959906 -0.06754684787034243 468 384 182
5 0.9157982875853737 0.9199300920973283 -0.3957844514038307 0.5949468535963167 386 182 307
6 0.9157940122375138 0.9199371654914699 0.1402104011371955 -0.4572603483978281 34 386 95
7 0.034003247940460224 0.6860762593026084 -0.30585053448217714 -0.027365771801401984 517 359 452
8 0.02210215508643055 0.6910191733201332 -0.18778659651580432 -0.07045322693299827 522 24 517
9 0.044633009385507266 0.5949092853950345 -0.2242742241920226 -0.05937431171720853 66 462 309
10 0.36352168024469483 -0.04320534763555227 -0.6687717378039797 -0.23030899002143834 163 404 151
11 0.35352583668113324 0.9683397116127586 -0.06708355763246354 -0.11779527440275439 54 379 397
12 0.3634723165353283 0.9567751858118132 0.23702119345719083 0.1284746132396153 379 193 163
13 0.8721080769214322 0.21350443217951914 -0.06749751868539988 -0.033866773274660034 10 137 134
14 0.9938292239919362 0.2053093757113628 -1.2351258884865766 0.7773034908087469 591 35 78
15 0.9686704210017483 0.190341632901745 0.3861711350000574 -0.12825171584462947 134 370 591
16 0.03241361156845313 0.07622878310949471 -0.161700626326311 0.15185010852902803 133 482 599
17 0.13419639940251962 0.07213780909985835 0.01611002858892263 0.2723413532884633 400 45 394
18 0.6007220785857836 0.4411185190241341 0.15135166696322866 0.14411950174930688 338 447 433
19 0.625456113016772 0.3919715376759886 0.1354182672247406 0.06399090701769694 447 25 202
20 0.7956063131579707 0.13095786852591387 -0.18700976704699723 -0.108061248144109 243 269 137
21 0.5213249006674991 0.22943533409396943 0.14641174071738927 -0.35437619436140544 181 6 260
22 0.6046649560227757 0.3459380430924979 0.06509624020378801 -0.0331108557238835 486 103 25
23 0.5713526826380771 0.2209546807829742 -0.1874919101918504 -0.26980806616672126 260 318 26
24 0.5154662502836296 0.20386121723586226 0.2159254993555626 -0.028889148365185413 349 250 6
25 0.5504417314548957 0.12374763637230807 0.20016803006783768 0.23864881737445387 448 23 523
26 0.4688368826545222 0.13813848866375453 0.06307342564904062 0.20808078454725987 328 23 190
27 0.46409183388807734 0.17455854281665714 0.09099690168046237 -0.07456370659797429 162 190 349
28 0.9535942972238621 0.6881355452438533 -0.0325175271258249 -0.1709410045371701 510 70 317
29 0.9191045412196106 0.6830501876661617 0.181037712945753 0.13015232433466473 402 518 281
30 0.8940453014985612 0.6346925368226323 0.05652349491236386 -0.16985557890758507 201 77 518
31 0.9526943665315712 0.6858610414801948 0.10539873470521988 0.16725884592269646 281 88 70
32 0.9666643812062762 0.672934510163689 0.10684843409353162 0.20853547881560797 88 49 491
33 0.9664247184823043 0.6414817328906397 0.1494557526349194 0.07744148516897198 56 136 49
34 0.8781675565506148 0.8919573921921686 -1.1095836920969946 1.4182349385642279 218 558 251
35 0.7956628708934314 0.8874640499572479 0.5495207036107606 0.0424807293203757 483 458 218
36 0.831226409284808 0.9505382171810401 0.051773362636994835 0.22544880708390974 459 284 167
37 0.023864830218086955 0.9825889537320547 -0.00882624875964133 -0.08545652067926124 104 299 227
38 0.12027233328566422 0.7455810403432792 0.10054679554227786 0.2952048395662987 452 410 479
39 0.17984204274775037 0.9282786992350983 0.016535649932647445 -0.1778261919660462 596 232 427
40 0.3619977692799885 0.9232668874824086 -0.1636107414479393 0.19374487326973 193 80 13
41 0.3447788304738422 0.8030751553853483 -0.16881907052845868 -0.2161212833695636 184 240 79
42 0.3864813713248132 0.9255658490413905 -0.37495393005737565 0.2018125829644779 404 292 87
43 0.3726941306904324 0.9146277875112574 -0.23728088591190577 0.2797970025808505 13 79 292
44 0.5566056404311428 0.7479880802091939 0.01044603917255138 0.37146788908759554 540 587 183
45 0.5421525625925769 0.8139895852262515 0.37990716735686325 -0.21667985738993423 304 72 67
46 0.4876332979174399 0.657590122682985 0.014240500445517057 0.03305986595592003 255 415 567
47 0.9391820713968607 0.5505493276986344 0.042786381382331484 0.07829219937291465 301 335 550
48 0.9509353885171783 0.5528101257633855 -0.09573973758420819 -0.34384818942194373 267 153 408
49 0.9509356182750954 0.5528048832842508 -0.1268001926764753 0.37538651673327433 550 456 153
50 0.6205859025911833 -0.06066524960206453 -0.12658337376339132 -0.5098371514571965 347 29 507
51 0.6207817916049198 0.939181493417851 -0.5060212711414762 -0.2017332819130753 507 297 531
52 0.3551534935281783 0.248876228178477 0.2682760430472442 -0.38389600040544813 113 82 572
53 0.5337215582551008 0.8626039018434175 0.38974106650324636 -0.04467253129913917 121 304 460
54 0.20904297229119173 0.5942117230624746 -0.17594016382682653 -0.1642797745060598 524 125 471
55 0.4704177089980766 0.3633091496932751 0.018723984862578646 -0.18711679011795823 207 473 497
56 0.005926362033753669 0.7363973678435184 -0.011265228912194208 -2.9022679406268193 122 388 522
57 0.8410837410417982 0.2938563234235541 -0.1781788529220396 0.2573567203095761 236 10 262
58 0.5056272369636649 0.3283751709278283 -0.028306126886867844 -0.07396897677702796 473 96 486
59 0.4877906828892911 0.2722894448451667 -0.018023776915399026 -0.18290012143706846 173 181 96
60 0.9988437827958707 0.5822374135770862 0.06711369966716507 0.08313114467639604 265 408 219
61 0.022639021144542137 0.5720407889797585 -0.03253560129645727 0.13352753763795633 219 581 462
62 0.4827505626971734 0.4253583637011478 0.08324300276862928 0.29399224305004523 233 497 421
63 0.5434832551409661 0.4582090969166708 0.01608217725657113 0.23622623163133127 421 338 3
64 0.27021879707065966 0.7859574312471967 -0.07671365939406274 0.2658669474788107 598 252 1
65 0.35590465393531373 0.6216733044571119 0.1838275594245875 -0.0762461635495093 117 308 476
66 0.25240706146565833 0.6427939967718821 -0.07395174334012822 -0.02423833772580153 159 471 117
67 0.3935453392667948 0.6531679070222639 0.17709669980492393 -0.10801801744730888 476 332 311
68 0.3981360300611529 0.7315105710277265 0.2089220831058558 0.10816087782361539 108 311 63
69 0.26660155630734944 0.04555627792095751 0.267856688218604 0.24600764862714453 124 403 334
70 0.6742316608199951 0.35903149625364933 -0.0057615336113148174 0.03111506052810853 90 120 294
71 0.6682153811116786 0.4451947390306216 0.46685262560365676 0.3435094155643443 42 343 229
72 0.648596949802082 0.3938788182888909 -0.047637484235085736 0.04660171519510481 202 90 343
73 0.5700320613864153 0.17414713781260419 -0.14155246120216292 -0.15019010458049153 318 503 146
74 0.5677734405033831 0.1729902652649201 0.07848446016353594 -0.03463211857047954 250 14 503
75 0.5688608461341293 0.15177570609920163 0.3843054208251071 -0.023661843719189474 14 448 290
76 0.55720273880613 -0.0031348783117028465 0.11106775867129967 -0.4501025030635838 337 552 192
77 0.5633919135498382 0.10805770852790304 0.12647342860494515 0.347196054892307 523 192 116
78 0.5690700253359077 0.15173606995940292 -0.34960203673510026 0.11555539675633074 290 329 230
79 0.576548996590367 0.11728959339218589 -0.045825794200982095 0.22514532460604642 329 116 203
80 0.6451257866272714 0.17479321348812826 0.14340836596105705 -0.008613019952336204 83 392 506
81 0.5765865991935116 0.16783556339047118 -0.14687160723725334 -0.11206732226237692 146 230 83
82 0.6862414659135632 0.2009293290868563 -0.23992569909980777 0.22947124998784485 222 204 574
83 0.6451278445724224 0.17479071335390162 -0.1836340681817298 0.38869284580043634 392 484 204
84 0.7412938309345484 0.19216320682540003 -0.2302119515851242 0.2493030927530615 200 574 407
85 0.7738423799509488 0.1342826203181152 -0.018776597290881547 -0.13528400344409164 407 123 243
86 0.6175020028147019 0.109885730029057 -0.09539791664958663 0.23008809788005458 203 8 484
87 0.8054734067535652 0.05064891488772231 -0.3809386636814433 -0.16979173466858039 106 61 165
88 0.8054645984231403 0.0506577730692562 -0.10386508347796507 -0.4546703443145009 269 12 106
89 0.7953063568839448 0.03948639908127839 -0.39435917743163573 0.4138339945356471 239 434 61
90 0.7952068138472648 0.03956799052607999 0.5717147568893004 -0.3616063529339464 344 239 12
91 0.644864584193442 0.27098377171229104 0.0997056496393478 -0.04638261892619955 26 101 364
92 0.6464189896680245 0.29595321546481407 -0.1934186615341546 -0.12974864136653524 562 380 120
93 0.6461467902787542 0.2959149704396964 0.30329780807084733 -0.10259986829856856 103 364 562
94 0.41766559396751224 0.09876353182292426 -0.17211168948372269 0.00392171156660126 126 590 328
95 0.36249832720975306 0.12235208941481909 0.021767890268087342 -0.037443216582833116 478 383 126
96 1.0000686182414744 0.13547133934362224 0.4333543662560528 0.187786240904268 370 295 504
97 0.9992135608595544 0.08889621679358418 0.17902573798411758 0.00902058636120806 561 133 295
98 0.9112795122282538 0.7036337058673987 0.27393927161389886 -0.1156957755293897 455 402 375
99 0.8783306491204586 0.7998831949280321 -0.09952722257455804 -0.23304145280178545 19 568 371
100 0.9301433175493167 0.7145126734736502 0.03534410888961226 -0.2755722854769216 176 375 510
101 0.9375974311656831 0.7450376423297668 0.02168052751216898 -0.41174689352496685 568 176 576
102 0.9153366305833814 0.6037364001406499 -0.69417725377484 -0.4469561334187249 77 505 350
103 0.9155749365162601 0.6038035591430977 1.0157230234076275 0.9047564824928348 350 430 56
104 0.8940028643227232 0.9117105208512973 1.0549207027669636 0.22029056194212276 251 221 511
105 0.8939495460726786 0.9119144519148787 -1.1018342006445307 0.7152039543879742 284 511 438
106 0.8942187759905207 0.9119170416749018 0.6639823450121148 -0.9781518409536591 438 588 89
107 0.8941578000531594 0.9117033950866278 0.9462001700127138 -0.4058252011689329 235 221 468
108 0.8942212840673885 0.9118986701500195 -0.5263206170343744 0.9492304841728516 588 235 34
109 0.04964390757627589 0.9532159344000681 -0.19974782522469425 0.1667786273668037 469 261 439
110 0.07557575236243448 0.4771125151937844 1.1691932403501284 1.0496078713394557 57 53 340
111 0.06262615726499644 0.5252052007050646 -0.027479640091199187 0.0702034416710795 128 340 68
112 0.029850107744482435 0.3634074247705469 -0.5531837414945946 -1.4973574750571488 194 480 196
113 0.12670114686537334 0.3487315646040664 0.0320334338915762 -0.15983197560603957 97 275 286
114 0.3768855305837705 0.5731403269245482 0.22353821640952454 -0.03289139585693768 308 179 527
115 0.38820681487887965 0.2352780396074719 0.059543744934664744 -0.2700874815464438 572 444 173
116 0.2494116958746273 0.45726997631429145 -0.30410191725893654 0.31357468704973357 205 405 475
117 0.2196600887684781 0.5269318515309993 -0.4448932268999407 -0.03289082077171084 585 75 164
118 0.12352012595338088 0.3364515615363221 0.07640777524575704 0.03536838495687977 535 485 275
119 0.9793492211302159 0.4242847320780831 0.10779107814662403 -0.10068852904221437 211 390 366
120 0.3894277176805561 0.20927609658152396 0.04144818793738736 0.0027022373921825604 444 220 162
121 0.164719612073434 0.8806432172201153 -0.03580402641034652 -0.36096623502734904 395 449 232
122 0.618877552863331 0.46178166420144606 -0.0300497213917561 -0.12093424456294244 515 433 367
123 0.4398524289387874 0.5088335664753314 -0.11514906840537353 0.15157425418965698 382 592 238
124 0.32457497408280683 0.9581603310981559 0.23106052141064204 0.12137411110890728 242 528 54
125 0.4622923037918033 0.9268439963530881 0.046580138357565914 0.2675442555000185 87 121 118
126 0.36893171489584914 0.7643395604216185 -0.2925205060464028 -0.3903219568331161 240 92 333
127 0.4165458234205425 0.7387461802631382 0.04227261818855969 -0.5587641868052021 333 256 520
128 0.3689214744405094 0.7643273859668653 0.3978567745627172 0.43010934356203095 73 108 92
129 0.4165408928158348 0.7386670134374245 0.14297653203791758 0.610541251510146 63 170 256
130 0.6204680243123801 0.939161183358926 0.3141682886417677 0.142683957151616 577 279 29
131 0.557595385375405 0.8693474629442624 0.0036274802606151013 -0.1750819031420825 460 285 217
132 0.5873051171173688 0.938269988409786 0.14693833025325453 -0.0024120504205082938 420 217 577
133 0.570009469768397 0.7363208405502419 -0.0053880434836006685 0.3976474181183187 587 336 107
134 0.6577486180396089 0.765697507763773 0.02533136339577524 0.09110871362905115 320 559 247
135 0.5934977863883606 0.7620344592971589 -0.3517353863030648 0.05585846785116644 215 107 320
136 0.3101949214780469 0.790833638581445 -0.01753570873171172 1.559922368807678 381 5 184
137 0.32070640188949434 0.9157065979115545 -0.2447022648367162 -1.2096969752918878 391 354 80
138 0.5255687689421817 0.776754600638034 0.33580549278766636 -0.09875397357500537 401 166 72
139 0.44718311534600413 0.737872210004939 -0.07358605019541688 1.4806787621766655 520 411 401
140 0.5319085880618655 0.7723978657849545 0.11894062141443174 0.04646270980804279 166 537 248
141 0.5334045182363678 0.7494023394539109 0.13140943333489474 0.3395614237705624 322 540 537
142 0.701814524367112 0.8429366886586794 0.005539387298061612 -0.44545492968654615 426 180 141
143 0.6879672849132263 0.8376636441389026 0.38498054897510675 -0.1196546708340674 300 358 426
144 0.7017969475031363 0.8429785820086655 -0.33190845788883805 0.35843530722101385 180 554 85
145 0.6880634133262893 0.8373943491634117 0.20132740734951637 0.3964053111801813 358 247 554
146 0.6280416844791364 0.869147283105063 -0.04916528781317986 -0.030786159038731498 110 419 300
147 0.7955551866316815 0.8875075631201389 -0.4178065524627905 0.0469564076722084 293 483 316
148 0.8166146425882144 0.9469841564253237 0.03584020059899107 0.09048430459762669 245 316 459
149 0.7963189834896789 0.9739128355842687 0.43636712232172653 0.2558445984229959 445 245 257
150 0.7832545193391683 0.97948895388832 0.24771285005859012 -0.04543398123002529 412 445 174
151 0.7214247624314325 0.9271100434693642 0.1354854436974584 -0.1653127357226225 531 330 412
152 0.7954708084902277 0.887365037185608 -1.001152332859149 0.8413545527971837 580 327 458
153 0.7954091440716842 0.8874510400144013 0.6935402266968881 -0.707204283974033 140 580 293
154 0.7348748877443878 0.892841246483864 0.07828362194595151 0.009783277660213585 330 141 140
155 0.31018837229464064 0.7906141071615301 -0.09764553632758124 -1.5313232525413074 5 1 73
156 0.2783869003154885 0.7979107159409966 -0.0996599443595092 -0.14572013179448007 594 142 381
157 0.5519880517865016 0.7833284394253804 -0.12301098837458335 -0.061380893423557126 93 248 429
158 0.21258152503023053 0.4870350806917515 -0.004994266111779666 0.06353237588796468 231 205 498
159 0.16609179750416472 0.4728262640190194 -0.2985831396009681 0.21306990930254208 47 259 231
160 0.3014294827484488 0.504815139536322 0.16947322017957234 -0.25724023245722594 164 363 289
161 0.3022846794221778 0.5013941582567906 -0.022125818321602764 0.481855503501466 363 475 331
162 0.37328687397693094 0.5123500764208467 0.17500243667395443 0.4827738042667562 331 369 249
163 0.8292226414368888 0.29735697243278664 -0.03518215545283976 0.21711017116066156 490 406 236
164 0.7403109124566652 0.272775582203251 -0.0007458290929296396 0.003120834840553144 512 58 418
165 0.7595452966253071 0.25796536007489645 -0.18902233216155917 0.138563894039323 58 200 406
166 0.9257735080279034 0.35314612222110076 0.20896410643511665 0.1847470003368823 409 51 172
167 0.857073409775972 0.3283347522086908 -0.30833470672508856 -0.006992728618371302 464 262 409
168 0.9437719071364936 0.4219653990313807 0.14514080284855346 -0.10222392515801815 345 172 211
169 0.3545523841623569 0.18479376131269645 0.06481915386380432 0.0577438472038061 270 478 220
170 0.8268322202187721 0.7321014114996707 -0.0007908184523897077 0.04215737516022333 91 74 455
171 0.8489471338473127 0.6237906260857512 0.07959466488682843 -0.1783934479304694 31 302 201
172 0.9988596002540701 0.6302014380536518 0.07512804948192185 0.5754079272112704 241 265 526
173 0.9987980597263965 0.6302926490446641 0.4357135202889329 0.10396866274945413 136 241 509
174 0.4355448195239404 0.5750377853696528 0.06420271252708049 0.8676450174104587 298 376 398
175 0.43926440694315494 0.629177401761424 -0.09201676642867085 -0.026575856099109174 332 398 255
176 0.22292544786763516 0.930090785290061 0.03969218911881178 -0.19786821625622508 427 15 525
177 0.20280780941480192 0.7174593484563099 0.12865828541430702 0.22827028323124665 99 129 41
178 0.22442574247767 0.7093084658534817 -0.1782604956007683 0.36032839698108 129 159 325
179 0.24149375004968643 0.7523005996719894 -0.42376291814775685 0.5436798896813768 40 325 252
180 0.04069165478367866 0.08667487021316743 -0.26067211045949223 0.013105573917759905 209 599 425
181 0.12044824303163677 0.088896130511859 0.2532090797452424 -0.015279995324579687 425 400 171
182 0.6754441396556632 0.22692197066591335 0.11887957516208225 0.04960840995704371 16 506 584
183 0.660951924570743 0.26194183015269235 -1.2491057468355378 -1.1031426923424994 101 16 465
184 0.675422999534513 0.22692188666491733 -0.3498232503766483 0.05173386381557201 584 222 352
185 0.6814785128999692 0.24875972900996046 -0.17966978425876245 -0.04188114299807921 313 352 512
186 0.6611640254947342 0.2621271933353295 1.1951359306265412 1.0343509696776816 380 465 313
187 0.2985756656645308 0.11055627322121546 -0.06661872511970479 -0.005215677889580661 223 62 477
188 0.33487110336762416 0.09956778236067997 -0.08370365581211736 -0.06884436631882096 477 564 383
189 0.9304965875294917 0.03250472887442864 0.06520740718218843 -0.18151656358544876 165 454 561
190 0.7408314648764028 0.7187594858703228 -0.052153847115554014 -0.2898130703140895 492 417 365
191 0.7857810931854147 0.7726522371979888 -0.05148974302482401 -0.1179788648719704 11 365 348
192 0.8217218656966321 0.7622227910299856 0.03949607828290791 -0.15335750655487423 348 91 19
193 0.4869833126112195 0.714811808733831 -0.05268292954663245 0.09770941347686524 541 567 322
194 0.44717616100895696 0.7376466678985141 -0.1646821207504888 -1.4733136169425192 411 170 541
195 0.04446234237519506 -0.0023681335236149584 -0.13718377198101983 -0.17087159361051096 482 227 65
196 0.06522548557403088 0.983242958984178 -0.31605624888075834 -0.061341743143317196 65 439 228
197 0.11629781289531438 0.9968060139993243 -0.05534141409024862 -0.017020124198907638 228 596 45
198 0.02707011957459269 0.9586305186641271 -0.12642289829340206 1.240863379941398 360 303 299
199 1.0271766269050997 0.9584367893367582 1.1144917466919264 -0.7229082605429449 213 553 360
200 0.02698744556912447 0.958482150159983 -1.0179775986033945 -0.24945386615520698 303 553 469
201 0.26951920863076806 0.9852009241217593 0.29315781607808233 0.07465166887432595 403 525 27
202 0.21959635875377764 0.5268944002261131 -0.005106079379029339 0.35312520330126007 157 498 75
203 0.08170215310607844 0.4714833584199624 -0.4938408045980481 -0.42754718731314795 53 102 396
204 0.21959601793481515 0.5270029281129924 -0.09916297915993962 -0.6604881059885538 125 2 585
205 0.21954435586686333 0.5269442448440764 0.18805503305155358 0.014430438337049555 575 157 2
206 0.1871565740040928 0.5247433138732431 0.07810039351352493 -0.020224913410693546 214 100 575
207 0.13170527418850253 0.744026113106659 0.003746213408928334 0.30979122669916315 410 414 339
208 0.14470206948112327 0.7789593197677699 0.4567995676814027 0.4245582011278524 0 339 296
209 0.08829275467540484 0.3866523436070177 0.00895436155778917 -0.09664269731701758 461 97 547
210 0.029925275892608877 0.36370969781007245 0.1998265591199984 1.530318456807704 131 194 461
211 0.08172283422995921 0.4715022451337543 0.42568220095498455 0.5359187859615044 17 361 102
212 0.07541381290575747 0.47693426334573413 -0.9188740948006977 -1.248742933886095 154 17 57
213 0.16393605216402302 0.3152256919811943 -0.27407757469816163 0.05931739665426816 28 543 288
214 0.22773716092572988 0.38683714598988544 -0.4226903126125503 0.05810404102302158 521 206 405
215 0.17481895113653567 0.3901195558665187 0.06786154693738666 0.013513615920723865 152 487 521
216 0.15007443410621055 0.35121369744755215 -0.09817932612732339 -0.1949651714377998 286 28 487
217 0.0723129435650993 0.32007374644806513 0.08513619531580474 0.03505886136956349 196 186 535
218 0.15592741394564325 0.31029375061838504 -0.10732725611029004 0.16893557039376894 485 253 543
219 0.2283568898448228 0.08986536950223535 0.1569602059436903 0.32325989766934793 529 124 60
220 0.43082795719707434 0.5717392060359511 0.39050983721656757 -0.2310390845327616 527 291 160
221 0.4355863665457156 0.5745459980707344 0.8492143563739374 -1.6698604627090468 7 542 119
222 0.43094657041808504 0.571567124608786 -0.07837935427643453 0.45449785800676623 291 138 542
223 0.36130927027277165 0.5351439689614815 0.19405821012619118 -0.2340728881555787 289 263 179
224 0.25219975989902255 0.8458785437362666 -0.9973976334774048 -0.07176034492140332 71 22 579
225 0.2523146070460058 0.8460336859077404 1.8776892961582468 1.9928960586569926 453 71 144
226 0.7711872349786271 0.34863009917390037 -0.15782050041823759 0.09395071699780377 112 431 145
227 0.7487193816999143 0.3355770170559953 0.018789415509590235 0.2122630834988648 341 418 431
228 0.14947040053722674 0.4493134918381408 -0.0064122152032553 0.1047539919390994 115 152 259
229 0.8256149507065991 0.32629657904036075 0.017487170392294082 -0.03883404361970655 145 490 306
230 1.0150835143230883 0.3665117989935284 0.2933318833870432 -0.3337430150735518 390 423 131
231 0.9363448435034324 0.5546395845519451 0.10279011833326177 0.0011493664581283675 582 301 321
232 0.9364307705761251 0.5547760159013375 0.06589508064094689 -0.05908121471708775 178 321 267
233 0.10885011283551352 0.5819298537817963 0.12613703432445833 -0.16940944480570153 309 94 450
234 0.15366079917213538 0.6144444269110192 -0.0016875632835589016 -0.3619379494029795 450 314 224
235 0.9633673187516371 0.9227374402353026 -0.14455782587809032 1.5389006274138852 18 226 213
236 0.24116432861039763 0.11316716461262975 -0.30765433805949366 -0.006843798317228596 198 60 378
237 0.35524962521724546 0.9757588460415397 -0.06113780493151311 -0.18932280643375876 158 397 148
238 0.3568156042497002 -0.023914739634174252 -0.2541613027028447 -0.22911507179326773 148 151 474
239 9.763327438576131e-05 0.13548110948578587 -0.39756377926076014 -0.09259163228481472 504 209 310
240 -0.0059611053482869734 0.20520491363531973 1.534911002207891 -0.5921708785816808 35 310 502
241 0.14396175677188094 0.11876322996306493 0.14138595294532763 -0.16900480251380579 472 171 287
242 0.1318040796319681 0.1894076341456872 0.002601949211644694 0.4699736454172321 312 472 185
243 0.8825387940431711 0.4714362601495095 -0.015508633266492211 0.17663424160818675 319 368 33
244 0.9073441824037989 0.4705724559062579 -0.02990879800768287 0.1636794672021935 33 345 335
245 0.433706893821583 0.49053069118026316 -0.021042471237686655 0.4885808448790163 369 233 592
246 0.24148997000613595 0.7523044273411925 0.3720610552979185 -0.2623914585893447 189 40 208
247 0.18335687980336196 0.8517767865884197 -0.1428904806977105 -0.04693293184643288 372 532 449
248 0.2519371721372309 0.8458097512284715 -2.6017039773918675 -1.0185838059305015 532 565 453
249 0.2472449909751841 0.32028791778989535 -0.3401243998252257 -0.27624533077696967 206 424 273
250 0.41690825906594714 0.5313502218634374 0.07273754376591057 0.005501728933543504 138 199 382
251 0.3207546159271268 0.9158228285040076 1.4704255696379582 0.5627312498466576 528 413 391
252 0.3205805160462806 0.9157685844134618 -0.8904292241826992 1.1485017646823987 147 354 413
253 0.252301566892518 0.8458750748305256 -0.25699567106297805 -0.18890819479243393 546 579 594
254 0.25477542952934135 0.8558374328710071 1.4925581161550359 -0.5249456114189579 187 546 147
255 0.6206231759668294 0.9390259854195798 0.06630927727475228 0.36513624056830685 279 110 297
256 0.580168710862385 0.8368455816237907 0.25802190691925475 -0.32115048302850313 285 52 76
257 0.5802024920818916 0.8368406570341164 -0.6003800269560448 -0.18215776513449922 76 555 419
258 0.5636957781563553 0.7749578182418677 -0.1266344936898256 -0.047451444336321646 429 183 435
259 0.577208615155851 0.7798110887207611 -0.2136137128294635 -0.0765999980459342 441 435 215
260 0.5801403266780154 0.8367466239601087 -0.462701180531887 0.42261354484695757 324 441 555
261 0.5503457727264254 0.8115217904471912 -0.13644595956568972 -0.06349697070223703 67 93 569
262 0.5801462096977659 0.836726160744149 0.24840065285318097 -0.18314626932673703 52 569 324
263 0.25450296170869907 0.8558983823638402 -1.6132870774273407 0.1710223272841007 15 144 187
264 0.13912515436656522 0.8668755731540871 0.2097896630720575 -0.18417425778904928 212 457 395
265 0.15483241826283978 0.813662551694123 0.4188054914748118 -0.1771407166431668 457 274 589
266 0.0710163856627115 0.888395823714029 -0.13142250239461806 0.012770458648891925 261 578 212
267 0.33657183866606555 0.19450414925524917 0.37783745021613413 -0.09327164457451076 244 270 82
268 0.48368137554579155 0.5564440688644607 -0.07818870308151649 -0.05751939202713885 105 156 323
269 0.4850159167309157 0.5284945391049616 -0.08918418607783973 0.11618379695821357 238 326 156
270 0.30821019025452545 0.9789064801611804 0.38010049205339236 0.039677249333291975 27 242 533
271 0.9153843208325406 0.6036503907556082 1.3195758993773996 -0.2711261811117133 516 277 505
272 0.8888847581542643 0.5590799664328777 0.05188076218631821 -0.17267697228692813 225 254 516
273 0.9153825232624495 0.6036312712131988 -1.5226197577330385 -0.5489203672997427 277 178 430
274 0.783730060128798 0.03362783101932514 0.22278952606369362 0.12523330098629382 44 373 344
275 0.7374417138463532 0.07401682796962046 0.2727807341118549 0.13367975476574756 489 44 123
276 0.11014993886968308 0.5777502973226345 0.02892619208397229 0.1325692580017579 94 68 353
277 0.05276846373901004 0.8733650485065554 0.011695698576286162 0.12535333535068638 150 374 578
278 0.06157154512411189 0.797695509000699 0.0950907727559347 -0.21443836845103093 563 175 374
279 0.2679240028906861 0.7868561082982951 0.12237304268872262 0.028134684339209404 32 208 544
280 0.26993786281279436 0.7865626455502083 0.028627571624015302 0.03916314538290888 544 598 142
281 0.6997824041530183 0.7144708053830124 0.19781001801832954 -0.10937467771754417 559 463 492
282 0.005780122024391612 0.7366806630064887 -0.8056798065454642 -1.8613955737119443 576 495 234
283 0.005974226432916445 0.7368450279286601 0.5526029429268322 2.7176815720923924 234 122 563
284 0.24116240558481608 0.1132070070098888 0.7410625190969535 -0.4334415190264049 389 198 59
285 0.18410417592050793 0.10283913209722491 -0.6185876601477301 1.1053823545050965 216 169 389
286 0.37529538417076824 0.5211487801156629 0.04178985543029645 -0.02937423186633037 263 249 199
287 0.26624437778872223 0.30380666372150295 -0.2853890252590974 -0.3240005624904896 273 356 84
288 0.339017980963558 0.2945433146501285 0.2271813910603715 -0.353045257611706 84 113 207
289 0.2842554916261527 0.1587387675488515 0.1274334752304762 -0.2114770164540758 442 223 244
290 0.2645812371398827 0.16239585789545538 0.1324762140264557 -0.17955440849426463 451 428 442
291 0.22790803705128945 0.2411778718392263 0.01393594146331667 0.31353464165218004 566 451 356
292 0.5410168109490804 0.49756235142721505 0.04254868402053802 0.0034796505954393098 326 3 355
293 0.7896869269099497 0.7024100292781215 -0.1260204773867457 -0.06115768169667746 501 139 74
294 0.7912676407777238 0.6652244699524219 -0.10612033127244125 -0.06690818107890628 466 31 139
295 0.7409043450345166 0.7185292502102202 -0.1596312444642617 0.04980379527297525 417 351 501
296 0.7089730205625209 0.6951779379734009 0.08408343743493418 0.050402851163589 377 64 351
297 0.8442950141329035 0.5660211909655418 0.07031177827465651 -0.21810873176986156 302 37 570
298 0.16816792997800817 0.597390967938324 -0.139369220331087 -0.18849851020352748 314 20 524
299 0.15513668179506987 0.5741088571385737 0.03591748877485035 0.1143120081231741 353 214 20
300 0.6494712524950412 0.580025058998519 -0.042378590567326846 -0.03472161516637762 416 519 283
301 0.668133893209087 0.4453001518090966 -0.17077252528548853 0.09256465223901307 367 42 268
302 0.64839795816685 0.5574528406948216 -0.022046050054957966 -0.022462381954468924 519 538 488
303 0.4354818076814289 0.5748080669887127 0.6958803469006222 -1.391302849752113 160 595 298
304 0.6130867059645 0.6002989253345009 0.007511777311286494 -0.09240618686900959 155 416 545
305 0.4356234823136629 0.5747565273765571 -0.019244481415338008 1.1328457633687792 46 119 105
306 0.435509193428016 0.5747551193807213 -0.9111879308978184 -1.8970519167783297 376 55 46
307 0.4354688967208513 0.5748835610715981 -1.3170782556731286 2.4592233210035195 595 7 55
308 0.5840274500015544 0.5783199273210967 0.10446641121597544 -0.006974081034893942 177 305 155
309 0.5382283166215837 0.5960306455182515 0.026578900191864818 0.047343904491237154 556 323 177
310 0.20504124464526696 0.7389667432490836 0.05985807786934583 -0.01877178794351675 493 41 189
311 0.972730154544314 0.6883575735998158 -0.15999917970382915 -0.15008450350573188 317 496 548
312 0.005828598768876274 0.73655289181466 -0.28866937181013136 1.139000343493941 495 548 388
313 0.975533735409726 0.6784691366484855 -0.2004837641386703 0.04248659150191125 496 491 130
314 0.24129698854130172 0.11330380104949014 0.15020772079496827 -0.2121403599200612 59 271 428
315 0.18399056316674764 0.10273038370750279 -0.702558341876742 -1.3466381682745694 287 432 216
316 0.18416069482319872 0.10272871925572824 1.480885887257099 -0.20265186900260673 432 437 169
317 0.18441079290776208 0.0990379724008956 -0.00865903017691072 0.31782212881435734 437 394 529
318 0.21652278062369362 0.2456713934159863 -0.07950094003256192 0.35046368584978893 86 566 593
319 0.11880169552502749 0.7673849656419052 0.0933491159371691 -0.11467223420824624 175 479 266
320 0.1445735727881197 0.7791314126693701 -0.5027293586035587 -0.44790946027032164 266 0 274
321 0.1661324608733393 0.4727839823871801 0.16361268233601592 -0.2702564682548864 9 47 100
322 0.12944541995928371 0.4537781313455027 0.039947312317312016 -0.18725292130945553 396 586 9
323 0.12946354227063595 0.45359065366151546 0.007547931230771424 0.3148650190213211 586 508 115
324 0.16774997312803708 0.7015352337933151 0.10392820701254912 0.18891046574265324 414 224 99
325 0.10036285109342402 0.43810014981544576 -0.29790929212175543 1.4970936767784004 109 357 508
326 0.10039734279717223 0.4379311404396965 1.4148395326249885 -0.2482485156243136 278 547 357
327 0.10027217172958527 0.43800110340260623 -0.9518623255485442 -0.8773055628236723 361 278 109
328 0.16129398009229054 0.22948404039368053 -0.29540120419224714 0.22513757143294288 30 185 86
329 0.1445638203713512 0.24841019370442813 -0.12942200956767014 0.000409504027909513 530 30 253
330 0.24130955371008597 0.11323602511290191 -0.666861005443344 0.198516502574516 271 378 210
331 0.15493956640438084 0.8136432362749931 -0.4729550627871615 -0.017055439788878253 589 387 372
332 0.25231254483189075 0.8458180530697836 2.1873234715933267 -0.5296264666727348 565 32 22
333 0.8425500048212693 0.3381647048628379 -0.10956641982584614 -0.14154841118663164 306 464 536
334 0.971759129913507 0.33041885515465963 0.24191998196365638 0.15262014915751188 51 514 539
335 1.0150612972327582 0.36637554868285743 0.3744473658820035 0.16297123834089436 423 539 480
336 0.15224941094341163 0.7819424847020487 -0.06778284166591986 -0.005026955761378016 296 493 387
337 1.0292613349761153 0.23605432731935277 0.07828029158045424 -0.21210766420164118 573 264 399
338 0.02976400913137657 0.23377675465857364 -0.03193131709565422 0.3189337792561947 264 494 36
339 0.28609681262096687 0.09916912750120219 -0.09931309490063267 -0.01955511204354554 210 43 62
340 0.9023016723841615 -0.03433043036508681 -0.13428836098672292 -0.37246109044208886 481 551 168
341 0.9108441859908188 -0.06794704920930504 -0.12837078813138225 -0.4525437349509054 551 89 557
342 0.9194240033565825 0.9246627848559386 -0.37537461897510505 -0.18190057281611272 557 95 18
343 0.2907853578900067 0.059069969242269316 -0.10382839449318837 0.040337888931873955 43 334 21
344 0.32719522966622705 -0.004225746640149814 0.03022060796054049 -0.24556289016097743 533 158 276
345 0.3255608620746333 0.040799834603104906 0.0035283508753591875 -0.011597815763320085 21 276 246
346 0.3399865822036815 0.04964291155506705 -0.13456232447750516 -0.10019018635565313 564 246 446
347 0.3772326199758359 0.02364517298499848 -0.2653719140266464 -0.03210259974517626 446 474 237
348 0.2139727740423381 0.2965639257525532 -0.07277487779067116 -0.06880089137295542 288 593 424
349 1.007263988880812 0.24101057320513736 0.29596024068989646 -0.24094588997602973 514 135 573
350 0.9973618305947334 0.21057487342175527 0.5866729338410128 -0.49349178177256875 78 143 135
351 -0.002705394385610768 0.21062469623366842 -0.5352948892915006 0.33733538629080884 143 502 494
352 0.8329668667466833 0.4182567811633927 -0.12863223472492358 0.10799147409645826 436 536 368
353 0.5958598953730991 0.5306656906173112 0.7871326028528833 0.817369687851257 81 515 440
354 0.08643931882758986 0.23442450846793514 -0.07497805961168003 -0.047721868644268195 549 571 530
355 0.5958320816737724 0.5308164262160814 0.8057849309310876 0.3863721585077931 305 362 114
356 0.716298619890784 0.6163072500857157 0.4427214633334316 0.0257288762154197 283 69 38
357 0.6975428785563769 0.7008678132980096 0.21213228500183146 0.00733803798974586 463 161 377
358 0.860102822334428 0.5537268841910764 0.04754425186881406 -0.19251286051402694 570 191 225
359 0.7163471482396395 0.6162854540229519 -0.26574790914384894 0.3434260748339229 98 69 39
360 0.7300830090775138 0.5575061564697655 -0.11361117532859843 0.18297376183640246 39 583 48
361 0.8054338958802121 0.5368053565282171 0.37877283393106254 0.02658014433554179 48 195 37
362 0.7252103270518853 0.3822025464806072 -0.04338547264504111 -0.23710849186842076 132 443 470
363 0.7964243116859562 0.9740101523214434 -0.20344572580961207 -0.25388657423424615 393 257 422
364 0.720948666980434 0.6266681962520024 0.32026260605088824 -0.3605731359595122 64 38 197
365 0.7860298112840794 0.008917197609167109 0.8172727074007855 -0.027970986001013033 373 174 258
366 0.5959771271470257 0.5308339188125577 -0.6497532290797217 -0.7326806068536779 114 440 538
367 0.6869059903132525 0.5308040476894867 -0.18592596073840895 0.11824827297890472 488 342 583
368 0.7860803890107402 0.008917721606794842 -0.42666642742484034 0.026442245742715025 258 393 434
369 1.014088735149718 0.5220316218367128 0.10730071067777125 0.11073802638761343 456 188 149
370 0.7641176005700179 0.3802459875541367 -0.031149625240312062 -0.2634043531901664 470 112 467
371 0.6681874355131986 0.4452648239536538 0.0036050112737660497 -0.6907975301383336 268 315 342
372 0.8312786640999842 0.9508366676356259 -0.025765591759761494 -0.2265935598714814 422 167 481
373 0.534611351330691 0.6332284376957953 0.02768966445021448 0.03938844805873032 415 556 127
374 0.8151414178418599 0.425344463617208 0.2863149609760862 -0.03736133624698823 467 436 4
375 0.47875637307787383 0.9786493472366847 -0.07244040783893624 -0.05893982038540635 282 118 597
376 0.4148338896520236 0.03610026493791558 -0.16037614083974638 0.016113052558885954 237 282 590
377 0.7211047485298634 0.6265932625426655 -0.4447032574811643 0.007843276142492986 197 98 466
378 0.8668496790412478 0.5158581352476663 -0.024730604543388157 0.28707282002937706 346 385 319
379 0.8552559806015232 0.5209245408331462 0.1366072609199076 0.2111623240846905 191 534 385
380 0.8922720384727834 0.5536009798938841 -0.08465745725966256 0.04472434957103477 254 346 582
381 0.8239899439412028 0.5081694068603259 0.27592999066183843 0.22252186759885717 195 4 534
382 0.66818557816876 0.4451743062637749 -0.7195724840782544 -0.1269519082130392 315 229 132
383 0.5956762046944157 0.5306699141735871 -0.8281674209155095 -0.5140539769862265 362 355 81
384 0.718459943970834 0.3653176943722116 0.09433111375356518 0.08687483961378195 294 341 443
385 0.9633701561671858 0.9224901249979606 -0.10612063020256561 -1.5409927152429512 226 307 150
386 0.08487896981935276 0.22955858209784386 0.06818427558674678 0.37846867783838944 36 312 571
387 0.5571506257925148 0.996807106358962 0.5991714292823352 0.11634615536618154 597 560 337
388 0.9366247754208572 0.011639291801144425 0.06878077309091513 -0.15781999283814852 454 168 104
389 1.0230895696447118 0.48577048038570425 0.16595519541917625 -0.008189596917285158 366 154 188
390 0.029881487137182174 0.535308564788785 -0.0033856816655797317 0.042794756974218195 149 128 581
391 0.06148235680574192 0.25698292538537487 0.07241930111145933 -0.22980217798118652 399 549 186
392 0.5755541583315457 0.6619487956056401 0.01023667539623574 -0.0062305716141963785 336 127 50
393 0.6099797970102854 0.6455897235474467 0.01077833100548986 -0.034630438100480276 50 545 161
394 0.6416008272628829 0.06778894588255328 -0.016820874554346332 0.07720657724252789 8 280 489
395 0.5572686903970412 0.9967564719069846 0.02752717559646213 0.3945395914907077 560 420 500
396 0.5988900814869275 -0.0027584913370889107 -0.13098359966101647 -0.09184605090362119 513 347 280
397 0.5572893040876699 -0.0032211599549482333 -0.19965942073615775 -0.1666380046319929 552 500 513
398 -0.0011820527698265335 0.6303123445567788 -0.13705752475464242 -0.26908534443345883 272 509 499
399 -0.004067219154013579 0.6698222772578538 -0.07052141648422605 0.02248990230158121 130 272 24
