1263
0 0.021868026287482044 0.6320403514247995 -0.2817236416374769 0.05129519101143565 111 66 359
1 -0.0010527273496046055 0.6305140618473118 -0.06266457152714985 0.3709127481934041 499 526 111
2 0.7620303393901 0.8316920212146961 -0.10017985746513247 0.10976291889286394 85 11 327
3 0.878693844067785 0.8924647064715046 -0.19664249765192002 0.3569166956993511 558 371 384
4 0.8943253817352622 0.9118839521147257 0.18617940176200198 0.5741776676701114 468 384 182
5 0.9154589994938535 0.9200818062198486 -0.4201354090148379 0.5651083813352705 386 182 307
6 0.9154230913845784 0.9201503943087003 0.16237958678946665 -0.44173626375688946 34 386 95
7 0.033177780185043054 0.6860044721579421 -0.30565336199550597 -0.02592675952400869 517 359 452
8 0.021593639644332065 0.6908270695620068 -0.18795541928406934 -0.07146755878068012 522 24 517
9 0.0440279667135364 0.5947468042091328 -0.22391354811968078 -0.06090595389141029 66 462 309
10 0.36300463546150796 -0.043314917554215765 -0.6860992417647218 -0.23085983513315006 163 404 151
11 0.35333817623923375 0.9680239882470429 -0.07628738517631573 -0.11989424834879525 54 379 397
12 0.3628264755546071 0.9566155116247598 0.25731099197959934 0.1340330673760357 379 193 163
13 0.8719251548744782 0.21341458911722383 -0.06797103990763276 -0.03268493531383143 10 137 134
14 0.9943207440940283 0.205500116272396 0.6027723324707017 -0.13567755534793935 591 35 78
15 0.9696773389492419 0.1900269401370509 0.3620030348400194 -0.10797686807173523 134 370 591
16 0.0319773315260477 0.07663580850489665 -0.16147125251469996 0.1496939659034746 133 482 599
17 0.13423853543936679 0.07287584522807695 0.015150611668013347 0.2742773799746523 400 45 394
18 0.6011325626586967 0.4415055665109031 0.1526495072706746 0.14265000118640625 338 447 433
19 0.625823224162595 0.3921462030474604 0.13647170338249026 0.06532778554224627 447 25 202
20 0.7950975367204978 0.130664438585707 -0.1891672065518213 -0.10917480842975724 243 269 137
21 0.5217185555236076 0.22847967710764605 0.14522639410485816 -0.35354952958310815 181 6 260
22 0.6048418385999027 0.34584649532389594 0.06508646815950314 -0.03530921735550585 486 103 25
23 0.5708490835523805 0.2202247750941676 -0.18561377296277826 -0.2708173400811642 260 318 26
24 0.5160469299286576 0.2037803907955993 0.2142742362015726 -0.030896460043172702 349 250 6
25 0.550983658980632 0.12439088494775458 0.19796997999255161 0.23999111413430807 448 23 523
26 0.4690073851797458 0.13870173857227405 0.06322829274041375 0.20910628992232283 328 23 190
27 0.46434003232744775 0.17435811327424974 0.092770299775502 -0.07393951562129075 162 190 349
28 0.9535102282666886 0.6876749039612439 -0.029895421251383003 -0.1703525362006103 510 70 317
29 0.9195945156225017 0.6834055010153908 0.18186416192444987 0.1329302379976527 402 518 281
30 0.8941968620590519 0.6342339640972842 0.05592013657684802 -0.16973487823590538 201 77 518
31 0.9529782381912654 0.6863144458990352 0.10492205698015011 0.16852887655283838 281 88 70
32 0.9669497052065708 0.6734995753782911 0.10460408112616948 0.2099570382135818 88 49 491
33 0.9668232077769217 0.6416858344667659 0.14595177497134237 0.07184148623218256 56 136 49
34 0.878535715653555 0.8926004562755969 0.44860804035841245 0.1393471305087112 218 558 251
35 0.7956047032288868 0.887467106267386 1.6107839913181878 -1.8277515677374963 483 458 218
36 0.8312682467622249 0.9505610643542943 0.04298090761339218 0.2417117622157891 459 284 167
37 0.02384342721441203 0.9823577921436073 -0.007719177033682634 -0.0858432460532077 104 299 227
38 0.12053863328070569 0.7463770838034044 0.09681938670930146 0.29446746794420386 452 410 479
39 0.1798888084800093 0.9277981292680831 0.018036345333927173 -0.17814319325237804 596 232 427
40 0.36155774105534977 0.9237839713467119 -0.16497620353161935 0.1895192497727849 193 80 13
41 0.3443297779489554 0.8025289418995181 -0.16379463063653787 -0.19261465478148665 184 240 79
42 0.38546994554012576 0.9261078860452481 -0.3723463516680514 0.2011869084522777 404 292 87
43 0.37205240231763037 0.915381278294306 -0.2380566134843609 0.27838270681701527 13 79 292
44 0.5566315453933804 0.7489894662187939 0.00882070597119089 0.3703408843480638 540 587 183
45 0.5431735143715548 0.813407470682609 0.3764868463859705 -0.21464503143636682 304 72 67
46 0.48766764796309503 0.6576802002912047 0.011314467418532814 0.0336417463331351 255 415 567
47 0.9392930185979746 0.5507456877386333 0.03556966327381006 0.06858837551734775 301 335 550
48 0.9506352399053299 0.5528641151296471 -0.09334211595795955 -0.3508127565312745 267 153 408
49 0.950636163835162 0.5528430221919926 -0.12725798133507307 0.3884237172909464 550 456 153
50 0.6204143296246483 -0.06089075550025003 -0.26433179334473456 -1.0310457130118509 347 29 507
51 0.6205552365570587 0.939107388824286 0.9358900218849443 -0.1330352847239073 507 297 531
52 0.35587736588086255 0.24784129548802736 0.2679312501030484 -0.3827600549011212 113 82 572
53 0.53477182558921 0.8624798379884993 0.3882865005216951 -0.04713398144007286 121 304 460
54 0.20857220767473583 0.5937677178394698 -0.17345820058078942 -0.16468174254824497 524 125 471
55 0.4704718684377874 0.3628013574681317 0.021292327623267937 -0.188951267826587 207 473 497
56 0.005532184625747969 0.7358329597233066 -0.20070970309615493 -2.8357490137651507 122 388 522
57 0.8406021603826455 0.29455200657599373 -0.1785251245445263 0.25794575954363186 236 10 262
58 0.5055507540839131 0.3281729828848535 -0.028340861601972023 -0.0757301485410089 473 96 486
59 0.4877420478835462 0.2717938616929426 -0.01800350077352242 -0.184145104026312 173 181 96
60 0.9990175815626032 0.5824655762297464 0.06163669678815875 0.08529505608756427 265 408 219
61 0.022551533624327658 0.5724009500761909 -0.03226020110769223 0.1332686658944704 219 581 462
62 0.4829788307292887 0.4261518232530988 0.08574583681975056 0.2937658075130578 233 497 421
63 0.543526469393906 0.45884490371915554 0.015942492465059743 0.23480232341777096 421 338 3
64 0.27002562408072767 0.7866427673435972 -0.06639263850269339 0.24391784831558483 598 252 1
65 0.356405426781282 0.6214677671776934 0.18698390960580902 -0.07600403847951576 117 308 476
66 0.25221072383353377 0.6427289837895234 -0.071555256164757 -0.02392908371451341 159 471 117
67 0.39402156215930406 0.6528740048173991 0.1756974177258286 -0.10961784674412556 476 332 311
68 0.39868845215151644 0.7317940486809184 0.2035823874063647 0.09658224428554796 108 311 63
69 0.2673240901768899 0.04621941453987305 0.26737626591943897 0.24525700463573497 124 403 334
70 0.6742172666762015 0.3591161724574758 -0.004006710241366562 0.03118066360663363 90 120 294
71 0.667933387558419 0.44491935561405327 0.22494495783548077 0.20821235962375043 42 343 229
72 0.6484695546296155 0.39400644246039956 -0.046148352847441565 0.04766032846159618 202 90 343
73 0.5696522389928262 0.17374993473323136 -0.1398100430999999 -0.14443625431966034 318 503 146
74 0.5679873911978554 0.17289922079748826 0.07350716834265275 -0.0330249160700527 250 14 503
75 0.568916974223905 0.15189904176271288 0.39473588723322633 -0.024000218956307662 14 448 290
76 0.5575808226458405 -0.0032159314411261486 0.16682731932818243 -0.229715093514216 337 552 192
77 0.5637331758025308 0.10899360819393274 0.12606886732463574 0.3461203332624785 523 192 116
78 0.5691048631157274 0.1518637565624798 -0.36293095220752897 0.11906634765591548 290 329 230
79 0.5764224820170876 0.11789660127850218 -0.04426429257853304 0.2252720336659575 329 116 203
80 0.6450081947211483 0.1753736693230656 0.14629619062131363 -0.01772542277073217 83 392 506
81 0.5761879163994938 0.16754043959120088 -0.1413652713985747 -0.11002424006589795 146 230 83
82 0.6856117950453736 0.2015426189914809 -0.22612831468427075 0.22549949373062983 222 204 574
83 0.6451239942683915 0.17523419389519598 -0.19564241074084865 0.396505156610499 392 484 204
84 0.7406754653681579 0.19283379595781772 -0.22794383255919648 0.24748541133101654 200 574 407
85 0.7737969141099958 0.1339146820217915 -0.015072359679790814 -0.13717941123314592 407 123 243
86 0.6172495166995615 0.11050459569242521 -0.09185614144313625 0.22843376287773332 203 8 484
87 0.8048482077920409 0.04978221532651915 -0.38176034554719335 -0.16465450903765944 106 61 165
88 0.8047910445261002 0.04984047090478755 -0.09632714387697738 -0.45873647325981975 269 12 106
89 0.7955218704443325 0.039585754689690965 -0.3631670871933343 0.43761700690612104 239 434 61
90 0.7954699225111973 0.039628225074995506 0.5415506541930947 -0.37942093369610663 344 239 12
91 0.6451261874081231 0.27083915304570033 0.09108771722998732 -0.05997261749712823 26 101 364
92 0.6465016173858099 0.2956333087130837 -0.19098877745700285 -0.15112307416207357 562 380 120
93 0.6463619978220588 0.29561194917875455 0.3028029114097606 -0.07777464048491517 103 364 562
94 0.4172018488543683 0.09877712767910125 -0.17143033451127998 0.006060179441602642 126 590 328
95 0.3625565540628144 0.12225267796387293 0.021384474746533044 -0.03624343394847962 478 383 126
96 1.0001274820776638 0.1355984165105089 0.4519143311464396 0.18908289663003858 370 295 504
97 0.99968656496516 0.08891950575663389 0.17189808049211663 0.008255793965128433 561 133 295
98 0.9120217004626657 0.7033209732656396 0.275747748940125 -0.11593915237584351 455 402 375
99 0.8780715082769526 0.7992518520825291 -0.09275980122902538 -0.23453386177596514 19 568 371
100 0.9302408019894899 0.7137722663714937 0.03680052547416768 -0.2729910977827821 176 375 510
101 0.9376555700707275 0.7439298432090318 0.021817191803163993 -0.40550332466859906 568 176 576
102 0.9154329878543193 0.6035468419782264 0.26480115943396976 -0.26320942429455035 77 505 350
103 0.9155807758865449 0.6035261883589884 -0.5347745674592767 -0.24363383443668213 350 430 56
104 0.8941281512074127 0.9119303754453226 0.029928042661296617 0.9549098479826046 251 221 511
105 0.8941246304569499 0.9120401333444854 0.03862355897892196 0.015810814053937756 284 511 438
106 0.8944227271418563 0.9121367942321243 0.05919119518257767 -0.6963966450105729 438 588 89
107 0.8943206343190058 0.9118735876715399 0.3558796493933168 -1.327611218174458 235 221 468
108 0.8944272462644662 0.9121716593487116 -0.26222906951878405 0.9255292377277884 588 235 34
109 0.04910367968701261 0.9536581367673955 -0.19989027447153696 0.16326805810096268 469 261 439
110 0.07587856577730659 0.4768141567928484 -0.19365019954340618 -0.44538290356937926 57 53 340
111 0.06256272085498261 0.5253957379355024 -0.020353502216963193 0.07076398286787189 128 340 68
112 0.02941150337023095 0.3634617449598508 -0.49098932713088267 -1.4991486141269526 194 480 196
113 0.12678777941315816 0.348298609380085 0.03214985604127474 -0.16082273741890862 97 275 286
114 0.37748986048315736 0.5730542436663876 0.22410988134713428 -0.029838067433507476 308 179 527
115 0.3883644705283525 0.23454984753950775 0.05733447640265954 -0.2693492873184766 572 444 173
116 0.2485901741749319 0.4581145497574176 -0.3044335984692115 0.31207100029129187 205 405 475
117 0.21946056628042565 0.5266995170158163 -0.5414942371828168 0.061189990915996514 585 75 164
118 0.12372757761261727 0.33654552418264905 0.07723161814937596 0.0342575455850036 535 485 275
119 0.979648989287388 0.4240181219621543 0.11355943060897822 -0.09724257094001487 211 390 366
120 0.38953782369513973 0.20928368755461713 0.040157491568160175 0.002916532293451013 444 220 162
121 0.16462741337985837 0.8796778498876535 -0.03263625203420162 -0.35440722231938615 395 449 232
122 0.6187998170679958 0.46146037787664435 -0.02706023044529715 -0.11639044103506357 515 433 367
123 0.43954166926839494 0.5092431715638592 -0.11505673289113894 0.15182609579278417 382 592 238
124 0.32520454495088386 0.9584798172069395 0.23512107018286432 0.11547523874610999 242 528 54
125 0.4624170995807838 0.927563675720369 0.045888081529055214 0.2656305050918739 87 121 118
126 0.3691547688256842 0.764492514018652 0.9807050157434466 1.129355487885557 240 92 333
127 0.4167965271810373 0.7388319288006735 0.05050879831839262 -0.5594580444122061 333 256 520
128 0.368968214365236 0.7642703191518623 -0.8900532732207418 -1.09875873834614 73 108 92
129 0.4167888562533864 0.738713768586125 0.13125195547926924 0.6095127972840673 63 170 256
130 0.6204150863428867 0.939015156053708 0.13201892497228476 0.9417879957775328 577 279 29
131 0.5576030017159144 0.8688736063559892 0.002757590336632809 -0.17540910460245307 460 285 217
132 0.5876970107159829 0.9382608251616397 0.14400632075695086 -0.008347171565059597 420 217 577
133 0.5699909429214998 0.7373947154197908 -0.008203903181791539 0.3977878096361742 587 336 107
134 0.6578253017380279 0.7659395040488671 0.03159892209003701 0.08810421420202275 320 559 247
135 0.5925514558554312 0.7621855374409041 -0.34936805670682247 0.05602240060742503 215 107 320
136 0.3100362619637469 0.7907413225413363 -0.027802747650245048 -0.4679442496455222 381 5 184
137 0.3210473305586005 0.9162968434017585 0.47028337741531095 1.5425608779629907 391 354 80
138 0.5264753160864182 0.7764965223734073 0.3357474389655002 -0.09272714228403256 401 166 72
139 0.4468670251913804 0.7378486544248226 -0.13177152550537807 -0.530192617104663 520 411 401
140 0.5322341249823846 0.7725280824651795 0.12205670736273322 0.04985630163920063 166 537 248
141 0.5337578308019959 0.750318402264553 0.13038186329195067 0.3390364638339305 322 540 537
142 0.7013837157710062 0.8428115899289873 0.014229848041604213 -0.45616268067424004 426 180 141
143 0.688792861052525 0.8379162034665683 0.37993715411755064 -0.12157323308053125 300 358 426
144 0.7013574969312176 0.8428740567413876 -0.33364517621786877 0.372452046100072 180 554 85
145 0.6888062566866701 0.8378789747321316 0.19553849519795716 0.39102896022341016 358 247 554
146 0.6279154332790865 0.8690773631105465 -0.0449066929475439 -0.020202121919776772 110 419 300
147 0.795370279108796 0.8877789334380183 -0.8506453242032477 1.9081274392653131 293 483 316
148 0.8167118614156124 0.9472269308427683 0.03931111703520118 0.08031200045277576 245 316 459
149 0.7967033308830851 0.9739763980485584 0.4070299415182975 0.2772575196018182 445 245 257
150 0.7839231499520767 0.9793705447412143 0.24745314356616754 -0.04211221909383722 412 445 174
151 0.7217910660360339 0.9266670241912962 0.13589731284735507 -0.16198043184534328 531 330 412
152 0.7952949436200593 0.8875727972714414 -1.931811646052931 0.17357419115703693 580 327 458
153 0.7953575483413575 0.887582580147652 0.9956043350476621 -0.0232771514628409 140 580 293
154 0.7350752919256237 0.8928732264106263 0.07170165364223102 0.013761510680998512 330 141 140
155 0.3100307243596472 0.790770495808101 -0.08616658736082093 0.49039269112496897 5 1 73
156 0.2781352416433581 0.7975505823704625 -0.08782288351411038 -0.12532336869652827 594 142 381
157 0.5516571206940242 0.7831615700344365 -0.12215669049214783 -0.06218229004623099 93 248 429
158 0.21256506446155854 0.48719992504429466 -0.009707127462954546 0.06003240959895351 231 205 498
159 0.1659668353771703 0.4726923617870135 -0.2947247315095809 0.22963040353755904 47 259 231
160 0.30188121851784544 0.5041238655282319 0.16525143180928792 -0.25509787505029885 164 363 289
161 0.3022301975252542 0.5026975004813072 -0.018369510448347504 0.4835107693780885 363 475 331
162 0.37375171465532786 0.5136531662915421 0.16961329337567 0.48248597521796666 331 369 249
163 0.8291299154195381 0.29794326394246784 -0.03358071529180329 0.21718146361177082 490 406 236
164 0.7403071111866026 0.27278458578179343 -0.0020181630672189144 0.003534292303264408 512 58 418
165 0.7590322299661492 0.25834109226206536 -0.19091966341200362 0.13969825192472474 58 200 406
166 0.9263378295308333 0.35364354324255665 0.20902741482142773 0.1837178208174972 409 51 172
167 0.8562414495293056 0.3283158335457351 -0.3079435168668043 -0.007010948765984182 464 262 409
168 0.9441641692625385 0.42169076774887376 0.14541385526256612 -0.10121138163676768 345 172 211
169 0.35472714358331914 0.1849495693542693 0.06464050475440963 0.05768355064439401 270 478 220
170 0.8268302252228676 0.7322127946583392 -0.0006836222560258065 0.04042322969410872 91 74 455
171 0.8491608534087359 0.6233092993114109 0.07875283203340189 -0.17816178740637234 31 302 201
172 0.9988219311963223 0.6303931377400345 0.2693824452241512 0.5196166827625128 241 265 526
173 0.9987139797800542 0.6305319196876106 0.10997541663958481 0.2906285312480024 136 241 509
174 0.4351311606270149 0.5747081355852056 -1.1584796921889837 0.1930279854819904 298 376 398
175 0.4390164386544747 0.6291089761157883 -0.0912520330131894 -0.024250407237857985 332 398 255
176 0.22302784225400776 0.9295554716261091 0.03716372418138825 -0.19826129418754057 427 15 525
177 0.20314965928487994 0.7180764226535707 0.12469274571214051 0.22877533513432358 99 129 41
178 0.22395661743555845 0.7102717115669517 -0.1679598383985681 0.3527790910090589 129 159 325
179 0.2414525916746143 0.7526423272681848 -0.4436868192265282 0.5525760804627562 40 325 252
180 0.03999695229186147 0.08671879092981437 -0.2542307466976701 0.019127820161113362 209 599 425
181 0.12113229953623718 0.08885636654997885 0.2534776593482446 -0.01419973895411264 425 400 171
182 0.6749714933094467 0.2270598994066842 0.12318995942697114 0.057842634783485114 16 506 584
183 0.6609016837262115 0.26187347323662524 0.26992176106548604 0.21481180936138744 101 16 465
184 0.6752543190721417 0.22705714718062583 -0.36770100153701507 0.04360724199271859 584 222 352
185 0.6810178342159499 0.24866013218733102 -0.1611774002457933 -0.032646903930233506 313 352 512
186 0.6610575446423913 0.2620061965472907 -0.3303682910408851 -0.28547567467503837 380 465 313
187 0.29840129153963446 0.110540491142516 -0.06271697293447343 -0.006432531243771855 223 62 477
188 0.33464585791630563 0.09938424820724932 -0.08316385566309314 -0.06717975412073862 477 564 383
189 0.9306714364248536 0.0320118418708908 0.06437876794163078 -0.18313789824919713 165 454 561
190 0.7405700733820915 0.718359699413828 -0.05154306460808389 -0.289656541060826 492 417 365
191 0.7856437397846782 0.7723340138082663 -0.05057923038731538 -0.11756073475810425 11 365 348
192 0.8218276270085276 0.761809802805256 0.038888140971304885 -0.15261033860236584 348 91 19
193 0.4868354043798624 0.7150682521175814 -0.05665532071263968 0.09252990249009052 541 567 322
194 0.44686218427180685 0.7376952555627553 -0.09683132474016046 0.541178157690593 411 170 541
195 0.04409268725850493 -0.0028315340948985926 -0.13664778301947234 -0.17232812260514763 482 227 65
196 0.06437341438264912 0.9830771981739266 -0.31513989785791896 -0.06144792001616661 65 439 228
197 0.1161464235925539 0.9967601302495386 -0.05673606237599493 -0.01697246301834987 228 596 45
198 0.027051516643791376 0.9587652231551814 0.17767363426595806 -0.6610863894664347 360 303 299
199 1.027033485745626 0.9587623250999655 0.4988171984081531 0.5448570053549198 213 553 360
200 0.027064354391062796 0.958763573180257 -0.7080076045974876 0.3913315510669594 303 553 469
201 0.27030865113664826 0.9854010656554526 0.29167476003899573 0.0736331162709547 403 525 27
202 0.21937219528018112 0.5265589160880761 1.457235719365315 0.15101585063839393 157 498 75
203 0.08161186299538124 0.47163013524410796 -0.48188696559703587 -0.4161790899561259 53 102 396
204 0.21938711890607274 0.5268986464723273 0.8907390867268511 -0.7010118186997517 125 2 585
205 0.21920069512301363 0.5267352828051761 -2.1651857850201166 0.16300880872443904 575 157 2
206 0.18735913860939057 0.5246890626106636 0.07294277959424278 -0.02099312737535719 214 100 575
207 0.13172238646341558 0.7448593368854172 0.010134644859438602 0.3069660378315908 410 414 339
208 0.14462931481764113 0.7789470680474789 -0.42009357097572836 -0.6612287525164943 0 339 296
209 0.08831426369954995 0.3864005468884727 0.007719507671977155 -0.09180156773647141 461 97 547
210 0.02947248040366568 0.3637442525492789 0.16343768422305754 1.5312145468675182 131 194 461
211 0.08162966456504123 0.47164579257151884 0.4138898865562596 0.5227896833021267 17 361 102
212 0.07578195705837805 0.47670776603348547 0.44115326966822926 0.25518644170702004 154 17 57
213 0.16320014868932 0.3153870870245312 -0.2711700888141655 0.06018732821161388 28 543 288
214 0.2265969132715166 0.3869922608974706 -0.4219713856112861 0.05685784482123424 521 206 405
215 0.17499870121788286 0.3901575617988089 0.06540074384830952 0.014590725155860795 152 487 521
216 0.1498043828969687 0.350686909028069 -0.10169615843880209 -0.19522593923404497 286 28 487
217 0.07253463648197066 0.3201585084665803 0.08065935211409858 0.029325961103943143 196 186 535
218 0.15564002238108657 0.3107485926218905 -0.10562475529635185 0.16802390034875714 485 253 543
219 0.2287887326802375 0.09073291897161669 0.15892482989332546 0.32160698722194514 529 124 60
220 0.43131198786772745 0.5719449265871256 0.3728881639919533 -0.206404401113336 527 291 160
221 0.43536636258023553 0.5744412735966266 1.1355363537923073 -0.9562677484662839 7 542 119
222 0.4313365444401527 0.5719096491808442 -0.07557924776746983 0.44304124460629085 291 138 542
223 0.36183421856580084 0.5345180581712357 0.1947314622052776 -0.22977053870665287 289 263 179
224 0.25233799064116774 0.8460194648917345 -0.5499645472237463 0.12356679384133845 71 22 579
225 0.2523207472716947 0.846047171964948 0.4500258818211384 -0.3528623711285131 453 71 144
226 0.7707639061042766 0.34888328428989795 -0.1558439714083315 0.09360579186767914 112 431 145
227 0.7487693365149556 0.33614609641688703 0.0182390449965375 0.20940467068686353 341 418 431
228 0.14946217819875693 0.4495907924262229 -0.0012261327370088893 0.10201959173283814 115 152 259
229 0.8256620804814039 0.3261930435587837 0.017431008025869943 -0.037902925936750265 145 490 306
230 1.015963475655503 0.3662117797881851 0.28631561126428623 -0.33245347011212406 390 423 131
231 0.9365863302465361 0.5545942706849077 0.10332457996836686 0.012194966713427284 582 301 321
232 0.9366421058035638 0.5546827994508777 0.06757622485946499 -0.05838490159545094 178 321 267
233 0.10919178218480222 0.5814694387999925 0.12692225452061445 -0.171531562001212 309 94 450
234 0.15365467938943395 0.6134722656761032 -0.002797258605302666 -0.35835051592769673 450 314 224
235 0.963031537514061 0.922668482777909 -0.11282898952429901 -0.4765355211236617 18 226 213
236 0.24115232556279018 0.11284784414684958 1.2978704389273008 -0.15865040983687687 198 60 378
237 0.35507465539535255 0.9752514297234969 -0.0681657379847378 -0.1866742502546967 158 397 148
238 0.3561386487807361 -0.02452621648025876 -0.24321905581128206 -0.2223993299417526 148 151 474
239 0.0001593714945740499 0.13560902824795182 -0.40019729321074965 -0.09509077786252693 504 209 310
240 -0.005644066865908541 0.2054823852785218 -0.3038760104765066 0.30064162508515546 35 310 502
241 0.14433936567900985 0.1183018544976629 0.13843932875068354 -0.17261039195193284 472 171 287
242 0.13180569381630985 0.19067974339931773 -0.0012540961324969402 0.4722138458035374 312 472 185
243 0.8824976061368914 0.4719131397026474 -0.01501951861493378 0.17660683609976857 319 368 33
244 0.9072665881618295 0.47101409749088047 -0.02767360854361023 0.16347817891060323 33 345 335
245 0.43365337105661295 0.4918511278417678 -0.018701087553529838 0.4894687880702131 369 233 592
246 0.24138625639553773 0.7527098168340168 0.3877203066688251 -0.2810572484625686 189 40 208
247 0.1829698810725922 0.8516444943667285 -0.14269975409653135 -0.051433971665071354 372 532 449
248 0.25218605810297656 0.8459440124059285 0.28953767865799557 0.1243253025783866 532 565 453
249 0.24632667004286612 0.31954328748039934 -0.34011565092084695 -0.27536603275368776 206 424 273
250 0.4171036882444816 0.5313603417102035 0.07319901490498992 0.001747470917967675 138 199 382
251 0.320924592981193 0.9162355224986429 -1.243527918419647 -0.22812236578635248 528 413 391
252 0.3209865817896669 0.9161222790958318 1.1163128045777122 -0.8104858137706824 147 354 413
253 0.25245854509759436 0.846015318984837 -0.25461500200292486 -0.252822102729327 546 579 594
254 0.25450847097156304 0.8553871014650135 -0.4560214736452602 -0.08762239632324233 187 546 147
255 0.6203896927727006 0.93892033316865 -1.0594654463807964 0.020972332210992834 279 110 297
256 0.5796157783749913 0.8366705530483448 -2.3072068468844322 0.21764611066090594 285 52 76
257 0.5800802150774668 0.8366958316138586 2.825636035877721 0.4383123324456172 76 555 419
258 0.5633556934907353 0.7748273226180299 -0.12533418504434568 -0.04913058033323425 429 183 435
259 0.5766359497427228 0.7796022206313569 -0.21042028380130473 -0.07807199314119329 441 435 215
260 0.5796739701582347 0.8364897624343276 -1.8172027070816563 -1.590580351989708 324 441 555
261 0.5499789096662517 0.8113520407282402 -0.13480252738715115 -0.06287973926266677 67 93 569
262 0.5797842346040628 0.8365925315644552 0.7410409191713294 0.671435662668099 52 569 324
263 0.2544870770324732 0.855391692975616 0.3599226660892167 -0.26622551561682845 15 144 187
264 0.13968420748911045 0.8663748825882739 0.2034959006858017 -0.18688725497706393 212 457 395
265 0.15478838305123227 0.8133993316287014 0.4245146719041156 -0.17566408573523212 457 274 589
266 0.07065977282151013 0.88842522354972 -0.13268390483545112 0.009149066226843416 261 578 212
267 0.33758853903076186 0.19425209128405269 0.3753682392693136 -0.09343458957922213 244 270 82
268 0.48346999098135574 0.5562920739636978 -0.07885634749349446 -0.056414926896675155 105 156 323
269 0.4847732646241746 0.5288094441844393 -0.09049000611327518 0.11704661129208205 238 326 156
270 0.3092276779216325 0.9790118678804958 0.37386943228800984 0.03841953005734311 27 242 533
271 0.9154368877523373 0.6033922993102465 0.643653361859231 0.26817322888435335 516 277 505
272 0.8890243805087932 0.5586104456167277 0.04960245521615225 -0.17390116499593766 225 254 516
273 0.9155526353762825 0.6033830270975219 -0.25138438537286417 -0.12099564810903567 277 178 430
274 0.7843419196103508 0.03394875316589068 0.22540300459450435 0.12151757221995352 44 373 344
275 0.7381716939680502 0.07437747723375383 0.26814031203747923 0.133464911344916 489 44 123
276 0.11023049493341673 0.5781075066322139 0.030667060644390398 0.132040181826526 94 68 353
277 0.05279758882923156 0.8736968267100423 0.010073196443638466 0.12083832059972544 150 374 578
278 0.06182114239390879 0.7971275118554091 0.09113847176944745 -0.2076110103277351 563 175 374
279 0.2682403081215173 0.786935334060188 0.10910290190822153 0.03126711170791524 32 208 544
280 0.2700129306729169 0.7866704019343218 0.027638408991732377 0.04083956033255703 544 598 142
281 0.7003150501854206 0.7141739979694874 0.19673250580692914 -0.10979765811824915 559 463 492
282 0.005400104564729845 0.7359476502484311 -1.5948990212414023 -1.766708561496094 576 495 234
283 0.005634570852570476 0.7362832713730881 0.9229131424750344 2.7197936249603307 234 122 563
284 0.24098185456869345 0.1129492442794491 -1.3549424070639675 0.11097508270403039 389 198 59
285 0.18429996208577495 0.10231477315278684 0.7187684029750672 -1.3944464520332682 216 169 389
286 0.375409017172752 0.521065464206326 0.04232978741830484 -0.03219068319196272 263 249 199
287 0.26547068734718243 0.3029357902400491 -0.28762931827963634 -0.3211999055618975 273 356 84
288 0.33963035607133324 0.2935944690714236 0.22645771508011947 -0.3499295325726237 84 113 207
289 0.2845930898792903 0.15816891480826614 0.12284760118885796 -0.2106664623996446 442 223 244
290 0.26493117794482723 0.16191198922102187 0.12607843796752505 -0.17845013002004695 451 428 442
291 0.2279450941142979 0.24202052253837453 0.013529515008325887 0.3107639187649447 566 451 356
292 0.5411322886435704 0.49757218567063466 0.04233602635128619 0.00482327025541629 326 3 355
293 0.7893481045570669 0.702243916408412 -0.12512492014726817 -0.062242385551192214 501 139 74
294 0.7909813709872817 0.6650415364308966 -0.10588635038222272 -0.06862373100324781 466 31 139
295 0.740594479759236 0.7182826575236058 -0.15943478342563508 0.05095365758012518 417 351 501
296 0.7091943926884636 0.6953181775584149 0.08033142033514462 0.052797766852963335 377 64 351
297 0.8444854856248155 0.565433836688209 0.07075826521929507 -0.21700639236954533 302 37 570
298 0.16779143847225902 0.5968828460231208 -0.1395109625046409 -0.18789701634880362 314 20 524
299 0.15523109683051248 0.5744179259882884 0.03408590805442646 0.11459393295387699 353 214 20
300 0.6493559301200584 0.5799346899209854 -0.042630553601097354 -0.033032511795316744 416 519 283
301 0.6678799208604586 0.44503508570219896 0.34750310286252695 -0.17185280603762954 367 42 268
302 0.6483372910159981 0.5573917263379131 -0.022392700194107107 -0.02368123891427487 519 538 488
303 0.4351055519476128 0.57459798172 1.0141784257072881 -1.3169493728827295 160 595 298
304 0.61310816609137 0.6000523023382398 0.008351254410232656 -0.09034902409554846 155 416 545
305 0.4353918130420081 0.5745013932900846 -0.998648146203476 0.14754319850834688 46 119 105
306 0.43542696191645763 0.5745943250817035 2.091497629984817 0.2278401075851656 376 55 46
307 0.4350374338946891 0.5746451793740813 -2.708841397980994 1.1878582417020858 595 7 55
308 0.5843090211741129 0.578301475292858 0.10053867460779742 -0.007587633299444008 177 305 155
309 0.5383002494807667 0.5961559325033435 0.026694967070195474 0.04554747204399412 556 323 177
310 0.2052024284384545 0.7389271181031766 0.05881656515993594 -0.009017022545299014 493 41 189
311 0.9723030710575438 0.6879493148020234 -0.15531331481327681 -0.1530744484293245 317 496 548
312 0.005457565313629307 0.7359547931358187 0.3219210319756888 0.9681415623450251 495 548 388
313 0.9749939072973064 0.678580944957503 -0.19936225274796993 0.04045009188713422 496 491 130
314 0.24125250595482983 0.11298781933853456 0.9147159691204418 -0.46073879539739643 59 271 428
315 0.18419393325632338 0.10245102678524223 0.7974157760373777 1.0484420999104125 287 432 216
316 0.18414524858052508 0.10233423589598692 -1.4003357533682843 -0.09849142891505627 432 437 169
317 0.18443921851261375 0.0999003155613469 0.03822055024901849 0.3217243160248684 437 394 529
318 0.21630819350893218 0.24661383868128692 -0.07944481548310955 0.34774983830032635 86 566 593
319 0.11905303187158893 0.767080624188894 0.09186185180587447 -0.10875619085859434 175 479 266
320 0.14452902506889803 0.7790590432071486 0.3752644413447395 0.6289784571596093 266 0 274
321 0.16589616219377318 0.472771115342476 0.16220022022554736 -0.282187461003963 9 47 100
322 0.129514998227534 0.4538733010003281 0.047875437713892646 -0.18561419902577173 396 586 9
323 0.12951723823548997 0.4538490913265516 -0.0032615852930246124 0.3186130371742122 586 508 115
324 0.16802897893871427 0.7020477944146919 0.10279867720952574 0.1907063548745036 414 224 99
325 0.10054525691719461 0.43829474765061577 0.40956554788265653 -1.2482568191921322 109 357 508
326 0.10040821847865769 0.4382997562286013 -1.3077354917435513 0.4873970977574242 278 547 357
327 0.10051914538965045 0.4384327378255996 1.059422957566951 1.1266107652254524 361 278 109
328 0.1604983142683342 0.2300889906922855 -0.2940469305545701 0.22305772194586293 30 185 86
329 0.14421748007393767 0.2484101699280306 -0.12721149619809857 -0.0003931317077432439 530 30 253
330 0.24132667539971062 0.11290875165362452 -0.9328947980378945 0.054760771682179146 271 378 210
331 0.15483638310955175 0.8133905796545741 -0.48096848463056835 -0.011055658011250788 589 387 372
332 0.2522694877966973 0.8458873767838067 0.24098014702689327 0.5413372608059326 565 32 22
333 0.8422535080723113 0.33778423345932324 -0.11004130488767583 -0.14033755720010976 306 464 536
334 0.9724190006402478 0.3308185810179717 0.24620956384779902 0.1443169236892139 51 514 539
335 1.015965330871638 0.3662228942054933 0.36905378185425086 0.16741775614694995 423 539 480
336 0.15206539250070564 0.7819448049544938 -0.06344766864674334 -0.0015873753700379467 296 493 387
337 1.029485331810463 0.23548642532632136 0.08757676395057881 -0.20861114274819265 573 264 399
338 0.029685795147632074 0.2346140025560339 -0.027537886511039278 0.30341659207908445 264 494 36
339 0.2858288192594367 0.09910879333909137 -0.09888047602935046 -0.023884658140183035 210 43 62
340 0.9019367404458128 -0.03532396921232222 -0.1363386105401876 -0.36191886154668396 481 551 168
341 0.9104940556168022 -0.06914521312303225 -0.13359479460184343 -0.43348052300440365 551 89 557
342 0.9184281027625507 0.9241622255462508 -0.37346702926391306 -0.18111188182859395 557 95 18
343 0.2905050747750949 0.059178950100287786 -0.10378963036239419 0.04037653857091872 43 334 21
344 0.32727667572948876 -0.0048915023985886714 0.03009560829714264 -0.24748291922727095 533 158 276
345 0.3255720860810451 0.04076759422506401 0.004725458219168033 -0.012261189286100205 21 276 246
346 0.33962597765256614 0.04937218078993449 -0.13263034455424094 -0.10033519570740168 564 246 446
347 0.3765224701323917 0.023558435759124547 -0.2608450830332565 -0.0321445370321527 446 474 237
348 0.2137792514251708 0.296380446722459 -0.07067175386565872 -0.06718284747964098 288 593 424
349 1.0080333190786581 0.240369382700939 0.27724271628448705 -0.23495150269781107 514 135 573
350 0.9973549220028444 0.21043154789311197 -1.0499482464823486 0.6653374182895516 78 143 135
351 -0.002531823327610231 0.2103527960317181 1.1198885226386575 -0.817247005520925 143 502 494
352 0.8326216849531526 0.41855024996397283 -0.12713818400844623 0.10930526067598478 436 536 368
353 0.5960546298558772 0.5305975698538875 0.31676557193650823 -1.0849530319776812 81 515 440
354 0.08623767410725022 0.23429491637764716 -0.07437805449664325 -0.048252936889203735 549 571 530
355 0.595848458568432 0.530752724294204 0.6804362887900621 -0.2960441137432558 305 362 114
356 0.7164218757523293 0.6168515009517274 -1.3719970112334983 0.8397691984887543 283 69 38
357 0.698113332115385 0.7008849987036776 0.21049202207634732 0.005465704798479631 463 161 377
358 0.8602333280244677 0.5532078907098645 0.04906756181921601 -0.19195494083135145 570 191 225
359 0.7167001292618811 0.6167259057924972 1.5484070738924567 -0.47842691748495647 98 69 39
360 0.7297885285239606 0.5580009144694045 -0.10589080515210902 0.18326044501359995 39 583 48
361 0.8064591540700861 0.5368786470685899 0.38059266987966467 0.027665135460264167 48 195 37
362 0.7250963775818171 0.38156103060109187 -0.04150788220080859 -0.23839232532463228 132 443 470
363 0.7966657645121157 0.9739399625577284 -0.17455269076767962 -0.2813288110039029 393 257 422
364 0.7207189232497461 0.6262251258025876 -1.483502330436344 0.5113879903871624 64 38 197
365 0.7864431673207533 0.008915108839976814 -1.1789426020613405 -0.011609430624851685 373 174 258
366 0.5959505899368244 0.5307807951498628 -1.071771826466377 0.7599106953454671 114 440 538
367 0.6864083908644543 0.5311214980625586 -0.1834557707136586 0.117070848154599 488 342 583
368 0.7867038886548977 0.008917102252580736 1.5607184977270319 0.009818773075617715 258 393 434
369 1.0143743531284997 0.5223246981046894 0.10458498476972888 0.10696802957288476 456 188 149
370 0.7640299774105258 0.3795344426968658 -0.03364838754849053 -0.26365287036922425 470 112 467
371 0.6678679972456997 0.4450407827466271 -0.36496178181628314 -0.39761215925922677 268 315 342
372 0.8313120163894621 0.9508092863002473 -0.01551934802456606 -0.23795730038104687 422 167 481
373 0.5346868416263029 0.6333323894362053 0.02819731045877738 0.03769224307670349 415 556 127
374 0.81591001113181 0.4252422255300798 0.283160945038774 -0.03830426982542878 467 436 4
375 0.4785619326573038 0.9784885458413606 -0.07172678700984036 -0.05968939786882288 282 118 597
376 0.41440069140620694 0.0361427244028873 -0.16049779699711664 0.015362024152754117 237 282 590
377 0.7209967939778552 0.6260910319759079 1.3577423459761135 -0.8597728196161423 197 98 466
378 0.8667860124178162 0.5166272821957081 -0.022534568482057704 0.28286496304985587 346 385 319
379 0.8556238443685059 0.5214921868546011 0.1358863880793204 0.20939347426113253 191 534 385
380 0.892039094458211 0.5537215683239503 -0.08771038704363798 0.0440950613696256 254 346 582
381 0.8247330559182252 0.5087731079543716 0.2745910478163527 0.2245635566389126 195 4 534
382 0.6679001552011384 0.44490847862722604 -0.6322675571930657 -0.020632439494698476 315 229 132
383 0.5957943518097373 0.5307394686341208 0.1875446515954885 0.5793366048134218 362 355 81
384 0.7187159391529696 0.36555170206016085 0.0952567042605823 0.08646332885775543 294 341 443
385 0.963032550423948 0.9225481901557302 -0.13543127668044946 0.4700718911153758 226 307 150
386 0.08505941898779025 0.23057825249893585 0.06556026398846226 0.3768062062023403 36 312 571
387 0.5575396428439439 0.9967181646830454 0.5608571308199145 -0.12982407432204435 597 560 337
388 0.9368075208601245 0.011215773007220542 0.06664467588901601 -0.15594823869757857 454 168 104
389 1.0235334250860713 0.4857370259939474 0.16303181721299964 -0.01576866276442601 366 154 188
390 0.02987418243322241 0.5354233148791522 -0.0020676477890946288 0.04223090696586773 149 128 581
391 0.061678085114580214 0.25636663219771133 0.07256241649211681 -0.22687018999545394 399 549 186
392 0.5755802712304028 0.6619314424758737 0.009150607355179474 -0.006609107705557449 336 127 50
393 0.610010752556051 0.6454961988574404 0.012091500717348325 -0.034658938219411795 50 545 161
394 0.6415554702923424 0.06799942223702353 -0.016767003063744568 0.07864167581028703 8 280 489
395 0.5576120633462073 0.996702417578499 0.04234298736969068 0.6213384273209095 560 420 500
396 0.5985392437926146 -0.0029990499853678985 -0.1276350448942143 -0.08628043765557258 513 347 280
397 0.557630908301821 -0.0032881750292375993 -0.23175492212975085 -0.3712275772739071 552 500 513
398 -0.0011656400247197153 0.6306691363841508 -0.3376765976375023 -0.7859054945019706 272 509 499
399 -0.004253076506369124 0.6698787498183707 -0.06591033031855265 0.019620436872425095 130 272 24
