1264
0 0.021839842186560897 0.6320456123850433 -0.2818410092114698 0.052609602438358216 111 66 359
1 -0.0010837807676428277 0.6305321136213528 -0.31053418038222164 0.18051774040958762 499 526 111
2 0.7620201103998757 0.8317031562119259 -0.10228990224292467 0.11134997229822474 85 11 327
3 0.8786800042054751 0.8925077432389568 -0.1383986230984015 0.4303676745217363 558 371 384
4 0.8943142284325251 0.9117512947973895 -0.11153302737112851 -1.3265731733622685 468 384 182
5 0.9154192474560585 0.9201394104350482 -0.3975203779498404 0.5760421519965904 386 182 307
6 0.915435940487758 0.9201063136044532 0.1284910317955832 -0.4408070424709266 34 386 95
7 0.03314721530918707 0.686001884240926 -0.30564875855981777 -0.02587917016100283 517 359 452
8 0.02157465972809964 0.6908198533836227 -0.18979916232425564 -0.07216178384006344 522 24 517
9 0.044005576560159215 0.5947407080460099 -0.22390153377183086 -0.06096163122915055 66 462 309
10 0.3629363704796056 -0.04333795707011417 -0.682649819024007 -0.23039515898402863 163 404 151
11 0.3533307822433581 0.9680122107690657 -0.07393995875640269 -0.11777477977245598 54 379 397
12 0.36285181969108354 0.956628842878392 0.25344136476436985 0.1333125363220519 379 193 163
13 0.8719183561695458 0.21341132550006953 -0.06798704932364785 -0.03263617154303233 10 137 134
14 0.9943777581584547 0.20548710260137948 0.5701406442649276 -0.13013671016522924 591 35 78
15 0.969713597612085 0.1900161132267451 0.36258662843013933 -0.10826910305794524 134 370 591
16 0.03196118530814335 0.076650769569853 -0.16146217904355886 0.1496106495635363 133 482 599
17 0.13424004811560106 0.07290327821749872 0.015126762342720923 0.27432989421760645 400 45 394
18 0.6011478324270632 0.44151982607783313 0.15269768366410474 0.14259566930019396 338 447 433
19 0.6258368751708354 0.3921527405460584 0.13651008240467277 0.06537498598024882 447 25 202
20 0.7950786284560297 0.13065351897597668 -0.18908264468042724 -0.10919609730319912 243 269 137
21 0.5217330737513735 0.22844432520554592 0.1451822776582512 -0.35351902100133614 181 6 260
22 0.604848370340676 0.34584297547746773 0.06531740773252359 -0.03519846428212681 486 103 25
23 0.5708305292744054 0.2201976895233675 -0.1855427797514686 -0.27085570800111647 260 318 26
24 0.5160683511170918 0.20377729353877327 0.21421188434178617 -0.030972568260123623 349 250 6
25 0.5510035384349299 0.12441483030154465 0.1987945429798854 0.23945353790078006 448 23 523
26 0.4690137087079746 0.13872265314762341 0.06323528228824316 0.20914575349362252 328 23 190
27 0.46434931572261146 0.17435072147804684 0.09283395163706132 -0.07391796202904644 162 190 349
28 0.95350724795236 0.6876578701241014 -0.02980314328659972 -0.17033837142448743 510 70 317
29 0.919612704978183 0.6834188042086946 0.1818935568137503 0.13303193303892957 402 518 281
30 0.8942024765698526 0.6342170080892282 0.05614510800722172 -0.16956008055957206 201 77 518
31 0.9529887289522163 0.6863313032571726 0.10490760950915279 0.1685735813742803 281 88 70
32 0.9669601573432963 0.6735205760916643 0.10452136725569439 0.2100071337315934 88 49 491
33 0.9668377944357469 0.6416930923244835 0.14586658825255228 0.07257857717601901 56 136 49
34 0.8785745657155897 0.8926069731168094 0.38850062034599675 0.06516841212446302 218 558 251
35 0.7955497779088969 0.887585506664363 -0.5492531998988436 1.1840039697698195 483 458 218
36 0.8312733969865708 0.9505849658574376 0.05150224345845493 0.2390150314322305 459 284 167
37 0.023842696640061015 0.9823492113977712 -0.007305743510155338 -0.0858074583609536 104 299 227
38 0.12054830095516181 0.7464065273323734 0.09667674456120823 0.29443528969108623 452 410 479
39 0.1798906175145981 0.9277803137570029 0.01809034588795555 -0.178155110802658 596 232 427
40 0.36154132949971096 0.9238032214530125 -0.1641155563877894 0.19250106300661152 193 80 13
41 0.3443137202919458 0.8025098062737952 -0.16057657009627135 -0.19135625722865868 184 240 79
42 0.3854326112805183 0.9261279221125672 -0.3733425960744663 0.20036067319151307 404 292 87
43 0.37202859251683273 0.9154091097340631 -0.23809800797636171 0.27831439756986764 13 79 292
44 0.5566324216446048 0.7490264961309514 0.008762512243576381 0.37029912157426903 540 587 183
45 0.5432111502847949 0.8133860130146228 0.3763591324007498 -0.21457667986196638 304 72 67
46 0.48766876852257357 0.6576835665109382 0.011205594785401729 0.03366219733513809 255 415 567
47 0.939296551525172 0.550752871865824 0.035329271973194576 0.0718412719070971 301 335 550
48 0.9506257275324094 0.5528292886614554 -0.09512372920600365 -0.3482646819168096 267 153 408
49 0.9506236250964273 0.5528815589289843 -0.12538738734740948 0.3853673699167313 550 456 153
50 0.6204797729038898 -0.06089852805307952 0.6544327924151304 -0.07772552829490592 347 29 507
51 0.6204882240742375 0.9390216190197612 -0.6701248282111683 -0.8576980452474139 507 297 531
52 0.3559041576460578 0.2478030237223402 0.2679176519526649 -0.38271765687158954 113 82 572
53 0.5348106488025695 0.8624751155791607 0.3882321335940686 -0.04722409338575595 121 304 460
54 0.20855500025272078 0.5937512691027221 -0.17207422015053098 -0.16448736747665116 524 125 471
55 0.4704740071055025 0.3627824556203364 0.021386677151458144 -0.18901847795294024 207 473 497
56 0.005535733814079709 0.735921564389638 0.03549188331739787 0.886046663313043 122 388 522
57 0.840584306698819 0.29457780337229006 -0.17853683826479783 0.2579679629632903 236 10 262
58 0.505547919934956 0.32816540339316647 -0.028341489571870326 -0.07579491687059736 473 96 486
59 0.4877402476022333 0.27177544265470355 -0.01800281312913654 -0.18419038239070318 173 181 96
60 0.999023816883474 0.5824740646878772 0.06235320870739969 0.0848845813083976 265 408 219
61 0.022548308762977476 0.572414275787732 -0.0322486135018174 0.13325711541167795 219 581 462
62 0.4829874145140828 0.4261811990153382 0.08583784794069516 0.29375762239380876 233 497 421
63 0.5435280631346704 0.4588683787618292 0.01593740764360696 0.23475042673637425 421 338 3
64 0.27001900614785845 0.7866673436683584 -0.06617932869193345 0.2457632476128254 598 252 1
65 0.3564241366981617 0.6214601677705481 0.18709916879688926 -0.07599407145231218 117 308 476
66 0.2522035774367261 0.6427265921352876 -0.0714639680765572 -0.02391654235767149 159 471 117
67 0.3940391269392818 0.6528630372811449 0.17564779977718992 -0.10967536254180565 476 332 311
68 0.3987084448306259 0.7318037037787507 0.19992679109459566 0.09655097832350634 108 311 63
69 0.26735082587266523 0.0462439375592521 0.26735695775326196 0.24523019379052435 124 403 334
70 0.6742168472127098 0.35911930182465784 -0.004194634917187301 0.031293671820531443 90 120 294
71 0.6677606948984122 0.4448856088983014 -1.726926600068094 -0.3374671575184459 42 343 229
72 0.6484649777618765 0.39401120012833973 -0.04576867738970147 0.04757667940169519 202 90 343
73 0.56963826192834 0.173735520621836 -0.13977064486272311 -0.14414111395352064 318 503 146
74 0.5679949060211307 0.17289592534960668 0.07514823275375088 -0.03295447881593305 250 14 503
75 0.5689562215121281 0.15189671372109217 0.39247288223173693 -0.023280416207001678 14 448 290
76 0.5575902738144304 -0.0032830722254193596 0.09451168589880067 -0.6714078429321092 337 552 192
77 0.5637457847767601 0.10902821537270473 0.12608974229305625 0.34607178771989267 523 192 116
78 0.5690688155523572 0.15187558392533085 -0.36047563370150865 0.11827362851038123 290 329 230
79 0.5764179610144875 0.11791910759768898 -0.04521002600066382 0.22506319186793577 329 116 203
80 0.6450228663544523 0.17537193421274494 0.14671633303880646 -0.017351103206672026 83 392 506
81 0.5761736037810944 0.16752949718817553 -0.14312618399486832 -0.10942403025349101 146 230 83
82 0.685589101367291 0.2015651675209134 -0.22693678082552626 0.22548529432508957 222 204 574
83 0.6451044152465415 0.17527377173608094 -0.19579021849971956 0.39577840884967835 392 484 204
84 0.7406526791669681 0.19285853792192023 -0.22786201189783917 0.24741964102514835 200 574 407
85 0.7737954202151963 0.133900957248321 -0.014938947995313256 -0.13724773470502605 407 123 243
86 0.617240308600903 0.11052744849526974 -0.0920809865856409 0.22852802844530729 203 8 484
87 0.8048096915187168 0.04976581550788117 -0.3851627332408813 -0.16399818637976257 106 61 165
88 0.8047817570024228 0.049794519945312914 -0.09287523677372049 -0.4595095947463549 269 12 106
89 0.7954843072181459 0.03962672765501793 -0.3756322618662304 0.4097296532696508 239 434 61
90 0.795525683669791 0.03959332626961106 0.5576115859375346 -0.34898805384442083 344 239 12
91 0.6451354721019356 0.27083330659949123 0.09284693812394718 -0.058464462091012415 26 101 364
92 0.6464825031973618 0.2956180580092166 -0.19114188448167424 -0.15250703867082313 562 380 120
93 0.6463921570215329 0.2956042719123389 0.30159199474009013 -0.07677266415640187 103 364 562
94 0.4171847083230823 0.09877774150385617 -0.1714053128598625 0.006138247549136722 126 590 328
95 0.3625586911719152 0.12224905801626737 0.021371091007971188 -0.03619947605559837 478 383 126
96 1.0001725965690915 0.13561725294687446 0.45114491427843906 0.18836436365562656 370 295 504
97 0.9997038214541755 0.08892032764502457 0.17256489015515797 0.00821888390678538 561 133 295
98 0.9120492817623751 0.7033093785637743 0.2758129970942269 -0.11594701865291768 455 402 375
99 0.8780622171503345 0.7992283939210048 -0.09291126618071743 -0.23458161524381183 19 568 371
100 0.9302444872357647 0.7137449766212771 0.03685246274809373 -0.27289750216541453 176 375 510
101 0.9376577242836467 0.7438890745402784 0.021542129191587378 -0.4076866875341034 568 176 576
102 0.9154776397567062 0.6035152601106086 0.44651902386878045 -0.31581867617782017 77 505 350
103 0.9155426515598425 0.6035016302577436 -0.3812432670230979 -0.24558101244850222 350 430 56
104 0.8941580687585033 0.911924190964263 0.2991755109057678 -0.06184481059592125 251 221 511
105 0.8941376934080966 0.9120232805605452 0.1306295114667042 -0.16852783940232968 284 511 438
106 0.8944055861059426 0.9122809888883444 -0.17141035913792804 1.441946562200341 438 588 89
107 0.8943000054511255 0.9120869492004764 -0.20628867880275667 2.133615289364768 235 221 468
108 0.8944741767301256 0.912013853110531 0.4693046565945602 -1.578062381806742 588 235 34
109 0.049083703865356085 0.9536745105198189 -0.19975821656526005 0.1637375242335981 469 261 439
110 0.07585907873986499 0.4767694976921232 -0.1948703744160049 -0.4465910072521187 57 53 340
111 0.06256062511681627 0.5254027925516992 -0.020957381663411212 0.07054616196766617 128 340 68
112 0.02940520720179787 0.3635087510364855 -0.06296168433080236 0.4700607663472769 194 480 196
113 0.12679099505061933 0.34828252366553647 0.032156374611680416 -0.16085714548558228 97 275 286
114 0.3775122724058223 0.573051219319226 0.22411922664944406 -0.030243471615953865 308 179 527
115 0.3883701959585866 0.23452291525477204 0.057254302340825625 -0.2693228473571452 572 444 173
116 0.24855972926930758 0.45814575085558107 -0.3044490562431612 0.31201098163458063 205 405 475
117 0.21946918988509725 0.5266822541871451 0.08623604671608061 -0.1726282867115002 585 75 164
118 0.12373530382478731 0.33654894570547106 0.07726212170044988 0.03421522822011358 535 485 275
119 0.9796603472261441 0.4240083981864808 0.11357938756173525 -0.09723775673542434 211 390 366
120 0.3895418346399105 0.20928398004405258 0.04010944770760361 0.0029248943544946115 444 220 162
121 0.16462416112458772 0.879642432950007 -0.032522552706470975 -0.35416937646526314 395 449 232
122 0.6187971078019898 0.46144876124201095 -0.027092660059846452 -0.11616634633393463 515 433 367
123 0.4395301638217648 0.5092583550853133 -0.11505446630144522 0.15183521454020799 382 592 238
124 0.32522775215197525 0.9584913738643761 0.2320720109139085 0.11556657436573303 242 528 54
125 0.4624216858226562 0.9275902319330146 0.045862418723841 0.26556212645578725 87 121 118
126 0.36912385254069424 0.7644522494729891 -0.3091628498997842 -0.40264545663024237 240 92 333
127 0.4168019497670944 0.7387762911572723 0.054225860570734655 -0.5563764340126768 333 256 520
128 0.36900882093371973 0.7643141410097382 0.4060656848367972 0.4382185787583492 73 108 92
129 0.4168018661336876 0.7387744644988296 0.1300988030115491 0.6069591270449308 63 170 256
130 0.6202884301468766 0.9390162513437796 -1.2665619601007791 0.010952900716119148 577 279 29
131 0.5576029282650856 0.8688558265101645 -0.000734508287525415 -0.17779845824794638 460 285 217
132 0.5877114241997922 0.9382602978275605 0.1441348380926133 -0.0052733407918115205 420 217 577
133 0.5699901124168416 0.7374344944638079 -0.008305046581003062 0.3977904401708532 587 336 107
134 0.6578284655673653 0.7659483115620581 0.03163829337404778 0.08807513190989269 320 559 247
135 0.5925165276600258 0.7621911402229271 -0.34928195405403706 0.056027820230508674 215 107 320
136 0.31001436928164383 0.7908929484394912 -0.2189268210307468 1.5162589815484364 381 5 184
137 0.32102333846583164 0.9161758764189488 -0.23992092768867698 -1.2096698280973477 391 354 80
138 0.5265089167151386 0.7764872169966863 0.336006287203483 -0.0930537672090559 401 166 72
139 0.4468538804106605 0.7377956453165918 -0.1314478071989854 -0.5300910823084672 520 411 401
140 0.5322463422239 0.7725330809878603 0.12217241515330435 0.04998522680835227 166 537 248
141 0.5337708657019609 0.7503523040361514 0.13034899964958768 0.3390177159834362 322 540 537
142 0.7013076380896136 0.8429505199018212 -0.7607768139257248 1.3892997283393393 426 180 141
143 0.6888308937223154 0.8379039101272656 0.3803266979041824 -0.12293339302663032 300 358 426
144 0.7014016236308953 0.8427267466819062 0.4412669967772853 -1.4731005948146412 180 554 85
145 0.6888257475649918 0.8379181990868444 0.19490878321783298 0.39224354712817633 358 247 554
146 0.627910925898923 0.8690751655614594 -0.04507380163554231 -0.021975490871462 110 419 300
147 0.7954576848038695 0.8876933294975075 0.8740569507347017 -0.8560394051086587 293 483 316
148 0.8167156515337102 0.9472352156589174 0.03790118097840578 0.08284816149090046 245 316 459
149 0.7965993107313563 0.9738655796129132 -1.0402015172882115 -1.1081843564515357 445 245 257
150 0.7839475187949752 0.9793666101994768 0.24368842898442322 -0.039345417375546976 412 445 174
151 0.7218046569123056 0.9266508406892577 0.1359087627161859 -0.161835020384693 531 330 412
152 0.795437235841773 0.887470007140119 1.4229222171371838 -1.0279013132241037 580 327 458
153 0.7951655975706203 0.8876756666947987 -1.9195077073717697 0.9308654714667436 140 580 293
154 0.7350824910950093 0.8928745894538462 0.07199169385629922 0.013630432199596143 330 141 140
155 0.3100410896906183 0.7906209774110838 0.10365330971097181 -1.4951839701716145 5 1 73
156 0.2781264013366076 0.797537938640632 -0.0884030675052383 -0.12643729830480455 594 142 381
157 0.551644908212512 0.7831553490032463 -0.12212481512174911 -0.062210311901900184 93 248 429
158 0.21256443336478648 0.487205917969201 -0.006310967720635219 0.05992924906328412 231 205 498
159 0.1659373909894514 0.47271514385015595 -0.2944438771889323 0.22782063142457246 47 259 231
160 0.30189772890345623 0.5040983659856719 0.165103856107629 -0.2549954255994663 164 363 289
161 0.302228374278514 0.5027458575075269 -0.018232467402165553 0.4835702621967461 363 475 331
162 0.37376865706355944 0.513701413792311 0.16942408231565564 0.4824750076889983 331 369 249
163 0.829126563080524 0.29796498240085373 -0.0335233901402332 0.21718458385888706 490 406 236
164 0.7403069047485069 0.27278494066347303 -0.0020643809578446692 0.0035488167959840666 512 58 418
165 0.7590131313950566 0.25835506610779174 -0.19098571092668326 0.13973845726378276 58 200 406
166 0.9263587322845279 0.35366191089634347 0.20902753694596043 0.18367653786821592 409 51 172
167 0.8562106566617789 0.3283151324891265 -0.30792867526663326 -0.007010566085985381 464 262 409
168 0.9441787116655148 0.42168065063263177 0.14542402976269742 -0.10117116241992186 345 172 211
169 0.35473360699028156 0.18495533761968322 0.06463406962420315 0.057682654139301626 270 478 220
170 0.8268301573128845 0.7322168307136834 -0.000679099831923935 0.04036055344103229 91 74 455
171 0.8491687256548548 0.6232914839330023 0.07872246118867388 -0.17815378408614357 31 302 201
172 0.9988329061398542 0.630441499655582 0.10974943531825553 0.48361915547549467 241 265 526
173 0.9987469292703068 0.6305611711734218 0.32949490252659647 0.29251485811202566 136 241 509
174 0.4352089660486896 0.5746745683428951 0.7780542167468673 -0.33567242310527734 298 376 398
175 0.4390071206637207 0.629106573217075 -0.09317990753987537 -0.024028987133384305 332 398 255
176 0.22303159129744457 0.9295356618042012 0.037490434368070424 -0.1980982190785685 427 15 525
177 0.2031621133589367 0.718099301748717 0.12454074056755804 0.22879095146199901 99 129 41
178 0.22393974546940787 0.7103070084909118 -0.16871966150577844 0.35296923960037585 129 159 325
179 0.24140865990550106 0.7526977690998063 -0.43931769113254293 0.5544183162152667 40 325 252
180 0.03997150132233514 0.08672068358782385 -0.25450969526330525 0.01892658009483572 209 599 425
181 0.12115764826248022 0.08885495064723657 0.25348726243046293 -0.01415902742274433 425 400 171
182 0.6749838648755094 0.22706512524564498 0.12371566062720739 0.05225838960783852 16 506 584
183 0.6609283485240387 0.2618950012678674 0.26664797827169373 0.21528031242162762 101 16 465
184 0.6752177147755124 0.22706208241241885 -0.3660429662936254 0.04935231793005111 584 222 352
185 0.6810015528164574 0.24865678360904137 -0.16281399492501514 -0.03348578289652515 313 352 512
186 0.6610248131233531 0.2619775501040263 -0.3273151903812263 -0.2864644326437682 380 465 313
187 0.29839503384419624 0.11053984352631922 -0.06257695438216526 -0.006476161967805538 223 62 477
188 0.33463754354121444 0.09937753626825861 -0.08314375091189596 -0.06711938990711097 477 564 383
189 0.9306778725422218 0.03199353277075202 0.06436117368224803 -0.18309100138780288 165 454 561
190 0.7405649023604576 0.7183307814882046 -0.05171021633890854 -0.2891792562340393 492 417 365
191 0.7856386987008084 0.7723222477313341 -0.05041083869783414 -0.11766076932206992 11 365 348
192 0.8218315138271377 0.761794544186686 0.03886818610021603 -0.15258618570046512 348 91 19
193 0.48682978160719825 0.7150775871063356 -0.056227726641377984 0.09334988754217122 541 567 322
194 0.44685241759525707 0.7377493297044696 -0.09766676549807524 0.5407414171434369 411 170 541
195 0.04407902442489739 -0.0028487720702512834 -0.13662833607541724 -0.17237975352690782 482 227 65
196 0.06434190365338019 0.9830710529786364 -0.3151072926893539 -0.061451952901303564 65 439 228
197 0.11614074494722215 0.9967584331467331 -0.0567864533174145 -0.016971028055090542 228 596 45
198 0.027038492741550197 0.958835629865265 -0.13023902241180152 0.7040671008366927 360 303 299
199 1.0271450326629858 0.958733069212887 1.1154691735990383 -0.2925588707845605 213 553 360
200 0.02696267147654271 0.9587496592480211 -1.0168291452008742 -0.13913932235770052 303 553 469
201 0.27033781319393113 0.9854084251152997 0.29162057282872134 0.07359459847089411 403 525 27
202 0.219338649698548 0.5266167354583275 -0.3354558163312562 0.5781937025136578 157 498 75
203 0.0817065328374843 0.4717284780376045 0.946698421030659 0.9834279349650793 53 102 396
204 0.21933054639045182 0.5268376348703718 -0.5657251562091745 -0.610116019554921 125 2 585
205 0.21924582277699167 0.5267230806803734 0.45127653978049503 -0.12202124802652807 575 157 2
206 0.18736646221153197 0.5246870562643245 0.07323602141395824 -0.020063463390673775 214 100 575
207 0.13172338400251551 0.7448900380951861 0.009975390999339417 0.3070120976889079 410 414 339
208 0.14461993259625272 0.7789654260488711 -0.09382221388416333 0.18358001392106918 0 339 296
209 0.0883146900251914 0.38639163862621984 0.004263256414560601 -0.08908262252860233 461 97 547
210 0.02944632934223975 0.3637004041946843 -0.2615106142593061 -0.4384835459460799 131 194 461
211 0.081528396984085 0.4715582605158927 -1.0126758095622388 -0.8753205562611355 17 361 102
212 0.07582624856138938 0.4767333770689109 0.4429150301133323 0.25611035425396594 154 17 57
213 0.1631730421486621 0.3153931088080718 -0.271065406579063 0.0602178354056071 28 543 288
214 0.22655471871387706 0.3869979422484158 -0.4219455763954105 0.05681350945252461 521 206 405
215 0.17500523260914402 0.39015902483738807 0.0653139126116642 0.014630385791747358 152 487 521
216 0.14979420062472112 0.3506673856152867 -0.10182272247583057 -0.19523412782274097 286 28 487
217 0.07254253539280163 0.32016127026924185 0.07898910830972383 0.02761802661566115 196 186 535
218 0.15562946613701326 0.31076539170037293 -0.10556244073312016 0.16799078482454544 485 253 543
219 0.2288050522108949 0.09076484226468819 0.16319530657393777 0.3192329307150077 529 124 60
220 0.4313510803403687 0.571922220890673 0.3909247264122933 -0.22705696452521557 527 291 160
221 0.4352356687644596 0.5745328521503058 -1.3069381577592325 0.9157855367929895 7 542 119
222 0.43133096315302316 0.571950558288599 -0.05581287129512169 0.409091077547809 291 138 542
223 0.36185369379493854 0.5344950965093582 0.19475229137699834 -0.22961661877429762 289 263 179
224 0.25233904168595134 0.846012147768408 0.010510447835687404 -0.07317123326515407 71 22 579
225 0.25231676706469586 0.8459988760811722 -0.03980206998813488 -0.48295883775891946 453 71 144
226 0.7707483288622109 0.34889264358282196 -0.15577242065689667 0.09359292924004947 112 431 145
227 0.7487711584317744 0.3361670265437895 0.018219168188005064 0.20930126902463098 341 418 431
228 0.1494619913287583 0.44960116153818086 -0.001868699986418143 0.10369111957952981 115 152 259
229 0.8256638234313549 0.3261892566056021 0.017429499510335233 -0.03786953181594832 145 490 306
230 1.016025073903627 0.3663771228473653 0.6159824812394376 1.653430591802278 390 423 131
231 0.9365971783383211 0.5545951223289083 0.10848091784945463 0.008516440005469639 582 301 321
232 0.936648224294228 0.5546770665375153 0.06118490664206583 -0.057329133625115374 178 321 267
233 0.10920447731472348 0.5814522781092984 0.12695129921261317 -0.1716069069398335 309 94 450
234 0.15365439563724553 0.6134364434981016 -0.002837521884124783 -0.3582217800168763 450 314 224
235 0.963019534960271 0.9226209553498687 -0.12002553789996605 -0.47527428040377995 18 226 213
236 0.24111198693661384 0.11284465600775413 -0.4033862617634082 -0.03188139095441651 198 60 378
237 0.35506780785362185 0.9752327789213594 -0.06847541730685414 -0.18650802137507722 158 397 148
238 0.35611411601251036 -0.02454852911859078 -0.24532768225747625 -0.22312638332019213 148 151 474
239 0.00011937673699450067 0.13559957466753692 -0.39994757579549234 -0.09453580414892233 504 209 310
240 -0.005671249898135941 0.20551198147709993 -0.2718303222740018 0.2959619857810557 35 310 502
241 0.1443533235593475 0.11828489257392233 0.13957880337645 -0.16961923740566043 472 171 287
242 0.13180555410993838 0.19072697267980424 -0.001397063714714264 0.47229280486504877 312 472 185
243 0.8824961059913627 0.47193080024175493 -0.015001455286323129 0.17660539107511308 319 368 33
244 0.9072638285609831 0.4710304447626806 -0.027596008464469968 0.16347271800110086 33 345 335
245 0.43365150949983616 0.49190007779745387 -0.018615567767832353 0.4894995568605065 369 233 592
246 0.24142463065127517 0.7526815740156715 0.3837425573743262 -0.28242818345380327 189 40 208
247 0.18295554485981974 0.8516394061521566 -0.14336212772469992 -0.050882145719022276 372 532 449
248 0.25224851972400375 0.8459568548567309 0.6246162102718409 0.12842450802341523 532 565 453
249 0.2462926584874885 0.31951575412487326 -0.3401155537763323 -0.2753335552607705 206 424 273
250 0.4171109409868466 0.5313605270948972 0.0725274236501594 0.0018538469370721344 138 199 382
251 0.32107214207230794 0.916291984888103 1.4754909111489933 0.5646238946006854 528 413 391
252 0.32089759933440315 0.9162369905402699 -0.8898245526371175 1.1471144443809005 147 354 413
253 0.25242678797692136 0.846028077630611 -0.3175712067298689 0.12758645774130434 546 579 594
254 0.2544631557982647 0.8553778230011951 -0.4531517329835899 -0.09278463818321465 187 546 147
255 0.6204925420054187 0.938992389108688 1.0284923271806283 0.7205594003805165 279 110 297
256 0.5797499382045673 0.8367165134648555 1.3415982957594788 0.4596041651075541 285 52 76
257 0.5799739905046988 0.8367012142938732 -1.0622457276797652 0.05382680014600141 76 555 419
258 0.5633431649025338 0.7748224033357913 -0.1252858820161018 -0.04919282238502465 429 183 435
259 0.5766146379588574 0.7795944235154179 -0.2131178386544086 -0.07797115939012222 441 435 215
260 0.5798309713313902 0.8365033208294911 1.5700117315540965 0.13558395163429207 324 441 555
261 0.5499654358534571 0.8113457553177494 -0.13473812794650986 -0.06285410490691756 67 93 569
262 0.5795440266691609 0.836501748749616 -2.4020793490191985 -0.9078281483921712 52 569 324
263 0.25452321503729963 0.8553653308127147 0.3613800482642269 -0.26362162901315095 15 144 187
264 0.13970460437738605 0.8663562042547412 0.20396888275597824 -0.18678333532640146 212 457 395
265 0.1548307164665265 0.8133817363822264 0.42333415294231486 -0.17595246474963944 457 274 589
266 0.07064650002302485 0.8884261250967515 -0.13272798485286508 0.00901547031473271 261 578 212
267 0.33762606674478846 0.19424274719101864 0.3752771402659727 -0.09344093034047152 244 270 82
268 0.483462093017545 0.556286410238688 -0.07897963810732378 -0.05663725009819043 105 156 323
269 0.48476421096010613 0.5288211520810013 -0.09053664068447986 0.11707896561963249 238 326 156
270 0.3092650426541905 0.9790157052809974 0.37364732557998437 0.03837400501527366 27 242 533
271 0.915483240108622 0.60339814374535 0.46352356284712826 0.058444351033824345 516 277 505
272 0.8890293858751663 0.558593019267588 0.050053663731147724 -0.17426349139745834 225 254 516
273 0.9155119773877193 0.6033973650151438 -0.4065798856321841 0.14337917621974833 277 178 430
274 0.7843641202083774 0.033960440710243144 0.2220059802660046 0.1168754435246222 44 373 344
275 0.7381984913942032 0.07439082316505836 0.26797426153080117 0.13345931304531433 489 44 123
276 0.11023356800075118 0.5781207085228927 0.03073067334456725 0.13201890678750383 94 68 353
277 0.05279861138974005 0.873708933121714 0.010225605084901446 0.12106411671763961 150 374 578
278 0.06183013547532723 0.7971068743127621 0.08993081418440241 -0.2063754264702844 563 175 374
279 0.26825133201275725 0.786938399300461 0.11023891239962669 0.030652402729751393 32 208 544
280 0.270015577468666 0.7866744417624622 0.026467957491525806 0.04039828140319835 544 598 142
281 0.7003347232623729 0.7141629810155063 0.19673076952220203 -0.11016953981035638 559 463 492
282 0.005457296250316983 0.7360536560402814 0.5719168558713812 1.0600579185031844 576 495 234
283 0.005622971474480499 0.7361772494190314 -0.1159937808997702 -1.060219540567793 234 122 563
284 0.2410685132065662 0.11289378869407682 0.866586378727558 -0.5545558537226914 389 198 59
285 0.18423761389782675 0.10242461044132642 -0.6234818794820067 1.0983728853958956 216 169 389
286 0.3754132517628351 0.5210622352421814 0.04234590083099232 -0.03228964144674773 263 249 199
287 0.2654419161495706 0.30290368056103617 -0.28771197611854316 -0.32109679012903847 273 356 84
288 0.33965299917483655 0.29355948753313255 0.22643103503305895 -0.3498153829106787 84 113 207
289 0.28460535813108667 0.15814785134659684 0.1226825179639901 -0.2106346166930173 442 223 244
290 0.2649439312183686 0.1618940664211457 0.12753273541388221 -0.1792279987616885 451 428 442
291 0.2279464454750226 0.24205158874189045 0.013513607247106485 0.31066203515922597 566 451 356
292 0.5411364879199831 0.4975727280401173 0.041992764127085636 0.0054236948265895535 326 3 355
293 0.7893356027175727 0.702237710715508 -0.12501839494194478 -0.062056929039933095 501 139 74
294 0.7909708637493548 0.6650345229747613 -0.10507237926948854 -0.07013456135296359 466 31 139
295 0.7405785490108028 0.7182877054662063 -0.1593074843320597 0.05047942600624718 417 351 501
296 0.7092022040877167 0.6953234633590315 0.07811399253127016 0.052858006166500715 377 64 351
297 0.8444925630658446 0.5654121401643606 0.07077441029068599 -0.21696523848369065 302 37 570
298 0.16777748681340304 0.5968640586627381 -0.1395165885598182 -0.18787360382688245 314 20 524
299 0.1552344985997954 0.5744293861436826 0.034017692829291235 0.11460155394105165 353 214 20
300 0.649351584547025 0.5799315417029449 -0.043455730333596954 -0.031482180404274196 416 519 283
301 0.6677367903547383 0.44501912159431173 -1.4313050572023929 -0.15964107887253315 367 42 268
302 0.6483349552281503 0.5573895411492858 -0.023357878478624805 -0.02185188627268353 519 538 488
303 0.4349640448496511 0.5746950217550403 -1.415070979616823 0.9704003504031511 160 595 298
304 0.6131090040838926 0.6000432752158569 0.00837992522595421 -0.09027122382931907 155 416 545
305 0.4354817121315723 0.5744674174666986 0.8989908956418424 -0.3397582338599469 46 119 105
306 0.43519909207314267 0.5745496429888954 -2.2786984331496747 -0.4468209280803176 376 55 46
307 0.4353037810154208 0.5745225864335443 2.6634712073172224 -1.2259294053702536 595 7 55
308 0.5843191769753823 0.5783007423785732 0.10155801269395859 -0.007329142848178094 177 305 155
309 0.5383029192705032 0.5961604805233597 0.026697897365091094 0.04548020016148513 556 323 177
310 0.20520835779060265 0.7389261166899534 0.059293521481595945 -0.010014132231783712 493 41 189
311 0.9722875162383229 0.6879340242020046 -0.15554819220858773 -0.15290600018785794 317 496 548
312 0.00535372758743133 0.7357748877469239 -1.038377261979766 -1.7990538889481007 495 548 388
313 0.9749739763692006 0.6785849832716478 -0.19930928105843515 0.04038314144888533 496 491 130
314 0.24126548396482653 0.11299078342850928 0.12978009996690837 0.029640899747141423 59 271 428
315 0.18412394468286206 0.10231675949756977 -0.6998857346132052 -1.3426728767245961 287 432 216
316 0.18429493008748518 0.10231477374882884 1.4968150696009241 -0.1946214715808133 432 437 169
317 0.18443710512544448 0.09993195026553037 -0.021133871692599615 0.31634704183471085 437 394 529
318 0.21630024934718015 0.246648603678019 -0.07944161752038159 0.34764996732078446 86 566 593
319 0.11906214527328889 0.7670699139850243 0.09113401699956114 -0.10710203869612744 175 479 266
320 0.1445338696207497 0.7790378167093883 0.04844551851693191 -0.21226497760277063 266 0 274
321 0.16591241120246 0.47274300588096463 0.16249008686833452 -0.28109461511368306 9 47 100
322 0.1295191676896938 0.45385457938018503 0.04169462159767643 -0.18721620143067674 396 586 9
323 0.1295176951849387 0.45388048449849555 0.004569494487112989 0.3139317194394297 586 508 115
324 0.16803925488228255 0.7020668718820755 0.10275943568283097 0.1907746738361027 414 224 99
325 0.10051483277880209 0.4384439542538362 -0.30424138392523387 1.4920660322044086 109 357 508
326 0.10054951085405714 0.43827549945487704 1.4129237539944188 -0.24256773724243372 278 547 357
327 0.10042424009190877 0.4383446139222756 -0.9490529774168129 -0.8812390332404605 361 278 109
328 0.16046891441019592 0.23011128884123777 -0.29399858138268176 0.22298148952271113 30 185 86
329 0.14420476707231403 0.248410127689214 -0.12713001623643194 -0.00042238816611028795 530 30 253
330 0.24125936509190055 0.11291908289442674 -0.6731030781007138 0.1033124080222444 271 378 210
331 0.15478847346105498 0.8133894527194475 -0.47909648496767304 -0.011269351265694432 589 387 372
332 0.25225893350062006 0.8459357894162443 -0.1055429607723984 0.4841263243754706 565 32 22
333 0.8422425022036643 0.3377702040688267 -0.11005868646996042 -0.14029390496550498 306 464 536
334 0.9724436193768804 0.33083300359922596 0.24618736632620042 0.14422581254280864 51 514 539
335 1.0159691881273494 0.3660410586568814 0.03857255711177046 -1.8183554861189775 423 539 480
336 0.1520591463910345 0.7819441077850883 -0.06246109671148581 -0.006971694055390998 296 493 387
337 1.0294941175655716 0.23546557575773824 0.08785755108457402 -0.2084956858311622 573 264 399
338 0.02968325265681133 0.23464403843340426 -0.025424908207428987 0.30035877370340747 264 494 36
339 0.2858189254212574 0.09910636467706294 -0.09893838179286796 -0.02428662028430839 210 43 62
340 0.9019231051733184 -0.03536015275494269 -0.13635272494427753 -0.3618354262047152 481 551 168
341 0.9104808215871488 -0.06918861599774666 -0.1323402965339171 -0.43402874714409956 551 89 557
342 0.9183916583194016 0.9241433184524349 -0.3644444314908346 -0.18907093815925813 557 95 18
343 0.2904946960409034 0.05918298778630665 -0.10378734191518468 0.040376860188651165 43 334 21
344 0.3272796846049986 -0.004916257399346275 0.030088755098578446 -0.24755000757603618 533 158 276
345 0.32557256287735586 0.04076636562940131 0.004767963107665807 -0.012285956627056116 21 276 246
346 0.33961272169789886 0.049362146853475 -0.13255954667279468 -0.10033936459485915 564 246 446
347 0.37649640276045016 0.02355522094397435 -0.2606737194155162 -0.03214815150198724 446 474 237
348 0.21377219182511348 0.2963737342763739 -0.07059600057313098 -0.06712446085077595 288 593 424
349 1.0080605923756123 0.24034604719640335 0.27273296954177795 -0.233355045356487 514 135 573
350 0.9974182154027951 0.21038347334166665 0.6329339995067269 -0.48074551445309066 78 143 135
351 -0.0025878896278024154 0.21038577380695092 -0.5606630019218449 0.3297777523281198 143 502 494
352 0.8326089763861413 0.41856118491563227 -0.12708567011243677 0.10934951659435921 436 536 368
353 0.5959487014411284 0.5306374022063904 -1.0592841474880683 0.39832352502911905 81 515 440
354 0.0862302389058677 0.234290089105762 -0.07435201382528789 -0.04827271885173012 549 571 530
355 0.5958241702285418 0.5308525974722504 -0.24288339890211375 0.9987317804653725 305 362 114
356 0.7164670879771082 0.6168530403623999 0.45212224778932647 0.015394106725030027 283 69 38
357 0.6981343756727504 0.7008855388493141 0.210435573654022 0.005401456365516921 463 161 377
358 0.860238240368645 0.5531886973027231 0.04912344177265826 -0.19193407141404606 570 191 225
359 0.71667243749933 0.6167603301128538 -0.2769176255109588 0.3442432035662222 98 69 39
360 0.7297781784684951 0.5580192888021542 -0.10350055465457864 0.18374332749759859 39 583 48
361 0.8064972198572751 0.5368814174915088 0.3806578718901221 0.02770422918851878 48 195 37
362 0.7250922046466947 0.3815371605770789 -0.04172935122448429 -0.23870024012939695 132 443 470
363 0.7967933192122946 0.9740502297570606 1.2755470017889066 1.1026719933215607 393 257 422
364 0.7207508601535312 0.6261893966597076 0.3193690378507693 -0.35729142879980386 64 38 197
365 0.7865263013928145 0.00891588284862533 0.8313407206129303 0.007740086485153244 373 174 258
366 0.5959926977140978 0.5307126179527616 0.4210777727339061 -0.6817719710113553 114 440 538
367 0.686390033032533 0.5311332050318415 -0.1835783192127849 0.117069692828764 488 342 583
368 0.7866589162369346 0.008916266782421968 -0.44972417963034733 -0.008354701587671987 258 393 434
369 1.0143848217779885 0.5223354235661459 0.10468649488948323 0.10725461456473351 456 188 149
370 0.7640266034918813 0.37950807647037205 -0.03373918644467011 -0.26366226493768075 470 112 467
371 0.6680028904713559 0.4449982277708689 1.3489322565618929 -0.42554975758213986 268 315 342
372 0.8313096072992453 0.9507855972302514 -0.024090902168115436 -0.23689069995978113 422 167 481
373 0.5346896630905457 0.6333361525674702 0.02821464242797056 0.03763131264933328 415 556 127
374 0.8159383158960716 0.4252383919649825 0.28304764261577464 -0.0383356509731092 467 436 4
375 0.4785547680192543 0.9784825504824984 -0.07164638049506067 -0.05995358862143085 282 118 597
376 0.414384641286779 0.03614425778478098 -0.160501194279572 0.015333818936813515 237 282 590
377 0.7209524104624967 0.6260922328639242 -0.4438351535851048 0.012008880164154218 197 98 466
378 0.8667837668502301 0.5166555535857635 -0.022455675860455493 0.28271390055401024 346 385 319
379 0.8556374300602962 0.5215131197852156 0.13585691790302112 0.20932930614586676 191 534 385
380 0.8920303123799259 0.5537259821525238 -0.08782078285071715 0.044138285734685034 254 346 582
381 0.8247605102713217 0.5087955715889352 0.2745435309647881 0.22463634563596457 195 4 534
382 0.6680385860219741 0.4449625202708682 1.3843082083564862 0.5404164364211725 315 229 132
383 0.5958937852913831 0.5306635130057635 0.9943348164591012 -0.7595562835723717 362 355 81
384 0.7187254681230826 0.36556034670720766 0.09528970112970825 0.08644647046807119 294 341 443
385 0.9630196737106813 0.9225952079978909 -0.12876713266626524 0.4701784216061848 226 307 150
386 0.08506596509851838 0.23061592615424234 0.0654611072813116 0.3767365530649158 36 312 571
387 0.5575929070514839 0.9967592239875359 0.5326420754003629 0.41059304490458426 597 560 337
388 0.936814177082434 0.011200185377387817 0.06656222309442406 -0.15587629832725103 454 168 104
389 1.0235497322084597 0.48573550531161735 0.16307122388536932 -0.015206823300584205 366 154 188
390 0.029873980606958374 0.5354275361864143 -0.0020182626403464354 0.04221307262075591 149 128 581
391 0.06168534201403657 0.25634395544452776 0.07256899456353771 -0.2267675318357032 399 549 186
392 0.575581182317095 0.6619307801682344 0.009110866922013017 -0.006623076392875404 336 127 50
393 0.610011966438379 0.645492732711806 0.012138823279883582 -0.03466145634400952 50 545 161
394 0.6415537940095493 0.06800729162397116 -0.016762827931282587 0.07869386947634283 8 280 489
395 0.5576495830119881 0.996679393014359 0.3751966578075742 -0.2302456413993682 560 420 500
396 0.598526411829553 -0.0030077745404740418 -0.12831963061565865 -0.08724555106143228 513 347 280
397 0.5575844504002048 -0.0032499717194814683 -0.46457901616301983 0.3820330975613101 552 500 513
398 -0.001180579604337333 0.6306128127197342 -0.1493957961761763 -0.5632366441651752 272 509 499
399 -0.004259759125722839 0.6698806932790755 -0.06682619353715058 0.019434607048673946 130 272 24
