1402
0 0.01791682985459616 0.6328682797761274 -0.2862331541925167 0.062018402566255126 111 66 359
1 -0.001152776471921007 0.6319714767774256 0.22500130374039207 1.7607139602939448 499 526 111
2 0.7606277408824146 0.8329273544565075 -0.10074697187612003 0.06938992505589603 85 11 327
3 0.8804627951436479 0.8957214376733801 -0.11190182145975283 0.4510560534858 558 371 384
4 0.8952647046674068 0.9130192405582951 0.7256448321659391 0.5224728114979946 468 384 182
5 0.913454392429614 0.9208428730556392 -0.5085471754020772 0.4508488754041435 386 182 307
6 0.9134118696631521 0.9209252639116539 0.32176164845314126 -0.4504196030014713 34 386 95
7 0.028921031258277607 0.6856702452406891 -0.3073960568727996 -0.02307235773962857 517 359 452
8 0.018979991238053474 0.6898003158614897 -0.18504631420918072 -0.07525928821111583 522 24 517
9 0.040931516133704965 0.5938631183206061 -0.22052787929105477 -0.060847125255003576 66 462 309
10 0.3600197827832986 -0.0439512715100464 -0.7039436345832972 -0.23159981985188718 163 404 151
11 0.3519826221807355 0.9665255827398448 -0.13283637158995054 -0.09344427341281825 54 379 397
12 0.360011395032852 0.9560453503790949 0.3058636309749259 0.15545603306694153 379 193 163
13 0.8709677597560166 0.21301631400669357 -0.06960811510525744 -0.02433738072182834 10 137 134
14 0.9963970210198503 0.2064743982500672 -0.42254583751971814 1.2219057955828883 591 35 78
15 0.9740049380870706 0.18897414802939227 0.26814648522444084 -0.053454756246407165 134 370 591
16 0.029743514840810115 0.07862746751354965 -0.15982347424670085 0.13652758888704764 133 482 599
17 0.13452020484251556 0.07657409200786443 0.032846809647213426 0.2446885763451867 400 45 394
18 0.6032956200220954 0.4434411430783651 0.15828386101812697 0.13616939346927648 338 447 433
19 0.6277557485808638 0.39309846504151036 0.14142436596809027 0.07150498006203154 447 25 202
20 0.792411587054727 0.12911079201632428 -0.19587858522684964 -0.11409610305157525 243 269 137
21 0.5236928771409816 0.22359520260385896 0.13858687045176232 -0.34914139600272787 181 6 260
22 0.605729166168269 0.34526713445732266 0.06326702148284902 -0.04718030480188595 486 103 25
23 0.5683787850506528 0.21642597707725186 -0.1639664182206957 -0.27555540557666625 260 318 26
24 0.5189503005026513 0.20325360936934156 0.20101359951563147 -0.04905084012574168 349 250 6
25 0.5536672555226665 0.12777019859309124 0.18499492389356664 0.24835607702333728 448 23 523
26 0.46989590819629695 0.14164751160687292 0.06480015551924012 0.21482638654091168 328 23 190
27 0.46568601151201433 0.17334645472828678 0.1005514928265061 -0.07207497654260209 162 190 349
28 0.9538303583670811 0.6869676135997332 -0.05553375074927218 -0.2747909570597002 510 70 317
29 0.9221722941699606 0.6851115697234693 0.18991000889923004 0.10380921955377431 402 518 281
30 0.8950026372642224 0.6319036942354898 0.058220107901352236 -0.16794509810624803 201 77 518
31 0.9538427335802475 0.6870004913583417 0.1502595235885226 0.27181096962165435 281 88 70
32 0.9680705469912686 0.6761721096919527 0.05083970648980807 0.16685742431840622 88 49 491
33 0.9687408138127583 0.6425784821812613 0.12856195621968602 0.055688310213186654 56 136 49
34 0.8803958755024653 0.8957850975637485 0.37897968196260423 -0.015088164205989858 218 558 251
35 0.7947914848456706 0.8884907105068179 -0.27974082452737614 0.5130324965802694 483 458 218
36 0.8315475346470098 0.9507466077658379 0.08295311576588058 0.2884913299244264 459 284 167
37 0.02378990867571408 0.9811536226782164 0.00021665759464273293 -0.08727191261326261 104 299 227
38 0.1217339814646308 0.7504343713730858 0.07493284066156791 0.28907273987716087 452 410 479
39 0.18018745592504712 0.9253100543641302 0.024587210739612786 -0.1798315184264876 596 232 427
40 0.3593033412921618 0.9263879394785615 -0.16166083662699782 0.18506588345124086 193 80 13
41 0.34226870713694874 0.8005340296496123 -0.1367024278497997 -0.10083145221551071 184 240 79
42 0.3803162199753084 0.9288283200366233 -0.3664049891619059 0.19240376583629093 404 292 87
43 0.3687125086025823 0.9191946794634511 -0.2425291368776672 0.2701151528144985 13 79 292
44 0.5567033335283307 0.7540969537471215 0.0019412277341146478 0.3646390814293632 540 587 183
45 0.5480996632179841 0.8105408222509353 0.3774829076381124 -0.1765893072123558 304 72 67
46 0.48772323437238996 0.6581658163376769 -0.0029579443061589217 0.0360482144134977 255 415 567
47 0.9396986473260114 0.5515806768710014 0.02438638796106729 0.06107758526371909 301 335 550
48 0.949140575615302 0.5531730018533613 -0.08307801302435036 -0.3717474586639063 267 153 408
49 0.9491385468045628 0.5532108718011702 -0.12632012321871006 0.4274866450606487 550 456 153
50 0.6194911342334137 -0.06155380003979449 -0.37314983764995563 0.9165163551800247 347 29 507
51 0.6195439722538741 0.9383339806305867 -0.8969565785287492 0.338220166944906 507 297 531
52 0.35958587688796534 0.24256316841088943 0.26551321766210556 -0.37665991506341534 113 82 572
53 0.5401157638527443 0.8617357408286739 0.37724456614096624 -0.06033058670695812 121 304 460
54 0.20627463132465873 0.5914733625003507 -0.15864041746915802 -0.16540189010094686 524 125 471
55 0.4708571377853927 0.36011188383079384 0.03386891739287634 -0.19779223259241974 207 473 497
56 0.003633021598179903 0.7327055767099747 -1.1908998802102584 0.18165253819646832 122 388 522
57 0.8381127882873631 0.2981599718896589 -0.1794054372075693 0.2612102426718943 236 10 262
58 0.5051579556934326 0.3270592052011613 -0.02806615842509963 -0.08433318002265544 473 96 486
59 0.4874923358088476 0.2691925342995892 -0.01793509785130709 -0.18995306716451665 173 181 96
60 0.9997439424106697 0.5837177914576793 0.04373091264109341 0.09354798255478691 265 408 219
61 0.02212009891983785 0.5742427164049089 -0.029643410642821166 0.13179542145136391 219 581 462
62 0.48425755954281946 0.43022729173398405 0.09791965988048545 0.2926032735550699 233 497 421
63 0.543746641374692 0.46206098113957317 0.01591613438267636 0.22818288855641633 421 338 3
64 0.26993269561142674 0.7880485127396145 0.6971169200383452 0.24257555450272766 598 252 1
65 0.35911048845399623 0.6204236692080831 0.20160240421507325 -0.07409585861539725 117 308 476
66 0.25130797998483184 0.6424081368854784 -0.05823695276019336 -0.022224495854761273 159 471 117
67 0.39641070686568136 0.6512992231918112 0.16805304509093233 -0.11656643567059533 476 332 311
68 0.4012733976973247 0.7328415564079352 0.17343266892067 0.05262158417340679 108 311 63
69 0.27101747736141646 0.04960467792181589 0.26291157341484794 0.24121436618951275 124 403 334
70 0.6742372864657082 0.35954438150805496 0.005584092910293492 0.030816624252416602 90 120 294
71 0.6664275530701989 0.44359357284070716 1.1402321508875224 -0.6922762533569001 42 343 229
72 0.6478512240080847 0.39471966861728386 -0.04390455256297887 0.05528136386157012 202 90 343
73 0.56833230014936 0.17218783391053044 -0.1772667317391486 -0.14709096427168886 318 503 146
74 0.5682700094497234 0.1721561875377357 0.08898192833196915 -0.017423006731743986 250 14 503
75 0.569107973313545 0.15258709036267157 0.4168759166128322 -0.02149533843834924 14 448 290
76 0.5595184290185966 -0.003634438785787543 1.2008193488591072 -0.5745824743331551 337 552 192
77 0.5654680234313487 0.11376272619935583 0.12312101754785587 0.34003216613925913 523 192 116
78 0.5691839678003084 0.15257403165508487 -0.4202454409772205 0.12499285596346069 290 329 230
79 0.5758274742991822 0.12102218951785837 -0.04018179990128434 0.22457038902079507 329 116 203
80 0.6446066159825834 0.17790461960778028 0.16758916646466593 -0.05651768129834225 83 392 506
81 0.5744846299023877 0.16619747238629304 -0.08937272501924332 -0.06957715133204534 146 230 83
82 0.6826705463390821 0.20452955760143798 -0.19799826882216376 0.20492676132410903 222 204 574
83 0.6446551108034243 0.17784840289529794 -0.2422012194020504 0.41886014236040825 392 484 204
84 0.737579414291049 0.1962077971186396 -0.21806073613461763 0.23802529877658962 200 574 407
85 0.7737056208577675 0.1319465191375249 0.0010221185009484657 -0.14557886909849493 407 123 243
86 0.6160414528503275 0.11364835760384517 -0.08221919742257278 0.22413315717284554 203 8 484
87 0.801732376390682 0.04536601822572271 1.0660210529153378 -1.5639263238111258 106 61 165
88 0.801480568253254 0.045610731454564644 -1.5144865490663826 0.9418876531888979 269 12 106
89 0.7968328819732285 0.0400714647369887 -0.4294065549616038 0.32401527679448355 239 434 61
90 0.7967671761582912 0.04012359916869206 0.6236815249606497 -0.24775515030934883 344 239 12
91 0.6462418767611111 0.26988411042800237 0.07393738087058122 -0.07666544135642717 26 101 364
92 0.6473184909522424 0.29407933358501676 1.7476820455166309 0.16997454359862246 562 380 120
93 0.646992269728074 0.2940253863340931 -1.6524252234925498 -0.3934634953738913 103 364 562
94 0.41484274900889573 0.09893404374993271 -0.16806516733858246 0.01622515871657626 126 590 328
95 0.36284317873590755 0.12179009745684885 0.02002740334683395 -0.0304712567678056 478 383 126
96 1.0006974691091504 0.13622188001780322 0.529534099109484 0.19123699887926057 370 295 504
97 1.0018900070231733 0.08900615559629844 0.14778916285207444 0.0042634826225018685 561 133 295
98 0.9158992180072127 0.7017098592928173 0.2798747636423293 -0.1149428743157932 455 402 375
99 0.8769471510408873 0.795954859698979 -0.06942485614169769 -0.23901229884160102 19 568 371
100 0.9309604615452562 0.7102155607916464 0.07155625501853446 -0.23378300545440212 176 375 510
101 0.9379827550772111 0.7385304755172626 0.027038342398366666 -0.3732146241358647 568 176 576
102 0.9158506636810131 0.6022321305207692 0.49308538388020656 -0.2792849308034541 77 505 350
103 0.9160490436826997 0.6022049956275757 -0.47910111029509717 -0.25179060078519155 350 430 56
104 0.8951933620321294 0.913060720162139 0.7659086088923183 0.4377119615770104 251 221 511
105 0.8950550614645388 0.9130904424871444 -0.7659692148579582 0.4528775137454394 284 511 438
106 0.8953295550568583 0.9131510317603421 0.5329734788082257 -1.0732432171982071 438 588 89
107 0.8951961810540322 0.9129198991160927 -0.41812789705082803 -1.3698343478003556 235 221 468
108 0.8953200989089696 0.9131856770125816 -0.4367836202613792 1.4997776327411527 588 235 34
109 0.046322067519119534 0.9558333237306527 -0.20047675429457623 0.15038901547692607 469 261 439
110 0.07761786763369988 0.47562435994189184 -0.23666674882870387 -0.4496836001873297 57 53 340
111 0.06241296231517736 0.5263564119627058 0.00378594239291985 0.0645498682283474 128 340 68
112 0.027286837346526278 0.3637292065339402 -0.043059823561604135 0.4879005895640481 194 480 196
113 0.127245367387198 0.346033951437869 0.033970834131813454 -0.1647187979764153 97 275 286
114 0.3805996244483135 0.5727864172583224 0.22127454937792557 -0.009837229641984635 308 179 527
115 0.38908823979440027 0.23082901636540032 0.04720157840976125 -0.2662165092537361 572 444 173
116 0.24453387277828587 0.46214741395361936 -0.277380757945922 0.2644748857416612 205 405 475
117 0.2181172813388138 0.5256093282852866 -0.39358135572065156 -0.2579941026795634 585 75 164
118 0.12483152359793742 0.3369758840593771 0.08159894530901379 0.027551112780077602 535 485 275
119 0.9814264719877205 0.42278365145626734 0.13989048391893633 -0.08178177718365376 211 390 366
120 0.3900486784978705 0.20933347165128863 0.03336298216860545 0.0043023643675477174 444 220 162
121 0.1642764205300043 0.8749680446452821 -0.018555396108510536 -0.3245367936194343 395 449 232
122 0.6184101980442496 0.45992938016567536 -0.02637350407508343 -0.10387114675325382 515 433 367
123 0.4379419137288634 0.5113617862877404 -0.11528481797667967 0.15293166056445928 382 592 238
124 0.3284748730280115 0.959893695658548 0.23439394765401023 0.09023823528686581 242 528 54
125 0.4630307932270319 0.931189963095194 0.04247919863087368 0.2563600165483848 87 121 118
126 0.36959112141291367 0.7645437931790265 -0.4491130552515706 -0.35361150681174164 240 92 333
127 0.41803804429041075 0.7391038537027906 0.0770643697510856 -0.5785137704224664 333 256 520
128 0.3696585611039175 0.7645890569026058 0.5173551193114886 0.3732689168444315 73 108 92
129 0.41803253895259895 0.7390201892674423 0.09635674613349583 0.613905418256973 63 170 256
130 0.619530791167605 0.9382765875158127 0.6618934663218685 -1.0970522883231733 577 279 29
131 0.5575709452284509 0.8664021478557751 -0.006111813832809787 -0.17914295810661507 460 285 217
132 0.5896098217090883 0.9381019949507122 0.13208439689216256 -0.015626618748987298 420 217 577
133 0.5697883102080781 0.7429189210219169 -0.020178074142118696 0.3965608997430481 587 336 107
134 0.658486015544472 0.7670563027398926 0.061568446174664615 0.0733735711078154 320 559 247
135 0.5877703842309244 0.7629651612763583 -0.3391827110843515 0.05599034499925715 215 107 320
136 0.3092729232470052 0.7908302835914274 -0.08485885586882388 -0.5462181300579932 381 5 184
137 0.32272126318882244 0.9185015440333113 -0.22232795592069288 -1.2054967792713647 391 354 80
138 0.5311745868764686 0.77533753951754 0.33552715389059684 -0.0721127378297548 401 166 72
139 0.4453822330861598 0.7378963855413605 -0.1197848130445522 -0.5554052271263334 520 411 401
140 0.5340315525596653 0.7733361257892666 0.13592447215514392 0.06586795267202183 166 537 248
141 0.5355502208433496 0.7550181629471568 0.12835504915875706 0.33749566301366496 322 540 537
142 0.6992324095298195 0.8423952310396615 0.04566815539012309 -0.4815518356141891 426 180 141
143 0.692567288365721 0.8397499316855825 0.3674075480430885 -0.1543314634509102 300 358 426
144 0.6993131462812473 0.8422036885115932 -0.331327322489975 0.4072255270514725 180 554 85
145 0.6926352223460304 0.8395666380508717 0.1543361516712083 0.39673676738055835 358 247 554
146 0.6274061412615001 0.8691202680288452 -0.02995151904272575 0.023439317153872707 110 419 300
147 0.7948590373966389 0.888362255918495 0.468927911793907 -0.9377261992969801 293 483 316
148 0.8172507792670687 0.9481026096191338 0.03965088500590408 0.05037321063744438 245 316 459
149 0.7983446404903164 0.9739195968075919 0.3656019965800816 0.31317012659477306 445 245 257
150 0.7871571962172059 0.97871569290731 0.22398308797966227 -0.048553700990328075 412 445 174
151 0.7236684362869584 0.9244983276720543 0.13332481091365977 -0.1505532989942715 531 330 412
152 0.7948825339341218 0.8883047013291225 0.9160540680741173 -1.1876852721645959 580 327 458
153 0.7946710886872433 0.8885981487897684 -1.278769096033899 1.8634350495253817 140 580 293
154 0.7358875629943634 0.8932482004340551 0.04733208269769307 0.0386327678181253 330 141 140
155 0.3092639951526025 0.7906800436797485 -0.020563405931381742 0.5356678187986001 5 1 73
156 0.27685198660976884 0.7965115092898295 -0.08677171186438626 -0.040163552171568195 594 142 381
157 0.5499865707284248 0.7822749037445156 -0.11187259712358566 -0.0646164174250563 93 248 429
158 0.21237808350230103 0.4879611129277137 -0.01919416570128618 0.05084056300952433 231 205 498
159 0.16502733157827898 0.47246025947059694 -0.2976666944754788 0.2497387011180332 47 259 231
160 0.3029730926177439 0.5051197177117343 0.14279748424298952 -0.3476390465805609 164 363 289
161 0.30299888784127127 0.5050023703309882 -0.024701227643712277 0.5911952332277861 363 475 331
162 0.3759682661070507 0.5200286125887483 0.15027986044165512 0.43105624560231537 331 369 249
163 0.8287137559494417 0.3009663633124533 -0.02666340499085651 0.21786688789854347 490 406 236
164 0.7402356194416133 0.27284870309117193 -0.008080877980654044 0.005655366799861561 512 58 418
165 0.7563260064444851 0.26031703104986414 -0.1976508769152563 0.1442565327608447 58 200 406
166 0.9292364184053808 0.356147534245157 0.20763580577121132 0.176138507251844 409 51 172
167 0.851976445605195 0.328221342365421 -0.3056831078193656 -0.006437309539586433 464 262 409
168 0.9461948455636093 0.42033148227337697 0.1467150435863207 -0.09402807282787862 345 172 211
169 0.35561984940026115 0.18575413904085547 0.06383919295971374 0.05830557460451136 270 478 220
170 0.826827998426932 0.7327171698415561 0.000537048183701927 0.03247453903010289 91 74 455
171 0.8502273449002441 0.6208394094949216 0.07485709135890417 -0.1773295434104316 31 302 201
172 0.9987206034441196 0.6317376675619175 -0.2227844366343816 -1.3961087481125911 241 265 526
173 0.9987318723805282 0.6318973759424853 0.9913629361692275 -0.1594274014413426 136 241 509
174 0.43377056302334444 0.5737144540035851 0.1749553924640639 -0.9996431050117438 298 376 398
175 0.4377596184387271 0.6288467333530747 -0.08913289342715736 -0.014114325680436579 332 398 255
176 0.22349584704344397 0.9268007986488859 0.03113839672219676 -0.19786642602159787 427 15 525
177 0.20473688948038576 0.7212608889489169 0.10392532147351918 0.22868040204515605 99 129 41
178 0.22191522986341616 0.7149345553274323 -0.1255224930940546 0.3182291104242285 129 159 325
179 0.24104166864109502 0.7543695938817802 -0.386036591012778 0.6626763955961236 40 325 252
180 0.03669141224288859 0.08718653035304934 -0.22148994791026944 0.04739304920731158 209 599 425
181 0.12465362879723003 0.08870001478216143 0.2517462568268902 -0.008623294092680034 425 400 171
182 0.6734576442527311 0.2277730374137543 0.14047198620165016 0.043468527852514476 16 506 584
183 0.6605698672051212 0.26141424766890564 0.4215446427661236 -0.03999769926209132 101 16 465
184 0.6734352432123074 0.22777409126548398 -0.37466634627341344 0.06112294806272613 584 222 352
185 0.6789201314716986 0.24833794938869663 -0.1425935505089404 -0.015156317867415225 313 352 512
186 0.6605062547783322 0.26142574304526495 -0.48905493335955275 -0.03911680117290445 380 465 313
187 0.29765778381053515 0.11040688340746684 -0.045007593832413484 -0.012782202726824288 223 62 477
188 0.3335097950450292 0.09850535873514642 -0.08029277798193846 -0.05959698359814247 477 564 383
189 0.9315316805133512 0.029422861105146594 0.05923730603263344 -0.18845220974006427 165 454 561
190 0.7391194633876605 0.7167162811473065 -0.04513854767799986 -0.3014683275570965 492 417 365
191 0.7849324756519481 0.7707319573397386 -0.051735524198015526 -0.11374572395084215 11 365 348
192 0.8223548024999473 0.7597050778735897 0.037366865851540254 -0.15073210284100025 348 91 19
193 0.4859869551152669 0.7163031396041545 -0.06584255640706971 0.08390177094752538 541 567 322
194 0.4453806121465517 0.7378542661550636 -0.0780301714084844 0.5737440644055982 411 170 541
195 0.04221301968098065 -0.005273473979088762 -0.13380005332852551 -0.17871769827926265 482 227 65
196 0.060022502954320295 0.9822180181061055 -0.31106222320165244 -0.062257845753754815 65 439 228
197 0.11531725833172723 0.9965236030209021 -0.06143503275546358 -0.01731233767454654 228 596 45
198 0.026889919863389088 0.9601160616963648 0.028380031617401998 -0.909001920417385 360 303 299
199 1.0268371933456564 0.96001435170021 0.15651851279353637 1.0660902979365334 213 553 360
200 0.02694632414791296 0.9600262408331969 -0.22240825781809445 0.12487334263139564 303 553 469
201 0.27431219027567577 0.9863843530077573 0.2845132990314525 0.06767110621863637 403 525 27
202 0.2181264272751976 0.5256677710742375 -0.1416342312475418 0.5040706891295518 157 498 75
203 0.08128871984090967 0.4724947290151406 0.8317925890140255 1.1194986281011032 53 102 396
204 0.2180749432687187 0.5256564305311633 -0.13813796113485732 -0.4890293540470538 125 2 585
205 0.21810783458800823 0.5256866629630232 0.31801149129269185 -0.04052693351942098 575 157 2
206 0.18825255887295939 0.5243744301746219 0.0568307758491704 -0.023603482363077077 214 100 575
207 0.13204471345951643 0.7490392093142715 0.033683515525406715 0.2952134403252926 410 414 339
208 0.14437052281982204 0.7786253502169832 1.3379837900019274 -1.1437323239833546 0 339 296
209 0.0882830313357714 0.3853058472917379 -0.010930985283597039 -0.06746000286161902 461 97 547
210 0.027317688201847372 0.36387505448416313 -0.24738961058737644 -0.46099406070905163 131 194 461
211 0.08114339296904365 0.47231459830520156 -0.8818708421306055 -1.0062340969715813 17 361 102
212 0.07748573677969624 0.47548101591117103 0.48268653030157477 0.2930923438464964 154 17 57
213 0.15952397801174614 0.3162482496183352 -0.25846251701378 0.0633650803702479 28 543 288
214 0.22076639655000546 0.38774112066784533 -0.4160796686358825 0.050969411330425984 521 206 405
215 0.17582778430721768 0.3903943563229366 0.05439938222107088 0.019158373498751047 152 487 521
216 0.1482787203569159 0.34796954862904655 -0.11695860113736245 -0.19548176480310708 286 28 487
217 0.07350203028418821 0.32038186475199176 0.05948367839958557 0.0046394520170078835 196 186 535
218 0.15422943958870955 0.31305377475234797 -0.09774626915162732 0.1638212150135987 485 253 543
219 0.23118507214487619 0.09480458952532085 0.18282219974019576 0.24834304473975166 529 124 60
220 0.4334529176562622 0.5732495871415282 0.8915266574624752 0.09338240215274983 527 291 160
221 0.43370686035397676 0.5734394662110982 -1.1907943903746416 1.7597701315602434 7 542 119
222 0.4334597608112515 0.5731548302232051 -0.3215919318360792 -0.49567255717942404 291 138 542
223 0.364391890631364 0.5317762996700981 0.17072358006464672 -0.16129019751731644 289 263 179
224 0.2528621854850196 0.846306743694984 2.165630243809415 -1.793754370074167 71 22 579
225 0.2525154801541798 0.846648524382937 -1.4789264720196822 1.8136291024814168 453 71 144
226 0.7686619946261084 0.35017169509565055 -0.14703148872030614 0.09178055988823264 112 431 145
227 0.7490049041945549 0.33896339078409343 0.015761777300005164 0.19653456292956228 341 418 431
228 0.14948698584299439 0.4508705238363705 0.002932513606945797 0.08500030332370123 115 152 259
229 0.8259041480588452 0.3256954184181063 0.01746185869511141 -0.03394888675734009 145 490 306
230 1.0203054207148754 0.3652227444856555 0.25323931598898125 -0.34274764873878144 390 423 131
231 0.9377323248481125 0.5543878689847028 0.22071083367376396 -0.054841676574881974 582 301 321
232 0.9377719525617797 0.5544777049236845 -0.0645495048376605 0.03558686957583993 178 321 267
233 0.11081851948172132 0.5795710168472508 0.13607503918143873 -0.19509619302027215 309 94 450
234 0.1535698348906115 0.6086179979478692 -0.013602396639611491 -0.3345871930210409 450 314 224
235 0.9613244183480627 0.922488545213575 -0.10963349948269807 -0.5284024642269763 18 226 213
236 0.24087964305355586 0.11123151401935266 -0.35193497679910507 0.9476105735761308 198 60 378
237 0.3533961129604938 0.9726175334002263 -0.04752045439278003 -0.19225653549639204 158 397 148
238 0.35351547580599474 -0.027354991644931728 -0.2531327350692187 -0.18700418120758902 148 151 474
239 0.0007159765806507454 0.13622769106674376 -0.42484229217823294 -0.10689061248674242 504 209 310
240 -0.0034942994466014513 0.20628282990347074 0.7354897448968436 -1.125259971438325 35 310 502
241 0.1462467483037011 0.11599671418549024 0.13842716833911695 -0.15232447178603614 472 171 287
242 0.1316191443769416 0.19726437971301783 -0.032493390617061024 0.464680170730869 312 472 185
243 0.8823062562625782 0.47436582152213025 -0.01254420803342704 0.1762645720354561 319 368 33
244 0.9069527134906451 0.47328276615526793 -0.01784683512084939 0.16304807122502485 33 345 335
245 0.4334665930421343 0.4986618365860527 -0.009090405511669175 0.4885312460123359 369 233 592
246 0.24102312027523878 0.7543798626200983 0.3285549410959659 -0.44084368347907954 189 40 208
247 0.18101462190371348 0.8508421345632344 -0.13879869094346464 -0.06298214172417715 372 532 449
248 0.2526914463749344 0.8464068254338367 0.7863812582269906 -0.6561819666485924 532 565 453
249 0.2415988461392442 0.31574712578724706 -0.34013097963137007 -0.2708794865496911 206 424 273
250 0.41816760697190464 0.5312517409413057 0.079220826773585 -0.016395871466068357 138 199 382
251 0.32277339981916253 0.9186166007622293 1.4908993661920216 0.5683494029681997 528 413 391
252 0.32259734271197354 0.9185591416146129 -0.8740741799974231 1.1439538401779563 147 354 413
253 0.25277134860500833 0.8464813468917862 -0.3532660283847881 0.27923089122763434 546 579 594
254 0.254038430919832 0.8529423736013814 -0.44793074480424433 -0.08422916521156829 187 546 147
255 0.6196011527616042 0.9382646703210294 0.34612049330156114 -0.36194426611798 279 110 297
256 0.5778211005500057 0.8358044453188569 0.053063590820618886 -0.3804919298443189 285 52 76
257 0.5779424033156784 0.8357844106613425 -0.6265058550696282 -0.0300445556129271 76 555 419
258 0.5616593073193569 0.7740888354822649 -0.1188601527965516 -0.05676759253642194 429 183 435
259 0.5737887833883929 0.7784690376855445 -0.19920005020490628 -0.08480665752985672 441 435 215
260 0.5778546559166521 0.8356229403720878 -0.5685219453061474 -0.004025000986803903 324 441 555
261 0.548340275840647 0.8104700433465046 -0.1470268020721012 -0.08456565215339377 67 93 569
262 0.5777994857661773 0.8356607743849886 0.5876798064787143 0.15962650281719104 52 569 324
263 0.25402557966496375 0.8529451330972467 0.3975371185192746 -0.26221781418834905 15 144 187
264 0.14228308366556078 0.8636920998633435 0.1717562914810289 -0.1980948679397576 212 457 395
265 0.15446706075153713 0.812205937639095 0.46204872837698185 -0.16960465281849427 457 274 589
266 0.06877647329708984 0.8884273022618525 -0.1379836554044056 -0.008417187433162887 261 578 212
267 0.3427191577216997 0.19294633701720573 0.36308177592953017 -0.09448859559363365 244 270 82
268 0.4823261703260461 0.5554709365229819 -0.08489019313884238 -0.06027726442980885 105 156 323
269 0.48347203570605185 0.5304666781352372 -0.09651759010076422 0.12130567661472469 238 326 156
270 0.31422191883377815 0.9794929552676455 0.34627324514702185 0.0303455673783537 27 242 533
271 0.9158474655832404 0.6022301322454945 0.4322750206730088 0.09718499155116685 516 277 505
272 0.8896066893439332 0.5561609869737888 0.0328014113266939 -0.17729600127434908 225 254 516
273 0.9160607009073191 0.6022196163618966 -0.3085438728211938 0.0812456160233574 277 178 430
274 0.7874049104208862 0.0355163460175101 0.21494448859682436 0.11347531594929627 44 373 344
275 0.7417435604052577 0.07622124182191188 0.2466082310581541 0.1316765349534954 489 44 123
276 0.11087888833746087 0.5793708070542253 0.0336591956401084 0.1442374379927603 94 68 353
277 0.05290165895771868 0.8752623661627701 0.004822879248744805 0.10454578626417632 150 374 578
278 0.06297993146943703 0.7944728757981836 0.076348492805689 -0.1746316286022065 563 175 374
279 0.26951308510118627 0.7881516446982376 0.0738657010719828 0.118850805087313 32 208 544
280 0.2698238202875672 0.788100289553115 -0.7074646926350848 -0.08893641214783145 544 598 142
281 0.7030084131190739 0.7127144304187595 0.19121915127706668 -0.10149611238269296 559 463 492
282 0.0034114170321252373 0.7328220722996386 -1.7094342286109336 0.3857814400546364 576 495 234
283 0.003709082316913307 0.7328201876165403 1.2687234984386924 -1.0995783224047873 234 122 563
284 0.24081712566942529 0.11140318396746246 0.349575122996393 -1.0079051254686335 389 198 59
285 0.1848174997749846 0.10149299882425199 -0.8467562725126979 0.7447077345523918 216 169 389
286 0.37606861414291304 0.5205414036909981 0.056238729168392454 -0.04144810295762108 263 249 199
287 0.26139329650309107 0.2985695201419676 -0.2988802313280692 -0.30727562647103746 273 356 84
288 0.34275247777382284 0.28883761412988085 0.22281351277908534 -0.33489435044553595 84 113 207
289 0.28615313883850657 0.1552706532511973 0.1026803989057079 -0.20635693917525622 442 223 244
290 0.26652753170324517 0.15944383191783204 0.10332014549474522 -0.17603821941825082 451 428 442
291 0.22811842998651596 0.24624481992292266 0.01143230354133662 0.29739024142577675 566 451 356
292 0.541720589940623 0.49766421871931665 0.04112067353290172 0.009860221666935232 326 3 355
293 0.7876286522760237 0.7013037258920684 -0.12189529802197896 -0.07151264233562493 501 139 74
294 0.7895402206119259 0.6639915414840049 -0.10250562620939263 -0.08026915937486834 466 31 139
295 0.7391340031434989 0.7166703517119957 -0.16330469384666932 0.07177804065634959 417 351 501
296 0.710185876297427 0.6960551637302264 0.06471023352577765 0.05419726126221214 377 64 351
297 0.8454833627784661 0.5624579557280138 0.0727046502863038 -0.2112156352596095 302 37 570
298 0.16584566846852838 0.5942979733512418 -0.14028932737719657 -0.18390425779446495 314 20 524
299 0.15563914481372745 0.5759936684077167 0.02403724476407465 0.10316481106886766 353 214 20
300 0.6487409153924061 0.5795538285365058 -0.04537075576349636 -0.02294311546302552 416 519 283
301 0.6661801952604972 0.4437367811531322 -1.4925460588300894 0.5493438132748177 367 42 268
302 0.6479774470581381 0.5571070020762456 -0.02846255141297771 -0.01826572469665333 519 538 488
303 0.4336417593724468 0.5735598853862477 -1.2423824825901277 1.5873224701876478 160 595 298
304 0.6132526667391368 0.5988710274509573 0.012310180652619351 -0.0797667300267424 155 416 545
305 0.4338759700245845 0.5732526041294894 0.23434767009838367 -2.1581637538241285 46 119 105
306 0.4338026191349527 0.573647805485317 0.18057603814742706 2.7624661538700193 376 55 46
307 0.433806371861819 0.573298424972637 0.9401507534799588 -2.8479985582266063 595 7 55
308 0.5856368214969302 0.5781886803359417 0.08879929361271799 -0.00915814715729546 177 305 155
309 0.5386744880338303 0.5967300577572789 0.02709711691140093 0.03740872125956862 556 323 177
310 0.2060089041740225 0.7390241376124782 0.056401714548792725 0.022135868138484227 493 41 189
311 0.9702801353115185 0.6861358677790774 -0.13883240598810964 -0.09471547973011196 317 496 548
312 0.0036587264900008 0.7327102691170281 1.0837502745080516 -0.4167406918143511 495 548 388
313 0.9723333547660069 0.6790677046844212 -0.1774997340948936 0.02815595733993148 496 491 130
314 0.24097108386010457 0.11151084526678519 -0.15810203829176409 -0.1583640543624965 59 271 428
315 0.1846758081924843 0.10142925714575349 -0.9075526150091693 -0.8008345768565359 287 432 216
316 0.1849156011118249 0.10143103347406127 2.67528126824746 0.09781523430043171 432 437 169
317 0.18476572292492816 0.10130255335333002 -0.7799014591498539 -0.09310617950719027 437 394 529
318 0.2152103431518503 0.2513525966901966 -0.07830574626221942 0.33435371069034936 86 566 593
319 0.12024590271155906 0.7658458011649394 0.0826893071376178 -0.07529249532872706 175 479 266
320 0.1441046261194298 0.7788436583525369 -1.386400687564071 1.0891270241406998 266 0 274
321 0.16505923544416445 0.4724244837617446 0.17532313948444017 -0.28208054957363854 9 47 100
322 0.1298266310902327 0.45488698820142437 0.020034870900427666 -0.21367752749211055 396 586 9
323 0.12984216659742576 0.4547190121302381 0.027041820125912712 0.3479647298136558 586 508 115
324 0.16942437336261185 0.7047668919632011 0.09824996927143559 0.2005308058494748 414 224 99
325 0.10119249684589027 0.44005335871028006 -0.31959598739445416 1.482866681049434 109 357 508
326 0.10122680481831786 0.43988644331669896 1.4092945791908604 -0.25027360557247635 278 547 357
327 0.10109952875559218 0.43995330068971145 -0.9544847873990854 -0.8962321243678089 361 278 109
328 0.1564537085216922 0.2331187566276786 -0.2879452135062799 0.21350477913406607 30 185 86
329 0.14251746719978423 0.24841175333844728 -0.12025598086773392 0.010051948509670616 530 30 253
330 0.2410582499356283 0.111347293007526 0.09392472506946757 -0.2170781180597112 271 378 210
331 0.15438445691678027 0.8122214636991797 -0.5135562131604567 0.013929598614978098 589 387 372
332 0.2525855322637673 0.8464665323221107 -1.0150153253595147 0.517034728830172 565 32 22
333 0.8407074195574755 0.3358725535324999 -0.11238375213079577 -0.1349935012731618 306 464 536
334 0.9759795656288589 0.3325400355439819 0.2643546929970153 0.10646780054801575 51 514 539
335 1.0202824866086788 0.3650905222811649 0.3446739199689788 0.19983450293831195 423 539 480
336 0.15143336762079976 0.7817644169621377 -0.03669431598851691 -0.008864096002342281 296 493 387
337 1.030154654707691 0.235401533899478 0.14429864161739392 -0.3370911501863506 573 264 399
338 0.030200686972072233 0.23523109320661562 -0.042149803298249106 0.3203709642842986 264 494 36
339 0.2844675437449036 0.09861676565931152 -0.09657597534185047 -0.044959963182988893 210 43 62
340 0.8999742286688367 -0.039997824088780214 -0.14604364245718315 -0.31158748844961615 481 551 168
341 0.9083578364904618 -0.07445623833061396 -0.17709151688485858 -0.32923831334852327 551 89 557
342 0.9136915409937414 0.9213754796943163 -0.43671047745934277 -0.12115790220049161 557 95 18
343 0.28906453258872433 0.059737226629807016 -0.10345021159152701 0.03972327744516946 43 334 21
344 0.3276553848518838 -0.008419903543597413 0.02127101168813983 -0.2628469268628475 533 158 276
345 0.3256720304155203 0.040572648516841975 0.00893104843552317 -0.0157935328010117 21 276 246
346 0.337849302601615 0.04797734431335373 -0.12317719275123373 -0.10002973310774266 564 246 446
347 0.373083558542316 0.023099105899629397 -0.23131337054116408 -0.03503147702477172 446 474 237
348 0.21286411009356748 0.29549866864489016 -0.0615174015894393 -0.06007402700292097 288 593 424
349 1.0114190136205692 0.23799677033537053 0.2240932932273676 -0.10921985954537305 514 135 573
350 0.998170370775321 0.20932410892841155 -0.9504928855162513 0.6134570274167277 78 143 135
351 -0.0017163486602203158 0.20924522395366305 1.101244532781924 -0.7821022676577283 143 502 494
352 0.830897863347849 0.42010097748902614 -0.12141972705048687 0.11308063305182081 436 536 368
353 0.5963104863631092 0.5305134498433013 -1.070229654491538 0.39816360448768295 81 515 440
354 0.0855926473795177 0.23465403318928285 -0.08725908293453696 -0.086283550004276 549 571 530
355 0.5962315263963347 0.53077929628294 -0.5677089682238462 1.8749284590616568 305 362 114
356 0.7177322028118552 0.6191790745300377 0.48603368257155166 -0.025666053077343445 283 69 38
357 0.7009826621863923 0.700894294493441 0.202548858761753 -0.004029365903435167 463 161 377
358 0.8609682452257637 0.5505560315769893 0.056460490102661076 -0.18979051975842598 570 191 225
359 0.7177961944836738 0.6191495981263534 -0.3158386898885609 0.35088015083240603 98 69 39
360 0.7286080354954225 0.5605628688535993 -0.06650333131408281 0.18492924205859573 39 583 48
361 0.8118066826993681 0.5372999160311507 0.38834223684003355 0.032773639704886115 48 195 37
362 0.7245877130538014 0.37821223780436397 -0.03226432645359045 -0.24335911983502934 132 443 470
363 0.7983397217049257 0.9739017845760084 -0.1256967013913107 -0.3266760349249632 393 257 422
364 0.7198717282042881 0.6239170975084828 -1.4817068681061845 0.531555182314657 64 38 197
365 0.789048167731784 0.008968024502186242 -1.0281747673794057 0.4455492394810984 373 174 258
366 0.5963995624124689 0.5305182151695083 0.739606657602904 -1.181302280779293 114 440 538
367 0.6839424537077616 0.5326987898753435 -0.17340104560559233 0.10996589194789408 488 342 583
368 0.7892712982428108 0.008888592585691574 1.3914461583989226 -0.4425359304811258 258 393 434
369 1.0157396004506727 0.523700837728819 0.09267556479175543 0.09279976405374146 456 188 149
370 0.763479497919299 0.37586268272656015 -0.04508498505084724 -0.2645460722011661 470 112 467
371 0.66641382353591 0.44372830663833057 0.7222593491112896 -0.7960815227674427 268 315 342
372 0.8315562581848577 0.9507881899580649 -0.03594311603178583 -0.2736381680287455 422 167 481
373 0.5350916020917945 0.6338023570894019 0.029772605214528625 0.03032948822645487 415 556 127
374 0.8197458886256448 0.4246883921025059 0.26953573366295114 -0.04082424780171845 467 436 4
375 0.4775885056782115 0.977629143915279 -0.06834747420803033 -0.06462702456522251 282 118 597
376 0.41216954711043186 0.03632625918484295 -0.16026761584519988 0.010745231093789442 237 282 590
377 0.7201065393116312 0.6238028273982438 1.3568810980299506 -0.8484941419252838 197 98 466
378 0.8665415619580636 0.5204260863533012 -0.013253581218619637 0.26477410229597265 346 385 319
379 0.8574774278455957 0.5243443819064767 0.1304973764465478 0.20133224896273783 191 534 385
380 0.8907277369756122 0.5543176354160629 -0.10038027648678893 0.0420421096374024 254 346 582
381 0.8285097171318825 0.5119576000149064 0.26925869762994825 0.23307875005040835 195 4 534
382 0.6665148996847191 0.4435448941917241 -0.8113366859537237 0.5578986691243473 315 229 132
383 0.5962765021533049 0.5304936750353346 1.0116384094739206 -1.132331014375024 362 355 81
384 0.7200713902652052 0.3667326157119919 0.09962654538148152 0.08322052647696809 294 341 443
385 0.961323119828048 0.9225466126094547 -0.13242978594697577 0.5057561733798897 226 307 150
386 0.08550791721363966 0.23436428382117802 0.06729079351022738 0.34641988415763486 36 312 571
387 0.5593918484748487 0.9962429247586767 -0.7842246296911615 -0.11421676710331012 597 560 337
388 0.9376485404865997 0.009122967510021673 0.05411938709676267 -0.14491921204728975 454 168 104
389 1.0257236620366967 0.4853761315793169 0.1523446431506148 -0.0370214803258051 366 154 188
390 0.029892936731406285 0.5359943392825393 0.004617242699289648 0.040069727744174166 149 128 581
391 0.06253210256637175 0.25369537494658545 0.06265876879851806 -0.1412729540989366 399 549 186
392 0.5756704119704833 0.6618260747337728 0.003976236701008773 -0.008534704887264155 336 127 50
393 0.6102212036038894 0.6450079486779176 0.017910280897259767 -0.035843416429370833 50 545 161
394 0.641328546172986 0.06913979415294884 -0.015720151569365015 0.0851551461289457 8 280 489
395 0.559436809462077 0.9963271830120574 -0.43867474418231917 0.8732610586379671 560 420 500
396 0.5968603604518619 -0.004049197054116407 -0.11465666957533038 -0.06423309106828867 513 347 280
397 0.5594842901361179 -0.0036337595912060636 0.5578674370205843 -0.307563460209679 552 500 513
398 -0.0012826426846682258 0.6318964972425118 -1.0184449752206068 0.18111819327979284 272 509 499
399 -0.005097236877592215 0.670069359751311 -0.053472828248635196 0.009456333979751541 130 272 24
