1426
0 0.017228753072378 0.633028080673399 -0.28681855467060924 0.06519493660206432 111 66 359
1 -0.0012884560430422233 0.6321488406216805 -0.7382495476300022 0.9588158908006942 499 526 111
2 0.7603871493228924 0.8330898958470628 -0.09891249555527004 0.06514847758487541 85 11 327
3 0.8807797071476794 0.8962438811706275 -0.10822138598405497 0.4453333950519764 558 371 384
4 0.8954031451197504 0.9131012024843146 -0.17511273536768976 0.5529787300899923 468 384 182
5 0.9129961195386432 0.9207905992135295 -0.6406299332949736 -1.060034863213004 386 182 307
6 0.9129814451923047 0.9209314949862226 0.1515813660680175 1.2372032839484464 34 386 95
7 0.028182610800702473 0.685615093098513 -0.3079470341921242 -0.022923574323485685 517 359 452
8 0.01853383014860844 0.6896177153896461 -0.18591038673798632 -0.07655470112000184 522 24 517
9 0.04040363096878427 0.5937199017714997 -0.21935826557961668 -0.058319273021911755 66 462 309
10 0.35963656965537927 -0.044006170720044174 1.1676620059796003 0.4911276155740115 163 404 151
11 0.3516675742490518 0.966307378454267 -0.12926611309138636 -0.08475154623238668 54 379 397
12 0.35944182595950985 0.9559183735738803 -1.5634396116468883 -0.5663585535422384 379 193 163
13 0.870800444442607 0.21295984612937507 -0.06981041161813195 -0.022786632303262166 10 137 134
14 0.996732481662733 0.20651796126041624 -1.279794020888833 0.46307520736542634 591 35 78
15 0.9746300557029015 0.18885752104337222 0.2559322295758726 -0.04848043910765654 134 370 591
16 0.029360383199432127 0.07895206535156779 -0.1594633359386366 0.13406749425903808 133 482 599
17 0.13460452574544915 0.07715246582427389 0.037415818533725886 0.23723297042088642 400 45 394
18 0.60367655250033 0.44376672982964005 0.15912056498812444 0.13519857004762326 338 447 433
19 0.6280961452690271 0.39327130573989594 0.14220496377670422 0.07248574900031723 447 25 202
20 0.7919386292677996 0.12883581097605987 -0.1972179315690159 -0.11491152231146717 243 269 137
21 0.5240237155499416 0.2227583927596632 0.13715135381564547 -0.348225448476569 181 6 260
22 0.6058782546397679 0.3451496071583187 0.061551485436295295 -0.050214594982112004 486 103 25
23 0.5679936097063248 0.21576385503519635 -0.15837651398675767 -0.27618501305393117 260 318 26
24 0.5194282620675266 0.20312927839955114 0.1978947380965046 -0.05362681444742723 349 250 6
25 0.5541088908627008 0.12836784667713402 0.1824408676215361 0.2500570979446781 448 23 523
26 0.4700519011973134 0.1421644227291121 0.06518307768543785 0.21589239215802358 328 23 190
27 0.4659288617556096 0.17317351134221645 0.10176987169652207 -0.07206232624512587 162 190 349
28 0.9539664963375882 0.6870191914903558 -0.06397310558896308 -0.30154755907454805 510 70 317
29 0.922630240392813 0.6853484047858642 0.19156786608409693 0.09522156951824456 402 518 281
30 0.8951497869095383 0.6315051249048945 0.06287207837685216 -0.1652717775135759 201 77 518
31 0.9539369272084178 0.6869403297922543 0.16120752164270646 0.29777571674714437 281 88 70
32 0.9681774072546758 0.6765564366967483 0.04023020016077905 0.15583925217985128 88 49 491
33 0.9690410105862395 0.6427100359148624 0.12324778281280757 0.05642894554402922 56 136 49
34 0.8807272540083183 0.8962937405869574 0.38013499141259943 -0.02041449165745765 218 558 251
35 0.7947718059157219 0.8885359275657236 -0.5370978619972585 -0.7497609387941556 483 458 218
36 0.8315853273881076 0.9506699488661041 0.08532517958782966 0.3044907554718666 459 284 167
37 0.02378954376996957 0.98094355651299 0.0003530876979684905 -0.08764013854911656 104 299 227
38 0.12190890574698146 0.7511267626744974 0.07101617870153287 0.2879709448330714 452 410 479
39 0.1802476824021165 0.9248781182544036 0.025554652144377243 -0.18010309632554566 596 232 427
40 0.35891835877711065 0.9268261384469227 -0.15781170276812917 0.18348073321100555 193 80 13
41 0.3419474430348221 0.8003021269900369 -0.13325666819996584 -0.09246018256581223 184 240 79
42 0.3794380392701394 0.9292881307876599 -0.3669797901326155 0.18969972693377857 404 292 87
43 0.3681294949219681 0.9198410400022755 -0.24329463565314624 0.26855911331585824 13 79 292
44 0.5567067812189014 0.7549708983035321 0.0009894203512050836 0.36368789958773906 540 587 183
45 0.5484298617574894 0.8102149386096249 0.3864719605456293 -0.21427694666363573 304 72 67
46 0.4877132529878516 0.658252730280317 -0.005251947488016384 0.036357152705113194 255 415 567
47 0.9397619878833112 0.5517209963241545 0.025956526945175584 0.059384949345139826 301 335 550
48 0.9488884886267706 0.5532654794056849 -0.08086749242924894 -0.37915943615183945 267 153 408
49 0.9488890360788327 0.5532556380152086 -0.1273522920230757 0.4363591347996787 550 456 153
50 0.6193614174603151 -0.06172145840261276 0.20261789945505426 -0.8983824639557328 347 29 507
51 0.6194487004705237 0.9381727838637367 -0.18556852092010534 -0.09245235107672002 507 297 531
52 0.3602224677222132 0.24166054624929234 0.2649961902689846 -0.37556909110447734 113 82 572
53 0.5410101313663691 0.8615868389361911 0.36684719741109095 -0.06383702837176042 121 304 460
54 0.205898293271785 0.5910766445075885 -0.1555420521548445 -0.1652748042590968 524 125 471
55 0.47094100303832936 0.35963539492031305 0.035927207042707465 -0.19921754801366376 207 473 497
56 0.0033502006157751134 0.7320140494954398 0.4034173555849768 -2.008953998941271 122 388 522
57 0.837682196973283 0.29878760531582776 -0.17941377949276527 0.2617935875026678 236 10 262
58 0.5050907301811923 0.32685504234384666 -0.02795731424143355 -0.08573916368548318 473 96 486
59 0.4874492980296738 0.26873549177708056 -0.017930484180750383 -0.19087412969631679 173 181 96
60 0.9998458588083871 0.5839448873677769 0.041771876929663776 0.09506586629015601 265 408 219
61 0.022049437252105508 0.5745589231717556 -0.029274324978012523 0.13173114959963428 219 581 462
62 0.4844949831746853 0.4309292261152982 0.09982557558352312 0.2923355932327176 233 497 421
63 0.5437849376076129 0.4626073249471985 0.015998405378248037 0.22715170022724607 421 338 3
64 0.2699165042894483 0.7882638315449572 0.48710985381866584 0.2945271534974159 598 252 1
65 0.35959704133122034 0.620246316250416 0.20374021358904315 -0.0737168735776006 117 308 476
66 0.2511711831305709 0.6423551790863602 -0.0558555243723724 -0.02192018788704786 159 471 117
67 0.3968123698163589 0.6510182179191492 0.16672578734278076 -0.11754867287883108 476 332 311
68 0.4016808520303412 0.7329668455809996 0.1693758824167224 0.04905264805454834 108 311 63
69 0.27164659653876005 0.050182162606401626 0.26138797792896185 0.24005220346234868 124 403 334
70 0.6742549657437498 0.35961727003438065 0.008418690050637778 0.030199497763616634 90 120 294
71 0.666154523288801 0.443356086757979 -0.41062032019456174 0.550345628616249 42 343 229
72 0.6477510907353694 0.3948521555441992 -0.04000915154733775 0.05523528578965653 202 90 343
73 0.5682203042933166 0.17198696066416655 -0.18445161360341716 -0.15247790790943494 318 503 146
74 0.5681691679878713 0.1719612086982929 0.09725111101079216 -0.008826374209964204 250 14 503
75 0.5691150070993124 0.15270760931361377 0.41490864998545374 -0.018997283984085143 14 448 290
76 0.5597694456973534 -0.00367678843144342 0.0439633592470021 -0.5975078334126589 337 552 192
77 0.5657635510712431 0.11457741073913315 0.1229387170190166 0.33893225274972405 523 192 116
78 0.5691574268833868 0.15270040964295295 -0.42496775100667183 0.12177954199525318 290 329 230
79 0.5757295829913621 0.12156039319474407 -0.04073024192224883 0.22407878400021453 329 116 203
80 0.6444878590524191 0.17836806347465592 0.1718794154584053 -0.06334818704214866 83 392 506
81 0.5742812877983646 0.1660478001007901 -0.08406900314783528 -0.06058736758823846 146 230 83
82 0.6822059227195733 0.2050197295206379 -0.19375859736103784 0.20097514034922437 222 204 574
83 0.6445879573176581 0.17825262687637622 -0.25028719520103077 0.423365908433157 392 484 204
84 0.7370578956341782 0.19677701437870257 -0.216609671865875 0.23638983964735516 200 574 407
85 0.7737109904399078 0.13159557611083725 0.0033349292077877735 -0.14681189527965266 407 123 243
86 0.6158458380001067 0.11418555958382837 -0.0803346278388517 0.22332675500558175 203 8 484
87 0.8010997901219821 0.04471616545616829 -0.3634698053615209 -0.16341087831571022 106 61 165
88 0.8010459321697726 0.044770282899401076 -0.07916371460946593 -0.45764208256304784 269 12 106
89 0.7970954127905486 0.04014713097269578 -0.35673360468954984 0.41121927763453603 239 434 61
90 0.7969756899165764 0.040242696179419064 0.5572916400705882 -0.33552708379150536 344 239 12
91 0.6464041177121671 0.26969176808823864 0.0661441363486448 -0.07956029238198603 26 101 364
92 0.6473558196423512 0.2937988897611258 -0.2303574269811766 -0.18782134976263412 562 380 120
93 0.6471856318975813 0.2937715288245158 0.3248175055694299 -0.033836645733031044 103 364 562
94 0.41444010112899665 0.09897502859267455 -0.1674986954691704 0.017855460165971948 126 590 328
95 0.362891061607603 0.12171812847739236 0.019884970059447227 -0.02954495953444436 478 383 126
96 1.0008338608199616 0.13632375739888047 0.5401386806873137 0.19107855544266703 370 295 504
97 1.002242575695417 0.08901558081253093 0.1452247815059149 0.003594724518052317 561 133 295
98 0.9165701877831678 0.7014349627686621 0.2792353584468721 -0.11413852155084392 455 402 375
99 0.8767845987231699 0.7953808290703928 -0.06596225510246967 -0.2393222925389793 19 568 371
100 0.9311429282572738 0.7096665637215154 0.07923458104908132 -0.2249992650527055 176 375 510
101 0.9380501400750357 0.7376419298423085 0.029066055118320833 -0.3675770979261195 568 176 576
102 0.916048088065654 0.6021046762634584 0.3139213645615994 -0.16760669672427206 77 505 350
103 0.916037358564378 0.6020833886151952 -0.38413118043411143 -0.38717839303978274 350 430 56
104 0.8952647749224673 0.9131693929599602 0.5310645008168093 -0.1825591166139482 251 221 511
105 0.8952410570487631 0.9133024174501323 -0.12653398314213266 -0.40140305850521696 284 511 438
106 0.895491493113045 0.9135092834850754 0.1341959999273299 1.536225725685817 438 588 89
107 0.8953758770383121 0.913154913340628 -0.12591590114595808 0.419959092291301 235 221 468
108 0.8955427065762323 0.9133214203588448 0.16351453530484386 -1.46247080625323 588 235 34
109 0.045840681299934335 0.9561917041560235 -0.20047304614967398 0.14929053999968023 469 261 439
110 0.0779423382651492 0.47547021915249366 1.1290501027791529 1.0559515506061685 57 53 340
111 0.062424599605961154 0.526506735354912 0.006652078193836175 0.06086337961397348 128 340 68
112 0.026930173223604883 0.3637133840679822 -0.45485940930131175 -1.4775011187635094 194 480 196
113 0.12732747472756917 0.3456379616759331 0.034437868355607915 -0.16524542689050348 97 275 286
114 0.38112890021777546 0.5727642294517997 0.21989184015303032 -0.010499432573363165 308 179 527
115 0.3891995569667552 0.23019065754022516 0.04563600261575651 -0.2657717875637067 572 444 173
116 0.24387209004390953 0.4627734539535985 -0.27328947230231826 0.25617652027465354 205 405 475
117 0.21793722077866545 0.5254890728554674 -0.4873655280493677 -0.08600460077592227 585 75 164
118 0.12502831150853969 0.3370404861126326 0.08235850595256222 0.026335547111122626 535 485 275
119 0.9817660656644414 0.4225895982249363 0.14269586068316187 -0.08019002337156245 211 390 366
120 0.3901272645668075 0.20934413432883509 0.03217452103354557 0.004572759185195174 444 220 162
121 0.16423452596454863 0.8741948516829532 -0.016462186822052693 -0.32000814637056507 395 449 232
122 0.6183452911234741 0.4596829170483299 -0.027861815632412856 -0.10184782461841735 515 433 367
123 0.43766507519310477 0.5117289868761312 -0.11539881238087357 0.15307360812927273 382 592 238
124 0.32904089968251693 0.9601057567361004 0.23420594109924142 0.08709115512095522 242 528 54
125 0.46313195610538394 0.9318032494705584 0.041831654806756546 0.2547650548856417 87 121 118
126 0.3697731023073307 0.7646806042172613 0.8731511125433802 1.1267504982917433 240 92 333
127 0.4182454389589505 0.7391184880130678 0.03465419478611807 -0.5767841205274763 333 256 520
128 0.36963539519813815 0.7644976646717395 -0.8079182632568493 -1.108012146231141 73 108 92
129 0.4182436665242852 0.7390826142417989 0.13800061789376142 0.6073916569221882 63 170 256
130 0.6193050108397786 0.9382163929647964 -0.37948527082900435 0.21951196410840154 577 279 29
131 0.5575543334057695 0.8659716252912668 -0.006908895677781857 -0.17908239786923463 460 285 217
132 0.589924189064881 0.9380577634456564 0.130037959220064 -0.019981366561339087 420 217 577
133 0.5697377831558135 0.7438700572146396 -0.021839610328533432 0.39606118662494083 587 336 107
134 0.6586375923318436 0.767230408483326 0.0645062822601794 0.07183453970549536 320 559 247
135 0.5869581608884867 0.7630994629623458 -0.33774592220203736 0.055929420469946756 215 107 320
136 0.3091401983664496 0.7907193415237519 -0.08509897672740471 -0.547739427809123 381 5 184
137 0.323038815980263 0.9189086883561387 -0.21849185962547443 -1.205618057687277 391 354 80
138 0.5319687463152865 0.7751738817633511 0.32432240747171104 -0.06280614756569436 401 166 72
139 0.44514831953660056 0.7379547049400593 -0.1202751029631341 -0.5621997305519343 520 411 401
140 0.5343602944171472 0.7734960366058816 0.13793883019315445 0.06708055239751376 166 537 248
141 0.5358583768323395 0.755828013568686 0.12845278625495116 0.3373906515280467 322 540 537
142 0.6989479495778472 0.8421693944803411 0.04121266652835768 -0.48229876918810705 426 180 141
143 0.6932332725045477 0.8399215176414399 0.36673590179896376 -0.161548649646186 300 358 426
144 0.6989143366468741 0.8422510594761612 -0.3255227799466053 0.40784752836074306 180 554 85
145 0.6932130922723759 0.8399731188073841 0.14742081429371712 0.40102426228868254 358 247 554
146 0.6273347405581642 0.8691829561493037 -0.029817666391540598 0.0291874718838514 110 419 300
147 0.7947520703921876 0.8887978834604442 0.9883504043233393 1.85745253159788 293 483 316
148 0.817345306016587 0.9482148026479937 0.03938529537228508 0.04057888487035699 245 316 459
149 0.7986152172586489 0.9738805418301024 0.41852777243238726 0.25889759079254177 445 245 257
150 0.7876856940216492 0.9785939377724295 0.21639676925366835 -0.050357638545217576 412 445 174
151 0.7239874241564799 0.924139754490005 0.13245874536105262 -0.14880351326129748 531 330 412
152 0.794677324407572 0.8885175332274527 -0.2951198121818599 0.949657458725571 580 327 458
153 0.7945889290726971 0.8885113703534958 -0.32831064421723255 -1.8045947543051029 140 580 293
154 0.7360005296679484 0.8933441037441401 0.04657602636903846 0.0428828965393091 330 141 140
155 0.30914314037131246 0.7907682524859069 -0.019695531653756954 0.5393814532014395 5 1 73
156 0.2766420943346114 0.7964225656609786 -0.08598265068687772 -0.034721083126687535 594 142 381
157 0.5497354108959098 0.7821200028388717 -0.09524265768418028 -0.06441443645838207 93 248 429
158 0.2123276816042292 0.4880794256836949 -0.02104814725290005 0.04697925104490963 231 205 498
159 0.1649716996955105 0.4723204715474983 -0.3051818914495252 0.2564122061107354 47 259 231
160 0.3031044799075883 0.5054507710901347 0.15000090892699006 -0.36303318383672406 164 363 289
161 0.3031460086763039 0.5052552732433644 -0.036127006215139895 0.6036903961318187 363 475 331
162 0.3762463676505496 0.520670244885018 0.14837025878462318 0.4333621993104619 331 369 249
163 0.8286510576135784 0.30148943813339324 -0.025634343606140142 0.2180236107970912 490 406 236
164 0.7402150217968776 0.2728627186552285 -0.009040775766910869 0.006011948230910669 512 58 418
165 0.7558506981274746 0.2606640185736821 -0.1983910181968529 0.14486698438065382 58 200 406
166 0.9297341903974782 0.3565683657434171 0.20718495946647764 0.17461163764886933 409 51 172
167 0.8512433300599803 0.32820611025186447 -0.30526306152994787 -0.006260643739541827 464 262 409
168 0.9465472043789291 0.420107571831245 0.14690733005084944 -0.09261786199088462 345 172 211
169 0.3557729066545277 0.18589435270412227 0.06371415860184637 0.05853425574103843 270 478 220
170 0.8268296723047736 0.7327935942923863 0.0008487717473304457 0.03127180459028267 91 74 455
171 0.8504062620588327 0.6204139025863248 0.07426829568002447 -0.17726243528581875 31 302 201
172 0.9988105559285825 0.6320127051304413 0.41862552974522493 -0.4503132326286885 241 265 526
173 0.9986776893519431 0.6320076954652891 -0.23896779948324703 -1.480551738145859 136 241 509
174 0.43364559461414887 0.573436166722568 0.6418238563613964 -0.9033704210002031 298 376 398
175 0.43754780934297843 0.6288145613776438 -0.08731263906325282 -0.012776978780548731 332 398 255
176 0.22356950584555726 0.9263259922927787 0.030746161866490596 -0.1976198482633862 427 15 525
177 0.20498198955496227 0.7218091967459299 0.10047489888698191 0.22824288639644585 99 129 41
178 0.22161985406969625 0.7156925425462222 -0.11983835347673111 0.3131503993614171 129 159 325
179 0.24093835672837688 0.754673175933098 -0.4242550569800204 0.6387548138667544 40 325 252
180 0.036166008207367054 0.08730521611456322 -0.21598884365064963 0.051739663248229206 209 599 425
181 0.1252562469504901 0.08868024842175533 0.25044421675390893 -0.007888935338318248 425 400 171
182 0.6730020629901735 0.22790559901011773 -1.8563027706216204 0.12553126205718998 16 506 584
183 0.6604727741833762 0.2613379022541127 0.2741979746833094 0.20774428266783895 101 16 465
184 0.6733228263482178 0.22789257656026463 1.6242263954409244 -0.020101655044763782 584 222 352
185 0.6785904580544528 0.24830665488847625 -0.140653878474839 -0.012230805951363166 313 352 512
186 0.6604425604013867 0.26131371907190626 -0.3389316150192957 -0.28624111960700466 380 465 313
187 0.2975531232969808 0.11037485457361089 -0.042337430783412344 -0.013863454134677156 223 62 477
188 0.3333177326086576 0.0983637795469816 -0.07977966620664745 -0.058440726563580014 477 564 383
189 0.931672442135432 0.02896854295808539 0.05817414952535849 -0.1895161617915253 165 454 561
190 0.7388320040383622 0.7165597752032434 -0.04261404188505777 -0.30798210002799287 492 417 365
191 0.7848071084007151 0.7704601303765779 -0.05335598352029791 -0.11226992668866842 11 365 348
192 0.8224444038751905 0.7593434008302404 0.03731124090244897 -0.15067940263568946 348 91 19
193 0.48582781829758515 0.7165039643020674 -0.06751375847269259 0.08197909157070526 541 567 322
194 0.4451438444813481 0.7378403284682228 -0.07250466661789817 0.5815864010814877 411 170 541
195 0.0418925273974006 -0.005703595076647007 -0.13330096054753326 -0.17966611809416833 482 227 65
196 0.059276740645330145 0.9820683533404554 -0.3104447407475952 -0.0624529518378214 65 439 228
197 0.1151696632243413 0.9964817830322495 -0.06152606757403589 -0.017535222579523335 228 596 45
198 0.026830641938175796 0.9604833241975563 -0.3539574528042702 2.3399029335747166 360 303 299
199 1.0266444485370796 0.9601394002484883 -2.4749997725516697 -1.42871512425933 213 553 360
200 0.027110167527805658 0.9602102626953005 2.792193886795883 -0.6309537479117009 303 553 469
201 0.274993494481089 0.986545306462627 0.2832883289061172 0.06649858372287376 403 525 27
202 0.21787526910387234 0.5254289886766919 -0.30236381698379394 -0.07620313674505923 157 498 75
203 0.08122144109525617 0.47262149349384913 0.8086592815733002 1.0947323004059835 53 102 396
204 0.21789203696955492 0.5255308968598066 -0.26856230919149704 -0.4225024679684682 125 2 585
205 0.2178718779968315 0.5255014457258579 0.7045550111034535 0.31101242986975985 575 157 2
206 0.18838388448927845 0.5243147856293469 0.0521460780805727 -0.024816828800289237 214 100 575
207 0.13213636780210417 0.7497426257475495 0.03761916403388632 0.29307805869682735 410 414 339
208 0.14430863300751037 0.7785672724637849 1.3353196309165116 -1.1363614866072498 0 339 296
209 0.08825787056799658 0.38514472663221533 -0.01237095148542977 -0.06638608204823093 461 97 547
210 0.026980813102455318 0.3639559169099262 0.16725842243807126 1.5048847770662463 131 194 461
211 0.08108933747011647 0.47245702562102515 -0.8582648904449034 -0.981620994883035 17 361 102
212 0.07775679074984315 0.4752610475983837 -0.8799250800238034 -1.210483552495473 154 17 57
213 0.15890598574179282 0.316400813928921 -0.256624885144191 0.06375120336146733 28 543 288
214 0.21976962720682985 0.38786222728195746 -0.41460858288266955 0.04999744715461496 521 206 405
215 0.17595626848211432 0.3904411076250718 0.05274216896555828 0.01976270258552404 152 487 521
216 0.14799524810388384 0.34750052005261767 -0.1191570200148595 -0.19537374565392618 286 28 487
217 0.07364310842162435 0.32039080510718404 0.058228291632822504 0.0029715833960164417 196 186 535
218 0.15399618693804307 0.31344612666338656 -0.0966899120664888 0.1631674352922663 485 253 543
219 0.23161511881800947 0.09538973583107048 0.1807366388495435 0.23738667524753065 529 124 60
220 0.4334140649560048 0.5732800351638079 0.9170216757253608 0.5014119481297702 527 291 160
221 0.43360637045124467 0.5733850810840933 -1.038798648408121 2.4039107552264407 7 542 119
222 0.43346647948681544 0.5730991938144842 -0.4574930635768779 -1.5603478995121012 291 138 542
223 0.3648076114879226 0.53141190565465 0.1799082115921946 -0.1358636234766175 289 263 179
224 0.2527138323033832 0.846595419142411 -1.3181637617694884 2.5332695667714495 71 22 579
225 0.2527379429483877 0.8466360919367419 1.1499029955308733 -0.7941208964365584 453 71 144
226 0.7683107500560816 0.35039156981987685 -0.14573710224730085 0.09146162230355692 112 431 145
227 0.7490422563320839 0.3394326241219038 0.015382794343876682 0.19458647644576832 341 418 431
228 0.14949954965999504 0.45107474129334324 0.008577901930428844 0.08449207548888449 115 152 259
229 0.8259460960045522 0.325614640696997 0.01749395246719576 -0.03339475397601266 145 490 306
230 1.0210040310890922 0.36497186238447926 0.24568854998355846 -0.35560402986062667 390 423 131
231 0.9379212967202899 0.5543720086049259 0.26644301726015196 -0.09834069643273367 582 301 321
232 0.93794511257648 0.5544548874948169 -0.11812404906893754 0.08338203719062548 178 321 267
233 0.11103364549381962 0.5794741887895336 0.13971407399060443 -0.20502759366842777 309 94 450
234 0.15353246647357022 0.6078234212179361 -0.017630159832027203 -0.32746811963468847 450 314 224
235 0.9610299945709815 0.92261127293364 -0.16195938039049312 1.4701588674611221 18 226 213
236 0.24084237777453013 0.11103416518265884 -0.12495342939598114 0.500671823474414 198 60 378
237 0.3530444608606705 0.9721698415407083 -0.053511929562239255 -0.1653394973992646 158 397 148
238 0.35313577039025995 -0.027810312492648214 -0.2563199032282757 -0.21027046174929617 148 151 474
239 0.0008397533238734536 0.13632558828155025 -0.4296285844486848 -0.10882579038222137 504 209 310
240 -0.0030744480073002017 0.20645406973852243 1.594872143454839 -0.37634497194652783 35 310 502
241 0.1465781397131538 0.11563427693507006 0.13860989439562488 -0.14749611254583073 472 171 287
242 0.13153398227255925 0.19837563672262395 -0.0384740565795294 0.46112972607037506 312 472 185
243 0.8822766718831874 0.4747887643635393 -0.012127571169529006 0.17619057220141787 319 368 33
244 0.906911827057933 0.47367404341599856 -0.01629579769735212 0.16301911556770854 33 345 335
245 0.4334446479477815 0.49982836857016943 -0.010054186476426974 0.48139735340374523 369 233 592
246 0.24098933552448404 0.7546015574525684 0.3664558204134131 -0.4228840724332925 189 40 208
247 0.18068387757012588 0.8506880433281154 -0.137718297529843 -0.06486607223576968 372 532 449
248 0.252469879640134 0.846599094305227 -2.3703867187329837 0.6791683451786291 532 565 453
249 0.24078255631607803 0.31509798478594775 -0.34010945587636954 -0.270103468064109 206 424 273
250 0.4183497893096273 0.5312175729461361 0.07262590112633305 -0.009442573112306007 138 199 382
251 0.3230915858799044 0.9190236866478996 1.4939066106915568 0.5705455486044227 528 413 391
252 0.3229150776341035 0.9189659385162086 -0.8732285846399078 1.1433366773521205 147 354 413
253 0.2528987650614275 0.846476314932834 0.6894045333411848 -0.9191310494985598 546 579 594
254 0.25394477198461834 0.8525358305807468 -0.4486007118889839 -0.08600103721954411 187 546 147
255 0.6194212036264987 0.9381674490214275 0.0994444300316628 0.5699392653408121 279 110 297
256 0.5773941841700491 0.8357393018624709 -1.763433323890011 1.3310368295173052 285 52 76
257 0.5777224662156373 0.8355415031485728 1.7120994348753047 -1.2159408619760237 76 555 419
258 0.561376123368155 0.773952165543097 -0.11705975164894022 -0.056915641470645095 429 183 435
259 0.5733120053438135 0.7782642447514752 -0.1961810594183766 -0.08593815051943787 441 435 215
260 0.5774944216526007 0.8354885027082453 -1.6372609131952085 -0.17219285344111362 324 441 555
261 0.5485581548935243 0.8101750444311426 -0.16174043258681234 -0.03999570999098454 67 93 569
262 0.5774846578546149 0.8354843735843996 1.1415288526857867 -0.20703800215579082 52 569 324
263 0.2539964916918473 0.852525458071693 0.3751710671858301 -0.25328604052660453 15 144 187
264 0.14268754306368694 0.863214510911624 0.16643358878576375 -0.1996053076297466 212 457 395
265 0.15440188557482007 0.8120240926764056 0.4681351543292799 -0.16889728042761407 457 274 589
266 0.06844434922853014 0.8884035407858711 -0.13873944840203656 -0.011256673371207171 261 578 212
267 0.34358801880094686 0.1927193041962946 0.36105906771333185 -0.09469766550779246 244 270 82
268 0.48212115153264556 0.5553250863766465 -0.08504530794872789 -0.058869682045825655 105 156 323
269 0.4832392516869425 0.5307586828757289 -0.09741169156030072 0.12200034420206674 238 326 156
270 0.3150480351279007 0.9795636736755806 0.3423669150265374 0.028645572372476558 27 242 533
271 0.9160543282875382 0.601913102442957 0.5937870975133726 -0.06427925772358552 516 277 505
272 0.8896867648622566 0.5557322855654601 0.03288947970307016 -0.17927515758801166 225 254 516
273 0.9159991863563316 0.6019378497439162 -0.38474625649128247 0.265670539032121 277 178 430
274 0.7879200206339815 0.03577760512668312 0.2071858762678347 0.11537314020815259 44 373 344
275 0.7423312674512036 0.07653680516514579 0.24330655198911977 0.13130783335646434 489 44 123
276 0.11107296749983196 0.5793434803867618 0.03203459619425218 0.15257115265187443 94 68 353
277 0.052911839078631596 0.8755093493108357 0.004098208578051654 0.10216969353882277 150 374 578
278 0.06316312342618002 0.7940581536389304 0.07578720567780195 -0.1706135899226524 563 175 374
279 0.26966801040061245 0.7883642369088986 0.07079058571160621 0.21608694273213355 32 208 544
280 0.2698338821718281 0.7883224343030081 -0.498586080085431 -0.24092967649825797 544 598 142
281 0.7034660438886728 0.7124746838882146 0.18995835425472674 -0.09645308701039523 559 463 492
282 0.003246433903019274 0.7321809952620731 0.6656916112801353 -1.0127278938170488 576 495 234
283 0.0033580197957695564 0.7323904534760576 0.7273354085774396 1.9328873291268363 234 122 563
284 0.24079315275722576 0.11110597175864491 0.38368737340413983 -0.5721434701499387 389 198 59
285 0.18490200402816695 0.10146287054414631 -0.8547908013465007 0.7237489844333931 216 169 389
286 0.3762738499524538 0.5208168589353299 0.048923759761823095 -0.06396892388081492 263 249 199
287 0.26067362171738834 0.29783496918964686 -0.300767027602844 -0.304950689006267 273 356 84
288 0.34328645530275265 0.28803691593935243 0.22219391951350254 -0.33246328121072644 84 113 207
289 0.28639585207724993 0.15477633246949382 0.0997275154818178 -0.20560831162641513 442 223 244
290 0.2667714110105497 0.159021736588657 0.09976686386747868 -0.1755599863401125 451 428 442
291 0.22814542470172913 0.24695584749515928 0.011078620659743521 0.29523003122061686 566 451 356
292 0.5418207023060345 0.49768586405081605 0.04223212335396909 0.008276837548670812 326 3 355
293 0.7873365343290393 0.7011294077112755 -0.12189268552842414 -0.07474738814017279 501 139 74
294 0.7892959885220265 0.6637948130182648 -0.10133992464633756 -0.08307328297485483 466 31 139
295 0.7389211816586962 0.7162778758608292 -0.16552381089038337 0.08032027746900094 417 351 501
296 0.7103372208792068 0.6961832667315059 0.06325731188860928 0.051084266851353366 377 64 351
297 0.8456581996602094 0.5619522754172633 0.0729783199149292 -0.21022741117371346 302 37 570
298 0.1655093635048247 0.5938574168828173 -0.1399287869602306 -0.18326277856361983 314 20 524
299 0.1556941788051193 0.576233944743038 0.02186372957679872 0.09682498101903914 353 214 20
300 0.648631977574369 0.5794999046846634 -0.0455236365964895 -0.02183696695690074 416 519 283
301 0.6660367287610919 0.4435158614295417 0.7385979324973707 -0.251391663353708 367 42 268
302 0.6479091883675636 0.5570621219799048 -0.029440407750547237 -0.017099614432747323 519 538 488
303 0.4334789380426221 0.57350600048453 -1.3251302727801308 1.5804206250928567 160 595 298
304 0.6132829828171181 0.5986818059913451 0.012924930570257231 -0.07799681178699558 155 416 545
305 0.43376382255432927 0.5731354263976213 0.14232269107813597 -2.1271314221379716 46 119 105
306 0.4336669814404831 0.57353357165622 -0.26124804424257875 2.5978931689779756 376 55 46
307 0.43367971278026884 0.5732218700417049 1.050607949750382 -2.7940556692742855 595 7 55
308 0.5858473248496652 0.5781662875812079 0.08839655327164131 -0.009115927457337136 177 305 155
309 0.5387395534308589 0.5968182757964721 0.027116938555726833 0.036171748929447745 556 323 177
310 0.20614507849438402 0.7390789761562883 0.056462017353209326 0.024808457371738868 493 41 189
311 0.9699514715166757 0.6859300216247802 -0.13434463055905788 -0.0808292080836659 317 496 548
312 0.003141419767423829 0.7321923658567103 -2.346564139597525 0.1375664316239245 495 548 388
313 0.9719150486630651 0.6791320525702605 -0.17131862864103176 0.025570577426303753 496 491 130
314 0.24094688283213797 0.11121579823205202 -0.01390843988374399 -0.5137977110745506 59 271 428
315 0.18475977485157524 0.10140096158740891 -0.9106275728376807 -0.7786744500928866 287 432 216
316 0.18500037749949286 0.10140345640583734 2.697221792221922 0.1083057214740354 432 437 169
317 0.18484897548268842 0.1012791800766099 -0.7941549955462704 -0.09249433348683563 437 394 529
318 0.21502280181222222 0.2521522926353377 -0.07798711121331792 0.3321579771647931 86 566 593
319 0.12043954719901802 0.7656770608103511 0.08163106961223132 -0.07088817276235115 175 479 266
320 0.14404217294668228 0.778784574836306 -1.3843199363793326 1.0781636836850605 266 0 274
321 0.16482301247947675 0.47248876909972587 0.18454952283703493 -0.28614966000005404 9 47 100
322 0.12988885527874333 0.4549669992089588 0.0455265906455771 -0.20872338034981094 396 586 9
323 0.12988935528642565 0.4549677514999194 -0.00026949848467216694 0.34301699913702227 586 508 115
324 0.16965922357778962 0.705250324375844 0.09748051116309497 0.202255448500388 414 224 99
325 0.10129838254805022 0.440319975896347 -0.32652671868985994 1.477961292798346 109 357 508
326 0.10133257920610352 0.44015363149017694 1.4066298289859687 -0.24449095365711593 278 547 357
327 0.10120560480080082 0.440219899756568 -0.9501227728544873 -0.8995459286118391 361 278 109
328 0.15576424025490757 0.23362976817783693 -0.28665182033593695 0.2124099153510972 30 185 86
329 0.14222972291947164 0.24843838021002296 -0.1196599298813883 0.012375155067356758 530 30 253
330 0.24099721188627332 0.11109597116226333 -0.3042434946771283 0.15282015163411466 271 378 210
331 0.15432208895881047 0.8120392198579742 -0.5182879128186378 0.018261217632985736 589 387 372
332 0.25285393884945867 0.846381163449819 1.974141244937965 -1.3483038018520845 565 32 22
333 0.8404372000254129 0.33554956604206615 -0.11278257633362543 -0.13420141768694105 306 464 536
334 0.9766164709034902 0.3327897742849192 0.2660678712074205 0.10219666085609092 51 514 539
335 1.0210091474139538 0.36500121162511023 0.3450662122257361 0.21469293970117867 423 539 480
336 0.15136131845751497 0.7817209149552625 -0.03317246234646465 -0.008763184188714801 296 493 387
337 1.030288130578207 0.23535339499848495 0.1376660997221349 -0.3534104912498526 573 264 399
338 0.030322453610327628 0.23522842411995123 -0.027902493293305297 0.32461722528228343 264 494 36
339 0.2842363299487736 0.0985047533129341 -0.096149109507504 -0.04832495480167065 210 43 62
340 0.8996215282643988 -0.04073474228663248 -0.14778536588933022 -0.3020307740020378 481 551 168
341 0.9079373752205115 -0.07522127341142874 -0.1565637120816421 -0.2842109206833976 551 89 557
342 0.9130756946163854 0.9211143221318734 -0.16179936475910553 -0.3303627849472572 557 95 18
343 0.28881637729393905 0.05983224086056105 -0.1033476013101442 0.03945785712056171 43 334 21
344 0.32770444777349117 -0.009052975562675498 0.01936930685286775 -0.26501559384495277 533 158 276
345 0.3256938501922002 0.04053396114874122 0.00921875908943548 -0.01642036350640863 21 276 246
346 0.3375556526752781 0.04773759971393778 -0.12159955594531757 -0.09975801244094251 564 246 446
347 0.37253409326556586 0.02301471891875408 -0.22640536251339327 -0.0354195513196931 446 474 237
348 0.21271813266106449 0.2953557922987887 -0.06019725759531802 -0.059041622979538744 288 593 424
349 1.011943406900758 0.23774845698573133 0.21429813271134357 -0.09405374708226777 514 135 573
350 0.9984037372703658 0.2090902170972209 0.6039849255527447 -0.725844530129454 78 143 135
351 -0.0015770639866139796 0.20907670322478403 -0.44313456163248915 0.558375507248997 143 502 494
352 0.8306073781422196 0.420372741842738 -0.12069168425082877 0.1133647235113111 436 536 368
353 0.5964785576796667 0.5304289541714022 1.6225463990892692 -0.36931331871850015 81 515 440
354 0.08552523460926528 0.23481229606807622 -0.07106640451760632 -0.09986173538344958 549 571 530
355 0.5962829023122442 0.5307060637442115 -1.3885892204261203 0.6872890139109501 305 362 114
356 0.7179487664242447 0.6195605496361962 0.4625009133757841 -0.014991873966752924 283 69 38
357 0.7014671999003195 0.700882634185982 0.20129670326440863 -0.005614130688114116 463 161 377
358 0.8611052047603103 0.550100913736283 0.05761739384213538 -0.18949097915776925 570 191 225
359 0.717987420731103 0.6195425655164333 -0.29288553918575216 0.3355873622637147 98 69 39
360 0.7284548752962464 0.5610067165012624 -0.06107842218106008 0.18499435386343244 39 583 48
361 0.8127400703453964 0.5373795761683873 0.3894239365004326 0.0335725187233793 48 195 37
362 0.7245113506787497 0.37762662263399716 -0.03138087203286011 -0.24456348595575106 132 443 470
363 0.7986494450154968 0.9739112270771995 -0.17325348448916314 -0.2706328997302597 393 257 422
364 0.7197872304122528 0.6235096499582022 0.3471611817164538 -0.35725889676609635 64 38 197
365 0.7895478162340608 0.008925780352255854 0.7906829737659454 0.41803548486588155 373 174 258
366 0.5965244638276264 0.530548308745896 1.2822444276655998 -1.0973656838553008 114 440 538
367 0.683530340738664 0.5329605712901527 -0.17105266023054178 0.10842724357251754 488 342 583
368 0.7896388003555924 0.008940465714443265 -0.4273165649559991 -0.414135096279012 258 393 434
369 1.0159593331586736 0.5239201242541807 0.09074646832585298 0.09054652444495659 456 188 149
370 0.7633691017160436 0.37522764673721093 -0.046828216998529015 -0.2646424666213898 470 112 467
371 0.6660896264953468 0.44355461433751037 -0.5354295572423907 -0.12853774257264808 268 315 342
372 0.8316357646982979 0.9509049531747188 -0.035826567347562246 -0.2838297920749067 422 167 481
373 0.535163227290622 0.6338737902309566 0.029903681614262823 0.02925111888818499 415 556 127
374 0.8203902858486226 0.4245901969154028 0.26756023854823674 -0.04098940058899769 467 436 4
375 0.47742450742628845 0.9774755453869383 -0.06813212841128014 -0.06425730225689819 282 118 597
376 0.4117851422634504 0.036350792218017354 -0.16007113204374868 0.009733995554039865 237 282 590
377 0.7198931288630347 0.6234574843856456 -0.47100526815368676 0.0459750667088565 197 98 466
378 0.8665113672616502 0.5210582635596657 -0.011976419508896718 0.26217098214598167 346 385 319
379 0.8577892610715383 0.5248260353630052 0.1294052561287562 0.2001043717878015 191 534 385
380 0.890484322843979 0.5544182629331023 -0.1023645508635429 0.0420035928781759 254 346 582
381 0.8291550635641478 0.5125185000404291 0.2685687752052024 0.23427679102239196 195 4 534
382 0.666186747628769 0.4432642198589391 -0.2404732074756568 -0.5502503387469786 315 229 132
383 0.5962034946620333 0.5305301160828003 -1.4037634048414847 0.7411975939661984 362 355 81
384 0.7203113418867984 0.3669314944780864 0.10030419168860494 0.08253696458931925 294 341 443
385 0.9610365335481488 0.9223718724496879 -0.07994588103703965 -1.4890257056330418 226 307 150
386 0.08552711519063035 0.2348201147618763 0.05076840304421115 0.3501415954797345 36 312 571
387 0.5596966465778904 0.9962338703592122 0.43186447666685585 -0.025400204441377965 597 560 337
388 0.9377755239149207 0.008777748840190613 0.05179287901335705 -0.14284579109846707 454 168 104
389 1.0260881763695116 0.4852877205306265 0.15135717193470732 -0.03722755645418907 366 154 188
390 0.029905304003473833 0.536089969184245 0.005635125005509778 0.03962684763658686 149 128 581
391 0.06268425595056924 0.25336855674030306 0.06342378566781548 -0.12895114802347063 399 549 186
392 0.5756789266353592 0.6618051764911919 0.0031571995018353505 -0.008866742756685753 336 127 50
393 0.6102652860619205 0.6449214987877544 0.018783100075303594 -0.03618951319173114 50 545 161
394 0.6412911379951806 0.0693454021249164 -0.015458919561117668 0.0861365860582719 8 280 489
395 0.5597982889323617 0.996194455938433 0.032013403966591955 0.6388027689419951 560 420 500
396 0.5965887299719475 -0.0042031993106885455 -0.1123995167773284 -0.06255629070306412 513 347 280
397 0.5598533617886683 -0.003745300867031856 0.027939471650964207 -0.14004084708269665 552 500 513
398 -0.0012395595423792677 0.6322520922156997 0.533974171139823 1.353688429509307 272 509 499
399 -0.005227241624559886 0.6700902918884459 -0.05432198128818566 0.008121998559817989 130 272 24
