146
0 0.051029252315913896 0.6280893243119584 -0.22096503324992023 0.043383208657432615 111 66 359
1 0.03934522112128962 0.6273281293935951 -0.7503293091015717 0.012626650419678143 499 526 111
2 0.7817675638955608 0.8122646625347324 -0.24635854294075 0.2367733967223451 85 11 327
3 0.8938140547574343 0.8282377243468678 -0.1840010161596739 0.6576701351915237 558 371 384
4 0.9123579258678155 0.8636835211116486 -0.20518924198631439 0.6578110015031946 468 384 182
5 0.9421984101425188 0.8905502629915705 -0.4383205860769568 0.3985636237713308 386 182 307
6 0.9181843653676578 0.9188446679042921 0.21042074853372394 -0.13850372480861406 34 386 95
7 0.06971834653892162 0.6971312751657109 -0.30873098383343844 -0.2059025207279408 517 359 452
8 0.05130290138858263 0.7033944209809926 -0.3614227007953108 -0.1987585981216844 522 24 517
9 0.07225263308502247 0.5928043181106334 -0.36141963415114997 0.11630450699740003 66 462 309
10 0.40371044875618944 -0.002835571307509544 -0.43692498976483085 -0.8208126657527348 163 404 151
11 0.3464243808530781 0.9704237928911007 0.13398010860476983 -0.0337516577186836 54 379 397
12 0.3737770680774225 0.9531946962129348 -0.0002599663539992747 0.4016425726727224 379 193 163
13 0.8790343086590934 0.21702904401281625 -0.10241064801741473 0.004313666090993706 10 137 134
14 0.9242741100160318 0.21426290627537936 0.7772426664949539 -0.08674784744699959 591 35 78
15 0.9177639167541204 0.21098587547126524 0.4131491255013331 -0.2578218073062688 134 370 591
16 0.04703302530986622 0.06155053074102077 -0.021942256345219846 0.01680746097854069 133 482 599
17 0.12860702335180793 0.05166574220860139 0.07851121211488454 0.006948418923569122 400 45 394
18 0.5831105084723064 0.4247682496799014 0.2373679620915059 0.1059040716233639 338 447 433
19 0.6188093495325115 0.3868053060121676 -0.1537493660164202 0.003894406325199995 447 25 202
20 0.8102411371872056 0.13974731669270438 -0.06506883955259557 -0.0619181261818369 243 269 137
21 0.5030944634484031 0.27038178763899046 0.18113023962651464 -0.40055568098495975 181 6 260
22 0.5984992279029727 0.3469129585303909 0.09629709599168201 -0.053448871717431956 486 103 25
23 0.5931177075449523 0.24963056997686517 -0.10647124536189434 -0.30895937162822573 260 318 26
24 0.4898541282663633 0.20512191172945282 0.2552912159448084 -0.065697139742249 349 250 6
25 0.5390259812039111 0.08826009201037682 -0.24554799426396157 0.535124979397783 448 23 523
26 0.4582633747761372 0.11842200441669246 0.2012098428844089 0.10992165129508624 328 23 190
27 0.46599682902148754 0.18864449323259455 -0.26564145015617324 -0.21681509157489565 162 190 349
28 0.9646493593323233 0.7111880409430051 -0.13636712835329856 -0.2987320262687332 510 70 317
29 0.9012948317184926 0.6766584398913528 0.1754654560537361 -0.025273194648178787 402 518 281
30 0.8861375837982567 0.6563258715909562 0.14688096364179337 -0.285477558953362 201 77 518
31 0.9425702795506319 0.668151559969868 0.03790633397449117 0.26441974842333904 281 88 70
32 0.9510207949589619 0.6556832688983079 0.23943545132687483 0.006207708305727699 88 49 491
33 0.9449800351402661 0.623947231509616 0.15926157354712034 0.20260465388721727 56 136 49
34 0.8530325061601756 0.877689550459809 0.166199422627078 0.13521105589331395 218 558 251
35 0.8318565888588051 0.878908110542568 -0.47860720595038764 0.1069135512760111 483 458 218
36 0.8315758411129337 0.940756948303998 0.10252203322402842 0.020652574095336718 459 284 167
37 0.03462350419555761 0.9903577785236539 -0.24901710173053093 -0.018655012604118504 104 299 227
38 0.10433066877032715 0.7139887404162507 0.1363630819373185 0.27418281672852984 452 410 479
39 0.1858430670015562 0.9491395060205012 -0.18663894058718045 -0.20072089476630417 596 232 427
40 0.39133353434306917 0.8935492567538503 -0.5292301165013558 0.4141490652156965 193 80 13
41 0.3784550255717903 0.8424243208733407 -0.3609985678443284 -0.3644145117609465 184 240 79
42 0.41537997977046065 0.893839647193717 0.0021213617668047746 0.47062873251291215 404 292 87
43 0.4000745635359319 0.885763614502872 -0.30885755376852675 0.2369347695471702 13 79 292
44 0.5448424943574425 0.7068695182673332 0.30406681946620884 0.3924411750427792 540 587 183
45 0.4916414134160165 0.8499559838240132 0.5583291403862822 -0.5044233912510077 304 72 67
46 0.48180046740291743 0.6593568470059341 0.09452801458254001 -0.16765307891963843 255 415 567
47 0.9341030679116867 0.5393953895733525 0.19819118013408854 0.09751014197478813 301 335 550
48 0.9718541679816508 0.5709467830784624 -0.3996033502359775 -0.40300069063109456 267 153 408
49 0.9670316080689108 0.5476991977084609 -0.281219206602068 -0.1402769116143343 550 456 153
50 0.6288186769532143 -0.0037789661735973864 -0.21034034826394876 -0.6548371737219449 347 29 507
51 0.6603038324958557 0.958182672902392 -0.151789533026081 -0.2393084931606726 507 297 531
52 0.3272747381150762 0.2935732745098426 0.20300464781408678 -0.4654091889655376 113 82 572
53 0.4880616514785922 0.8636482275710649 0.43684847163272256 -0.02139060213679489 121 304 460
54 0.23337425543287094 0.609714907068202 -0.32029374708031355 -0.14073487999977097 524 125 471
55 0.4756835511074491 0.37958567808232474 -0.16032989640785145 -0.15052695583051 207 473 497
56 0.040187273941141556 0.7188944755740814 -0.4947338892724584 0.21535342294154436 122 388 522
57 0.8562470963188438 0.2655283230753809 -0.014683979032703576 0.2796168753135819 236 10 262
58 0.5033178284063599 0.3308724558724975 0.25229268466042676 0.06597474441760731 473 96 486
59 0.49198392160204163 0.285408170566774 -0.15480168327752786 0.02784710621817066 173 181 96
60 0.9835177302034477 0.5795784771898214 0.18133213888771316 -0.04207645898368639 265 408 219
61 0.02341982219963823 0.5598548544543454 -0.06529030441293493 0.001941299204721858 219 581 462
62 0.4792581533091178 0.39015161521297415 -0.0006013764139445321 0.42572939323165526 233 497 421
63 0.5354021376911037 0.42480308150359747 0.2732034508345915 0.4669464252760047 421 338 3
64 0.29663428107817175 0.7458582343910027 -0.4631555326761738 0.24348559661546698 598 252 1
65 0.3439225972074615 0.6281624549137436 -0.002503304508127968 0.0019584840693642747 117 308 476
66 0.26064484782215336 0.6474618964194783 -0.02330824786650476 -0.1257186885844641 159 471 117
67 0.369552613482681 0.6557368476073127 0.3268853500382196 0.1354667412967192 476 332 311
68 0.37027540185759317 0.7010159743530568 0.26066568591109895 0.22003284819160918 108 311 63
69 0.23397916507631275 0.008809609431044085 0.35673153667148405 0.5158537833005461 124 403 334
70 0.6777300194006648 0.36222262655868653 -0.07065903383229877 -0.16686684638222982 90 120 294
71 0.6598001479851268 0.4225013228088788 0.19001601334056595 0.4152453748906826 42 343 229
72 0.6507263310550033 0.392205850807052 -0.029855839328574163 0.04851410453921012 202 90 343
73 0.5922934666931566 0.20180614887722945 -0.3709973959986623 -0.3315756086363919 318 503 146
74 0.5433109758771268 0.17612578727609354 0.3471005443136943 0.0009104028295126021 250 14 503
75 0.5471856591591509 0.1654120244950616 0.4765937585554658 -0.4436876444371962 14 448 290
76 0.531477971311088 0.02247165865251256 0.6322757255261546 -0.09826531879864042 337 552 192
77 0.5471817050925726 0.0770154271289414 0.11023694318490485 0.07163986799618716 523 192 116
78 0.558116390968464 0.16079498640575576 0.5167570279671074 -0.4157169707433295 290 329 230
79 0.5940481306835592 0.08777844243760083 -0.4359828990885273 0.47986006071476517 329 116 203
80 0.6404205841688522 0.15280557309624754 -0.030565430395035342 0.4994559389334685 83 392 506
81 0.6129107790393037 0.16593549427120619 -0.5918538180382793 0.3434446258637758 146 230 83
82 0.7212753662905144 0.17011299020838638 -0.3860065898864118 0.3467288296754578 222 204 574
83 0.6470571050702267 0.14147892354504177 0.1623629290042894 0.258486069701358 392 484 204
84 0.7796188981022973 0.1585339996945803 -0.5720984245366489 0.38657097314875877 200 574 407
85 0.7921119354090032 0.14263873796115042 -0.4077501388616289 -0.0012010430844311415 407 123 243
86 0.6302568471168684 0.08059428224027104 -0.15967433104890905 0.327132073860148 203 8 484
87 0.8485060910802007 0.07526631024620813 -0.4147429198686492 -0.4134541216338494 106 61 165
88 0.818819971571146 0.10748928748628282 -0.0925376664184796 -0.627587878193614 269 12 106
89 0.8015565864126509 0.02133487249259184 -0.26203759787013503 0.48916572962381943 239 434 61
90 0.7802476782791317 0.04286585248875776 0.3253474226139197 -0.307545677466492 344 239 12
91 0.6156424178472878 0.2615154217415942 0.417183729922721 0.0985834577166278 26 101 364
92 0.6544254882973529 0.30897909537623114 0.06632720692123506 -0.0516527154381663 562 380 120
93 0.632741726879948 0.3044956729651288 -0.019439123574716 0.052223464788725416 103 364 562
94 0.43978974432366175 0.10675837586291222 -0.2845508845911171 -0.19268419880480447 126 590 328
95 0.35666827738740015 0.12914578168040916 0.1373964476913958 -0.08140592332173124 478 383 126
96 0.9741102287590111 0.11551241472271545 0.2701157377632546 0.3662523243019855 370 295 504
97 0.971599212011151 0.08674110778087886 0.2923529269366343 0.010626672458657893 561 133 295
98 0.8928583554734393 0.7166391754639394 -0.10643716255587243 -0.16853766993119024 455 402 375
99 0.8936955135963808 0.8177521196886164 -0.1779033573234834 -0.05888632741146704 19 568 371
100 0.9270658710712841 0.7530199150565704 0.05490088453297126 -0.4753517864053425 176 375 510
101 0.92934927292025 0.7848995798063791 0.18934734336006898 -0.2265558400604828 568 176 576
102 0.9013177251988577 0.6314718658001464 0.3034653119071695 -0.48985856065941746 77 505 350
103 0.9333937531080589 0.6195059136195946 -0.5648474330627318 -0.12000164976294636 350 430 56
104 0.8684436807328277 0.9024099807451071 0.289969970257431 -0.09524357760803959 251 221 511
105 0.8655355878370565 0.9210466383127758 0.22710691660599025 -0.14039127291254339 284 511 438
106 0.8848632786439801 0.9281759306688929 0.17940683209871633 -0.11779326195004991 438 588 89
107 0.8943158888592283 0.8962032964789256 -0.23772808374622478 0.32796264662349195 235 221 468
108 0.8990883619421772 0.9145760991655209 0.0029530933254307 -0.05880061298979555 588 235 34
109 0.07050073465433436 0.9164601659872214 -0.15529083054188764 0.5835404322945825 469 261 439
110 0.08920827040211991 0.51040967041284 -0.43603487001608876 -0.41544187673325794 57 53 340
111 0.08882489471481105 0.5289046968158033 -0.4809634104180338 -0.2806212692774146 128 340 68
112 0.049005062689990046 0.32576596311267203 -0.3040684207894495 0.5779769336744511 194 480 196
113 0.12270383355493115 0.36099993082797777 0.005060253951971738 -0.015962497990074098 97 275 286
114 0.35607137746478296 0.588276871294262 0.16745823928909775 -0.1859378392574107 308 179 527
115 0.3727891820289299 0.26868915862586135 0.2700638331021299 -0.3691486914758624 572 444 173
116 0.2843735683578935 0.42199312002205913 -0.36748885184900715 0.35276197518641084 205 405 475
117 0.264486815145233 0.5345833338185126 -0.5354671919408083 -0.042149105386468655 585 75 164
118 0.11801721290121825 0.33550475655702505 0.027648012351777496 -0.1297152000395707 535 485 275
119 0.9637144910107307 0.43610461290288133 0.23793263088933703 -0.11721931446329048 211 390 366
120 0.38267559817402075 0.2064323554923871 0.07135982013628528 0.11746574615778549 444 220 162
121 0.18179873698134758 0.938405996073085 -0.3580424633858881 -0.6743638737705115 395 449 232
122 0.619561965313344 0.4798500067934802 0.04170281515947227 -0.25712326989779655 515 433 367
123 0.45258024142975484 0.48847971315554045 -0.085344200456694 0.2939859355954866 382 592 238
124 0.29756781998396986 0.9431931136483752 0.2995957209747657 0.04211473166731983 242 528 54
125 0.4545324492128996 0.8916026358274596 0.12758619091779444 0.35035110160230865 87 121 118
126 0.3865997847000728 0.7905310884274173 -0.20775384537707886 -0.3238482856882108 240 92 333
127 0.4180308082559161 0.7608713317237804 -0.29633778625415275 -0.2110835499447017 333 256 520
128 0.3331608924537809 0.7476899386283458 0.45136178163096563 0.15069635365960732 73 108 92
129 0.38029905246749235 0.7058923092041445 0.6657590121555979 0.43799251552012475 63 170 256
130 0.5845986616467989 0.928398969761836 0.43143272461521054 0.21929527586200814 577 279 29
131 0.5441841185275087 0.8816766242064319 0.322743479164167 -0.07784150407585955 460 285 217
132 0.5701953544991699 0.926421593624817 -0.0032681406192391904 0.1430387790851695 420 217 577
133 0.5538897644212787 0.7009182791363152 0.5100680204594976 0.18560169633835555 587 336 107
134 0.6535780386227213 0.7537115867984672 0.02764952416328681 0.10839144911484189 320 559 247
135 0.6428378743316041 0.7537856244203368 -0.6387062165616464 0.10985344352926196 215 107 320
136 0.30937798045985637 0.8229517357026008 0.11649052868156762 -0.4037714426696759 381 5 184
137 0.34548813736712186 0.899065780534326 -0.75276903044319 0.058928587010065314 391 354 80
138 0.4878945106235187 0.7960444846488662 0.43807442326460055 -0.1541118982428813 401 166 72
139 0.46098225555126726 0.7577332233334556 -0.07265988366533804 -0.04433141839732535 520 411 401
140 0.5426108468135646 0.7766976817582901 -0.5417140545166399 -0.1406297252259936 166 537 248
141 0.5012060502982248 0.709365469396221 0.6161885911237786 0.37261776945213265 322 540 537
142 0.7061031054594631 0.8747733684887089 -0.016361286284127807 -0.27585810961905377 426 180 141
143 0.6530513259473804 0.8682160060302979 0.23247192365571934 -0.3678554676145307 300 358 426
144 0.7266865744022578 0.8202359384050092 -0.16907795510889834 0.1999947527031587 180 554 85
145 0.6629352094756708 0.7733830938129966 0.2725269128422969 0.6839689450227615 358 247 554
146 0.6345331758163482 0.8790302728379714 -0.13697804522594392 -0.16389353971191234 110 419 300
147 0.8013395759757859 0.9132475304467546 0.043742264498047856 -0.4518788961072051 293 483 316
148 0.8024728322937996 0.9252670679606225 0.14939480069697808 0.2434223596997631 245 316 459
149 0.7724293153613924 0.9614057914109989 0.42604555786085463 0.1901441254448244 445 245 257
150 0.7394819684385341 0.9713794918058084 0.3507173565453492 0.07235628207702405 412 445 174
151 0.7130368280810035 0.9503883361485106 -0.051519499083552134 -0.219948158991512 531 330 412
152 0.7918466502746192 0.8502116544696676 0.15238052070154495 0.5307191193459904 580 327 458
153 0.7752467120996344 0.8876968855048439 0.1263652835148399 -0.08867093101438961 140 580 293
154 0.7218091277475377 0.8944975436186209 0.21447654277584327 0.0798893649150978 330 141 140
155 0.31648327248306424 0.7530879284103891 -0.08948452707990828 0.34462224289544263 5 1 73
156 0.294356756033219 0.8280233637571183 -0.2065918736429695 -0.3106682787759607 594 142 381
157 0.5701995597366276 0.7879571851486362 -0.3052276219966954 -0.04869732499190871 93 248 429
158 0.21240688328347201 0.4689998444342661 0.011999628027337117 0.2704321787339037 231 205 498
159 0.1910500726260561 0.46531235483074906 -0.4137509796581229 0.1521136775567422 47 259 231
160 0.27704904133014446 0.5321354043416401 0.22635906482548762 -0.2027870297030554 164 363 289
161 0.30798285919005375 0.453106645306653 -0.008424299799414392 0.4140657323958852 363 475 331
162 0.3334007274062663 0.4605018058712539 0.5566348052626902 0.4345205504435734 331 369 249
163 0.848091949150199 0.2683038619694835 -0.46453354184128326 0.4284599786075205 490 406 236
164 0.7376322198254855 0.27164123552645275 0.04155580393683245 0.04958353519435299 512 58 418
165 0.7591870699410892 0.25425290186769217 0.419259915326875 -0.19450285271283008 58 200 406
166 0.9039379132995665 0.33068957340666205 0.2029953137874796 0.25129636687520884 409 51 172
167 0.8919440057625635 0.32635411109449913 -0.38976682072838775 0.044580367175584 464 262 409
168 0.9280025010850033 0.4372965500546652 0.12656028204605096 -0.2516009074693404 345 172 211
169 0.346313755600598 0.174335407212838 0.09562757877223937 0.16678307346307264 270 478 220
170 0.8239002850795515 0.7222815176713042 0.15843706901996768 0.13100231593954348 91 74 455
171 0.8362218275502088 0.6443533251583861 0.22196570692578632 -0.15501170694265376 31 302 201
172 0.9848829912132037 0.5949262430613522 0.25070973751900594 0.36881376737352145 241 265 526
173 0.9759823115890479 0.609525564180367 0.24746399027164578 0.3420781140989204 136 241 509
174 0.45145051360105387 0.6105040675948364 -0.3048447053816128 -0.6032599671537686 298 376 398
175 0.4573323164372566 0.6440229106731836 -0.31711362598330073 -0.3219616642735623 332 398 255
176 0.21706361301556984 0.9542943705127652 -0.015596356151004187 -0.3484370118822522 427 15 525
177 0.17983749137543908 0.6943994992433266 0.35253619398711855 0.18580757071839926 99 129 41
178 0.2542237593507226 0.6616542995183554 -0.2847272822029123 0.46771087870711714 129 159 325
179 0.2647480350765 0.7087154756894252 -0.3048666416538559 0.45776379978268444 40 325 252
180 0.07400643463882396 0.08668751694073885 -0.39365623434595154 0.1335264846608064 209 599 425
181 0.0975307319250935 0.08816141316784619 0.08291947822813839 0.07740825133661922 425 400 171
182 0.6681188035001523 0.22313533435455715 0.04343871859435744 -0.0006444726696752667 16 506 584
183 0.6503143341053406 0.24798280840749318 0.27005090282028466 0.3380812144126999 101 16 465
184 0.6942760393821367 0.22622010597109693 -0.007921672345867492 -0.18452630534682157 584 222 352
185 0.7207477623103181 0.26635558849681934 -0.5380723318293423 -0.1979349083941484 313 352 512
186 0.6770716335758247 0.28202954077112125 -0.3212129388863172 -0.3594543995788513 380 465 313
187 0.31809853899575163 0.1107084544040444 -0.3467702444637233 0.07063567751541822 223 62 477
188 0.3446783908746568 0.11337439693334171 -0.09857153114578576 -0.2614025607083903 477 564 383
189 0.9232716343168417 0.0432782266923704 0.0697509027966503 0.09363473919832277 165 454 561
190 0.7536641877469121 0.7447750789219797 -0.05520791879209952 -0.47206777792352383 492 417 365
191 0.7945018135777968 0.7894145691706154 -0.2129709048004358 -0.1771967860636492 11 365 348
192 0.8114634130349874 0.783828288345514 0.1727523530475894 -0.28629651704914494 348 91 19
193 0.4889579055934507 0.7036656197175701 -0.07542353616663 0.003553567336223029 541 567 322
194 0.4784814686680384 0.7109157479700082 -0.5270734170295666 0.31627570683950834 411 170 541
195 0.05756937635873852 0.008387251819317397 -0.02937069649988633 0.05423712312602191 482 227 65
196 0.10320874231445679 0.9935384467101772 -0.4237571937446005 -0.21531972125427012 65 439 228
197 0.11491389638378735 0.9985923575844959 0.1525100880653274 5.0816469088221794e-05 228 596 45
198 0.032931509543313774 0.9737519666800791 -0.28431483903301746 -0.5685280444339691 360 303 299
199 1.0019712568131727 0.9479698816698425 0.7661957651672324 0.07592878929763014 213 553 360
200 0.04951840679904874 0.9337814555085566 -0.5705722293941617 0.5725152667918065 303 553 469
201 0.23446575778177778 0.9747450534246554 0.33090465680063463 0.12424060582411078 403 525 27
202 0.2177993829480912 0.5022152047130218 0.07036470572874265 0.38912814498415216 157 498 75
203 0.10326674230132848 0.48180562820731365 -0.2308030003228545 -0.14525837199741432 53 102 396
204 0.2378489876043881 0.5621342357055077 -0.260886076630662 -0.22910160712985572 125 2 585
205 0.19312370193334014 0.535855904087323 0.454354966844539 -0.2697068318679996 575 157 2
206 0.17036601011230273 0.5365571789696044 0.18225312405084626 -0.2667105331727315 214 100 575
207 0.13476272160627972 0.7049402416039066 0.022821890557911395 0.48433098746858416 410 414 339
208 0.15866084588481189 0.7760700508230538 -0.3680303803030305 -0.1968476255262419 0 339 296
209 0.07822381600706191 0.39886152446876255 0.20287941066704507 -0.07108286476792403 461 97 547
210 0.04748085049982094 0.3874152532921786 0.04386444124593325 -0.25604437597914753 131 194 461
211 0.07272386965238585 0.452810621887216 0.26771787252355406 0.13426837662533497 17 361 102
212 0.02205288307050817 0.46980173928747454 0.8047171127373298 0.23644610609718786 154 17 57
213 0.20826435626915618 0.31350373580731206 -0.6161612917804371 -0.0037096752752985296 28 543 288
214 0.27795126084218674 0.3746679497180678 -0.5489962019711303 0.1826407310112632 521 206 405
215 0.15821692477314753 0.39202711080729497 0.27584962682125624 -0.023049085209891906 152 487 521
216 0.1439973867592715 0.3681585063292478 0.3266570996335316 -0.10787918613974767 286 28 487
217 0.06415381192950041 0.3088705568986044 -0.016232924379688818 0.21862041378606367 196 186 535
218 0.16949097968722646 0.2891412255171762 -0.07623245715238092 0.2176798567787852 485 253 543
219 0.21155522507888921 0.05416137458830829 0.26834635451222777 0.27385985527927925 529 124 60
220 0.38115450840264903 0.5810257252625037 0.7290888223016045 -0.327295699917296 527 291 160
221 0.4426091108120427 0.5622303882853397 0.11159390165410565 0.3620565628553729 7 542 119
222 0.4268955379957588 0.5338484647656592 -0.1952902405760737 0.5935122560085659 291 138 542
223 0.35070432477743213 0.5790282605808253 -0.07393953088685734 -0.6359895063715038 289 263 179
224 0.25913520263322887 0.8378804189616589 -0.4342373276927658 0.2644242845517564 71 22 579
225 0.2379363603893799 0.8665577312251098 0.23425647081853906 -0.6035902656159609 453 71 144
226 0.7956929119247729 0.3384064431215662 -0.32968137629596495 0.08652216651472422 112 431 145
227 0.7441013472099978 0.3006631445819742 0.06684273863577506 0.4672464408439492 341 418 431
228 0.15161932293881283 0.42397007120621855 0.030963793334892742 0.25206144706191314 115 152 259
229 0.8172946365694195 0.33431032021604523 0.2288364456259906 -0.10447880928465825 145 490 306
230 0.9743193130075689 0.41886919946613005 0.5136897091723158 -0.5362126062613548 390 423 131
231 0.922509098765242 0.5565982132078355 0.05923066828672496 0.012926785683542441 582 301 321
232 0.9303807797055295 0.570202296326498 0.11512189222739888 0.07683227526422698 178 321 267
233 0.09821276809738054 0.5880225621838164 0.04491661244332423 0.15472530062732304 309 94 450
234 0.15100708608931512 0.6709732652781945 0.03457765705705551 -0.74343096765489 450 314 224
235 0.9729079986685291 0.9395690484007695 0.1299038494828597 -0.1604010379380183 18 226 213
236 0.25074086382597716 0.0930653604214891 -0.12698440493563723 0.34770240298076516 198 60 378
237 0.35028758790621617 0.9940384581595725 0.038672063121247824 -0.03444192674117996 158 397 148
238 0.4038889528772638 0.010639269889585575 -0.48496842184470035 -0.42093676374393985 148 151 474
239 0.02361542897907003 0.14413276330588765 0.01843970601211886 -0.27836559376992476 504 209 310
240 0.031208413187894544 0.17738904885646886 -0.5135295003469431 0.10583593220564458 35 310 502
241 0.12034344415708971 0.13562247368050107 0.3633797464319688 -0.23987254248875045 472 171 287
242 0.11842041022442953 0.14837763966394574 0.2908364259493479 0.22840505563281877 312 472 185
243 0.8866666680648128 0.45196689831865844 -0.1113490941812012 0.18693587858220617 319 368 33
244 0.9150717477113055 0.4523210034926128 -0.1340707125180307 0.20702008995954202 33 345 335
245 0.44476556862691397 0.4451735119991945 -0.2828053506653827 0.2727549699987897 369 233 592
246 0.21626712693720174 0.7530699402462204 0.42615323665728955 -0.04129658073837028 189 40 208
247 0.18948552364609217 0.8423862130804933 0.15436298524129644 0.30839125454706906 372 532 449
248 0.21583540457202469 0.8411859349904037 0.4185704952780478 0.15155703289582156 532 565 453
249 0.28495803370163353 0.3529096235981023 -0.37160228973792675 -0.34792737840100285 206 424 273
250 0.42725174156059154 0.5128879104798542 -0.295617311879548 0.36874710854228887 138 199 382
251 0.3016977102879092 0.9292215953054492 0.44155533777956446 -0.603217942436729 528 413 391
252 0.2966652778193483 0.878538400774989 0.3600438017170582 0.63174489528528 147 354 413
253 0.2874575338106159 0.8379647566678278 -0.4936333890259714 0.17329205171529027 546 579 594
254 0.2856810749805108 0.866049971721147 -0.22441280431162447 0.06968591814704439 187 546 147
255 0.6287112391293335 0.9040862177702192 -0.14528352722253945 0.3722611510714735 279 110 297
256 0.5763512540112083 0.8551519320312418 0.29477311876136003 -0.10470716446664419 285 52 76
257 0.6190560113972209 0.866357950193139 -0.5935110798660492 -0.5371930171527151 76 555 419
258 0.5820655360385274 0.7774612851122347 -0.22064393541409988 -0.12255705547636886 429 183 435
259 0.6099887612525324 0.7802885793421245 -0.277731136005821 0.27151009496240164 441 435 215
260 0.6064447586235859 0.8374492476345532 -0.4655383172708083 -0.45641472233570735 324 441 555
261 0.5674724304642339 0.8091445424654784 -0.1929671901435004 0.3117207408864786 67 93 569
262 0.5792109721856662 0.8265102538187035 0.26888443867278955 0.5406833966659086 52 569 324
263 0.24225955170546776 0.880515730635503 0.3300210132950454 -0.32525515735598587 15 144 187
264 0.10201939913641342 0.8764667254013614 0.5234958334876527 0.01988712527989378 212 457 395
265 0.14373834123379492 0.8372525298988903 0.023533400228537005 -0.49700729504165153 457 274 589
266 0.07925086380061162 0.8785535844320141 0.02443255979478476 0.2187388721541783 261 578 212
267 0.2928308906806458 0.20357190130624853 0.3497999168100563 -0.011301931612806015 244 270 82
268 0.48745732485259585 0.5633120842059058 -0.017341763094980145 -0.12672809503178062 105 156 323
269 0.4856203341542837 0.5122352350781253 0.22029890897612425 0.32180769368728157 238 326 156
270 0.24748285099562656 0.9732491772136012 0.7428531323058762 0.0774869043929094 27 242 533
271 0.8981808056059852 0.6038055386162036 0.26110610340523976 0.14139840236182533 516 277 505
272 0.865889547474114 0.5806855637638044 0.4285473895887515 -0.27891867097201706 225 254 516
273 0.9188163651752882 0.5979907647650752 -0.016780746930900037 0.17492841689059624 277 178 430
274 0.7414700330701007 0.023093424740259653 0.45063611002482684 0.16411863049126119 44 373 344
275 0.6949738918181949 0.0638436209970958 0.5311477535574483 0.0373957829979954 489 44 123
276 0.11007468680425336 0.5669978912291982 0.021446444273265364 -0.025145684146021807 94 68 353
277 0.053261635372714534 0.8554130715297191 -0.11723569892652108 0.15215467566442875 150 374 578
278 0.053507301865356405 0.8306488474472703 0.021042386236236332 -0.4496425919098268 563 175 374
279 0.24144767309338291 0.7800045286556683 0.20700897315761857 0.20224267816004726 32 208 544
280 0.25907667033146664 0.778910097766933 0.33689656377122734 0.21423573921819372 544 598 142
281 0.6747258850493443 0.7253976315944786 0.3228590162579481 0.041669600409077745 559 463 492
282 -0.0001136566831634794 0.7914558912476328 0.004613418674859204 -0.6353485106080914 576 495 234
283 0.03317035501305272 0.8083156882129585 -0.14011021197413154 -0.7095364289166906 234 122 563
284 0.2259695910848841 0.1485523577075281 0.010087165130956421 -0.5896213677025752 389 198 59
285 0.20370324062059122 0.132440960271192 -0.5602704491319832 -0.47694705997136655 216 169 389
286 0.3680790697240384 0.5165940738146553 0.2046029221047796 0.050088683894999875 263 249 199
287 0.29174849299223493 0.3464794671250413 -0.1672612994288447 -0.4879116470221656 273 356 84
288 0.3113862351172842 0.3411615816451293 0.325661803080024 -0.458836486166847 84 113 207
289 0.2510523211706985 0.18156134180425387 0.5730159218647612 -0.2350114885682486 442 223 244
290 0.23767895043230952 0.18190657624874926 0.33772731920095334 -0.1844099008913025 451 428 442
291 0.2262389352609933 0.1992777171914444 0.04345940972545759 0.48563664842987686 566 451 356
292 0.5455738255502361 0.5065409562531609 -0.32292463633676327 -0.2945581740326775 326 3 355
293 0.8035840784409238 0.6979621345887526 -0.21838656716344218 0.19974685620816057 501 139 74
294 0.8048798459723117 0.668508093751087 -0.16944309289002035 -0.009369248779589334 466 31 139
295 0.7601158648283474 0.7187076008387819 -0.300144569614913 0.26760250335100544 417 351 501
296 0.6844188378735838 0.6972078790299314 0.48667505737204353 -0.2158109958100285 377 64 351
297 0.8384443069850112 0.5902658012821254 -0.002435950746670912 -0.19592461680817408 302 37 570
298 0.18083984158841915 0.6120505499885386 -0.07578190436285936 0.06649791828294838 314 20 524
299 0.14435019520139605 0.5662448501139743 0.2833250203893023 0.05245021084121504 353 214 20
300 0.6494539691029623 0.5835443965117358 0.0921150766775014 0.07126172499316574 416 519 283
301 0.6370505757436475 0.4730097550900577 0.46679243387304226 -0.38970005729332957 367 42 268
302 0.6482540229713502 0.5562768253411119 0.056173566666262165 0.06855714607123531 519 538 488
303 0.420992100498118 0.5855736254496589 0.5559211042893697 -0.1112036195766164 160 595 298
304 0.616638696548175 0.6109325276165406 -0.09369242395806943 -0.12525863263279646 155 416 545
305 0.47155444857774287 0.5714525898579808 -0.5751072972015603 0.0991424234375593 46 119 105
306 0.45493048932483776 0.599280935820032 -0.2592246819976829 -0.7834598487327371 376 55 46
307 0.4393997766819609 0.5706128401625938 0.057736518691009486 0.5774408224148986 595 7 55
308 0.5574497892057071 0.578188825511514 0.3814219037834299 -0.005856605131415726 177 305 155
309 0.538747524889109 0.5868553444603644 -0.12717600167411192 0.15468660102824217 556 323 177
310 0.20331126949404438 0.7518126932192423 -0.09633269980324766 -0.12775468270082024 493 41 189
311 0.9933269239836866 0.706767146783308 -0.22659446853590115 -0.17272076616170473 317 496 548
312 0.007698581362015737 0.7199008217413545 0.15285711481294317 0.289182890134132 495 548 388
313 0.9943553570057774 0.6627793086240804 -0.15797956675472902 0.3157547660836979 496 491 130
314 0.23654894377881167 0.17188164673060752 0.21387937393368972 -0.7748736352217178 59 271 428
315 0.15096823385022382 0.1250416553692674 0.7943678867472492 -0.19626844108278085 287 432 216
316 0.18743334508297047 0.09277855124388454 -0.25997998441551484 0.5938238557129383 432 437 169
317 0.19047878422021117 0.06525048732151575 -0.2020963191934344 0.3137395183927527 437 394 529
318 0.22288202378657504 0.20077226017360056 -0.013401037744775746 0.5072768940149464 86 566 593
319 0.1090360653247656 0.7746768019151699 0.1275493884123069 0.1307822607155007 175 479 266
320 0.13167769864054657 0.7850828482112437 0.2658377656894473 0.24207254256669586 266 0 274
321 0.16337346781877338 0.4928671753275236 0.014919983998273878 -0.24245424834479223 9 47 100
322 0.12934862921507592 0.47191986385401796 0.06743414091014976 -0.1092157617815781 396 586 9
323 0.13516046349968483 0.43366463031759805 -0.2648174811381576 0.2589483901610512 586 508 115
324 0.15266269073530245 0.6846788074915544 0.15932319231276582 0.09297831705945558 414 224 99
325 0.11054948120192463 0.42805725772813746 -0.8626061070299285 -0.0674930840383059 109 357 508
326 0.0836968408056034 0.4122445342395413 0.4610874170321577 0.5812989875911279 278 547 357
327 0.08321219603075596 0.43417212603555977 0.5076007940363336 -0.3465179320566447 361 278 109
328 0.20212858896170724 0.19901906474590875 -0.5158796948651068 0.32061036117636554 30 185 86
329 0.16152474712272466 0.2456863631156051 -0.14665158393212252 0.047859326918198164 530 30 253
330 0.28126140453039783 0.09733829115309121 -0.5862251524491047 0.3238608114325414 271 378 210
331 0.17545329518707736 0.8305804083333503 -0.283795551642152 -0.14726414254706555 589 387 372
332 0.23675739006450858 0.823364072939071 0.18571226917396544 0.19690618059675646 565 32 22
333 0.8468614514623258 0.35739519568234995 0.23234635396218728 -0.20198142949845455 306 464 536
334 0.9512033828291627 0.3110065296321931 -0.015131077640839763 0.18337012602787084 51 514 539
335 0.982748649788279 0.34830987490749077 0.18227290163319587 -0.09388618354977396 423 539 480
336 0.1720601645284518 0.7825599127117395 -0.11619717046190692 -0.14014616446511585 296 493 387
337 1.0065664735198891 0.26097689632425936 0.45508002921579305 -0.30898545180790826 573 264 399
338 0.055828046541249635 0.1944211762611504 -0.5088513135159678 0.33469067274582986 264 494 36
339 0.2996951995403489 0.08940994692458795 -0.19003390840099943 0.1544094626465542 210 43 62
340 0.9175979638535399 0.018612740830297188 -0.16757457886595883 -0.5951943007898031 481 551 168
341 0.9194529704493789 0.008725533017118134 -0.13580198979235014 -0.8324000246029417 551 89 557
342 0.9439701467577415 0.9591802198376121 -0.15503145919804062 -0.508121215242463 557 95 18
343 0.3017395888303921 0.06219731321536098 -0.07975238525137485 -0.24759217141789858 43 334 21
344 0.32543694536289863 0.015632626601007987 -0.004562251618156488 -0.14082587596053742 533 158 276
345 0.32846527679735277 0.04079989380120272 0.018823654093780284 0.02843774347949246 21 276 246
346 0.3623260842879824 0.055409518470832024 -0.3197343514949047 0.105154477486602 564 246 446
347 0.41398770176349886 0.028928936000709882 -0.42582663749290983 -0.10129697029098716 446 474 237
348 0.2305380428203827 0.31080686246297534 -0.271537855395243 -0.2664322786699591 288 593 424
349 0.9650551492157787 0.26033031884150293 0.4418881108247952 0.02571103902698768 514 135 573
350 0.9618656241416358 0.24999289178804568 0.34805822963362987 -0.36161840848147886 78 143 135
351 0.0396767590868526 0.18714517994414437 -0.5223497231976459 0.2842705439098925 143 502 494
352 0.8600625739358843 0.4235782480500843 -0.508898635037669 -0.33801500626262637 436 536 368
353 0.6120121061644825 0.5008978654543617 -0.1343095138578443 0.28707322491383636 81 515 440
354 0.09029876554365866 0.23255088646120825 0.12063831669739677 0.16628634511017815 549 571 530
355 0.5650298528132249 0.5615031072934935 0.5103314448112739 -0.22948284557344767 305 362 114
356 0.6823838910558812 0.5991862275826201 0.30673904596878465 0.17700966178924027 283 69 38
357 0.6735441026240682 0.7021256452040895 0.20220971685275257 -0.0639466342725048 463 161 377
358 0.8534537156902643 0.5798115463480837 0.16170697506728837 -0.3589048263447081 570 191 225
359 0.7393957570680925 0.5775138940002592 -0.43350102951755787 0.4419361002150346 98 69 39
360 0.7568712699327159 0.5392367923621857 -0.31911599942396895 0.17829910759631362 39 583 48
361 0.7702641419986881 0.5358583520219797 0.30809701317968674 -0.00010913075998431054 48 195 37
362 0.74241508474713 0.40308814953519784 -0.31018250433445527 -0.04717671669984824 132 443 470
363 0.8054272882193378 0.9911120374238704 -0.24836146785001123 -0.17951532586824026 393 257 422
364 0.7007648800079987 0.66335406094647 0.1939467871026057 -0.4868255500112273 64 38 197
365 0.7462051986367692 0.008676209155332194 0.5102622553654346 -0.07061334971608657 373 174 258
366 0.6384220501531225 0.5509421335386812 -0.5778638052442164 -0.26513446455683765 114 440 538
367 0.7209958410900775 0.5192344944062313 -0.4841952803980032 0.05583762202610032 488 342 583
368 0.7983513689854316 0.006789526188729346 -0.37290968472880603 0.10157344600830731 258 393 434
369 0.9988563356220224 0.49046860551270965 0.1711303567603073 0.628384603726384 456 188 149
370 0.7584910497722739 0.4020234756218624 0.182268942647279 -0.058808099709373174 470 112 467
371 0.7021435129872199 0.48343319588298567 -0.41835751252161657 -0.26785658274741664 268 315 342
372 0.8359263679769068 0.9769187290948802 -0.13610131771590872 -0.11547939479661373 422 167 481
373 0.5349548789526648 0.6170141765786388 0.008281695815237633 0.3784014358798604 415 556 127
374 0.7711459177331713 0.41586301532928865 0.5265889981009853 0.3278353668395573 467 436 4
375 0.4900961133800189 0.984465800409259 -0.18129564550994903 -0.04865785968588554 282 118 597
376 0.42759987813057043 0.03349695661934666 0.0033108253985614233 0.05122830475795537 237 282 590
377 0.7450458461121703 0.642550200793594 -0.07335834648070083 -0.17303579610827846 197 98 466
378 0.8813966478323791 0.4631240508963012 -0.32124826861157363 0.7092625913668327 346 385 319
379 0.8519968528649977 0.48601023002423427 -0.16244705511314628 0.6413050541997922 191 534 385
380 0.8852276552886136 0.5557205588172774 0.3467594489325876 -0.18564140086274605 254 346 582
381 0.7893008023274916 0.5024962987512093 0.26545745809847254 -0.36604289599395656 195 4 534
382 0.7059678192421047 0.44647857335344654 -0.34691364156347326 -0.23262706622118046 315 229 132
383 0.5621945415117675 0.5191397091811816 0.20819668350435805 0.0495266397337879 362 355 81
384 0.7062503468488164 0.36241036067925303 0.18740872985423263 -0.1122644324724753 294 341 443
385 0.9727412610190861 0.9003214229755715 -0.07505847748889849 0.20739318526419304 226 307 150
386 0.07243226351908 0.1934488598609716 0.13132317178143893 0.26781993532620785 36 312 571
387 0.5055530887227375 0.9887641951152444 0.5646911920703657 0.13011598153089832 597 560 337
388 0.9261363985673206 0.03196525512782486 0.14981886998360894 -0.23146005095203703 454 168 104
389 0.9988491714126677 0.4706510631162135 0.2868917076126465 0.2626822794005168 366 154 188
390 0.023543391851491548 0.5187520949402428 0.3289036723530536 0.4006387548105561 149 128 581
391 0.06010371544470493 0.29281908405771145 -0.1676757479390778 -0.4357201040944281 399 549 186
392 0.5752792234731243 0.6623008069997709 -0.17024474122107058 -0.06953380510266172 336 127 50
393 0.6172299739970443 0.6538838414442422 -0.2353484913897308 -0.15259743191275987 50 545 161
394 0.6389538787817545 0.06757685151787805 0.13022522973166195 -0.1857540676830638 8 280 489
395 0.5445587988187807 0.9719996898421895 0.3426447153787038 0.16067417188403432 560 420 500
396 0.6222819893359515 0.016905005270662164 -0.3505002496573262 -0.2709967958369752 513 347 280
397 0.5869573772614138 0.0071222982883418886 -0.7711174476732197 -0.10359909111135046 552 500 513
398 0.005081758225169427 0.6450279846075067 0.08948950001169687 -0.24616666240151464 272 509 499
399 0.0029930137346736276 0.6574793201230977 0.03826250791899577 0.22597245897398865 130 272 24
