1585
0 0.012653133709411117 0.6341739530800297 -0.2881051786030042 0.07477729668109445 111 66 359
1 -0.001359508316515538 0.6335590418809944 -0.4173468785385675 -0.06663438479310546 499 526 111
2 0.7588094716668058 0.8338782931895428 -0.09822776064760674 0.038879376801359555 85 11 327
3 0.8830234765431818 0.8993740110409217 -0.12277788703253523 0.4315582916307632 558 371 384
4 0.8964827477514581 0.9143192981278586 -0.43341570369291854 0.38476046256669894 468 384 182
5 0.9092528107515008 0.9197636104946308 -0.9180342060310337 -0.4027504461904128 386 182 307
6 0.90934462338511 0.9198699192538674 0.09295955642503186 0.6656007800643973 34 386 95
7 0.023251503640377036 0.6852460952058548 -0.31238083439411035 -0.02388275514852989 517 359 452
8 0.01562000086328725 0.6883621089892663 -0.1805841816360232 -0.08141085392626701 522 24 517
9 0.036977301110302646 0.5929069586418116 -0.2120228395630086 -0.04630119725124171 66 462 309
10 0.3565027359966638 -0.04460481362285747 -0.7274227368326897 -0.24219992829615633 163 404 151
11 0.3494405048455056 0.9651049339794782 -0.14553090668320556 -0.06548033226749794 54 379 397
12 0.3564603519930679 0.9553787826149098 0.35138551271159457 0.1733384922658057 379 193 163
13 0.869681646919787 0.21267461884411237 -0.07079493519190905 -0.013519949049189961 10 137 134
14 0.9992993356549297 0.20702106204265056 0.7440441687300934 -0.41076628786210734 591 35 78
15 0.9781356036326523 0.18830309932220052 0.19032675123431542 -0.024705867560093075 134 370 591
16 0.026847801798300375 0.08095103632725958 -0.1564311440799271 0.1175293626309859 133 482 599
17 0.13541096411526432 0.08060008719108623 0.06252204361872904 0.1994430214730114 400 45 394
18 0.6062478228109236 0.44586883611385447 0.16418288707742423 0.12939496071839862 338 447 433
19 0.630395926772144 0.3944753641991172 0.14692149198636262 0.07890742746707868 447 25 202
20 0.7887771994496067 0.12697219278297855 -0.1944642795750906 -0.11883307254878517 243 269 137
21 0.526118124040504 0.2172777891281829 0.12605523048991873 -0.34087576442076717 181 6 260
22 0.6068419924379442 0.34425742284890143 0.05830960922437178 -0.06274830793850938 486 103 25
23 0.5657668984293629 0.21134809676483945 -0.12522827497196687 -0.2789089306731718 260 318 26
24 0.522424212105788 0.20205673800118146 0.18134233524536025 -0.07761264235461862 349 250 6
25 0.5568455537242676 0.1324524632983895 0.16287608241294382 0.2630956182081423 448 23 523
26 0.4711125884154402 0.14565678990268913 0.06839666853719617 0.2235010742451804 328 23 190
27 0.46760789112451717 0.17201734824338125 0.10919040428769566 -0.07379767907877977 162 190 349
28 0.9547708726940958 0.6870448593977173 -0.10816695594773051 -0.42819181340827267 510 70 317
29 0.9257486483298089 0.6865657132613607 0.20008781992375546 0.05721833614552585 402 518 281
30 0.8962089764753851 0.6288723623939766 0.07168768009768733 -0.16540053424107803 201 77 518
31 0.9546981040153256 0.6868460832909261 0.2063477771139556 0.4228882423981759 281 88 70
32 0.968506068571085 0.6786715163051134 0.0034068633547948424 0.10757000323043803 88 49 491
33 0.9707612117106316 0.6434740822516856 0.09438198833588984 0.044468918825035786 56 136 49
34 0.8828816925805194 0.8995090554840917 0.4031606559175543 -0.05552478467784304 218 558 251
35 0.7941200369834248 0.8896906049118031 0.19367649418098892 0.5100244041282478 483 458 218
36 0.8320742884557707 0.9508643995266465 0.11398444617100219 0.3381502101929262 459 284 167
37 0.023841688332907965 0.9795389691140663 0.00922780914180965 -0.08843357053589518 104 299 227
38 0.12284172839999177 0.7556453570526085 0.04711796439127447 0.28030747480090046 452 410 479
39 0.18070031804969075 0.9220017384949586 0.031132817851498018 -0.18161210590950105 596 232 427
40 0.3564082052666628 0.9296276497487538 -0.15616608457780234 0.16845399294224128 193 80 13
41 0.3399807701309168 0.7993493770352734 -0.11706498617702898 -0.033470944071911646 184 240 79
42 0.37373286701912545 0.932281203056216 -0.3520009053334383 0.1859081678531882 404 292 87
43 0.36422146539623124 0.9240223187291772 -0.24827478701389127 0.2570384540628856 13 79 292
44 0.5566994072146132 0.7606999942178565 -0.00012176561842158762 0.35672047364598836 540 587 183
45 0.5500441979485756 0.8083851530339476 -1.3994329746328633 0.3804992485566055 304 72 67
46 0.48751931966248074 0.6588383726850272 -0.01854964792880054 0.03695168962480899 255 415 567
47 0.9401520965136548 0.5526273627638557 0.02368471291487595 0.059148846801374 301 335 550
48 0.9472394338120675 0.5537389022468204 -0.06984794294600388 -0.40966932262156713 267 153 408
49 0.9472390760677815 0.5537435167563908 -0.1309987567585987 0.47184539038003065 550 456 153
50 0.6182683126052185 -0.06255560964128394 -0.5423069339270279 -0.24272867502300557 347 29 507
51 0.6183462154416345 0.9374369796411026 -0.7251451042986166 0.6184070780678146 507 297 531
52 0.3644049075766284 0.23574793046759213 0.26095630968614447 -0.36816112276849555 113 82 572
53 0.5463265758540713 0.8604043667765062 0.3066681566674112 -0.08369534943569734 121 304 460
54 0.2035432655227225 0.5884511902366559 -0.14133284750861286 -0.1649233700995456 524 125 471
55 0.47161532376931886 0.3563966871916431 0.04846808301928185 -0.2078844707487093 207 473 497
56 0.0011339523710853562 0.7283314794371991 0.15720277897010734 -0.8137099392952114 122 388 522
57 0.8348342666718704 0.30298089166698183 -0.17858303065498848 0.2656133265589722 236 10 262
58 0.5046537493961633 0.32542075656342495 -0.026943475922580618 -0.09444934417901507 473 96 486
59 0.4871639334529135 0.2656541786803217 -0.017986200723241197 -0.196568392119012 173 181 96
60 1.0003837973104623 0.5855133762604333 0.028191365561425208 0.10149031962058963 265 408 219
61 0.0215932089094662 0.5766601513519223 -0.028520328806957984 0.1329234847191607 219 581 462
62 0.4861547628161905 0.4355444021884121 0.10763751695508361 0.2873741744569003 233 497 421
63 0.5440466274481046 0.4661682268274353 0.01703540294939465 0.22096296875551147 421 338 3
64 0.27010107950310186 0.7896193099819868 -0.44777012552703416 -0.10180423829110738 598 252 1
65 0.3629248798859434 0.6190914542775586 0.21371203348663492 -0.07164971185802393 117 308 476
66 0.2504098198800699 0.6420227652902877 -0.04004861303696927 -0.019927909322703385 159 471 117
67 0.3993979838611733 0.6491107697808911 0.15882963416702367 -0.12173841726359491 476 332 311
68 0.40414992866633537 0.7335233607385339 0.14327563926941345 0.02497986505145544 108 311 63
69 0.27570368687739033 0.0539262835466143 0.2484472736916099 0.2306478669514278 124 403 334
70 0.6744479158783002 0.36009803452495975 0.01666901061625481 0.029733711326418444 90 120 294
71 0.6643614763307761 0.44183534068855707 1.5621560242340968 -0.7521561211349227 42 343 229
72 0.6471086807208457 0.3958039221744645 -0.041406366182994425 0.06439903679766878 202 90 343
73 0.5676143668227857 0.1709108418624853 0.6214675025165367 1.305416282113437 318 503 146
74 0.567479695331442 0.17070335779958754 -0.6879247402884962 -1.4265585420765317 250 14 503
75 0.5689468157392248 0.15348458530624098 0.4138877245039841 -0.0168645654956463 14 448 290
76 0.5618972614868454 -0.004170483507785084 0.22841180339814268 -0.35246761905622853 337 552 192
77 0.5676808349603262 0.1199133379105652 0.11792248878761402 0.3324631982909443 523 192 116
78 0.5688986943587019 0.1534918343346576 -0.4466923197116526 0.11168974921359556 290 329 230
79 0.575054270259204 0.1250913890508481 -0.04575357783614953 0.2195826371426124 329 116 203
80 0.6437909112661542 0.18115197060810515 0.19146260280336613 -0.09599935384661545 83 392 506
81 0.5731387847846325 0.16541394047830071 -0.07797353014996067 -0.033623396341470047 146 230 83
82 0.6793804772212417 0.20811478542855666 -0.16403572701551017 0.18764918230385064 222 204 574
83 0.6438508539059643 0.18108514356089958 -0.2913353895584933 0.44253753709493426 392 484 204
84 0.7336822622168736 0.2004497261214885 -0.20842803247211883 0.22571997257414544 200 574 407
85 0.7738693985558899 0.1292048664273884 0.015716566416357214 -0.15333087282493052 407 123 243
86 0.6146236119522367 0.1177111919141457 -0.07320466247073831 0.21990039303365627 203 8 484
87 0.7982792224940471 0.04036060992183185 0.032659746864685965 0.03700304769760571 106 61 165
88 0.7981503166149957 0.040521539955320485 -0.36060827022480096 -0.7389239187812358 269 12 106
89 0.7981608781886881 0.04028598962516039 -0.5336841893527322 0.09242605951285043 239 434 61
90 0.7980586774452925 0.040353155045173304 0.6464761286543866 0.11456645383355231 344 239 12
91 0.6473592954055312 0.26827712028158157 0.04962245597067705 -0.09749355819183014 26 101 364
92 0.648074612252713 0.2920654368851528 -0.27229348085653327 -0.15537412563146336 562 380 120
93 0.6478348578887625 0.2920282083970124 0.3523621439386563 -0.06008728819411127 103 364 562
94 0.41180665075726874 0.09934096266835464 -0.16378951042672618 0.02790749575876106 126 590 328
95 0.36320287971789367 0.12129449011848556 0.019485914964922912 -0.0239260299073063 478 383 126
96 1.0018606895946383 0.13691968192329051 0.5980215716209917 0.18457126767847673 370 295 504
97 1.004451190110732 0.08903794440378755 0.13388476785558545 -0.0007406887603256251 561 133 295
98 0.9209405177400525 0.6996861112580928 0.26936404062122277 -0.10498403708869564 455 402 375
99 0.875903795009177 0.7915747022611124 -0.045274343996037913 -0.2387881378740353 19 568 371
100 0.9326746116568497 0.7064273774802515 0.11262527004757272 -0.18283442277527984 176 375 510
101 0.9386399579737941 0.732002688687988 0.04591403923726034 -0.3429133352272906 568 176 576
102 0.9165756190338266 0.6007041159239701 0.4070070077529506 -0.33224604800772933 77 505 350
103 0.9166089211677232 0.6006989545932571 -0.3664052830958911 -0.2241494655196626 350 430 56
104 0.8963656612008429 0.9143981935999118 0.8976018045739222 0.1205809570397373 251 221 511
105 0.8962546428020663 0.9144644821380432 -0.6029805429554167 0.21896573746484113 284 511 438
106 0.8965798589077186 0.9145272179468684 0.8628801891974804 -0.3260230756641381 438 588 89
107 0.8964884335414008 0.914335982586272 0.6600612321148481 -0.5605036517791718 235 221 468
108 0.8966297685755413 0.9145157954251828 -0.9732515156963238 0.5790767982911514 588 235 34
109 0.042645475542317554 0.9584865053056135 -0.20212452371548562 0.1366699687449513 469 261 439
110 0.07982656494341998 0.47425485366275205 -0.26262388952717675 -0.4903656132109477 57 53 340
111 0.06280635402417724 0.5273270825182365 0.03799383169189596 0.04338629316924525 128 340 68
112 0.025220727821464572 0.3639725943591281 0.11875248288921925 -0.09880560495755149 194 480 196
113 0.1279035692262632 0.342986638597956 0.03812727009111505 -0.16808474594814937 97 275 286
114 0.3845785558512145 0.5725053381658906 0.2145817079579615 -0.021688215806614508 308 179 527
115 0.38984848541082573 0.22598536325558666 0.03633270628800034 -0.26334458884391676 572 444 173
116 0.2396719402049391 0.4664913311980703 -0.25567434003281875 0.2119882644424642 205 405 475
117 0.21651368817836658 0.5244616498528728 -0.5456042892323574 -0.07211738640077944 585 75 164
118 0.1263774784891663 0.3373948839692493 0.0872624886412432 0.018357087985115816 535 485 275
119 0.9841889869040557 0.4214088143774321 0.1577698652277526 -0.07095502380094487 211 390 366
120 0.39057578354206623 0.20943151167391666 0.024305954471337543 0.00640680737629129 444 220 162
121 0.16407200470941435 0.8693241571343986 -0.004556232127694848 -0.29386797578689894 395 449 232
122 0.6179244721144249 0.45813100934997353 -0.025817845777931225 -0.09334175654629462 515 433 367
123 0.4358466332860859 0.5141821449218864 -0.11217909301128315 0.15556196296395708 382 592 238
124 0.33276936885800157 0.9613378978233855 0.23449998123870053 0.06835392286907993 242 528 54
125 0.4637508013969923 0.9357590753342413 0.0356283620661646 0.24253771491178355 87 121 118
126 0.3701393017157259 0.7646850286105119 -0.3489797454446085 -0.5186791042700216 240 92 333
127 0.4196164989602278 0.7393989913383201 0.18054761248133636 1.4110332155904248 333 256 520
128 0.37015025753262387 0.7647004053474745 0.3967564951302656 0.5271938142249266 73 108 92
129 0.41959820046194374 0.7391286686537348 -0.010150774768770356 -1.4007972066236183 63 170 256
130 0.6183385605393348 0.9374391904954901 0.7772285598090282 0.035265254536280974 577 279 29
131 0.557364089771451 0.863125661330851 -0.015212471733694333 -0.17683558176800895 460 285 217
132 0.5919108795896457 0.937671393506524 0.11985501480182847 -0.028309321206676508 420 217 577
133 0.5693190400568672 0.750132917051106 -0.029918004185169877 0.3915021098976901 587 336 107
134 0.6598453241876171 0.7682790743464997 0.08307389359751838 0.062247465515419265 320 559 247
135 0.5816561180357742 0.7639902497120217 -0.3295114184981296 0.05647567795363795 215 107 320
136 0.30832866025409145 0.7907249417892793 -0.08931013779813878 -0.5763514545340572 381 5 184
137 0.3253274203150895 0.9217761872554007 0.49826085034428924 1.5490511047407682 391 354 80
138 0.5365775356755078 0.7745848261395779 0.25971019296450787 -0.015504497777882667 401 166 72
139 0.4437001170633171 0.738120896384314 -0.10783119335595545 -0.5894701914928953 520 411 401
140 0.5366903895581651 0.7745048338739366 0.15612652148487474 0.05652823682235353 166 537 248
141 0.537923694393792 0.761191381706701 0.13254658395162044 0.33738963480661743 322 540 537
142 0.6969888288436544 0.8418705849890302 -0.4786323472340281 1.5414477138271978 426 180 141
143 0.6968087999878227 0.8416945036000946 -0.8412455855935017 0.15208777257464398 300 358 426
144 0.6970545621008212 0.8415940638213012 0.21985435257813704 -1.5859360388180899 180 554 85
145 0.6970059800538753 0.8416738093945973 1.3161514592947712 0.044388735949654645 358 247 554
146 0.6269407972032132 0.8698657224838847 -0.021895828206108803 0.05117035198343167 110 419 300
147 0.7940785066167778 0.8896752238658834 -0.22095350445388173 -0.8757121586417446 293 483 316
148 0.8179770327563258 0.9488222860054827 0.04045032277882887 0.03254936545987741 245 316 459
149 0.800551166146958 0.9737067206535417 0.4093810218377676 0.23666065692980012 445 245 257
150 0.791022359212235 0.9777860375358407 0.2031258220652754 -0.049845196373188294 412 445 174
151 0.7260390383203478 0.9218587021911526 0.12533627469224484 -0.13914662859437765 531 330 412
152 0.7939181499554936 0.8895311666513683 -0.7342616864040017 -0.26498924756411 580 327 458
153 0.7940075309152165 0.8896470352089985 0.5991968040895711 0.9024640731118878 140 580 293
154 0.7366320155098642 0.8941524507591242 0.03703319803594063 0.05618838103127466 330 141 140
155 0.3083280690407933 0.7907156287766144 -0.010612390919382056 0.5828039959730442 5 1 73
156 0.2754918873900962 0.7961061830833941 -0.06248425457600071 -0.008359252699763342 594 142 381
157 0.5488674364266493 0.781068518509769 -0.02746974349376874 -0.06785202850967398 93 248 429
158 0.21187038323588991 0.4887725042903538 -0.03475764745464183 0.03787389707410327 231 205 498
159 0.16403835470207567 0.47217887995859326 -0.2999164402668186 0.27641652675265954 47 259 231
160 0.3039229294920848 0.5072130651964875 0.16341426193179717 -0.4461248486137357 164 363 289
161 0.3039484976394461 0.5070874837657817 -0.07313201511656864 0.6606543065298389 363 475 331
162 0.37763554630477736 0.5233164435397499 0.13580978385207285 0.49069720589543764 331 369 249
163 0.8282935119757942 0.3049651480250013 -0.019563843253744828 0.2191896561823392 490 406 236
164 0.7400242597247322 0.2729762789450113 -0.014704176765079069 0.008170044502042728 512 58 418
165 0.7526703379364394 0.26299417729573327 -0.20106360708316284 0.14796408404071926 58 200 406
166 0.9329994122020135 0.3592612214656449 0.20338899522909237 0.16418787301963889 409 51 172
167 0.8464123759328829 0.32811794903759794 -0.302417536672539 -0.004755457659599838 464 262 409
168 0.948891548119522 0.4187108849817364 0.14789086066890889 -0.08320631059155481 345 172 211
169 0.3567795918513797 0.1868403727290605 0.06292581733458036 0.06057046305490976 270 478 220
170 0.8268635701138819 0.73323403175493 0.003562003469959052 0.024540311102660972 91 74 455
171 0.8515602091156306 0.6175952493779191 0.07121258652209583 -0.17746457497969104 31 302 201
172 0.998661900559919 0.6335863691664048 0.11620294019013509 0.5762174998045599 241 265 526
173 0.998619555798365 0.6336431439712752 0.3411755412565412 0.21814937586385474 136 241 509
174 0.43292289398652434 0.572866771576828 -0.8339663818871619 -0.010690676726580854 298 376 398
175 0.43628971723692944 0.6286682914269089 -0.07188487791132125 -0.006161404719762231 332 398 255
176 0.22401907890926445 0.9231862945802667 0.026108851192141458 -0.19732370806768706 427 15 525
177 0.20640573969002438 0.7254024612257461 0.07925129580366175 0.22328992179548868 99 129 41
178 0.22003335441377758 0.720401337321051 -0.08071747194249301 0.2800828236004804 129 159 325
179 0.24046608804431122 0.7562225150661908 -0.5211158231793528 0.6071213884330674 40 325 252
180 0.03301773481751667 0.08833840103678063 -0.18053636415688024 0.0770805690109011 209 599 425
181 0.12913651268076246 0.08858975984859303 0.23649123041813436 -0.003527260601654536 425 400 171
182 0.67125306325125 0.2287512409282873 0.16197939214424895 0.044177630808108284 16 506 584
183 0.6598375964122063 0.2606206244194694 0.2727398497857653 0.20195608270564755 101 16 465
184 0.6714247552364656 0.22874628722837745 -0.38744138843916676 0.064886577306935 584 222 352
185 0.6765508380779983 0.24820985335887163 -0.11932138783976587 -0.0005755305954036061 313 352 512
186 0.6599581498044056 0.26071501530281055 -0.3433310354902319 -0.2864092781869202 380 465 313
187 0.29700590891425044 0.11009973403711941 -0.027287069132020392 -0.02059612272398148 223 62 477
188 0.3320772367492212 0.09749031977712207 -0.07624507553094517 -0.05173243916578585 477 564 383
189 0.9325404224594012 0.025925989083928805 0.05128354754746489 -0.18953895640494434 165 454 561
190 0.7372160113211064 0.7146509207674118 -0.039577397171434034 -0.3166850651452249 492 417 365
191 0.7839400721547906 0.7686862029115182 -0.05619492093877909 -0.11084344483935915 11 365 348
192 0.823040647282338 0.7569427906350269 0.037923544166096335 -0.15159301106071332 348 91 19
193 0.484704063481023 0.7177688858267443 -0.07472231167149346 0.07479209473970627 541 567 322
194 0.44369534749975115 0.7380049394597598 -0.061492997716419695 0.612545836346486 411 170 541
195 0.039798960691779045 -0.008605347901580941 -0.13011316087052638 -0.18505892512843403 482 227 65
196 0.054369092912512934 0.9810633426002713 -0.3070905280067038 -0.06402407493055762 65 439 228
197 0.11420861039153996 0.9961863879768194 -0.058504288219518585 -0.019793914424193204 228 596 45
198 0.026603176091470615 0.9617942111212437 -1.0271502658891571 -0.429299646997677 360 303 299
199 1.026645393903952 0.9617132234037893 0.9439122448695906 -0.5279469037346249 213 553 360
200 0.026716184528171025 0.96181126280079 0.04083617140997805 1.2414659705524238 303 553 469
201 0.27942978182384626 0.9875342269193312 0.2746010904774998 0.0576524286644009 403 525 27
202 0.2165333389585408 0.5244759904387787 0.012192370143414245 0.3288316490182206 157 498 75
203 0.08085986273883829 0.473510742513191 0.7204876295794087 1.2400390225625877 53 102 396
204 0.21647135041401322 0.5245026890219501 -0.14168793896601728 -0.47670686645633237 125 2 585
205 0.2164935043463461 0.5245209662939333 0.32843868185509767 -0.007716158880463966 575 157 2
206 0.1890894168701992 0.52390074470766 0.03494987459162768 -0.026059169058734177 214 100 575
207 0.13296201751466166 0.7542730211594046 0.06537578846332881 0.27681093528464373 410 414 339
208 0.14382201647306864 0.7781355497458649 -0.241925476927949 0.18828199253601713 0 339 296
209 0.08798103268600319 0.3842303858904148 -0.020566523484255583 -0.05327713617497842 461 97 547
210 0.02519441819223368 0.3639934070144114 -0.24915029126469385 -0.235301542737354 131 194 461
211 0.08076623393133181 0.473369727085071 -0.7577652712842148 -1.1319004017900465 17 361 102
212 0.07983152798479737 0.4742605625326756 0.5099707490687941 0.3670493482017725 154 17 57
213 0.15490913566359837 0.3174317847285421 -0.2468208778853842 0.065778268552516 28 543 288
214 0.2132631201382172 0.38861043556228975 -0.40365539660802696 0.04443382883856373 521 206 405
215 0.17671570042604234 0.39077908024406016 0.043235846847178294 0.022307421188028087 152 487 521
216 0.14599982004314652 0.3444042007189807 -0.13104003437902634 -0.19393598324479733 286 28 487
217 0.07445507594525834 0.32028670068716897 0.0484735022954208 -0.011535555149988497 196 186 535
218 0.15250291558362683 0.31600695124561756 -0.0916693516234135 0.15903161539390642 485 253 543
219 0.23449316743146778 0.09867209695464972 0.1838408966725602 0.18083522457246204 529 124 60
220 0.43264958813732907 0.5726458153944602 -1.3741703885851355 -0.008314848905699359 527 291 160
221 0.4330842609099006 0.5726003470132149 1.017358189897143 -1.2365340231319755 7 542 119
222 0.4328440536161789 0.5726426327319728 0.6828674775554506 0.6004779275689001 291 138 542
223 0.36813944771277474 0.5304336324525869 0.22346880457213558 -0.00793038256591272 289 263 179
224 0.2528953456312519 0.8471307553402423 -1.31340841495262 1.884603716251318 71 22 579
225 0.25297910811432667 0.8469615200891943 -0.006508796886878221 -0.4288979611794159 453 71 144
226 0.7660531339316196 0.3518289590316646 -0.1387169740185712 0.08936248512003697 112 431 145
227 0.7492683475879055 0.34243302765017314 0.013145107918832721 0.18334791532237382 341 418 431
228 0.14961239794335182 0.452355969497499 0.010453522075737354 0.08118844728455255 115 152 259
229 0.8262260775141259 0.32510838745549897 0.017714977401661613 -0.030519482080437754 145 490 306
230 1.02510664210904 0.36401537021384744 -0.254349144430423 -0.4135171949204062 390 423 131
231 0.9389869918251189 0.5543132470962479 -0.15176571291732663 0.12415960327596302 582 301 321
232 0.9390593386112616 0.5543870774448078 0.27632440141101605 -0.13456194368672864 178 321 267
233 0.11246674354336694 0.5789434432476246 0.16139255870392774 -0.26745421027274896 309 94 450
234 0.1530493135128056 0.6029871388510273 -0.04109667293972219 -0.2836732900662886 450 314 224
235 0.959137365377153 0.9224448678671958 -0.2087259965988981 1.4562593455596127 18 226 213
236 0.24063879993302878 0.10926498505352614 0.1216145312764056 0.9824277400329127 198 60 378
237 0.35053659588754227 0.9693425174824138 -0.06548313794419586 -0.14646335779388772 158 397 148
238 0.3506271013975553 -0.03063786277489755 -0.2567066022479778 -0.19082545629918976 148 151 474
239 0.0018469144680572525 0.13691568180833488 -0.4562799988397847 -0.11745734738294582 504 209 310
240 -0.0005564988595010235 0.20694753849524183 -0.4346693414979206 0.440961472262906 35 310 502
241 0.14876596617578897 0.11351185780698342 0.1358644842464063 -0.12034067908839319 472 171 287
242 0.1305636254919374 0.2053944086879881 -0.08055994343836304 0.42222441445916026 312 472 185
243 0.8821106962249005 0.4775879087704263 -0.007954686215283502 0.1761664227689641 319 368 33
244 0.9067310250188648 0.4762654149021769 -0.006726250112443211 0.1630237694838499 33 345 335
245 0.4332004752905492 0.5069630037906788 -0.01967614933831574 0.41778116790722186 369 233 592
246 0.24046604236846306 0.7562226571450824 0.45360974096917206 -0.4220115584432525 189 40 208
247 0.17856848852858687 0.8495812137607756 -0.13022050382449635 -0.07196962956146358 372 532 449
248 0.2529818149710933 0.8469610974794423 0.3328912424152054 -0.1897495373194937 532 565 453
249 0.23537771878996655 0.3108446517101351 -0.33966050250189284 -0.2649304328000701 206 424 273
250 0.419126169825615 0.5314866154337295 0.02904151467919558 0.036554301252600396 138 199 382
251 0.32521308877680405 0.9217118191634527 -1.2083109702523078 -0.23091494260609693 528 413 391
252 0.32527148465444955 0.9215956284868355 1.1571380633139308 -0.7956088800498357 147 354 413
253 0.25308112134378036 0.8469228083017292 0.33812228215056045 -0.8981857024047243 546 579 594
254 0.2536293151940372 0.8498578602950352 -0.4920022843182912 -0.07585448390289365 187 546 147
255 0.6184000250363098 0.9373167102734052 0.22840936457209185 -0.6109406266042311 279 110 297
256 0.5754111196605398 0.8344534318720159 -0.7045884762706687 -1.0270942538527852 285 52 76
257 0.5755074140009043 0.8345156894546021 -0.04577540283604606 0.7439662173132062 76 555 419
258 0.5596744352235064 0.7731247493568194 -0.09632197990605551 -0.04584374841548611 429 183 435
259 0.5702437703488159 0.7768759413806343 -0.1890147016334054 -0.08719571627235911 441 435 215
260 0.5754336845320316 0.8343515045223666 -0.44401419261493585 -0.4612033005231119 324 441 555
261 0.5503104973605583 0.8082988974632656 1.600016388327854 -0.5920207580555905 67 93 569
262 0.5754666354937386 0.8344204929570873 0.6957510709432787 0.44241740139287516 52 569 324
263 0.2535509768006989 0.8498739646535061 0.42861727709544906 -0.2478464858828933 15 144 187
264 0.1450618177190057 0.8599755287537941 0.13562757271434744 -0.20659406893552834 212 457 395
265 0.15389010881051435 0.8109788653525348 -1.4649885883027025 0.22200110613078372 457 274 589
266 0.06620464565436483 0.888082455997668 -0.14266262997331136 -0.028604938556719972 261 578 212
267 0.34922696248583956 0.19120194203462987 0.34860743909626013 -0.0961730178133946 244 270 82
268 0.4807559388468637 0.554454024517754 -0.08617359083251674 -0.04944511536320029 105 156 323
269 0.48165786285306716 0.5327337012459659 -0.10087744910236562 0.12630364150389983 238 326 156
270 0.3203165385883435 0.9799204868521554 0.321824100528445 0.01598396883600861 27 242 533
271 0.9165846918519814 0.6005779814689312 0.4929200683094579 0.11831174132704908 516 277 505
272 0.8893896018941654 0.554023632109624 0.055039745634408166 -0.22861760708007325 225 254 516
273 0.9165797618459158 0.6005751534176977 -0.40185299184937984 0.10522359300882671 277 178 430
274 0.7912532180283356 0.037402801878997104 0.21681414146684785 0.07367048446976776 44 373 344
275 0.7460402505951499 0.07860238782832292 0.2239373186885274 0.12824337494721227 489 44 123
276 0.11246382206652547 0.578953292187031 0.02151749791529361 0.20402723222449143 94 68 353
277 0.05292907717333326 0.876987340952653 -0.0011755884460340482 0.08516260717461588 150 374 578
278 0.06429049129274023 0.7916022868516372 0.06698311072472762 -0.13961344164092893 563 175 374
279 0.2699505953879272 0.7897214628781548 -0.022248415929666462 -0.17382103266504537 32 208 544
280 0.2701183205427346 0.7897438671279187 0.5066510055937232 0.5256950308290859 544 598 142
281 0.7064479403638997 0.710990149817559 0.18521317361741563 -0.08975941170885626 559 463 492
282 0.0010356850600604334 0.7283868504066229 -0.5747776614010254 -0.433984150124202 576 495 234
283 0.001067586869745516 0.72839314454195 -0.6933713327954738 -0.5462754196497649 234 122 563
284 0.24063558180689662 0.10943991560911545 -0.2485161370717774 -0.5998667462064899 389 198 59
285 0.185500224416963 0.10136679105789757 0.9483293653042004 -0.6174321786280739 216 169 389
286 0.37763048921131315 0.52328496704408 0.02776970444638401 -0.1950019587000824 263 249 199
287 0.2557943938003427 0.29310645192669665 -0.3127321131224381 -0.2900724081073003 273 356 84
288 0.34678672364070523 0.2828730150004154 0.21812453857017466 -0.3175000845567766 84 113 207
289 0.2878438475442174 0.15154531966513965 0.08339259768841423 -0.20090295156649507 442 223 244
290 0.26819750596104736 0.15625028351776507 0.08009211176218667 -0.17281648612144096 451 428 442
291 0.22830402507138947 0.25154209590287113 0.008939860483836437 0.2820699902816859 566 451 356
292 0.5424706108729976 0.49786041983696094 0.040029420750320455 0.012599891963116505 326 3 355
293 0.7854384681569574 0.6999050835588682 -0.11705825406216341 -0.07913596306030612 501 139 74
294 0.7876996000034971 0.6624134652462644 -0.10090759339220767 -0.08782975943755211 466 31 139
295 0.7372145552203037 0.7146555640284431 -0.17033523168206088 0.10028049095593075 417 351 501
296 0.7112580647860712 0.697013495847777 0.056455722475395875 0.05251446612633548 377 64 351
297 0.8468423639834395 0.5586756743006527 0.07743691382566809 -0.1999736602004143 302 37 570
298 0.16333273797962405 0.5909722836067453 -0.13285532500517672 -0.17981206142103634 314 20 524
299 0.15592620425419895 0.5774575881907857 0.007707027030456892 0.060799233876640546 353 214 20
300 0.6479039269765734 0.5792032475572585 -0.04432468315995752 -0.018483578556605096 416 519 283
301 0.6640677485684223 0.4419765122419039 -2.866556807455147 0.05876347911824278 367 42 268
302 0.6474233157408472 0.5567979777110166 -0.03208961291134571 -0.014650806609561862 519 538 488
303 0.43294860591580653 0.5727166876925379 2.0625806897124015 -1.4727581763369002 160 595 298
304 0.6135187204822705 0.5975300896446778 0.01655130685285222 -0.06726546125657151 155 416 545
305 0.4330869628857922 0.5726830247003581 -1.0475233578748382 -0.08718290549398783 46 119 105
306 0.4331872912926766 0.5727339844839855 1.6419805463023909 0.2214460963572925 376 55 46
307 0.43282446633481725 0.5728379656723952 -2.472098090408679 1.6816950622664364 595 7 55
308 0.5871347993960144 0.5780017663712885 0.07632882936814411 -0.010982840331630328 177 305 155
309 0.5391668413494479 0.5973387783401076 0.026409897185830644 0.029808142759657485 556 323 177
310 0.20701200639213438 0.7396412795888893 0.0516637201769532 0.04519711323952569 493 41 189
311 0.9679436964677927 0.6851135407266803 -0.11483333589579203 -0.021872416464813194 317 496 548
312 0.0010654688086267636 0.7283708763481892 0.5522581160145824 0.8244670139716205 495 548 388
313 0.9695141997008487 0.6794245334816393 -0.13207342363860675 0.012637000083512429 496 491 130
314 0.24080572330614192 0.10952819668400386 0.1606897983137635 -0.5452346118960615 59 271 428
315 0.18535737642444616 0.10144365065855364 0.99450630062386 0.6685962639270143 287 432 216
316 0.1852279032053612 0.1013694934496099 -2.7468813327383743 -0.12638848139319123 432 437 169
317 0.18543622887931221 0.101291699223421 0.9194527019525806 0.09893421260454438 437 394 529
318 0.2138032811868528 0.2573234885030503 -0.07527540292484591 0.31870926245347597 86 566 593
319 0.12166910339844324 0.7647760687080536 0.0732024607597026 -0.04437455264350021 175 479 266
320 0.14366546106321954 0.7782759078674077 0.18593911719566938 -0.24944998905569205 266 0 274
321 0.1639474859003349 0.4722837497700059 0.19294272501847903 -0.29245143584924993 9 47 100
322 0.13025934253189483 0.45618949393729635 0.1866113435673234 1.740102456886176 396 586 9
323 0.13023900213797499 0.45590844239112505 -0.1435946153642727 -1.606965141358487 586 508 115
324 0.1711648054904732 0.708554299529659 0.09188692515205155 0.21303217245804973 414 224 99
325 0.10195840669165053 0.4418626157104888 0.4114010227482864 -1.2641993205883073 109 357 508
326 0.10181782269805242 0.4418692769053189 -1.3313651870522878 0.45281141679656167 278 547 357
327 0.10192502628825072 0.4419996190471921 1.026494043701565 1.1175206490629486 361 278 109
328 0.15128514315786715 0.23696758073973573 -0.2765421697192849 0.20805048517313907 30 185 86
329 0.1403273715318393 0.24882637048798428 -0.11932250187918214 0.03301398703026148 530 30 253
330 0.24082885803557108 0.10947810830039566 -0.06024854370284029 -0.2553739425668563 271 378 210
331 0.1540881427803411 0.8109399828502523 1.4223729013576885 -0.34366993485778535 589 387 372
332 0.25304140435060934 0.8469251394842714 0.7327547178604515 -0.24666592830248876 565 32 22
333 0.8386227759567141 0.3334533065418287 -0.11543147531573039 -0.12970786267968437 306 464 536
334 0.9809461708244421 0.33418109848223043 0.27443798691906274 0.07888965036784157 51 514 539
335 1.0250889352757775 0.3639672348530333 0.6739197090839272 0.6452119215912423 423 539 480
336 0.15106808298567304 0.7814528552310873 -0.009805922566996639 -0.023035373261648395 296 493 387
337 1.0312692441082512 0.23495500877853723 0.17503007023074707 -0.39145666177434374 573 264 399
338 0.031291607831877295 0.23487879529990646 -0.040682398254202404 0.3367174733400488 264 494 36
339 0.28274343816927044 0.0976127129536464 -0.09117182495077536 -0.061402263482057684 210 43 62
340 0.8973836309744182 -0.04510126054249302 -0.13196303355611505 -0.2471144108784351 481 551 168
341 0.905697761698904 -0.07811518211410122 -0.14300704977848744 -0.12129971506402715 551 89 557
342 0.9093479560759709 0.9199267410351051 0.10004426788683042 -0.48499656371883954 557 95 18
343 0.287182274288286 0.060438391745740616 -0.10202955789267998 0.03645868520280038 43 334 21
344 0.32791292966040164 -0.013341915116636033 0.007277058643173628 -0.2722894271167675 533 158 276
345 0.3258431844783524 0.04023977274780957 0.00909061888265672 -0.02052745438907433 21 276 246
346 0.33570274239382014 0.04617338119434743 -0.11171956987993115 -0.09673608979826609 564 246 446
347 0.3691541789241044 0.022443432200544584 -0.20106895176619233 -0.035864676506403015 446 474 237
348 0.21182148793211347 0.29446439766249 -0.0530744361654234 -0.05346829472230308 288 593 424
349 1.0151722858261367 0.23669623366277953 0.19441481445559017 -0.04530810622516146 514 135 573
350 0.999842568626979 0.20768953951929867 0.4398737291233946 -0.6824734758208649 78 143 135
351 -0.0001951891998207208 0.20777120337338872 -0.23651275630765792 0.5248490764861327 143 502 494
352 0.8287199085499318 0.42218188105304477 -0.11701347234910342 0.11390778034345295 436 536 368
353 0.5967947305437601 0.5303778266856995 -0.2953657285509966 0.6536674150567421 81 515 440
354 0.08538568163057336 0.23662154277816605 -0.07354143658248272 -0.1749765226292813 549 571 530
355 0.5968258026192697 0.530448715717 -0.006575864393889566 -0.5095803412902603 305 362 114
356 0.7190628216799901 0.6215727619289231 0.35588970129932035 1.0006973477020686 283 69 38
357 0.704602497941883 0.7007101041395952 0.19339007027718846 -0.015668837668320057 463 161 377
358 0.862029491789759 0.5472884455969318 0.05502237485077721 -0.1539834936642448 570 191 225
359 0.7190623625265581 0.6214311384398067 -0.0994922659219139 -0.7564810708032061 98 69 39
360 0.7277390491257549 0.5639475506350452 -0.03470101914149204 0.1841283674142158 39 583 48
361 0.818979382123012 0.5379526477051397 0.39484270818179734 0.038370851287994334 48 195 37
362 0.7240773986597606 0.3737009308906867 -0.023391426556135242 -0.2488514930579222 132 443 470
363 0.8005557052603446 0.9737106520881033 -0.1694112944518973 -0.2700592007616118 393 257 422
364 0.7191339901402248 0.6215939197687637 0.45921167363203574 -0.1098281583279475 64 38 197
365 0.7922393176077658 0.00897872461963337 -1.0820137854896439 -0.02613488633423515 373 174 258
366 0.5968504422696407 0.5304872305911276 -0.06271041820389242 0.1410101853615035 114 440 538
367 0.6808893061692912 0.5346087120803169 -0.1627251861036072 0.09915743504063101 488 342 583
368 0.7924805452839909 0.008984540782766733 1.411654705065468 0.034117568269647444 258 393 434
369 1.0173162686530923 0.5252639376219159 0.08076529271761057 0.07950720290472724 456 188 149
370 0.7625412115009109 0.3710169204942171 -0.05680840138577725 -0.264916900222234 470 112 467
371 0.6644683363481295 0.442019015402256 2.042692591930264 0.38970398215940405 268 315 342
372 0.832093119591456 0.9509429350855743 -0.04643898191068318 -0.3265432758637861 422 167 481
373 0.5356408451922395 0.6342876629209648 0.029947127416773967 0.02309704927316858 415 556 127
374 0.824551922319413 0.42393468941026047 0.2565128826362284 -0.04134287929363767 467 436 4
375 0.4763598203151754 0.976422327450463 -0.0660900799365205 -0.06802228086355555 282 118 597
376 0.40925408357109383 0.03644951913750422 -0.15820716889325404 0.002771001483825586 237 282 590
377 0.7190640790384492 0.6215834632795354 -0.6706352393147418 -0.1283367927879496 197 98 466
378 0.8665033161429461 0.5250167308302336 0.01869200584245223 0.23067804992560337 346 385 319
379 0.8597737485618987 0.5279408908592211 0.11823185677023451 0.1910111952288518 191 534 385
380 0.8894863988958297 0.5538635667585017 -0.14519245308537534 0.07991897247878586 254 346 582
381 0.8333966200886982 0.5162982525656682 0.26534158308055833 0.24071285242843743 195 4 534
382 0.6643617039300298 0.4418503339349908 -1.1949880621977496 -0.07372547887398058 315 229 132
383 0.5967918770386687 0.5303460145982676 0.4741625297518463 -0.31751603132487966 362 355 81
384 0.7219394137991435 0.36820522378978865 0.10431460998813757 0.07763914441905051 294 341 443
385 0.9591550454166227 0.9221530312681167 -0.03046836943052471 -1.4827754303646 226 307 150
386 0.08536358314386769 0.23653035353012627 0.05947533192936921 0.37418939754997776 36 312 571
387 0.5618000347116024 0.9957133492525108 0.4112884729540406 -0.10575226785036143 597 560 337
388 0.9384790557265144 0.006614927314495922 0.03720911738447352 -0.12951548722384132 454 168 104
389 1.0284250803871688 0.48456190090802753 0.1433466186029353 -0.051695246000571515 366 154 188
390 0.030039389425406106 0.5366894780184188 0.010724614252222153 0.035542757625961485 149 128 581
391 0.06386130551172108 0.25198647223544046 0.080930869297835 -0.054560342355181035 399 549 186
392 0.5756890428278263 0.6616464929398929 -0.0016795946577996546 -0.01108591898835165 336 127 50
393 0.6106058598302743 0.6443234694698824 0.023827297079836995 -0.0391940591093487 50 545 161
394 0.6410606440361919 0.07076147554510707 -0.01350153044921143 0.09167612363691902 8 280 489
395 0.5619211638635017 0.9956515501815194 -0.051023458637962545 0.7407457675376187 560 420 500
396 0.594890709825166 -0.005066913638317096 -0.1021990450600363 -0.046019322380574934 513 347 280
397 0.561973528586852 -0.004251392063746343 -0.058172087665561006 -0.41808479221228184 552 500 513
398 -0.0014074315787950581 0.6335997279976898 -0.07290483369151582 -0.35888263311553364 272 509 499
399 -0.0060011185503999085 0.6701845844302758 -0.04530718682171919 0.004431408365257461 130 272 24
