1671
0 0.010175382535263199 0.6348369718531603 -0.28807469569513966 0.07870030287182583 111 66 359
1 -0.00142006149180709 0.6343629458740756 -0.5115515213955247 -0.07354833714306357 499 526 111
2 0.7579724323255637 0.8342030200808914 -0.0966795740686699 0.03753066676881467 85 11 327
3 0.8841676990494898 0.9010132458515281 -0.11799275865040501 0.42761296147877587 558 371 384
4 0.8970500318582828 0.9148733164114058 -0.7571442751626647 -0.23365447182047053 468 384 182
5 0.9072415034536756 0.9192216069303093 -0.8529560314670704 -0.6994975843997372 386 182 307
6 0.9072336061901508 0.9192734360021898 0.8548695858650147 0.508092075086463 34 386 95
7 0.020554259728268354 0.6850346403089378 -0.31485816584173043 -0.025420550039956247 517 359 452
8 0.014075924399740793 0.6876493372769625 -0.17763775294471484 -0.08390270292771285 522 24 517
9 0.03517024057173593 0.5925309815133534 -0.20826664108575255 -0.041048992677206186 66 462 309
10 0.35486868957697554 -0.044909743939205465 -0.7429302365034689 -0.24207249532394143 163 404 151
11 0.3482085239333668 0.964599731964677 -0.1514505523162596 -0.052889228586983084 54 379 397
12 0.3548841676922057 0.9550955203384979 0.3748560778487264 0.17521518978010248 379 193 163
13 0.8690728263558238 0.2125750129805552 -0.07069602542264519 -0.009895263775039354 10 137 134
14 1.0006635643546484 0.2069664744585522 0.7957278033753414 -0.2557883174543409 591 35 78
15 0.9797010253076133 0.1880789733008127 0.173022765906361 -0.025902113093279056 134 370 591
16 0.025511203629298845 0.0819243581390881 -0.15438337223200316 0.10900728878576738 133 482 599
17 0.1359965117387083 0.08224525178494711 0.07300553651196084 0.18421757400771677 400 45 394
18 0.6076711718673877 0.4469689597681811 0.1667795446885778 0.12651173789124392 338 447 433
19 0.6316694292662977 0.395168945505342 0.14918908174815781 0.08233180612965407 447 25 202
20 0.7871612707756807 0.12594429469071067 -0.18148764765330005 -0.12024734818982807 243 269 137
21 0.5271747094890125 0.21436617147561365 0.11975405701802888 -0.3362404833728849 181 6 260
22 0.6073441198886048 0.34369735307834043 0.058363992805343656 -0.0674572959991071 486 103 25
23 0.5647778194026265 0.2089476429480085 -0.10747867457139293 -0.2793496815811647 260 318 26
24 0.5239433318514448 0.20133335936958555 0.1734210166096095 -0.08839950767919325 349 250 6
25 0.558186619749129 0.1347528396271877 0.1519678927835999 0.27018277511114963 448 23 523
26 0.4717098537338235 0.147597983527283 0.0705118959748452 0.22791738323035826 328 23 190
27 0.4685625482393355 0.17137527687390633 0.11272822744712307 -0.07556348428916504 162 190 349
28 0.9551653880907731 0.6869723751222839 -0.12516254995051293 -0.4729828502735575 510 70 317
29 0.9274830100411574 0.6870208784164589 0.2030597032534609 0.044705388349552955 402 518 281
30 0.8968459726686779 0.6274463916540166 0.0756088566755686 -0.16681061323908786 201 77 518
31 0.9551326174251585 0.6868815863787869 0.21748517026469633 0.46410116554126357 281 88 70
32 0.9684454850206679 0.6795029498354189 -0.0026222618165956148 0.10164692843938478 88 49 491
33 0.9715102485413517 0.6438326879062315 0.0794206471421699 0.03934786212134167 56 136 49
34 0.8841740400341164 0.9010072033605088 0.4062173611875841 -0.07485312470903319 218 558 251
35 0.7937254294508973 0.890150096205518 -0.3284717293435902 -1.3004735379529677 483 458 218
36 0.83239054220142 0.9509398935502111 0.12616811802262798 0.3554774031787355 459 284 167
37 0.023903120739153308 0.9787715938537864 0.0119565052303372 -0.08888681561625145 104 299 227
38 0.12319822823460988 0.7580370158557461 0.03617566931776728 0.27593116385532523 452 410 479
39 0.18097942803252495 0.9204371468126349 0.03370549048198335 -0.18221462880219086 596 232 427
40 0.3550829068022532 0.9310623243506674 -0.15299091438158996 0.16129786204605034 193 80 13
41 0.33899131220296447 0.7991470017711573 -0.1138382069165722 -0.015221441468371566 184 240 79
42 0.37072429563831577 0.9338589499092941 -0.34637455837566167 0.18207662114133605 404 292 87
43 0.3620744416686929 0.9262020465965972 -0.2510232240821031 0.24982829520403538 13 79 292
44 0.5567132509870617 0.7637498636662008 0.0037085541235160058 0.3526551330471084 540 587 183
45 0.5509871290655812 0.8074952830434692 0.5496537272680897 -0.24102944928025385 304 72 67
46 0.4873331467667005 0.6591547538687786 -0.02454070974211575 0.036573122308425354 255 415 567
47 0.9403342860679077 0.5530941495609359 0.02470470861302282 0.04184925854206628 301 335 550
48 0.9463722241317596 0.5540777090822411 -0.06360222973831632 -0.4479218119893616 267 153 408
49 0.9463846540501882 0.5539152970127413 -0.13680196804467976 0.5067370924673014 550 456 153
50 0.6177338753782309 -0.06296008081947797 -0.2692852050801544 -0.6174577026296603 347 29 507
51 0.6178569037142292 0.9369522807959003 -0.16759854874911181 -0.3066490416084831 507 297 531
52 0.3666381860355622 0.23259942293907843 0.2584044003078878 -0.36409746467791493 113 82 572
53 0.5488347059597596 0.8596448514539617 0.27889197600633464 -0.09253376190287987 121 304 460
54 0.20236507874180787 0.5870358235925612 -0.13099859877407916 -0.1638217513033613 524 125 471
55 0.4720581472268743 0.35459069162056556 0.054335139165750945 -0.2120002520755726 207 473 497
56 -9.198348569739801e-05 0.7262328420450129 -0.8180709704840244 0.5634866318096924 122 388 522
57 0.8333025039436156 0.3052737742201712 -0.17759775204281847 0.2675759855873261 236 10 262
58 0.5044249626602181 0.32458955211579277 -0.02626104889102976 -0.09875928130842482 473 96 486
59 0.48700899215867427 0.263951285644226 -0.018044833682839823 -0.19939064288543307 173 181 96
60 1.0005994353233594 0.5863990514222546 0.022009326999805623 0.10508233866390881 265 408 219
61 0.021346649425733666 0.5778080174779262 -0.028873546262242478 0.13400226275828153 219 581 462
62 0.4870883863395431 0.4379971446926508 0.1092262322255344 0.2829234790890922 233 497 421
63 0.5441964363382932 0.4680552487211434 0.01782689586227182 0.21794279089770718 421 338 3
64 0.2701918133767618 0.7903237758751205 -0.43996241268760317 -0.09627292169847243 598 252 1
65 0.3647771241419721 0.618479605979074 0.2167761886662234 -0.07065927912219827 117 308 476
66 0.2501017863121115 0.6418557143728831 -0.03172906243298357 -0.018944124047237665 159 471 117
67 0.400748038407871 0.6480592905977932 0.15525288832307638 -0.1226520524033603 476 332 311
68 0.40535047146470393 0.7336750339253217 0.13546394526942063 0.014625983410510024 108 311 63
69 0.2778061397239843 0.05588569351840622 0.24055773102660272 0.22508138929067112 124 403 334
70 0.6745968159700012 0.3603561258900449 0.017944787322754507 0.030226338793015728 90 120 294
71 0.6633293851222208 0.4410746045781872 0.26867966755925826 0.5060242527489501 42 343 229
72 0.6467733814992813 0.3963679379059101 -0.03849834184083134 0.06737127852124436 202 90 343
73 0.5672731775186056 0.17030975860087694 -0.23046066496140716 -0.15685862722239877 318 503 146
74 0.5672175670542073 0.17028069862270953 0.16734742143328366 0.04943425032386331 250 14 503
75 0.5687704880485629 0.15388227937914092 0.41597326307226884 -0.01082406820085229 14 448 290
76 0.5630219301672257 -0.004552213411952731 0.1632757848791643 -0.48386001357393454 337 552 192
77 0.5686810975481625 0.12275928561858275 0.11464630174026769 0.3294249887632328 523 192 116
78 0.568719130953614 0.15388874492784274 -0.45851817495219377 0.10135953867678946 290 329 230
79 0.5746593408201486 0.126969986279771 -0.04867585674805941 0.21679335913266096 329 116 203
80 0.6433439222266037 0.1826261996423745 0.2018588575127987 -0.11334225967713288 83 392 506
81 0.5725819256846206 0.1652399405212276 -0.06906419177873935 -0.01621523627176602 146 230 83
82 0.6780001331215253 0.20969673214946716 -0.15312025918035044 0.18110388501357821 222 204 574
83 0.6434111885644764 0.1825523853969238 -0.3097418195112953 0.4522643842411319 392 484 204
84 0.7319058731389559 0.2023666619408734 -0.20480022330793268 0.22017696624243577 200 574 407
85 0.7740269965181399 0.12787960676218593 0.020689439744758786 -0.15456403570229815 407 123 243
86 0.6140057449191442 0.1195948478150568 -0.07005797261760982 0.21792164323075625 203 8 484
87 0.7977462401486342 0.039347955653052984 -0.10042917142301161 -0.37422256603882087 106 61 165
88 0.7977147851184684 0.039377837721026904 0.06678963913235667 -0.5122911159187091 269 12 106
89 0.7976933308910988 0.039401927354919854 -0.42648199334401254 0.7029019118185256 239 434 61
90 0.7977100974436314 0.03936604162321965 0.26283358814578084 -0.26432551541367866 344 239 12
91 0.6478148991991644 0.267444554444146 0.05699709523798724 -0.09434947580155839 26 101 364
92 0.6484335450063846 0.2911461781999309 1.6882303549978563 0.14489299762474353 562 380 120
93 0.6481050234994882 0.2910957053637625 -1.6222259725474306 -0.36369180045897953 103 364 562
94 0.4104066188947436 0.09960280589205524 -0.1618298134387075 0.03287955047115432 126 590 328
95 0.3633707846563188 0.12110056484521534 0.019592416578007033 -0.02124370540590448 478 383 126
96 1.0024864929164772 0.13718953691279248 0.6218896229348547 0.17927243775302074 370 295 504
97 1.0055859012709742 0.08902240131690055 0.12995987688779742 -0.0028183413935956025 561 133 295
98 0.9232266881070962 0.6988111619908886 0.26231721361041904 -0.09847892640246769 455 402 375
99 0.875550800991758 0.7895285626557934 -0.03684813010274013 -0.23695576820137454 19 568 371
100 0.9336777244399828 0.7049088271569346 0.12288075678518195 -0.16767712825854764 176 375 510
101 0.9390797914918039 0.7290983031248948 0.05623044703473301 -0.3344706806657216 568 176 576
102 0.9168109858727904 0.6000213820211316 0.8650422687867366 -0.40992268542539445 77 505 350
103 0.9168807917095045 0.6000077692833422 -0.9989221613727547 0.46224071041227893 350 430 56
104 0.8969134868334347 0.9149132007284815 -0.2819556406583013 -0.01692628464553805 251 221 511
105 0.896876375068831 0.9150969651011001 0.6320816481547933 0.11188009535196934 284 511 438
106 0.897174084846684 0.9151722427360042 0.06609754643030659 -0.8000312690917191 438 588 89
107 0.8970719156746338 0.9149480570461432 0.9207532612981288 0.36249025024719844 235 221 468
108 0.8971935648847118 0.915107470550326 -0.18042545546796337 0.9892212309763146 588 235 34
109 0.040911957852072425 0.9596784684386188 -0.20259125176058657 0.13289027083612792 469 261 439
110 0.08080244848620584 0.47389302588865145 1.2493939931883224 -0.20442527469925884 57 53 340
111 0.06318980994910663 0.5276581383183017 0.0490509757811175 0.0329156715772605 128 340 68
112 0.025867123164554875 0.3637099129707301 -0.26390632589131086 0.7061651512374695 194 480 196
113 0.1282397123181403 0.34153473946323476 0.03995016166838394 -0.16956791439731722 97 275 286
114 0.3864130608065204 0.5723005820977483 0.2120452674558848 -0.02643970528626305 308 179 527
115 0.3901414917944954 0.2237252351381494 0.031919984710970795 -0.2623016281608215 572 444 173
116 0.23749589255280035 0.46823631224883666 -0.24965004785659772 0.19275433679744047 205 405 475
117 0.21594234991075126 0.5240300894631928 1.5039372729596865 1.7566852320396227 585 75 164
118 0.12713825729249797 0.33753660041578726 0.08957785329472001 0.014771432861604428 535 485 275
119 0.9855169675125899 0.4207806292886936 0.15158488561595185 -0.07453397343759605 211 390 366
120 0.3907665894077571 0.20949082395246013 0.020132519609750155 0.00736878665724694 444 220 162
121 0.1640565784848111 0.8668492006349675 0.0008038732873805188 -0.2820800485553443 395 449 232
122 0.6177042631755636 0.4573356824855547 -0.025716817911303202 -0.09134043174596762 515 433 367
123 0.43490034818065554 0.5155238764046182 -0.10764705056162671 0.15634556045640569 382 592 238
124 0.33476434107221503 0.9618880433922428 0.23253290230840218 0.05902966934701048 242 528 54
125 0.4640398149349553 0.9378136640019822 0.03158798708713384 0.23532240600587784 87 121 118
126 0.37041076121673266 0.7648299740829281 0.7891455912833415 1.108023480488106 240 92 333
127 0.4203301586462812 0.7392765078625552 0.04502007796641999 -0.5985900888635519 333 256 520
128 0.3702700439227599 0.7646275462625719 -0.7460084793839253 -1.1004204111400908 73 108 92
129 0.4203332493193969 0.7393195153420236 0.12367886147054931 0.6021775714233776 63 170 256
130 0.6177111036053943 0.9370124068913266 0.13569479323413378 0.0038282745571695254 577 279 29
131 0.5572043506834868 0.8616116275904404 -0.021534077299101284 -0.17494718972110856 460 285 217
132 0.5929235719159611 0.937406629943159 0.11580250092180222 -0.03162910003351449 420 217 577
133 0.5690511855017336 0.753488311344839 -0.03209096738343575 0.38891190944773113 587 336 107
134 0.660552589459105 0.7688180697004044 0.08120294714419884 0.06324175905181306 320 559 247
135 0.578840403187132 0.7644829013794694 -0.325347381847918 0.05830803305462151 215 107 320
136 0.3078992909754654 0.7907356544264086 -0.06592060295321071 -0.581005058403498 381 5 184
137 0.3266449212771958 0.9232823026648396 0.5008824754346988 1.5518886025583152 391 354 80
138 0.5382836803031459 0.774793672245848 0.23904883139972116 -0.011431427389429517 401 166 72
139 0.4429852621370501 0.7382698186042178 -0.04178166842860138 1.412117865776932 520 411 401
140 0.5383814033643114 0.7747239112834043 0.1400135799347387 0.06676061531396028 166 537 248
141 0.5391691019962548 0.7641007485241962 0.15630248016013093 0.33905360255492845 322 540 537
142 0.6974959020076046 0.8420999239777791 0.32502834860001883 0.3741821326025993 426 180 141
143 0.6973521862108861 0.8420341925782278 0.505907540884168 -0.8171350168284085 300 358 426
144 0.6974646539957615 0.8420180593805919 -0.6102374613167326 0.23805530473849748 180 554 85
145 0.6973968863876445 0.8419782267423866 -0.007116074897850662 0.35415148294981774 358 247 554
146 0.6267384187003683 0.8702934194549878 -0.025225227462399857 0.04920671786701192 110 419 300
147 0.7937148851966898 0.8903407100377101 -0.026484213316879147 1.3488116550421958 293 483 316
148 0.8183199923464104 0.9490857691938056 0.03731373075105404 0.028158293578772753 245 316 459
149 0.8014993576769286 0.9734767753860684 0.40237977190125085 0.24796504949180231 445 245 257
150 0.7927105981022913 0.9773406133760972 0.18517445458943183 -0.05994032648698466 412 445 174
151 0.7271024986954567 0.9206855056600483 0.12219711700844904 -0.13406394883119788 531 330 412
152 0.7936426901844826 0.8901072957035292 -0.24224526308513905 -1.1399919563635026 580 327 458
153 0.7936712608138812 0.8902969371488908 0.44136280672038086 1.3675520051057983 140 580 293
154 0.7369691171738431 0.8946494633297022 0.04185277679980004 0.05669295727317447 330 141 140
155 0.3079012204786157 0.7908229992159179 -0.03290178271771562 0.6029066289705394 5 1 73
156 0.2750036401431148 0.7960765809338429 -0.053273521618407704 0.0013696328793333379 594 142 381
157 0.5487849032338173 0.7803980672957261 0.0026847435732890723 -0.08602608573410331 93 248 429
158 0.21153415801274067 0.4890823232593059 -0.04073847648111695 0.03301890566520527 231 205 498
159 0.16356899350260343 0.47215481724780045 -0.29741421220881753 0.2833764154564324 47 259 231
160 0.3042854993303579 0.508127637920838 0.15352700092675398 -0.485451124670978 164 363 289
161 0.30431503228220036 0.5079762558128363 -0.07520336215197619 0.6891936932935071 363 475 331
162 0.3783266958290966 0.5245236753197149 0.13720623256259154 0.5214578623394771 331 369 249
163 0.8281380456888238 0.3068530232746802 -0.01665910534520698 0.21984124364687885 490 406 236
164 0.7398865398876873 0.2730507927365896 -0.017231324700439643 0.0091214397146544 512 58 418
165 0.7509396266231998 0.26427177132267626 -0.20131600310391295 0.1490812768373262 58 200 406
166 0.9347400528712535 0.3606521784353883 0.2015173083957933 0.15954563781228615 409 51 172
167 0.8438181518667182 0.3280813165046449 -0.300920305600777 -0.003753259248534535 464 262 409
168 0.9501652831632107 0.4180126106385282 0.1483224022769125 -0.07948180724692833 345 172 211
169 0.357318948857737 0.18736692042631858 0.06251165392615055 0.06187955000833134 270 478 220
170 0.8269019216447562 0.7334327693903412 0.005361627808397884 0.021817748302455087 91 74 455
171 0.8521697464406887 0.6160675754744988 0.07070765223327058 -0.17782247896391823 31 302 201
172 0.9985715368868882 0.6343465397618703 0.1505057567777971 0.509490821430094 241 265 526
173 0.998529253411765 0.6344057620122796 0.44921017984739847 0.1362071865276186 136 241 509
174 0.4325126224602879 0.5725768863156842 -0.9806429884884966 -0.5803809610923955 298 376 398
175 0.4356862040376529 0.6286271178097543 -0.06802233915026434 -0.003610841486922922 332 398 255
176 0.2242392068236332 0.9214916192953727 0.025597264585730528 -0.1966161081168316 427 15 525
177 0.20704240104785923 0.7273078708187342 0.06908640482611306 0.21982989890229065 99 129 41
178 0.21940585145021138 0.7227497424980569 -0.06368698936276562 0.26529907125316665 129 159 325
179 0.2401672498369392 0.7569904259383239 -0.5450652155970445 0.6097925130691068 40 325 252
180 0.03154344842923422 0.08905063818865856 -0.16256696006716753 0.0882283909126036 209 599 425
181 0.13112911167313132 0.0885710391952322 0.22690727526086807 -0.0007651688310739146 425 400 171
182 0.6702952617208786 0.2292388752500715 0.12716006525200807 -0.22303025804231574 16 506 584
183 0.6594718974321434 0.26020134845842235 -1.3142464499901707 -1.0478132739104882 101 16 465
184 0.6705110755606206 0.22921131405837813 -0.342075745328593 0.3365139495726567 584 222 352
185 0.6755130204493571 0.2482035264713508 -0.1174766273842609 -0.0035641517515117016 313 352 512
186 0.6596982118069068 0.2603788724259122 1.2371960561221174 0.9554877421028299 380 465 313
187 0.2967999910854205 0.10990838685245984 -0.02083635208816048 -0.023832850970517683 223 62 477
188 0.33143009558870096 0.09705885102001043 -0.07427267897930356 -0.048707541472348126 477 564 383
189 0.9329668653789884 0.024339320542583656 0.04779614898309248 -0.17999458763739984 165 454 561
190 0.7362957246087167 0.7137827217768488 -0.03656285185098078 -0.32621011379326337 492 417 365
191 0.7834415462014942 0.7677421232463799 -0.05901517607931339 -0.10928369667539961 11 365 348
192 0.8233701405147238 0.7556345987139865 0.03873432512235819 -0.15266413376513466 348 91 19
193 0.4840561170231462 0.7184091810353341 -0.07576845678647359 0.07394260412296738 541 567 322
194 0.44297898296101784 0.7380627906224069 -0.12178898141444304 -1.387357776703763 411 170 541
195 0.03868692926147174 -0.01020760117181544 -0.12854864048228443 -0.18747102342731026 482 227 65
196 0.051734295870128094 0.9805085123376698 -0.3057205214679337 -0.06499783870850262 65 439 228
197 0.11371923019898955 0.9960094441845622 -0.05521651053053134 -0.02136359977811253 228 596 45
198 0.026468213784722507 0.9625976580813322 -1.222133461215003 -0.287501709524368 360 303 299
199 1.026541016691242 0.9625078329763276 0.9422048932050284 -0.768986703605706 213 553 360
200 0.02660171133922833 0.9626347901315537 0.23594727762300122 1.3399800843894547 303 553 469
201 0.2817690533609486 0.9880065810064256 0.2694220693766347 0.05219287849134169 403 525 27
202 0.215727633848146 0.5238527429860949 -1.2525924143020564 -2.427243143401838 157 498 75
203 0.08084026429881613 0.47378723986077526 -0.9470604249450526 -0.19515793880291263 53 102 396
204 0.21577760001298366 0.5241789239005246 -1.2484155437176256 -0.6296644250382462 125 2 585
205 0.2155908693306223 0.5240337463712895 0.6489159135112786 1.1009968383442637 575 157 2
206 0.18935592759858116 0.5236637169535345 0.026501769528897157 -0.032131379848476804 214 100 575
207 0.13355256119748782 0.7566293276583336 0.07741105742531396 0.2686017550740383 410 414 339
208 0.1435958420241131 0.7778219938650186 -0.2703547114586875 0.19502670600430455 0 339 296
209 0.0877884713192901 0.3837563261326463 -0.02189944822705847 -0.057360333149958365 461 97 547
210 0.025885614470745347 0.3637813254741781 0.07592522672313258 -0.4106279743803457 131 194 461
211 0.08088320793976761 0.47379536246201487 1.0202949560756909 0.2840164442958213 17 361 102
212 0.0806258166895072 0.4738535408118335 -1.1014731054806155 0.11157926634101618 154 17 57
213 0.15280409213024865 0.31800097375307723 -0.24290487598763177 0.06654685253369708 28 543 288
214 0.2098185341136775 0.3889824457849859 -0.3974952429708356 0.042205198363953755 521 206 405
215 0.17706862503516285 0.39097288174869615 0.03899199574330936 0.022646760855504766 152 487 521
216 0.1448512762595248 0.3427408572625032 -0.13584260522003788 -0.19289806800493192 286 28 487
217 0.07488751165395822 0.3201920087590509 0.052252367016558665 -0.010346688089635236 196 186 535
218 0.1517224514752773 0.31736559363897077 -0.08993050752865994 0.15698693248134 485 253 543
219 0.2360219233247851 0.10017959108058562 0.1701996307779119 0.17140501275270115 529 124 60
220 0.4324027237082675 0.5722924779217525 -0.455041104830431 0.1131951478418867 527 291 160
221 0.43270824382995093 0.5721971093741702 1.297734821136703 -2.0494722423688603 7 542 119
222 0.43245468244131513 0.5722766847116075 -0.41661037169713183 0.8661935439611057 291 138 542
223 0.37010328036444545 0.5305304931768371 0.2293404726544379 0.02695824501131039 289 263 179
224 0.25327497125271303 0.8471279515977568 2.4785148658123504 -1.1837816602821063 71 22 579
225 0.25294498224647355 0.8473031928429837 -1.6788163423436786 0.5214397530949044 453 71 144
226 0.7648727817265455 0.3525926435729988 -0.13592057340749975 0.0882564084314641 112 431 145
227 0.74937681558676 0.34398743026745376 0.012111820921201222 0.17830849088906753 341 418 431
228 0.14968549030672892 0.45301860882167444 0.009092876451788356 0.07634355751739985 115 152 259
229 0.8263788049356691 0.3248507710851797 0.017795883343330043 -0.029453886031538534 145 490 306
230 1.0256966784553407 0.3638360083189949 0.1481802990748772 -0.4343397135063518 390 423 131
231 0.9395115876252739 0.5542975312995869 -0.10141134787526812 0.09041439109447151 582 301 321
232 0.9395762593137944 0.5543719675450514 0.21502186883635585 -0.0836379349011449 178 321 267
233 0.11322258186515265 0.5787990066514993 0.17256154809111926 -0.3017291395521985 309 94 450
234 0.15264606024881297 0.600647446828507 -0.05265262774389878 -0.2602778810187334 450 314 224
235 0.9581487299825557 0.9221456606458974 -0.09721403584607652 -0.5467318932287257 18 226 213
236 0.24071699822606743 0.10838994914189988 0.8561845239444978 -1.4110160703994503 198 60 378
237 0.34910734577763236 0.9679258267598781 -0.06939627778131639 -0.1492063133608874 158 397 148
238 0.3492334588154141 -0.03204615849305077 -0.25566667044086067 -0.17115845052568557 148 151 474
239 0.002464492221279182 0.13718352879908663 -0.474473991785582 -0.12081423131474243 504 209 310
240 0.0006180303892603725 0.2069867644606982 -0.4356786826030827 0.26254191900197416 35 310 502
241 0.14992648033878592 0.1125488645165611 0.1331713836427717 -0.10626953240999715 472 171 287
242 0.12979295347948067 0.2089337635869424 -0.09887648477757693 0.39969717258170334 312 472 185
243 0.8820604441670736 0.47910534833751683 -0.003601766454530697 0.17676377375708263 319 368 33
244 0.906693584680709 0.47766855098151617 -0.0021018686791052232 0.163323428045703 33 345 335
245 0.4330126428928237 0.510413208860283 -0.02360577844306988 0.3863288041902613 369 233 592
246 0.2401632957678085 0.7569956529473109 0.47367833072792587 -0.43684191419909 189 40 208
247 0.17748529378472105 0.8489408735301787 -0.12232631400876937 -0.07632929045764403 372 532 449
248 0.2530016636399054 0.8471777809537261 0.8736547792121633 0.12023839166886481 532 565 453
249 0.23245844145371136 0.30857850722230984 -0.33922888630077974 -0.26211004582055164 206 424 273
250 0.4193160971937186 0.5318753189365519 0.01606808609777577 0.05214966063149529 138 199 382
251 0.3265329346104941 0.923216924473961 -1.198582371439265 -0.23203891717402894 528 413 391
252 0.3265899241781373 0.9231004817711427 1.1664245141214824 -0.7880585823309824 147 354 413
253 0.25326778533277544 0.8471627413659594 -0.48961707207030924 0.49746822426938003 546 579 594
254 0.25352188522513225 0.8484722556207899 1.6700951116805782 -0.22370113042502732 187 546 147
255 0.61780900406578 0.9369250468689446 0.041669103240040035 0.7219897366159828 279 110 297
256 0.5743037739827547 0.8339866442414483 -1.313761808236359 2.3692642100978687 285 52 76
257 0.5745278311551641 0.8337634408860093 0.8240498266338849 -1.4243694685555546 76 555 419
258 0.558887555239262 0.772754007282539 -0.0874924511312658 -0.04098338040464666 429 183 435
259 0.5686337647786857 0.776134880351964 -0.18522045945601473 -0.0850626411322275 441 435 215
260 0.5743915118954389 0.8337266777968618 -0.7206657248580048 0.837063095094205 324 441 555
261 0.5509970018249695 0.8074923534188491 -0.3707666354829859 0.05917980724066442 67 93 569
262 0.5744387813989075 0.833582388984284 0.7413155634394321 -2.103377027661956 52 569 324
263 0.25325847086874814 0.8484881799414059 -1.6077620643658077 -0.10407979552669701 15 144 187
264 0.1461470509817391 0.8581854092520645 0.11786224912713195 -0.2093919780621345 212 457 395
265 0.153780655363596 0.8104738110814799 0.5195276000960307 -0.16230661264320967 457 274 589
266 0.06497114215321802 0.8877994782209016 -0.14410503866579827 -0.036997173380459714 261 578 212
267 0.3521985361015283 0.19037132084352248 0.342614616625353 -0.09698332146049204 244 270 82
268 0.48000705364738566 0.5540360245725415 -0.08818329851056905 -0.048456256715456725 105 156 323
269 0.4807867963087559 0.5338287119617824 -0.10161141025810672 0.12825815791372985 238 326 156
270 0.3230467079826367 0.9800257678223039 0.3134034689752929 0.008556759554384508 27 242 533
271 0.9168097776643217 0.5999352904472435 -0.3868395695819668 0.7555504647342487 516 277 505
272 0.8889574027323236 0.5534183131561397 0.12009978660990246 -0.235001014481373 225 254 516
273 0.9169478183820811 0.599788289573431 0.6429180414006016 -1.1240529440166547 277 178 430
274 0.7931685387010928 0.037763279080488564 0.2226956887126097 0.017931146151228816 44 373 344
275 0.7479189322453275 0.07968820487008839 0.21289634846710648 0.12391158446534156 489 44 123
276 0.11330257831803119 0.5785276173457411 0.015258492884993868 0.23273620081381943 94 68 353
277 0.05290763279896674 0.8776803956471898 -0.003432571935024775 0.07681230443368214 150 374 578
278 0.06485074662930823 0.7904663043090212 0.06218802139912327 -0.12370893892610368 563 175 374
279 0.27003705343169554 0.7904288975265672 -0.02358120458341266 -0.1551119901656772 32 208 544
280 0.27020749886358303 0.7904465203242759 0.491306586356704 0.49258370144437824 544 598 142
281 0.7080273334679265 0.7102598995405232 0.18242844821575455 -0.08247449841125576 559 463 492
282 -0.0002457023448924143 0.7264312340153943 -0.8276767486638735 2.0401934775768966 576 495 234
283 -4.274723721810447e-05 0.7264205531903973 0.9744934384447751 -1.2389887988565729 234 122 563
284 0.24059235071232327 0.10862286322112477 -0.5965439101212938 1.3728995402686885 389 198 59
285 0.1857379452224993 0.10143484032398967 0.9577241703295487 -0.563322429779627 216 169 389
286 0.3783355045088556 0.5245836329128747 0.02738989360567389 -0.2320040399541017 263 249 199
287 0.25307844042231303 0.2906454517890962 -0.3187584272923427 -0.2823837788601402 273 356 84
288 0.3486530624379625 0.28017474504967765 0.21593318036416953 -0.31017407947642184 84 113 207
289 0.2885302684070756 0.14982764977822458 0.0765195590918255 -0.1986120400088165 442 223 244
290 0.26885211224994415 0.15476769720297265 0.0727050041698929 -0.1721661931075591 451 428 442
291 0.22837650955679986 0.2539401146847333 0.007946622873622466 0.27577480264662224 566 451 356
292 0.5428108814297992 0.49797559979617706 0.03901209910672776 0.014312148688411241 326 3 355
293 0.784436636835931 0.6992046631830722 -0.11570662553084254 -0.08251044569806965 501 139 74
294 0.7868207554587894 0.6616723205920051 -0.10351701232313992 -0.08428972103624588 466 31 139
295 0.7363251262184924 0.7136883814930522 -0.17425967380505727 0.11546183599877353 417 351 501
296 0.7117693644150097 0.6974399092530135 0.06321354819802116 0.04857013940345878 377 64 351
297 0.8475300618634358 0.5569950373107644 0.0825193382375522 -0.19089023278739958 302 37 570
298 0.1622135620539742 0.5894335043630836 -0.12742221548733834 -0.1780510816909442 314 20 524
299 0.15596245650727342 0.5779003507408467 0.000987920162343059 0.04186527548244445 353 214 20
300 0.6475363424066032 0.5790325349798155 -0.04197552201656851 -0.019915540397374976 416 519 283
301 0.6632736966238578 0.44115890946356895 0.06975764811167733 0.03126653456812529 367 42 268
302 0.6471489235464298 0.5566734765344266 -0.031516105003515094 -0.014372426512809788 519 538 488
303 0.4326149850733517 0.5724212811085138 1.4769269785977608 -1.0366294656059902 160 595 298
304 0.6136673109479661 0.5969719166769011 0.01791316261989806 -0.06278273179116667 155 416 545
305 0.43283090966087884 0.5722909907683166 -0.5377586887887666 0.9675801925738275 46 119 105
306 0.43272744222833864 0.5724804699848649 1.3883356907656115 -0.6595749552879373 376 55 46
307 0.4325228228647441 0.5725060371227868 -2.095906214658353 2.0679769103273915 595 7 55
308 0.5877643661950547 0.5779033774518463 0.07005097543699712 -0.011902603902491649 177 305 155
309 0.539390523652822 0.5975840581125726 0.025587455765307965 0.027356099330244632 556 323 177
310 0.20744681245200655 0.7400524545789522 0.048231563361256224 0.052270573459856084 493 41 189
311 0.9670074695516606 0.6849416766626581 -0.09003733765500233 -0.006076828710371851 317 496 548
312 -0.00014731787886716714 0.7260425515224059 0.106900393989336 -2.3377958003479975 495 548 388
313 0.9685293494382625 0.6795675160918597 -0.12390541472885336 -0.0027189859860680433 496 491 130
314 0.2407811739683257 0.10868035116641771 0.1880915412215623 1.1447735096729947 59 271 428
315 0.18559235844469937 0.10150651189130627 0.9997210613380338 0.6211423187293041 287 432 216
316 0.18545857389153309 0.10143823130323523 -2.7921712037915913 -0.12283488715520179 432 437 169
317 0.185671359460101 0.10137114019001592 0.9389594680416077 0.10537934059704715 437 394 529
318 0.2131635854721723 0.26003567671973754 -0.07347937397428339 0.3121893653312835 86 566 593
319 0.12229703955869976 0.7644135070397787 0.0694362193610909 -0.03495231248526465 175 479 266
320 0.14339995434627176 0.7779956173755476 0.2072616369871473 -0.2576206136167391 266 0 274
321 0.16352102792443937 0.4722105962866268 0.19652722147139173 -0.2920076053164857 9 47 100
322 0.13039014638244328 0.4566419344976605 -0.720062520449382 0.0206963710058794 396 586 9
323 0.1304938617204502 0.4566029307115124 0.7636356772887809 0.11288562265672746 586 508 115
324 0.17194216279906605 0.7104088830450989 0.08896736750085843 0.2181018192437545 414 224 99
325 0.10224182751428755 0.4427133220036754 0.4099103524115525 -1.2685301734494288 109 357 508
326 0.10210046615293299 0.4427211886338751 -1.3349287306341435 0.4477709081177148 278 547 357
327 0.10220727933208869 0.4428503974028015 1.0193357886418988 1.1116562210469403 361 278 109
328 0.1489319676062799 0.23874988906156785 -0.27079278108049776 0.20646480792391175 30 185 86
329 0.13930417911642654 0.2491376569757512 -0.11890368134537255 0.04050692576501591 530 30 253
330 0.24073082438408544 0.1084368107677814 -0.441852850596898 -1.5232475852989749 271 378 210
331 0.15386834878295502 0.8104562428834552 -0.5575879109614382 0.054834457238533627 589 387 372
332 0.25300620932746276 0.8471143626784519 -1.2402656054277426 0.16023849209588925 565 32 22
333 0.8376238727491075 0.3323466677103281 -0.11684985713397711 -0.1277156221925202 306 464 536
334 0.9832697930549716 0.33488524305078615 0.26584379697602856 0.08495482164971868 51 514 539
335 1.0256813018250086 0.36374180495252895 0.3362287729946666 0.03600277733004 423 539 480
336 0.15101435832638574 0.7813190513591991 0.003653168392792061 -0.025213469506679687 296 493 387
337 1.0318371701519282 0.23483830692749447 -0.3860425395228951 1.5300251697489964 573 264 399
338 0.03192172109748163 0.23455188474482896 0.5298950549845909 -1.5757471207043983 264 494 36
339 0.28196674438040287 0.09704364582127148 -0.08873807591514016 -0.0679921511453907 210 43 62
340 0.8962800662553666 -0.04711043479800308 -0.12520416578509774 -0.22107793373749018 481 551 168
341 0.9044273738418882 -0.07916941074564143 -0.1572001754462926 -0.11105649954344654 551 89 557
342 0.9072243607334024 0.919316695664729 -0.726257226883395 -0.011067062386958468 557 95 18
343 0.28630988615726327 0.06074188154106655 -0.10081695461100493 0.03407511998260171 43 334 21
344 0.32795167599814584 -0.015681241586940457 0.0014030255256203272 -0.27200250350689625 533 158 276
345 0.32591730696072346 0.04005401097360012 0.008083455085849955 -0.022630032743553574 21 276 246
346 0.334763258667537 0.04535054336945709 -0.10688687903520622 -0.09461937899857276 564 246 446
347 0.3674657581178121 0.022138285665421215 -0.1917035724607885 -0.03518096369781176 446 474 237
348 0.21137791159048352 0.2940145140972625 -0.05021763595236539 -0.05126868166116516 288 593 424
349 1.0168184892212468 0.23635164994255872 0.1890921320565897 -0.03946061723908434 514 135 573
350 1.0008230087056231 0.20718031812560633 0.8524394301159365 -0.11036678897858145 78 143 135
351 0.0007087285019953805 0.20718045550374942 -0.696446912412576 -0.02849133668656736 143 502 494
352 0.8277204984340777 0.423160927867641 -0.11544604191886243 0.11376062537728909 436 536 368
353 0.5970610039005134 0.5302671805692568 0.11083298075153808 0.18615136826200146 81 515 440
354 0.08536123825654321 0.23753140254387678 -0.06678684803004646 -0.20611672004594572 549 571 530
355 0.5970333998835259 0.5304304938828701 0.40494567218212796 -0.2024672826557482 305 362 114
356 0.719073256378524 0.6215138169696847 1.113958473267186 -0.741391045479484 283 69 38
357 0.7062519403489607 0.700561178210316 0.19029595000469302 -0.018728137530371614 463 161 377
358 0.8624897556629187 0.5460364305796106 0.05110693326870752 -0.13431035554567483 570 191 225
359 0.7191145531745439 0.621454324164932 -1.8059574449904918 -0.5462960988173717 98 69 39
360 0.7274540391222404 0.5655221327183754 -0.03002053258760462 0.18233238807674468 39 583 48
361 0.8223823137221569 0.5382928692037869 0.3963464344919343 0.04071383161163844 48 195 37
362 0.7238868396383816 0.37154812286388045 -0.02079832790366498 -0.25151317252850025 132 443 470
363 0.8016678187201155 0.9736235432232405 -0.1601854044265376 -0.2820665599906954 393 257 422
364 0.719125562487025 0.6216665572550312 -2.0765698749430777 0.7818169954964745 64 38 197
365 0.793680378327336 0.009034720594024092 0.9559991072263883 0.03419491305509028 373 174 258
366 0.5971235798949325 0.5303982117864412 -0.807781981682445 0.03311902592451066 114 440 538
367 0.679514288549249 0.5354399920196453 -0.15810312156694373 0.09449481683243555 488 342 583
368 0.7937339346383838 0.009036747256261166 -0.6530742368632747 -0.018365054371997577 258 393 434
369 1.0179918787409676 0.5259241427405457 0.07629222635585631 0.07350509541315109 456 188 149
370 0.7620331617334462 0.3687387678899462 -0.061182942392989936 -0.2648709761937651 470 112 467
371 0.6633256598822302 0.4411844141466764 -0.4975545122583953 -0.6724264336614499 268 315 342
372 0.8323942705317969 0.950954252583182 -0.049082364301372694 -0.34600538053605007 422 167 481
373 0.5358965066062232 0.6344738528332722 0.029465071355039285 0.020282130835935774 415 556 127
374 0.8267362936812291 0.4235784702149389 0.25163706439748634 -0.04153213380847509 467 436 4
375 0.47579374423444293 0.9758288371863072 -0.0656550487587726 -0.06987262782254255 282 118 597
376 0.40789847896814824 0.03645812652931741 -0.15706098921430822 -0.0006632312754550895 237 282 590
377 0.7194128810315463 0.6215955186566685 2.81457298231542 0.509345823412324 197 98 466
378 0.8667407005123646 0.5269234031389782 0.038302557219677125 0.21100472497731504 346 385 319
379 0.8607455107126805 0.5295576165733847 0.10758274097966147 0.18506149382022108 191 534 385
380 0.8891073742764418 0.5531840889796507 -0.21693769358482015 0.08399666522767614 254 346 582
381 0.8356738809592683 0.5183800293961722 0.2643193827006618 0.24331381943965003 195 4 534
382 0.6633599784273451 0.4410483034084933 -0.30470737774320256 -0.23667356515897317 315 229 132
383 0.5969758089897987 0.5303032971999613 0.3999627828178741 -0.044669040669587275 362 355 81
384 0.7228449125691322 0.36886086102087473 0.10621032859627066 0.07486696050433561 294 341 443
385 0.9581471716006942 0.9222003133890948 -0.13382424845942323 0.518138085094219 226 307 150
386 0.08530336635385238 0.23727227880927304 0.060835714645133404 0.3920492525294559 36 312 571
387 0.5630211708026747 0.9954687162020064 0.5914028584764314 0.29612685180092607 597 560 337
388 0.9387713991265578 0.005531372770523735 0.0310529327945952 -0.12255816292383592 454 168 104
389 1.0296437385397557 0.48410152538691953 0.14033783787836818 -0.05400379726738791 366 154 188
390 0.030139433813804718 0.5369837085211935 0.012407404964553947 0.03284582154872151 149 128 581
391 0.0645819122969014 0.2516167691260641 0.08896731268359659 -0.031342297507341854 399 549 186
392 0.5756649667627958 0.6615458745047119 -0.0038374928235107575 -0.012300654939068068 336 127 50
393 0.610820756778913 0.6439780508478438 0.02606047738717976 -0.04112879481432685 50 545 161
394 0.6409493330860125 0.07156010276397744 -0.012391154075030997 0.09391877345277244 8 280 489
395 0.5630813105125776 0.9953938928696787 0.42169844930380646 -0.22791155015016426 560 420 500
396 0.5940324067985626 -0.005448075000616306 -0.09772588918655067 -0.042097221542025665 513 347 280
397 0.5630091430563817 -0.004541081324168828 -0.650276034833353 0.277503561123461 552 500 513
398 -0.0014706626810634597 0.6344150880922159 -0.12636858388046304 -0.21099658649773295 272 509 499
399 -0.006369424307438243 0.6702230175653872 -0.04014833292209641 0.006910378172464426 130 272 24
