1708
0 0.009109846818502569 0.6351268586463586 -0.2878977143488948 0.07739749032648069 111 66 359
1 -0.001483457414764462 0.6346906304384147 -0.47484635353191806 0.08649435114671403 499 526 111
2 0.7576175098644898 0.8343419830960835 -0.09543440135373338 0.03690308059134395 85 11 327
3 0.8847275611007122 0.9016314844810905 -0.12436066883583524 0.4301779246647418 558 371 384
4 0.8973448727014098 0.9150222490317739 0.5926549002301259 -1.2819846218812647 468 384 182
5 0.9062816883389438 0.9190012138973983 -0.7445928628822731 0.24161262746034431 386 182 307
6 0.9063497775739816 0.9189957289294377 0.1897819615381043 0.0107345387719243 34 386 95
7 0.01938739704440441 0.6849391639147945 -0.315870388525874 -0.026239471186129126 517 359 452
8 0.013416904559999755 0.6873358715257765 -0.176962572286804 -0.08480856286338656 522 24 517
9 0.034401528562723466 0.5923771362718419 -0.20699463323947676 -0.04043494497563138 66 462 309
10 0.3541626189061029 -0.04504339219387964 -0.7501597911184791 -0.23908581455700756 163 404 151
11 0.34767322131723555 0.9644066293933218 -0.15192319711282432 -0.047351783952209736 54 379 397
12 0.35422746091349155 0.9549796712966812 0.38510653839989156 0.17281571899419382 379 193 163
13 0.8688116142957862 0.21254069404938608 -0.07048931854880536 -0.008722809974326395 10 137 134
14 1.0011050568841842 0.20680002265121336 0.30362220165087905 -0.6744688937589853 591 35 78
15 0.9803291737516019 0.1879817079569086 0.16571077288141112 -0.02747921092061123 134 370 591
16 0.02494180399189347 0.0823209832271039 -0.1534226684932194 0.10550521532814994 133 482 599
17 0.13627442439488635 0.08291489992587868 0.0770444516344504 0.1779906484353222 400 45 394
18 0.6082903454388822 0.44743476521435743 0.16787637842352598 0.1253120844937894 338 447 433
19 0.6322232049764298 0.3954763240087734 0.1501196830039353 0.08378251304536066 447 25 202
20 0.7865001831078087 0.1254981399851174 -0.17600539498063839 -0.12089783583968394 243 269 137
21 0.5276127937376817 0.21312600690148892 0.11712549766867975 -0.33416572269712175 181 6 260
22 0.6075564384840876 0.34344127660754836 0.057909482070739315 -0.06972930011173162 486 103 25
23 0.5643946331562821 0.2079140411201318 -0.10179640949625757 -0.2794762664348749 260 318 26
24 0.5245790535023735 0.20099867628835394 0.1711154199238174 -0.09125736537968221 349 250 6
25 0.5587346480333404 0.135761075228584 0.14946577205077194 0.27197011101542934 448 23 523
26 0.47197257198438064 0.14844495635342783 0.07147642477889349 0.22985668091113354 328 23 190
27 0.4689823628340551 0.17109409010850676 0.11415111009216439 -0.07641416041592741 162 190 349
28 0.9553065078113535 0.686895108441586 -0.12829583353129265 -0.48095612129972315 510 70 317
29 0.9282362802070011 0.6871787296987126 0.20407055420501585 0.040945710363948784 402 518 281
30 0.8971344540709859 0.6268319910550777 0.07855981143389812 -0.16653752890616325 201 77 518
31 0.9553129987429686 0.6869130622442358 0.21383688793334904 0.46662596065084494 281 88 70
32 0.9682279542794799 0.6796961761303926 0.01611951521291984 0.10125729475138649 88 49 491
33 0.9717812038216824 0.643979257287967 0.06838943716891421 0.03935547478184365 56 136 49
34 0.8846698292515695 0.9016869211476228 0.40637829531303943 -0.07977940323612101 218 558 251
35 0.7936548145918986 0.8905082010801186 0.7127480425909397 0.4054419333617931 483 458 218
36 0.8325235234252734 0.9509190154431073 0.1334174590006702 0.36630388112394824 459 284 167
37 0.02393528330457674 0.9784401353912342 0.005156515145432472 -0.09032134033748473 104 299 227
38 0.12332382313077705 0.7590543041710509 0.031900178852628525 0.27401913229793684 452 410 479
39 0.18110612051756955 0.9197625329348191 0.03474282250781613 -0.18243349123037156 596 232 427
40 0.35451784298235145 0.9316609778156795 -0.1522717075694291 0.16232474930183427 193 80 13
41 0.33857514901724645 0.7991100975260114 -0.11087851123359194 -0.006353127052216578 184 240 79
42 0.36944673231878855 0.9345290777246335 -0.34444929391391765 0.18006694000455292 404 292 87
43 0.36114323435559326 0.9271199236668153 -0.25230290721239834 0.24639770310891373 13 79 292
44 0.5567312410103001 0.7650514083130686 0.006009121152061869 0.3509224747594297 540 587 183
45 0.5513444410749003 0.807156741516045 0.5669126235258983 -0.24404680181968263 304 72 67
46 0.4872378692574849 0.6592896051077041 -0.026872629121932334 0.03631646094959251 255 415 567
47 0.9404102802328962 0.5532817294790293 0.019182693584626764 0.03261069793109722 301 335 550
48 0.9459996113039923 0.5541848127441442 -0.03436495579745534 -0.45991421543010136 267 153 408
49 0.9460162975989318 0.5540030880168686 -0.16560769296701527 0.5167805967659297 550 456 153
50 0.617479459921265 -0.06305273654290486 0.6043260367713348 -0.7706059514079547 347 29 507
51 0.617657149879135 0.9367765387972679 -0.6241089810129747 0.9129765767988598 507 297 531
52 0.36759208945733507 0.23125557560722704 0.25724487887068825 -0.3623548409242838 113 82 572
53 0.5498471843213183 0.8592960557790064 0.26903282240864357 -0.09587729386459354 121 304 460
54 0.20187724830895304 0.5864282176975885 -0.13101211018828884 -0.16423885793037662 524 125 471
55 0.4722636348361637 0.3538031345478838 0.05665649963071395 -0.2136497249949354 207 473 497
56 -0.0006304364440602464 0.7251907601943329 -0.23627792267752293 -2.8253597861792845 122 388 522
57 0.8326463605596495 0.3062653547087404 -0.177079581553663 0.2683879174458781 236 10 262
58 0.5043283797199615 0.3242207595994757 -0.02595328812970976 -0.10053207502580541 473 96 486
59 0.4869421871400739 0.2632113293245363 -0.01806443605811836 -0.20054860827567467 173 181 96
60 1.0006805636664313 0.5867861727568264 0.02038528582049004 0.10611952254435675 265 408 219
61 0.021239369160853727 0.5783047271818491 -0.0291204751284857 0.13445735531913972 219 581 462
62 0.4874931369398011 0.4390398726988128 0.10951342610532322 0.2807482885058832 233 497 421
63 0.5442630941619291 0.4688592469550701 0.018202998830485484 0.21668873119440324 421 338 3
64 0.2702674978607584 0.790635655016828 0.4576120324171909 0.2545354147750036 598 252 1
65 0.36558102794515085 0.6182189687222276 0.2177051025564758 -0.0702372000838114 117 308 476
66 0.24999105192461862 0.6417863733305307 -0.028233419768763923 -0.0185494342108683 159 471 117
67 0.4013197578325206 0.6476051117167613 0.15383629162202261 -0.12282317801703968 476 332 311
68 0.4058417084250494 0.7337190309605379 0.12980918527583096 0.010406660602702011 108 311 63
69 0.2786896833590624 0.056713901050926496 0.23712272423370706 0.22265943342564265 124 403 334
70 0.6746678078616026 0.36046685831841047 0.018808975210671264 0.030221661978524494 90 120 294
71 0.6628857873329629 0.440662626891471 -0.06334501002214091 -0.7284435205249097 42 343 229
72 0.646630771663969 0.3966203589188735 -0.038337490126938434 0.06892088635912508 202 90 343
73 0.5671115929278258 0.17009339290031644 -0.22908931535432103 -0.1543630067871041 318 503 146
74 0.567137375071109 0.1701070103353559 0.17336154433997122 0.05793979628487735 250 14 503
75 0.5685392643670797 0.15406786504703723 -1.5672898866827536 0.24977295534048433 14 448 290
76 0.5634945494456037 -0.004640477721393282 0.12408005218178964 -0.46880847052842156 337 552 192
77 0.5691026359115532 0.12397587453275025 0.11306969050287052 0.32823730070768997 523 192 116
78 0.5687823438716766 0.1540357032787972 1.525649145019581 -0.16051814560435596 290 329 230
79 0.5744818265415853 0.12777084406008005 -0.051669946706661696 0.21516284717457146 329 116 203
80 0.6431613181621011 0.18322939356473678 0.2078640203890961 -0.11940530243162092 83 392 506
81 0.5723469963744747 0.16518907367915228 -0.07598611245426823 -0.015536689816630922 146 230 83
82 0.6774329641920296 0.21036110368291444 -0.14989200262938152 0.1788986025291761 222 204 574
83 0.6431941649666183 0.1831935422877863 -0.31751551420652196 0.4543931013710001 392 484 204
84 0.731150866776804 0.2031769143679704 -0.20336139230914263 0.21786649637145494 200 574 407
85 0.7741070138802337 0.1273075120300082 0.02247988895726083 -0.15463520255942775 407 123 243
86 0.6137475990020711 0.12040007276330389 -0.06918814826617492 0.21719857856705715 203 8 484
87 0.7975298295581182 0.038985356201235215 -0.5280424030077194 0.14101268123556213 106 61 165
88 0.7975329799394668 0.03896412968999294 -0.0672916867979498 -0.5645694903168731 269 12 106
89 0.7975285352136386 0.03894607677225592 -0.1132238591322306 -0.003948467021278133 239 434 61
90 0.7975528428051408 0.038968149821268935 0.5201527971513439 -0.0021586815925826557 344 239 12
91 0.6480031424595707 0.2670752892035213 0.05716957515028431 -0.09480205075823589 26 101 364
92 0.6485368143094641 0.29074709318669456 1.6808527147347847 0.14609808224793902 562 380 120
93 0.6482512530452447 0.29070319461388283 -1.6187794335286483 -0.3607789384406888 103 364 562
94 0.4098094228243704 0.09972837442929001 -0.16100314692568674 0.03493152017641776 126 590 328
95 0.36344345906947284 0.12102403299859141 0.019693364300410465 -0.02016102285118393 478 383 126
96 1.0026819576478534 0.1372728902810932 0.6334582958709718 0.1801490570488371 370 295 504
97 1.0060636534324863 0.0890103749439128 0.12672074084507656 -0.003771458492729529 561 133 295
98 0.9241913257312158 0.698452282513954 0.2592019640590415 -0.09559916538948166 455 402 375
99 0.8754223240780669 0.7886536300118889 -0.03290108324671692 -0.2359753642489082 19 568 371
100 0.9341371366663863 0.7042968066773437 0.12512031185435424 -0.1635753830997455 176 375 510
101 0.93929677119632 0.7278755664361547 0.060896103784569 -0.3268931000888209 568 176 576
102 0.9169750664771853 0.5997144647209015 0.4214056274111778 0.17230123149645019 77 505 350
103 0.9169872096789071 0.5996801634184213 -0.6162500458143988 -0.6199317048935634 350 430 56
104 0.8972001290565818 0.915190735463135 0.6965735572125018 -0.6939666527347877 251 221 511
105 0.8971119979999899 0.9153071696871001 -0.5836167690796473 0.022729717281657007 284 511 438
106 0.8974445591905055 0.9154812847913468 0.48238696182336965 1.086066942031016 438 588 89
107 0.8972383774642972 0.9153382793127866 -0.7380613076715778 2.588661811663939 235 221 468
108 0.8974172135533632 0.915269200184623 -0.04599484889296671 -1.33133244961038 588 235 34
109 0.040165183291341514 0.9601830276122965 -0.2009914691278314 0.14030322147140506 469 261 439
110 0.08098732001701482 0.47389370262402625 1.0046876127364226 -0.3690552686437293 57 53 340
111 0.06337615113506036 0.5277765363178312 0.05114719550669555 0.029296983589111036 128 340 68
112 0.02609660579232736 0.3636165009317569 0.3618796200701335 0.6018625679543761 194 480 196
113 0.12838879336902556 0.3409060909450148 0.040606294889056205 -0.17022261621091328 97 275 286
114 0.38719539746614196 0.5722035613080821 0.2108766293529296 -0.026341184095057812 308 179 527
115 0.39025616858811185 0.22275550766418642 0.030125452306350997 -0.2618894578629294 572 444 173
116 0.2365739787518062 0.46893904652661933 -0.24782420560143237 0.18575767452011505 205 405 475
117 0.21557651636611838 0.5238847200462473 1.2298192862430395 0.6620287087596413 585 75 164
118 0.1274714033176006 0.3375887022663596 0.09046692036988879 0.013444791287231528 535 485 275
119 0.986073766770332 0.42050334041620524 0.14880412180229285 -0.07574788782327424 211 390 366
120 0.39083772716474446 0.20951885179629068 0.0183719987140174 0.007769128916590429 444 220 162
121 0.16406367029372204 0.8658144575130522 0.0029557023495385693 -0.2774051197085292 395 449 232
122 0.617610688089429 0.45700062590985835 -0.02571909404197603 -0.09013169186694592 515 433 367
123 0.43450649168832234 0.5161025782368106 -0.10525881399131576 0.15644981620974163 382 592 238
124 0.33561719050150474 0.962099845532427 0.22855151885631253 0.05563386452911434 242 528 54
125 0.46415331091090606 0.9386783909983096 0.029804540085942577 0.23217828770683013 87 121 118
126 0.3704449699869816 0.7647806556331924 -0.3589780629519165 -0.5435296843245979 240 92 333
127 0.42063251719406175 0.7392679055386256 -0.0609008537061351 -0.5772472071284703 333 256 520
128 0.3703914705390757 0.7647030843297845 0.40010798237120976 0.5505772328611054 73 108 92
129 0.42065433501037797 0.7393405728015654 0.23082063533942979 0.5798091908191236 63 170 256
130 0.6174606616494857 0.9368047498536013 -0.4805626169354302 0.4293923507652452 577 279 29
131 0.5571246959264431 0.8609693197126784 -0.022307360472706428 -0.17278587883390317 460 285 217
132 0.5933475372146276 0.9372853834741833 0.11388405704582105 -0.03585075777912117 420 217 577
133 0.568931460854194 0.7549254035703197 -0.03256961922382118 0.3879375253326711 587 336 107
134 0.6608499388655912 0.769053793248169 0.07941794166743676 0.06424056425702318 320 559 247
135 0.5776400698253633 0.7647008220645254 -0.3235339931725867 0.05948328201527131 215 107 320
136 0.307714787251084 0.7907743613264622 -0.07927767341049338 -0.5815652441913645 381 5 184
137 0.3271966869348539 0.9238007416242571 -0.18109114929994435 -1.1979980729334185 391 354 80
138 0.5390059052580506 0.7748781571839704 0.2294545280572013 -0.008977254757711745 401 166 72
139 0.4426862899979586 0.7382752725794538 -0.10260832853411887 -0.5995673966910451 520 411 401
140 0.5390524368628136 0.7748455388320578 0.14551541473249285 0.06473045540469077 166 537 248
141 0.5397521784253906 0.7653551969860916 0.15858913678806763 0.3390017532314826 322 540 537
142 0.6978127195889807 0.8422182369441233 2.3126327351468845 -0.2277738414573809 426 180 141
143 0.697377933201415 0.842224312582381 -2.4153174617837996 0.030932978510052722 300 358 426
144 0.6976785819016146 0.8421480228651359 -0.8239856730523493 0.2999779053657796 180 554 85
145 0.697631230125445 0.8420887953455176 1.141108608854733 0.04319859190683468 358 247 554
146 0.6266457952626986 0.8704661226273065 -0.02590732212093272 0.04687208676745769 110 419 300
147 0.793535442577305 0.8905098232674661 -1.036125589861693 -0.40508549148789236 293 483 316
148 0.8184669354754985 0.9491891117635501 0.03783451919814329 0.023991369828280096 245 316 459
149 0.8019372738341103 0.9733967425410037 0.4036057260810039 0.23989700031709116 445 245 257
150 0.7934097567123082 0.9771467876384501 0.1805318021810831 -0.06052057934663457 412 445 174
151 0.7275525909691861 0.9201927663876434 0.12105894411917895 -0.13289100722624347 531 330 412
152 0.7934885730545904 0.8904021541548038 -0.6846193272258245 -0.481831771357422 580 327 458
153 0.7935028328330194 0.8904999030779959 0.8540000873380167 0.7607491487508864 140 580 293
154 0.7371269382549077 0.8948628840946865 0.042551627499332056 0.05746829886965621 330 141 140
155 0.30771946462081007 0.7908716468135836 -0.020065353854032006 0.6075403829223721 5 1 73
156 0.27481154310631306 0.7960887692189897 -0.04969090668452414 0.004162765878529262 594 142 381
157 0.5488038056372101 0.7800802801381825 0.006538545226086878 -0.08556091356248796 93 248 429
158 0.21137012038641112 0.4892018544443253 -0.044701562590399035 0.030936928713254375 231 205 498
159 0.1633820986910836 0.47214442440155086 -0.2970985628738057 0.286116909624292 47 259 231
160 0.3044307355912653 0.5084795466628729 0.154943103434905 -0.49666272086234914 164 363 289
161 0.30444985913490125 0.5083803256440227 -0.08095715907548151 0.6995036676656812 363 475 331
162 0.3786376724490512 0.525093373966509 0.14134687380772376 0.5321449347931448 331 369 249
163 0.8280786803395641 0.3076669581132969 -0.015467362460275247 0.22011526707235718 490 406 236
164 0.7398209217983915 0.27308522339029956 -0.018200199854156995 0.009475090503863193 512 58 418
165 0.75019486745376 0.2648241134657932 -0.20124248413522228 0.14946240599333915 58 200 406
166 0.935484393805906 0.3612392823239491 0.20085764163013664 0.15787583254600612 409 51 172
167 0.8427059600965705 0.3280683685035795 -0.3002279686144249 -0.0031729237293109946 464 262 409
168 0.9507144305625004 0.4177208687746667 0.1485085755759119 -0.07827607867438857 345 172 211
169 0.35754990613476423 0.18759697408458612 0.062335085530829115 0.06245895935869106 270 478 220
170 0.826923298354048 0.7335116104041974 0.006176208849906217 0.020842081185912242 91 74 455
171 0.8524314389666711 0.6154093011689477 0.07077114796971706 -0.17799345469748928 31 302 201
172 0.9985574708817337 0.6347038940775714 0.22891790594801248 0.4727611662383609 241 265 526
173 0.9984480073710049 0.6347797105889635 -0.3595647335139006 0.5077847634064262 136 241 509
174 0.4324905319326809 0.5724851473433786 -0.022347869784106536 -0.9999657156240134 298 376 398
175 0.4354378290753196 0.6286154222837483 -0.06591887175000366 -0.0027775913513661266 332 398 255
176 0.22432938041333952 0.9207630123004963 0.024322131808585112 -0.19676874574159342 427 15 525
177 0.20729019471694984 0.7281183310743422 0.06499297072748433 0.21829795766176163 99 129 41
178 0.21917881941547693 0.7237227611908618 -0.05644229337381512 0.25912037359548945 129 159 325
179 0.24005944328834544 0.7572696045529216 -0.2773358387668685 0.8030029432354573 40 325 252
180 0.03095613923375616 0.08938537365702993 -0.1539373259071275 0.09324151485634591 209 599 425
181 0.13196059881979263 0.08857078090950432 0.22265460291465144 0.0006069193758673208 425 400 171
182 0.6699318633989955 0.22943688190302097 0.1765026719235691 0.05144203028503193 16 506 584
183 0.6593441696643297 0.2600523562756418 -1.398561736048792 -0.9330812554358102 101 16 465
184 0.6700893726796445 0.22943160758962827 -0.3859775320891193 0.06340679915796052 584 222 352
185 0.6750776262382558 0.24820641977083968 -0.11826506128576053 -0.0032011587824953835 313 352 512
186 0.6595532559199627 0.26019294380002916 1.3209615644653883 0.8388738570282096 380 465 313
187 0.2967276665598159 0.10981768484232111 -0.018362323467302488 -0.0251407599599629 223 62 477
188 0.3311569034552023 0.09688091116868468 -0.07342193658610441 -0.047518940865520776 477 564 383
189 0.9331405872314131 0.023680453358369727 0.04614066767549829 -0.1763300734591855 165 454 561
190 0.7359241854051964 0.7133333327254553 -0.03679228856122559 -0.3266088804154709 492 417 365
191 0.7832214054025015 0.7673387300075674 -0.05934966268439368 -0.10930600868874762 11 365 348
192 0.8235142356172407 0.7550687673028162 0.0391499818674923 -0.15317839253958798 348 91 19
193 0.48377189730809134 0.7186744052373792 -0.07785617012201484 0.06938103078169 541 567 322
194 0.44268148080603953 0.7381520093211489 -0.05593378336454097 0.6259625511993109 411 170 541
195 0.03821250835733003 -0.010903084257971797 -0.12791836409564716 -0.18843060878986906 482 227 65
196 0.05060411842565035 0.9802672109700842 -0.30520829110564085 -0.06542312594448596 65 439 228
197 0.11351796291170868 0.9959290455681866 -0.05360484417460398 -0.022078786021673125 228 596 45
198 0.02655809769697116 0.9629785862722736 1.4064336717909351 0.40663967722036864 360 303 299
199 1.0263893191979852 0.9629604467044999 -0.9796987280431086 1.1797833979909242 213 553 360
200 0.026508865939092054 0.9628390382963545 -0.4660547846409811 -1.3095287022102777 303 553 469
201 0.2827615188576783 0.9881950331348418 0.2670989394937262 0.049730322637664415 403 525 27
202 0.2153098835241119 0.523782676374731 -1.7765341629552598 -0.41414887794687627 157 498 75
203 0.08107179967546968 0.47377964097831765 -0.8942448380015255 -0.3015805982112957 53 102 396
204 0.21552416261519444 0.5239654635050175 1.0403146667411263 1.1681209769437266 125 2 585
205 0.21535419590026128 0.5237173986921982 -0.8375885618560501 -1.6137568983746238 575 157 2
206 0.1894473901299492 0.5235577801651651 0.022793078535698896 -0.0269891935189559 214 100 575
207 0.13383391751035373 0.7576233552794341 0.08175506851365588 0.26535556651302583 410 414 339
208 0.14348726034382128 0.7776903428635028 -0.27935093385635795 0.1977856115486457 0 339 296
209 0.08770235413895885 0.38354160992234854 -0.024960134653584376 -0.057415810994498884 461 97 547
210 0.026167314160252877 0.3637336020404269 -0.5310791686464773 -0.8285114751866666 131 194 461
211 0.0810846947471135 0.47378045672953967 1.0308548987651234 0.4447058253625102 17 361 102
212 0.08083288125570459 0.473867476663744 -0.9130750325015433 0.2270538711283661 154 17 57
213 0.15190814042963957 0.31824771654561734 -0.24145407112510092 0.06681395281872907 28 543 288
214 0.20835278114960537 0.3891370952394089 -0.39488204164883633 0.04142890613900718 521 206 405
215 0.1772096886792966 0.3910565824176961 0.03731522625616268 0.02257673457906062 152 487 521
216 0.14434522885398268 0.3420279650175795 -0.13762202211164976 -0.1924637248185146 286 28 487
217 0.07508452394016539 0.32015512458132495 0.053370483032999516 -0.010537221789563844 196 186 535
218 0.15139091014937814 0.31794487983910363 -0.08930669635883945 0.15616882008493566 485 253 543
219 0.2366651476167224 0.10079529597107777 0.17095656019289196 0.16534552511882072 529 124 60
220 0.43229545055428453 0.5721194383262742 0.5735448167668109 -0.8358373374884372 527 291 160
221 0.4324429830858806 0.572230144472012 -0.5709855089338755 2.2870162975522974 7 542 119
222 0.4323350912314812 0.5720196372430503 0.043325886289551606 -0.5109383273161359 291 138 542
223 0.3709527221426989 0.5306425300753973 0.22784828867389306 0.03342698010749823 289 263 179
224 0.2530686251429919 0.8473191548519388 -2.6350134615219543 0.4997832330226517 71 22 579
225 0.2531388643831033 0.8473416526650719 0.43558705096645095 0.12664156129750093 453 71 144
226 0.7643718213277045 0.35291830119017364 -0.13495258886081496 0.08778142587817506 112 431 145
227 0.7494208459473328 0.3446433837697331 0.011702809207814191 0.17633283548590395 341 418 431
228 0.14971737004453686 0.4532988084000058 0.008858367858688432 0.07490492358319667 115 152 259
229 0.826444709303726 0.3247424911771016 0.01784770178869799 -0.029126802011947284 145 490 306
230 1.0260045296686309 0.3637474572516992 0.6455045542411251 0.1352182594599417 390 423 131
231 0.9397341465328416 0.5542868803888793 0.19207893865535008 -0.0743063803968825 582 301 321
232 0.9397711597876826 0.5543829052097116 -0.07880910259507132 0.09154128335480413 178 321 267
233 0.11358291243478212 0.5786301345929927 0.176096530266805 -0.3124374986648252 309 94 450
234 0.1524478704379655 0.5996931793686985 -0.05597507145294056 -0.2528292500705853 450 314 224
235 0.9577225120702654 0.9221161069507884 -0.08600651079185023 -0.5484932399910688 18 226 213
236 0.24061682615170382 0.10812299888059981 -0.602252830783211 -0.0015067145956186492 198 60 378
237 0.3484848511864216 0.9673420760180887 -0.07578215365346488 -0.1360475757549405 158 397 148
238 0.34862917521417663 -0.03262651099759521 -0.2515206593158405 -0.17727861992245744 148 151 474
239 0.002816973687311276 0.13730941876173902 -0.4845472188687739 -0.12526727446136865 504 209 310
240 0.0011163225525146904 0.20687821245667973 0.06631422528479868 0.6816440706260314 35 310 502
241 0.150417831767011 0.11217067465189318 0.13240717550155878 -0.09842643228230585 472 171 287
242 0.1294174092463391 0.21040014778198482 -0.10433640965090696 0.392468291893211 312 472 185
243 0.8820527020457893 0.4797585249811573 0.000212299622326384 0.17551164549489684 319 368 33
244 0.9066895564809914 0.4782731116142868 -0.00015932047348066192 0.16343958651743318 33 345 335
245 0.432922886227581 0.5118202294810955 -0.024781867356826748 0.3749897960723947 369 233 592
246 0.2400049529705664 0.7573492182074442 0.20443382250175285 -0.6352764067183921 189 40 208
247 0.17703362813137064 0.8486600803868585 -0.12058759511768269 -0.07704313194356605 372 532 449
248 0.2529631526359712 0.8471893751677558 0.12299043162356622 -0.3394144942479773 532 565 453
249 0.23120369660284373 0.307611014237451 -0.3390150320192742 -0.2608915344176621 206 424 273
250 0.4193623572257042 0.5320796108839385 0.01071735304669641 0.0571384568132105 138 199 382
251 0.32725527410194705 0.9239133692757078 1.516851062691258 0.5896979041604107 528 413 391
252 0.32707531231167486 0.92385195658447 -0.8543406924754271 1.1399301231819698 147 354 413
253 0.2534273367020442 0.8472346713467772 1.2263087270446933 -0.5860425445997715 546 579 594
254 0.2533227549719504 0.8479074249550231 -0.36740889289830525 -0.06616703477035608 187 546 147
255 0.617555910867105 0.9366706718115307 0.2433612834878583 -0.7652891727052686 279 110 297
256 0.5739462597982466 0.8335510360587193 0.03835132912063726 -0.6819861878405806 285 52 76
257 0.5740534180463317 0.833583068393528 0.30809691818866863 0.19251609709468104 76 555 419
258 0.5585693084160273 0.7726052599636148 -0.0846601733162089 -0.03945231658725179 429 183 435
259 0.5679498627387555 0.7758223679593678 -0.18240485528259187 -0.08409825127952963 441 435 215
260 0.5739996485251788 0.8333257190539652 -1.2012469953264717 0.5780916595898508 324 441 555
261 0.5512974044358699 0.8071724530115705 -0.3928800784092838 0.07212125894393473 67 93 569
262 0.5739348744063045 0.8334045164560031 0.3921296271226131 -0.41572213602613595 52 569 324
263 0.2533006162767583 0.8479096043640686 0.3346071825676257 -0.24608413966368528 15 144 187
264 0.14657552315722208 0.8574098093912008 0.11254511558811409 -0.21003212051506903 212 457 395
265 0.1537541792470518 0.8102697180282831 0.524540199025713 -0.15880117457827986 457 274 589
266 0.06443698341963623 0.887656069666339 -0.14460303093821736 -0.0404099372020017 261 578 212
267 0.3534615909387061 0.19001182907268305 0.3401991769888535 -0.0973265933124079 244 270 82
268 0.4796822698055163 0.5538654183345164 -0.0875385361420733 -0.04430233437047182 105 156 323
269 0.48041054712472503 0.5343046498323551 -0.10176027590014236 0.12896960964459137 238 326 156
270 0.3241999874223878 0.980051302925268 0.31009770662740466 0.005338464045823166 27 242 533
271 0.9169670422899399 0.5995575937221561 0.2607623696384751 -0.3736917017512875 516 277 505
272 0.8888084439525321 0.553090271812849 0.07046885287483647 -0.2809647575930047 225 254 516
273 0.9169702895006877 0.5996315669921417 0.05483719623747556 0.5092915740342359 277 178 430
274 0.7940022441562856 0.03779995727320249 0.22364749587867883 -0.002370300396931091 44 373 344
275 0.7486971922839638 0.08014208977121047 0.20792612423492507 0.12147475317303424 489 44 123
276 0.1136398693714474 0.5784364078573067 0.013387046636156863 0.24108830878931745 94 68 353
277 0.05289308334704571 0.8779576104958008 -0.004315920017206043 0.0733152462351061 150 374 578
278 0.06508328062248014 0.7900146714569325 0.06258970147721143 -0.11964342294668029 563 175 374
279 0.2700690483345378 0.7907473660581238 0.03537790330056679 0.30980373639459113 32 208 544
280 0.2701901701889708 0.7907001017338903 -0.4729934835294436 -0.32668419609283106 544 598 142
281 0.7087002563966429 0.7099592811804569 0.18166325856799892 -0.08248846865982484 559 463 492
282 -0.0007515523040886159 0.7253512523201028 -1.401777480978519 -1.8962140100486522 576 495 234
283 -0.0005294522039031572 0.7256487912373476 0.9049623774713645 2.690248373492254 234 122 563
284 0.2407267022354822 0.10813222600344115 0.8723284944209426 -0.0337891458499081 389 198 59
285 0.18573905285884856 0.10153025989324813 -0.911593072311671 0.5580268827614288 216 169 389
286 0.3786375848806321 0.5250932202580798 0.02742236617360276 -0.23845229242753022 263 249 199
287 0.2518942904617261 0.28960678641857873 -0.32124440989267367 -0.27915198069772273 273 356 84
288 0.3494502227835434 0.27903282829997755 0.2149896538572449 -0.30717400567592534 84 113 207
289 0.28880837082549593 0.14909454269325592 0.07390848558164187 -0.1976946939485913 442 223 244
290 0.26911314377574835 0.15413273473307784 0.06927275419954526 -0.1715355937154106 451 428 442
291 0.22840516088245214 0.2549556270543454 0.007554940700815749 0.2732361059631927 566 451 356
292 0.542954935959423 0.49802901363043545 0.039483442557108894 0.013499578191411565 326 3 355
293 0.7840095347638885 0.6988974937871116 -0.11486911907776509 -0.0824262519349972 501 139 74
294 0.7864364845442564 0.6613623212165993 -0.10448328105483462 -0.0827756266308377 466 31 139
295 0.735915271213215 0.7133620171961343 -0.17493481212758377 0.11790065226840822 417 351 501
296 0.7119982249513996 0.6976160158284993 0.06184800449560157 0.04884389568152181 377 64 351
297 0.8478397584401526 0.5562963447570204 0.08482381047558718 -0.18689689205986237 302 37 570
298 0.16174672063563883 0.588776209105018 -0.12499842237667647 -0.17726085668745561 314 20 524
299 0.15596126757328743 0.5780517925494542 -0.0015655055377039595 0.03669133243761058 353 214 20
300 0.6473862700498738 0.5789521632238287 -0.039799273252039136 -0.022459897830451325 416 519 283
301 0.6628696583542603 0.4408403311393547 0.2367324924144095 0.12261791953565833 367 42 268
302 0.6470317529826578 0.5566232514268812 -0.03214730495693097 -0.012154825410060077 519 538 488
303 0.43238027188579115 0.5724005993720774 -0.9652517588768904 2.0159185134573097 160 595 298
304 0.6137344647363989 0.5967427997516078 0.018361037690262094 -0.06112887834808234 155 416 545
305 0.4325869516040271 0.57208154662683 -0.3230721333416075 -1.8165233437919928 46 119 105
306 0.4325647964841135 0.5724267414409459 0.8590305968972757 2.5417454742364876 376 55 46
307 0.4324834682800323 0.5721141625980466 0.0810703382057203 -2.998080096634553 595 7 55
308 0.5880221455387589 0.5778593013320784 0.06982182401693571 -0.011827952506315853 177 305 155
309 0.5394843989898398 0.5976835353984258 0.02516241867644986 0.026447419948505413 556 323 177
310 0.20762456908128366 0.7402459246283257 0.04594686818515381 0.05589149820045547 493 41 189
311 0.9667195496814147 0.6849245271576303 -0.06873560982542659 -0.005503711028587155 317 496 548
312 -0.0007120606751068416 0.7253324896054201 0.16373738555871922 1.0556682307396452 495 548 388
313 0.968272044472751 0.6797318659549737 -0.14327589804272223 -0.005224818707294954 496 491 130
314 0.24080003994842936 0.10826220678257102 0.545345899092154 0.8010369843185292 59 271 428
315 0.18558858911903212 0.10148596426328015 -0.9522265732647347 -0.5758840726879412 287 432 216
316 0.1858339093633588 0.10149208445443948 2.858861544453297 0.1463296942112984 432 437 169
317 0.1856730637900564 0.10140644430900883 -0.8964789119055884 -0.08223460680315854 437 394 529
318 0.21289327856788198 0.26118569535717473 -0.07264948677365712 0.3095278845732796 86 566 593
319 0.12255869105155909 0.7642788643105471 0.06800294051825806 -0.03177855374680849 175 479 266
320 0.14329322067660027 0.7778616607543546 0.21676092084991527 -0.26273972527799877 266 0 274
321 0.16333847090713455 0.47219540105685154 0.19812809309036147 -0.2908358395071033 9 47 100
322 0.13054326874799005 0.45691064418552946 0.7376109594642299 0.11807717586618995 396 586 9
323 0.13050431996662046 0.4568155894893938 -0.6927692434901406 0.00996322297667357 586 508 115
324 0.17226909581722372 0.7112196733155074 0.08779363763755654 0.22008759953395796 414 224 99
325 0.10231882130303178 0.4432068646621442 -0.3463578635134806 1.4613766448177836 109 357 508
326 0.10235170791930871 0.4430429837073965 1.3978928243549076 -0.2542775398226005 278 547 357
327 0.10222234529351715 0.4431056660060134 -0.962260779762661 -0.9209100668372766 361 278 109
328 0.14793470992276392 0.239512536069284 -0.2683408276832333 0.2057868833671428 30 185 86
329 0.1388661866090596 0.2492859879288444 -0.11803623321815504 0.04045466947544263 530 30 253
330 0.24070715735244852 0.10807963710244749 -0.8009235141030464 -1.1815011080661217 271 378 210
331 0.1537686334203954 0.8102666834914195 -0.5599658968094946 0.056003621900536926 589 387 372
332 0.25307538028433046 0.8471557318328968 0.8882776916891376 0.3968721863962404 565 32 22
333 0.8371920193696271 0.33187577190276396 -0.1157126979303702 -0.12679970302909016 306 464 536
334 0.9842488628522905 0.3352006046081404 0.26341193393175644 0.08553575417402648 51 514 539
335 1.025960164155226 0.36359273118196234 -0.17716995461317628 -0.01015692458118016 423 539 480
336 0.15100885101754066 0.7812640633039096 0.004842128260851286 -0.02414216344198694 296 493 387
337 1.0321188406708164 0.234690084224076 0.32772650964004413 -0.34337291674835063 573 264 399
338 0.03217518874142993 0.2345303309272042 -0.18194416922514764 0.29804488198195006 264 494 36
339 0.28163945933012646 0.09678392234628772 -0.08763340088313587 -0.07028412019050023 210 43 62
340 0.8958212819154038 -0.04790733912809735 -0.12286841405417803 -0.2100023502316084 481 551 168
341 0.903872670995988 -0.07957367778697302 -0.1484190615026748 -0.10886128404968831 551 89 557
342 0.9063568335196338 0.9190947805359417 -0.18412316424667485 -0.4333736855000655 557 95 18
343 0.28593800709909056 0.06086580415662113 -0.10020130437188302 0.03293170493245956 43 334 21
344 0.3279543372325212 -0.01668378619683925 -0.0008773660617467094 -0.27117399653900365 533 158 276
345 0.32594617873638804 0.03996862161711173 0.007530289586332728 -0.02349907456122846 21 276 246
346 0.3343715175695565 0.045002242306257705 -0.10492977736697995 -0.09367475441168782 564 246 446
347 0.36676139674490416 0.022009353669577587 -0.18832813433733442 -0.034800903825349394 446 474 237
348 0.2111941352083505 0.2938263494577331 -0.04916582002634229 -0.05047823894988035 288 593 424
349 1.017515676132574 0.2362301938398488 0.18816916323716182 -0.027947805875117027 514 135 573
350 1.0013017972178833 0.2070586049291752 0.909486393057342 -0.30722559815323175 78 143 135
351 0.0012065391896617943 0.20708091889077893 -0.7584159422143821 0.16411667840286792 143 502 494
352 0.8274753265790626 0.4235043627710237 -0.11841944452006575 0.11474313948940446 436 536 368
353 0.5970983229461088 0.5301664218728818 -0.30947238072279476 -0.41447406750206445 81 515 440
354 0.08531279118836911 0.23774284764491835 -0.06615266219197907 -0.20810220396677484 549 571 530
355 0.5972111758313435 0.5304409754132363 0.4211782727790681 -0.21632397051302696 305 362 114
356 0.7191529724808179 0.6214689858953825 0.738544735545861 0.0740545281861923 283 69 38
357 0.7069537136117864 0.7004899572599459 0.18903107898426974 -0.01977942427899837 463 161 377
358 0.8626791079537799 0.5455418455984806 0.05034816990406865 -0.12992124025917873 570 191 225
359 0.7191828910035697 0.6214405112113717 -0.31647718377685563 0.06738706046622266 98 69 39
360 0.7273388966528619 0.566194203220334 -0.031245187687156672 0.18112675109760445 39 583 48
361 0.8238494747134312 0.5384454248870122 0.39664306977771346 0.0417046473744076 48 195 37
362 0.7238124560714262 0.37061601499464475 -0.019847235205143476 -0.25262063005696 132 443 470
363 0.8021055369660877 0.9735419793282291 -0.1626474507051938 -0.2770247753088907 393 257 422
364 0.7192791716021675 0.6216958684571037 0.2847293398546501 0.1667492447154353 64 38 197
365 0.7942265695752619 0.009062053929641005 0.9713491322616224 0.02598127815320317 373 174 258
366 0.5971749307666633 0.530428332621023 -0.4209159819884459 -0.21208567744691204 114 440 538
367 0.6789319910628395 0.5357862760807932 -0.15698621430582094 0.0928002952260698 488 342 583
368 0.7942778026827624 0.009064200438967674 -0.6793835497648226 -0.008272539326736189 258 393 434
369 1.0182723786680035 0.5261949536555579 0.07476583137322468 0.07129190120191975 456 188 149
370 0.7618023690011945 0.36776020746773896 -0.06413074567918065 -0.2633134153426364 470 112 467
371 0.6628797098973431 0.4408266403714066 -0.37508875102036304 -0.6765111483175387 268 315 342
372 0.8325454074457302 0.9510040228582584 -0.05396143746140385 -0.3561937294053151 422 167 481
373 0.5360049874562206 0.63454673244076 0.02917338523533708 0.01914985461870522 415 556 127
374 0.8274826177950195 0.42350125995412746 0.2530190192433191 -0.04330966791592943 467 436 4
375 0.4755509446751655 0.9755687964128096 -0.06565821983328668 -0.07041567953725014 282 118 597
376 0.40731827971499257 0.036453076408926095 -0.1565736935937867 -0.002018329253727913 237 282 590
377 0.7192945182312805 0.62164413592685 -0.6560285581059415 -0.3030496215449918 197 98 466
378 0.8668893674302294 0.527695047192034 0.043957974933672705 0.2044930768989317 346 385 319
379 0.861134003387967 0.530237464901166 0.10251651446149812 0.1825198152338725 191 534 385
380 0.8888894641487205 0.5529556370286705 -0.17051357628107816 0.13102910418998082 254 346 582
381 0.8366494337522254 0.519282365350427 0.2620850845375111 0.24449220252520387 195 4 534
382 0.6629342692361192 0.4407622533268578 -0.2633107609799042 0.9119091264566033 315 229 132
383 0.5971032186962307 0.5302607337523692 0.4145317165671651 0.8157334910742324 362 355 81
384 0.7232392390259321 0.36913565237075135 0.1069094328256387 0.07370389773758007 294 341 443
385 0.9577222321650232 0.9221186371682986 -0.14261523198147572 0.5180267112554651 226 307 150
386 0.08531168262163323 0.23773734162240545 0.06598501800975141 0.3900093225274654 36 312 571
387 0.5634624310288562 0.9953259589432834 0.5583411548533944 0.1103124939159407 597 560 337
388 0.9388818134839375 0.0050835684612303145 0.02871367171808359 -0.11958222849439704 454 168 104
389 1.030161264262171 0.4839042412240939 0.13941234208725284 -0.05272785819077086 366 154 188
390 0.03018637568006686 0.5371026789583061 0.012928662654343448 0.03147830190952661 149 128 581
391 0.06490337735397515 0.25151088515308573 0.08609095415723633 -0.024813032184489714 399 549 186
392 0.5756491874017141 0.6614993669421192 -0.004658747693175869 -0.012824422079837916 336 127 50
393 0.6109188086843969 0.6438242583240583 0.026906208511201513 -0.04198017766743334 50 545 161
394 0.6409043943055379 0.07190909776791503 -0.011917392767069046 0.09468887895991429 8 280 489
395 0.5635652479871828 0.9952787692814811 0.1990156120928793 0.3210800967779642 560 420 500
396 0.5936729151136703 -0.005598629219222186 -0.09693882224715011 -0.04036735182233464 513 347 280
397 0.5635548737319551 -0.004709132610379034 -0.3569808101926879 -0.10207925242936011 552 500 513
398 -0.0014592050901561647 0.6346888733247152 0.5645690788133595 -0.7075788215772486 272 509 499
399 -0.006511871994174734 0.6702590967704971 -0.03739183407347468 0.012230859727790921 130 272 24
