1761
0 0.007584217459373037 0.635545073560326 -0.2876057324588399 0.07503747293663432 111 66 359
1 -0.001511335263836811 0.6351140962471026 -0.2503267141682852 -0.19873702924422232 499 526 111
2 0.7571137370820418 0.8345396393208043 -0.09434685532827558 0.037458276064272766 85 11 327
3 0.885512258873089 0.9025110640780327 -0.1280218828327408 0.4308223542671963 558 371 384
4 0.8976550057236279 0.9155091256950587 0.676435010665854 0.5618328754867282 468 384 182
5 0.9049563534308923 0.9186719084657614 -0.8411832453113005 0.05825140429288307 386 182 307
6 0.9050880050906385 0.9186724009850048 0.6434430431925195 -0.008044128666125083 34 386 95
7 0.017709728681665718 0.6847971040039631 -0.3171599511665735 -0.027342760607756977 517 359 452
8 0.012476656929082626 0.6868819955022143 -0.17837511086249425 -0.08657946902815294 522 24 517
9 0.03330874281322907 0.5921624202260303 -0.2054952829427803 -0.04102052135468437 66 462 309
10 0.3531984507556808 -0.045221008958345334 -0.7616158488707621 -0.2550673678766344 163 404 151
11 0.34691308656245984 0.9641525438629108 -0.1493162681606014 -0.04380471389266172 54 379 397
12 0.35325608271763614 0.9548009352149726 0.3997232019827771 0.1886682400180405 379 193 163
13 0.8684391593171219 0.2124981588758083 -0.07004036101099231 -0.007420396241908378 10 137 134
14 1.001649368566938 0.2066660761375938 -1.517204665215852 -0.1733233703085711 591 35 78
15 0.9811930761332474 0.18783647858872443 0.15999527466781238 -0.02887805133910959 134 370 591
16 0.0241325113329989 0.08286708764887432 -0.15198565721935564 0.10070192440342352 133 482 599
17 0.1366960350539621 0.08383823287227299 0.081855957689142 0.17067552883151538 400 45 394
18 0.6091843278971516 0.448094324976372 0.16945808038043575 0.12360176545461732 338 447 433
19 0.6330223359914715 0.39592592834633555 0.151404746726036 0.08584358484470256 447 25 202
20 0.785587570796011 0.1248548554001769 -0.1679506235474637 -0.12173277316729347 243 269 137
21 0.5282236498946928 0.21136309688799837 0.11348881851641623 -0.33113410607271687 181 6 260
22 0.6078560823687229 0.34305893855868846 0.05684299975161622 -0.07318044642490307 486 103 25
23 0.5638895217479573 0.2064336993440956 -0.08909729273809397 -0.27909310765239503 260 318 26
24 0.5254720945997474 0.20049769600496772 0.16600623306550766 -0.09755838272645923 349 250 6
25 0.559491210094586 0.1372231975146583 0.14260826842332763 0.2762261004998767 448 23 523
26 0.47235521576101 0.14967073587117732 0.07289753488348705 0.23265338926214962 328 23 190
27 0.4695926548435184 0.1706856720433406 0.11609170152970805 -0.07768900002480539 162 190 349
28 0.955550364340224 0.6869323282345043 -0.1422356295461072 -0.5054965846352112 510 70 317
29 0.9293208231790454 0.6873715813198435 0.2050606814560374 0.029433041594251197 402 518 281
30 0.8975606284524652 0.6259493404389397 0.08146772700889926 -0.1670645885520905 201 77 518
31 0.9554949017942184 0.6867791108932063 0.21895339144734938 0.48450774928015217 281 88 70
32 0.9678994234929112 0.6799482389118187 0.004657169814451922 0.1301326312496114 88 49 491
33 0.9721044713571658 0.6441795512709634 0.055326399017729955 0.03968726458580818 56 136 49
34 0.8853995475707384 0.9026195929114649 0.41349230233106005 -0.09330727099711271 218 558 251
35 0.7934280482601532 0.8909001352531822 0.0828504843913445 0.43915758091264734 483 458 218
36 0.8327386705269645 0.9509489798649821 0.13950326283420408 0.37661600551781943 459 284 167
37 0.02398829664761508 0.9779644939808443 0.015345511146513946 -0.08905722999330568 104 299 227
38 0.12347692398799043 0.7604989753664179 0.026169244158810723 0.2712425119580364 452 410 479
39 0.18129413272143066 0.9187949511906479 0.03616614438484156 -0.18266332196814616 596 232 427
40 0.35371517236751604 0.9324975313877449 -0.15027186864649544 0.15343246534404997 193 80 13
41 0.3379835747607904 0.7991011798918108 -0.11218042467175948 0.0012691368789230495 184 240 79
42 0.3676326784230438 0.9354786770731279 -0.3404830299646999 0.17808573313932152 404 292 87
43 0.3598010853450866 0.9284122548865614 -0.25415948269602584 0.24130071690775523 13 79 292
44 0.5567732170676263 0.7669043756520192 0.009865095372540988 0.34833879756362984 540 587 183
45 0.5517868713452083 0.8067238852645688 0.6064359972889999 -0.20112273231256061 304 72 67
46 0.48708695930205015 0.6594809050420003 -0.02997089590395241 0.03586675054179089 255 415 567
47 0.9405185786111332 0.553545022993724 0.019346881486182604 0.06324086122399403 301 335 550
48 0.9454722149212926 0.5543633504488692 -0.22230206138284972 1.5446854313770457 267 153 408
49 0.9454931754632717 0.5541073734361197 0.0259909410705065 -1.4936141521008461 550 456 153
50 0.617172521151601 -0.06333169370298475 -0.36063575112186197 1.122991615910634 347 29 507
51 0.6172517807841152 0.9365179999089002 -0.9869187446198994 -0.352941753904365 507 297 531
52 0.36895088439823975 0.22934179816109257 0.25553057760030473 -0.3598763814727235 113 82 572
53 0.55123349079282 0.8587757758641785 0.2548681499354999 -0.1002817006517942 121 304 460
54 0.20119823536648307 0.5855595882053651 -0.12600764112691287 -0.1636942345561998 524 125 471
55 0.4725724415560118 0.35266468149376407 0.059775717708987486 -0.21588904969283007 207 473 497
56 -0.0013392743674134474 0.7239535076524032 -0.1709155192592196 0.9366658660660536 122 388 522
57 0.831710094605292 0.3076908494998151 -0.17621484072263827 0.26950319012043755 236 10 262
58 0.5041920376733504 0.323681252340955 -0.025503565925788507 -0.10299499239585508 473 96 486
59 0.4868463980281537 0.2621440791340911 -0.0180789619386168 -0.20214457607803382 173 181 96
60 1.0007841609757393 0.5873459768535505 0.019784434507341686 0.10534568876952033 265 408 219
61 0.02108387729352046 0.579018952081211 -0.02956318315150419 0.1350286198825712 219 581 462
62 0.4880739474167367 0.44051896893236037 0.10959907148500037 0.2774270091432385 233 497 421
63 0.5443611073587941 0.47000292603397636 0.018774826138212575 0.21492724648630723 421 338 3
64 0.27025796502298327 0.7910311019546925 -0.44043148673749644 -0.09846962749316887 598 252 1
65 0.36673763221896455 0.6178483304666547 0.2186648133395419 -0.06963683449323632 117 308 476
66 0.24985472603196074 0.6416895249333121 -0.023327922926696942 -0.018012197289252185 159 471 117
67 0.40212988977203934 0.6469539351662328 0.15193867206053646 -0.12286725248333852 476 332 311
68 0.4065234278805886 0.7337647359060606 0.12767628534277042 0.0071028171191866996 108 311 63
69 0.2799331294792808 0.05788456352378951 0.2321957650458506 0.21915954823495398 124 403 334
70 0.6747766148419033 0.36062278546432774 0.02090007056310128 0.026772962319343563 90 120 294
71 0.6623095234665506 0.440220311485556 0.4909767762733804 0.12689408550753964 42 343 229
72 0.646427250845854 0.39699169520229693 -0.03821495515865525 0.0710347568960712 202 90 343
73 0.5670638642915752 0.16990029685386587 -0.24607391523197816 -0.1777622258539082 318 503 146
74 0.5668519011378974 0.16978705865588983 0.18538046541631895 0.08106863916604833 250 14 503
75 0.5683961810218278 0.15430102883490965 -1.5715606786635878 0.23647564488722161 14 448 290
76 0.5642296208826073 -0.004772444185009207 0.20539029832504713 -0.39522015906809893 337 552 192
77 0.5696968663382236 0.1257112353897864 0.11115163520494797 0.3266423228252824 523 192 116
78 0.568668841829386 0.154266992336375 1.5187364108541117 -0.15000368109913034 290 329 230
79 0.5742189588344871 0.12890981696476 -0.05293257655109018 0.21349642340476316 329 116 203
80 0.6427942483965664 0.1841884112154565 -1.1425920076250342 1.3414351972520686 83 392 506
81 0.5720196169451796 0.16514347679178407 -0.06002596189200182 0.001378198249968321 146 230 83
82 0.6766445468182811 0.21129797885934576 -0.14933827542640277 0.1759187920336025 222 204 574
83 0.6429733808624438 0.1839944624994441 1.0314723673291954 -1.0123448040067677 392 484 204
84 0.7300783736023257 0.20432283722332603 -0.2014088333612829 0.2146462355079315 200 574 407
85 0.7742322893704585 0.12648847192761892 0.024680274143817904 -0.15438755950752947 407 123 243
86 0.6133846310950906 0.12154800023069146 -0.06873903668491721 0.21642886857686783 203 8 484
87 0.7974366522272711 0.03843121652803564 0.6855600373685283 1.855722240830986 106 61 165
88 0.7972896366579121 0.0385765613754888 -0.4904050191867175 -0.911903280513028 269 12 106
89 0.7972620261698574 0.03817592662425488 -0.5854370819098316 -2.632632937712466 239 434 61
90 0.7971881788838348 0.03843377968018581 0.20741200800053136 1.3072000964477453 344 239 12
91 0.6482640186069044 0.2665374363829413 0.04800074105554275 -0.10815999380853203 26 101 364
92 0.6487152907429315 0.2901838299783561 1.6749836912421483 0.147589187913868 562 380 120
93 0.6484105364891575 0.2901367840155351 -1.6116615566146197 -0.35960994688884185 103 364 562
94 0.4089592570082212 0.09992126082399373 -0.15984063170271234 0.03778560034306544 126 590 328
95 0.3635483337873412 0.12092121277361831 0.019887522184625084 -0.018680468977239073 478 383 126
96 1.0031596544091659 0.13743335623846867 0.6430760720075668 0.17474249445022974 370 295 504
97 1.0067386125779707 0.08898784945875511 0.12621331861584206 -0.004827638636073495 561 133 295
98 0.9255536647456097 0.6979562521207181 0.254989842955744 -0.09169760627897316 455 402 375
99 0.8752609309591975 0.7874073246992562 -0.027727783263875594 -0.23436050045066992 19 568 371
100 0.9348128097719425 0.7034510933392681 0.1311885126573098 -0.15387721617743377 176 375 510
101 0.9396359522154244 0.726147756484098 0.0669876328018848 -0.3238423626483744 568 176 576
102 0.9169860133350275 0.5994697500742089 -1.3242663946948534 2.2333136814203334 77 505 350
103 0.9172256533753622 0.5992179087558321 0.9010008370711726 -1.3111897326367077 350 430 56
104 0.8975036645940186 0.9155931273567414 0.06331070367938084 0.7623006937598937 251 221 511
105 0.8974987999399752 0.9156376244829331 0.17922237254388088 -0.1707320863489738 284 511 438
106 0.8977847151984528 0.9156932106434434 0.03267521432937025 -0.7162314264976466 438 588 89
107 0.8976150847793588 0.9155338176331845 -0.5063286540312341 -0.7960182096811153 235 221 468
108 0.89778633837079 0.9157843185878853 -0.05530334357101802 0.76299096621389 588 235 34
109 0.039094337413780225 0.9608965506838959 -0.20318584731393585 0.12849731608616244 469 261 439
110 0.08125755008576553 0.4740273121511737 0.5237028103339322 1.5410427448306285 57 53 340
111 0.06365737743203238 0.5279217485516658 0.05292841512294366 0.025426023786412344 128 340 68
112 0.02653682040584783 0.36350512996095086 0.42469144125359926 0.1728646501468348 194 480 196
113 0.12860539699479465 0.34000180176283373 0.040547662666715056 -0.17073736868766787 97 275 286
114 0.38830834790260516 0.5720550193599654 0.2091381436086781 -0.028372210136851095 308 179 527
115 0.3904090989583021 0.22136902910255607 0.027648167436056248 -0.26132490928143515 572 444 173
116 0.23526490943618555 0.4699012437030683 -0.24581919347288483 0.17688467253418327 205 405 475
117 0.21502680164246013 0.5235845206887582 -0.4456578763398981 -0.06841829688653553 585 75 164
118 0.12794849636316535 0.3376472687962535 0.08888216542976557 0.007220027223656111 535 485 275
119 0.9868562984630405 0.4201011923140254 0.14605923068233828 -0.07628384868230143 211 390 366
120 0.390928389661265 0.20956154296142493 0.015896740347687288 0.008327177489220183 444 220 162
121 0.16408716557930025 0.8643613323007409 0.005790801518856803 -0.2711632779428541 395 449 232
122 0.6174781194925826 0.45652653996172043 -0.02572892333213561 -0.08888607714446772 515 433 367
123 0.4339585750131578 0.5169318159440959 -0.10151208849201732 0.1564416062405788 382 592 238
124 0.3368333782536432 0.962376443287283 0.23034807811184166 0.048757397771992395 242 528 54
125 0.46430433249871084 0.9398967304458326 0.027233475891064174 0.22765813262326517 87 121 118
126 0.3705873041346971 0.7648514066468861 0.7702356921274981 1.1034955318327093 240 92 333
127 0.4210900076202498 0.7392941800751237 0.04431341044434066 -0.595904970466664 333 256 520
128 0.3704620609846361 0.7646677892897354 -0.7306412843105135 -1.0964994469567375 73 108 92
129 0.42109216719501413 0.7393182001048708 0.12384658266772304 0.5948790605066526 63 170 256
130 0.6171057375000869 0.9364569529901616 -0.3398472236631578 -1.1452499507329932 577 279 29
131 0.5569999103250168 0.8600597002226353 -0.02473220196350101 -0.17051183694161143 460 285 217
132 0.5939431696318005 0.9370989707087858 0.1106803541178758 -0.0349878345046184 420 217 577
133 0.5687579119515838 0.7569780885468453 -0.03283810740689619 0.3867187150369267 587 336 107
134 0.6612701926284917 0.7693952020828444 0.0782996750769982 0.06504311672594909 320 559 247
135 0.5759323988873737 0.7650213076722479 -0.3209214012589445 0.061464768691399385 215 107 320
136 0.30745449528030655 0.790874868722862 -0.09201523179877157 -0.5831444008738988 381 5 184
137 0.3280881798857135 0.9248878738845075 0.5041426923900428 1.5557891375965038 391 354 80
138 0.5399706210790953 0.775038016312415 0.23102775520010727 0.01215273970188056 401 166 72
139 0.44226380616557953 0.7383098861561311 -0.10568469324505336 -0.6012455368807883 520 411 401
140 0.5400501423120464 0.7749787299378076 0.1360165699173946 0.042944645712791885 166 537 248
141 0.5406092488863293 0.7671518443716965 0.16362074733294873 0.3388612168642169 322 540 537
142 0.6980050721373618 0.8424099294715733 0.6517670568334332 0.3556655514023058 426 180 141
143 0.6977672395362148 0.8424075568807051 -0.9826339725960848 0.5997591593443006 300 358 426
144 0.6978528578737748 0.8423442225504812 -0.9671120953153833 -0.2910626343312418 180 554 85
145 0.6980009423623951 0.8422938007768043 1.5099916434195213 -0.5209260517945077 358 247 554
146 0.6265076825769661 0.8707015701719618 -0.028506919047543988 0.043403280969300795 110 419 300
147 0.7933827415167178 0.8908656432211314 -0.24079192400709498 -0.6576944606889236 293 483 316
148 0.8186754264199378 0.9493274360255424 0.03666320216172414 0.022915432051906492 245 316 459
149 0.802550040939414 0.9732633305163487 0.4028562301458538 0.2329151900103306 445 245 257
150 0.7943825221123275 0.9768649847851056 0.17433429873314754 -0.062242078505136966 412 445 174
151 0.7281917250172678 0.9195017447024928 0.12003631942592019 -0.12887528752503208 531 330 412
152 0.7932614126427698 0.890781851171916 -0.7914607401982042 -0.02234462676058103 580 327 458
153 0.7933078072336662 0.8908528825214114 0.7998715097874091 0.5225502880932837 140 580 293
154 0.7373636353967941 0.8951679086618878 0.045923964978045184 0.05664992815124226 330 141 140
155 0.3074588984838545 0.7909352656182899 -0.005837454144738165 0.6197481183410277 5 1 73
156 0.2745501464655221 0.796129876849345 -0.049731071517788994 0.0097281764241397 594 142 381
157 0.5488594243482185 0.7796209444195374 0.0128682765832 -0.08681501524610002 93 248 429
158 0.2111159005794348 0.4893587004325712 -0.05029138806789124 0.02824557601699418 231 205 498
159 0.16311183642773097 0.4721503996550863 -0.29549964866801715 0.2892881995042971 47 259 231
160 0.3046316089285984 0.5089474144035099 0.1499626563038073 -0.5139376485895227 164 363 289
161 0.3046257996349587 0.5089781445598804 -0.0818889908424489 0.7134954817627202 363 475 331
162 0.37908199753760025 0.525851729343111 0.14306755811782038 0.5492689087658849 331 369 249
163 0.8280013072181085 0.30883460622070563 -0.01374856439632921 0.220496000407841 490 406 236
164 0.7397209737617216 0.2731366886298176 -0.019484342264619592 0.009923444704851292 512 58 418
165 0.7491289045839125 0.2656175273489976 -0.20098501300747085 0.1499121242073964 58 200 406
166 0.9365466659923699 0.3620702117083452 0.20003425443837486 0.15577627174301334 409 51 172
167 0.8411202322437246 0.3280580655740023 -0.29799281601322614 -0.0004430527125731665 464 262 409
168 0.951502217443646 0.41731000103407273 0.1487578740744233 -0.07684111680283934 345 172 211
169 0.35787960447137784 0.18793025867680657 0.062084695804515144 0.06329315765073174 270 478 220
170 0.8269592514428875 0.7336187056132182 0.007373412297395632 0.01962857099080395 91 74 455
171 0.8528073704688489 0.6144652141522594 0.07113106076372944 -0.17827219145338802 31 302 201
172 0.9984992089897694 0.6351884720789851 -0.06912652323722902 0.6845167279175842 241 265 526
173 0.9983390913301649 0.6351022885465839 -0.7758365922344985 -1.389704607554482 136 241 509
174 0.4321246394482971 0.5723423720461648 -1.7175394585733361 1.879582823206187 298 376 398
175 0.43509196119334614 0.6286036781160267 -0.06347310177456933 -0.0017752646574997755 332 398 255
176 0.22446008233845574 0.9197221300896564 0.025968920763785874 -0.19565244355201905 427 15 525
177 0.20761929042605398 0.7292693901552576 0.059369726496116826 0.21611599905491108 99 129 41
178 0.21889470235559808 0.725080640158948 -0.0500931952168715 0.25294125977765036 129 159 325
179 0.23991455749087653 0.7576669334551108 0.8217847184709327 -0.8322670866375641 40 325 252
180 0.030161156470942183 0.08989097322240432 -0.14497750708275525 0.09814273751324043 209 599 425
181 0.1331241502256687 0.0885797342013709 0.2165389094595238 0.0027686496324730303 425 400 171
182 0.6694568482741576 0.22973825544567714 0.17280933361192638 0.0468289919835314 16 506 584
183 0.6591607228679018 0.25980744397254674 0.2693377379795175 0.18954363761045437 101 16 465
184 0.6694615339758782 0.22973828034860896 -0.37771961892751676 0.06757737675041199 584 222 352
185 0.6744625067877071 0.24821371799567665 -0.114474813656118 0.005924327695083775 313 352 512
186 0.6593460178761655 0.2599489796469508 -0.3432584328214548 -0.2810576452182221 380 465 313
187 0.29663934002376546 0.10967952161392829 -0.015089431440462597 -0.026937797478754355 223 62 477
188 0.33077104779222577 0.09663342012144525 -0.07220842465627264 -0.045924633540472826 477 564 383
189 0.9333786542296463 0.02275983173780073 0.043587557521651554 -0.17247940506393 165 454 561
190 0.7353146979245276 0.7129098557113127 -0.033364990062239794 -0.3370262493618357 492 417 365
191 0.782900045977528 0.7667642622396287 -0.06182256720443924 -0.10753649290484724 11 365 348
192 0.8237234554914785 0.7542548903834505 0.039798328174689424 -0.15393268291974405 348 91 19
193 0.4833608172525401 0.7190440885050579 -0.07844115426647313 0.0676052845649533 541 567 322
194 0.4422616925465792 0.7382525696088459 -0.049396312498781354 0.6270912757274337 411 170 541
195 0.03753681347962398 -0.011905250619014741 -0.1270896672622701 -0.18970475208074378 482 227 65
196 0.048988296207332666 0.9799188584343778 -0.3045633949899651 -0.06601616215490269 65 439 228
197 0.1132403952048342 0.9958092042582554 -0.05116171236663192 -0.023128333970223736 228 596 45
198 0.02632895897309976 0.9634508125244717 -1.4817231316503796 -0.06834471525231453 360 303 299
199 1.0264093320254755 0.9633309111742269 0.8533714026143788 -1.1042833044115412 213 553 360
200 0.026493622469489563 0.9634786716148118 0.582787106382732 1.4551581949308203 303 553 469
201 0.284168006642181 0.9884488366178636 0.2637074850153631 0.04608966125418945 403 525 27
202 0.2149936314388951 0.5235633514272273 0.18738271142121907 0.5419593875321529 157 498 75
203 0.08132847180327872 0.4737496808505098 -0.8918300446010204 -0.2892032981095718 53 102 396
204 0.21499136530530835 0.5236125196880035 -0.026807731772285348 -0.6417834675956596 125 2 585
205 0.21493371999940494 0.5235755152138328 -0.057646341064358786 -0.016942646534324167 575 157 2
206 0.1895551282043486 0.5234064564518829 0.018016425157307836 -0.029147250585337403 214 100 575
207 0.13426395217004122 0.7590268150047274 0.0799517429692087 0.2645355262967386 410 414 339
208 0.14334637997788777 0.7774807881361623 1.2165894877119363 -1.1514280832645183 0 339 296
209 0.08757636659224419 0.3832237774771944 -0.022979655678323496 -0.06130959559480509 461 97 547
210 0.026493135033969144 0.3635408123103134 -0.6987224828767873 -0.22659199251222903 131 194 461
211 0.08142706923792162 0.4737818600277954 0.907571266906416 0.3638738368559255 17 361 102
212 0.08116946988736287 0.4737695001779299 -0.3102944955775573 -1.6141247904216096 154 17 57
213 0.15079204210331468 0.318695731493418 -0.2473406341374463 0.06302460181547404 28 543 288
214 0.20626985017912364 0.3893540772172456 -0.3912162475916414 0.04050354981965931 521 206 405
215 0.17740130844879282 0.391175418758568 0.03512780240300106 0.02218598187109233 152 487 521
216 0.14362180348459952 0.34101335785982767 -0.1331904760093483 -0.18980830622516986 286 28 487
217 0.07537858585768996 0.3201060539665312 0.056521200220149836 -0.009253359883887313 196 186 535
218 0.15075712524240967 0.31867538761437303 -0.08287322907251012 0.15887380679563196 485 253 543
219 0.2375620424235658 0.10165585770594482 0.1783673988023371 0.1538996304527307 529 124 60
220 0.43200323927438183 0.5719789624737828 -1.3299639500048872 0.05724240185317735 527 291 160
221 0.43235508921466026 0.5718412705440026 1.0622882202598578 -1.9629655282368905 7 542 119
222 0.4321305411946576 0.5718657630989425 0.5975279816810208 0.8102974486838077 291 138 542
223 0.3721676673433244 0.5308533774760649 0.22868306623347046 0.0443211755490891 289 263 179
224 0.25308231088830613 0.8472528909863966 -2.607722090241832 0.9921935113462766 71 22 579
225 0.25322275677412964 0.8472544141235275 2.3721015029727446 -0.6752044929273686 453 71 144
226 0.7636576158920787 0.35338124847132624 -0.13476281878616048 0.08684997165886443 112 431 145
227 0.7494792324767285 0.3455685304049012 0.007661338924380701 0.1700307519780786 341 418 431
228 0.14976182715433592 0.4536918069807674 0.007854938227636055 0.07369679068391921 115 152 259
229 0.8265406806763287 0.3245871959514297 0.018458414831334924 -0.029680624451244864 145 490 306
230 1.0263982932453044 0.363566361415801 0.2891318063278931 -0.38096729022715725 390 423 131
231 0.9400039897381461 0.5543028091902794 -0.042577930783427136 0.05354181631882877 582 301 321
232 0.9400648011093053 0.5543879365304366 0.1441378418679559 -0.0598302995132873 178 321 267
233 0.11407595954301786 0.5784755160962276 -0.3831865943594429 1.595445864278292 309 94 450
234 0.152141420367611 0.5983767812451873 -0.05912658071483001 -0.24496403221857532 450 314 224
235 0.9571191673140522 0.9220013947648698 -0.08631280785652046 -0.5478582098549541 18 226 213
236 0.24066889453603174 0.10758901712085603 -1.359518924606178 0.3646189328248986 198 60 378
237 0.3476132653202182 0.9665401755919236 -0.09183098837828393 -0.12203946487274533 158 397 148
238 0.34772443220910565 -0.03343658053723853 -0.2395862938760467 -0.17776285238994913 148 151 474
239 0.003130887710245772 0.13742578339205144 -0.49370514904604385 -0.12481337399977264 504 209 310
240 0.0019422718798328146 0.20666765586371402 1.7360356395260101 0.026980687920386687 35 310 502
241 0.15111169986949974 0.11166386718260302 0.12945995456203896 -0.09298543324209874 472 171 287
242 0.12883911614564153 0.21244302867504541 -0.11241345493351318 0.3806364334835166 312 472 185
243 0.8820881077444402 0.48066674171041074 0.012320111597574623 0.16808917834010284 319 368 33
244 0.9066960022588266 0.47913774739347625 0.002502998849851501 0.16266911151419094 33 345 335
245 0.4327866252925157 0.5137624207248209 -0.026433386512633716 0.3589669400269613 369 233 592
246 0.23976077375250224 0.7578306405965974 -0.8957202661853556 0.9954063468411577 189 40 208
247 0.17640242124721406 0.8482482466584544 -0.1161323377740775 -0.08021447429895634 372 532 449
248 0.2529276959619481 0.847167297984369 -1.645255504048788 -0.20258166317821705 532 565 453
249 0.2294077481947983 0.30623307573571257 -0.33873664151418126 -0.2590701309729271 206 424 273
250 0.41940073784851606 0.5324056928890859 0.004181327853403083 0.06500352513205687 138 199 382
251 0.3279782773897257 0.9248209897907096 -1.1903217679343256 -0.2313870624129962 528 413 391
252 0.32803444250548586 0.9247044827821321 1.175295441356453 -0.7812810183120732 147 354 413
253 0.25338839839807903 0.8471656947683366 1.2165774966520713 -0.6323902323785053 546 579 594
254 0.2532623162132738 0.8474634109418889 -0.3024180527636151 0.20763319033675812 187 546 147
255 0.6172593262445272 0.936518310401695 1.432485448520733 0.1789135542869984 279 110 297
256 0.5732629202583207 0.8332416496075963 -1.435402884541418 1.81001939256241 285 52 76
257 0.573484806009238 0.8330127317432358 0.7053708487772926 -1.418837740406551 76 555 419
258 0.5581304935772994 0.7724021030856018 -0.08110253189516636 -0.03726157932551488 429 183 435
259 0.5669772444363478 0.7753825538931769 -0.18283097587973307 -0.08205589853427231 441 435 215
260 0.5733639117579925 0.8329688273847965 -0.4243153302243424 0.9455691302813398 324 441 555
261 0.5517618267620363 0.8067266078618546 -0.4397967041301588 0.04357120458295437 67 93 569
262 0.5734103661017449 0.8328906072201504 0.7078248213764201 -1.6728021699492606 52 569 324
263 0.2531967063389755 0.8474680674936768 -0.33870069824840215 -0.08570924052545047 15 144 187
264 0.14715136392569347 0.8562944447335884 0.10334587456639621 -0.21104038447350426 212 457 395
265 0.15362255440217934 0.8100135875437127 0.5397971467925068 -0.15990332582073008 457 274 589
266 0.06366894950461098 0.8874291288462447 -0.14518670345825546 -0.04510144497454904 261 578 212
267 0.3552556692413745 0.18949468823219423 0.3369059273315017 -0.09781005441342194 244 270 82
268 0.47921333640021535 0.5536269176123934 -0.08899086537117462 -0.044716362210261984 105 156 323
269 0.47987089317254017 0.5349905996951686 -0.10186306555193259 0.12983344746531067 238 326 156
270 0.3258310720698817 0.98006724239741 0.30550824964455103 0.0007748099471044378 27 242 533
271 0.9171517432943301 0.5990787327446675 1.0539203313964787 -2.0302538350115285 516 277 505
272 0.8884989269013035 0.5527661448702743 -0.9184083920984663 1.4413246785342906 225 254 516
273 0.917158857321775 0.5991838532477156 -0.5124236074252174 0.8025584353934644 277 178 430
274 0.7951905601493306 0.037754330842504645 0.22969747844221733 -0.04996850194900759 44 373 344
275 0.7497796517658741 0.08077547647950074 0.20071539430510654 0.11758908152748049 489 44 123
276 0.11415558573918821 0.5782039731217041 0.5746013514808571 -1.6700451800390474 94 68 353
277 0.05286750918295719 0.8783339838600286 -0.005181388304520418 0.06907460159411016 150 374 578
278 0.0654087623472468 0.789403606047965 0.059453901524175734 -0.11033505220581219 563 175 374
279 0.27009818182268835 0.7911388789531127 -0.026548224249934964 -0.13846723667296743 32 208 544
280 0.27027322578177354 0.7911525210755636 0.4828300163845075 0.4674247558022343 544 598 142
281 0.7096574426223405 0.7095439011423486 0.1795833268550262 -0.07448732620290999 559 463 492
282 -0.0014637885686920814 0.724130695592703 0.06771795724741665 0.17424655506719042 576 495 234
283 -0.0013081057343525986 0.7242693417338892 0.3267487737519149 -1.2069680230849915 234 122 563
284 0.24071037947620746 0.10758710224441068 0.9508512367636902 -0.13277795252853278 389 198 59
285 0.1859612170235356 0.10154248479850159 0.9675211623069876 -0.4995098856744773 216 169 389
286 0.379088498536825 0.5258956522614979 0.029279303894597097 -0.2521861116309455 263 249 199
287 0.25018233550913543 0.28813960469874705 -0.32468766217319533 -0.2746029334477207 273 356 84
288 0.35058601448791143 0.2774160796783308 0.2136360553739447 -0.30302696255035677 84 113 207
289 0.28919069446067724 0.14805016534257878 0.07048802722064984 -0.19645131667245241 442 223 244
290 0.269467945253113 0.15322588058841816 0.06477409338068174 -0.1706954484009815 451 428 442
291 0.22844375492770344 0.25639432963506065 0.007026472806370698 0.2697697933096155 566 451 356
292 0.5431587593488391 0.4981095792169293 0.03841161277939875 0.01525852048878118 326 3 355
293 0.7834006836980743 0.6984512856494506 -0.11487489223749314 -0.08580199745145123 501 139 74
294 0.7858806492478556 0.660927110920881 -0.10551967355443281 -0.08100383142028988 466 31 139
295 0.7353842371368635 0.7126852067029714 -0.1782922382702421 0.1310605854908369 417 351 501
296 0.7123355470569518 0.697858946986944 0.06573758143738062 0.043101667981243486 377 64 351
297 0.8482981559737297 0.5553208723148929 0.0880886922433044 -0.18134309193174047 302 37 570
298 0.16109360067698494 0.5878398766699419 -0.12154107182499319 -0.17608663624435472 314 20 524
299 0.15594385102740832 0.5782317349818843 -0.0048803315555456805 0.03223765351889618 353 214 20
300 0.6471795857127982 0.5788303437924811 -0.03821955425753476 -0.023453794115169124 416 519 283
301 0.6622119011158205 0.4403660517897211 -0.25936317105107853 0.20803668395033342 367 42 268
302 0.6468664565956284 0.5565539140991617 -0.03137215383308689 -0.011874341093731644 519 538 488
303 0.4322985992639182 0.5720006526485967 1.6281142083119076 -2.038848113088002 160 595 298
304 0.6138332398079237 0.5964245963056541 0.018881982782881224 -0.059015557024588716 155 416 545
305 0.43235450776216877 0.572043201365671 -0.43892061025768875 1.0274640743464583 46 119 105
306 0.4324186942379589 0.5719650458279301 1.8099871128957317 -2.314835361176722 376 55 46
307 0.43217521263250025 0.5721699915945802 -1.937100827485716 2.226366403238725 595 7 55
308 0.588378569824192 0.5777944219344602 0.06602813990008727 -0.012405273336346667 177 305 155
309 0.5396160057726725 0.5978204780042226 0.024501502909890505 0.025266422981617964 556 323 177
310 0.20786821180478007 0.7405374474434145 0.045189413669377565 0.0555558949538737 493 41 189
311 0.9664121614920071 0.6849142950392744 -0.051960309319087905 0.005277069146242264 317 496 548
312 -0.001527487003187913 0.7239987243534594 -0.7910519578315238 -0.8810534754010216 495 548 388
313 0.9679353689445579 0.6799721407868125 -0.12674408344002336 -0.04354799887666336 496 491 130
314 0.24077871144136884 0.10773320614052039 0.4573306352554881 1.0615838238607926 59 271 428
315 0.18581333208589063 0.10160823333222656 1.0046635718664876 0.5709089886225208 287 432 216
316 0.18567500123310374 0.10154497528883115 -2.8323813545686676 -0.12912192960218238 432 437 169
317 0.18589260560420387 0.10148859812128377 0.9533643805474797 0.11206306203630743 437 394 529
318 0.21251160921949902 0.2628162000234582 -0.07135584623174651 0.3058527306420977 86 566 593
319 0.12292389510877164 0.7641064441936736 0.06991114835479262 -0.033654392163698366 175 479 266
320 0.14312248368301464 0.7776802941080121 -1.273822032213769 1.0701669850777444 266 0 274
321 0.16309533607469232 0.47216975950219686 0.20068618668869212 -0.2916926011292003 9 47 100
322 0.13059349024706077 0.4572153961776097 -0.6283129440099203 -0.07063650449740154 396 586 9
323 0.1306830314624165 0.4571868705616086 0.6700023886472553 0.1980240807187292 586 508 115
324 0.1727301274843026 0.7123934023163742 0.08622564259819221 0.2227336225180121 414 224 99
325 0.1025151728677362 0.4435722907957531 0.4086525135562355 -1.2718416358845293 109 357 508
326 0.10237343917384599 0.443579553933782 -1.3391543407872704 0.44243500936741537 278 547 357
327 0.10247918244246837 0.44370883325871574 1.0198029278218845 1.110321703589462 361 278 109
328 0.14652173064954313 0.24060033301947417 -0.26499624924958276 0.20465085719817422 30 185 86
329 0.1382385366563885 0.24951082736187102 -0.11896577299663758 0.0424232052265161 530 30 253
330 0.24081259418595 0.10749702040129502 -0.029617682761082058 -1.700903524643816 271 378 210
331 0.15373434895343968 0.8099910587879977 -0.5673590257353938 0.0628164934673471 589 387 372
332 0.25322111189347524 0.8471369658821646 1.305001810169529 0.17854304950318992 565 32 22
333 0.8366007750392224 0.3312070890185003 -0.10850082637903213 -0.12577377507538845 306 464 536
334 0.9856301268753109 0.33566401711289906 0.25856953383973647 0.08832548373249871 51 514 539
335 1.0263858737489293 0.3635343775074983 0.28556689796860585 0.33275365690676234 423 539 480
336 0.1510170604174887 0.781188190389986 0.0011536419389224228 -0.005047290710380459 296 493 387
337 1.0325365787638554 0.2345163683876181 0.18717941090189627 -0.39220671184115846 573 264 399
338 0.03254423396996596 0.23449310252688005 -0.035519894473346865 0.35674302783079936 264 494 36
339 0.28117774096734727 0.09639792451404869 -0.08587873086274289 -0.07256425564594604 210 43 62
340 0.895176084460913 -0.048983679484384805 -0.1207364562494373 -0.1962122297971547 481 551 168
341 0.9030553331141291 -0.08015858804069406 -0.1466434626506974 -0.0984714448870605 551 89 557
342 0.9050736418545966 0.9187711350637615 -0.5396482487219841 -0.24254309377970754 557 95 18
343 0.28540948409676525 0.06103571381422336 -0.0992401760595285 0.03120251184166034 43 334 21
344 0.3279455142914588 -0.01811143192863283 -0.0032681228383235617 -0.2686959963554836 533 158 276
345 0.3259837751088963 0.03984080474337734 0.006661467558122247 -0.02470285313110887 21 276 246
346 0.3338226821351305 0.04450943543591162 -0.10225439210642673 -0.09231828634881367 564 246 446
347 0.3657718379287651 0.021827572654753453 -0.18456673550604208 -0.0340325344294623 446 474 237
348 0.2109387844805658 0.29356513152184016 -0.04697695184241457 -0.047535897440553754 288 593 424
349 1.0185063483559444 0.23607614039465735 0.18424353223633894 -0.026502893109292547 514 135 573
350 1.0019546397641295 0.20687607686797896 1.3108338271609898 -0.5537958988334175 78 143 135
351 0.001933536068165001 0.2068886023143881 -1.0099944335273348 0.5648398813208394 143 502 494
352 0.8278974998989204 0.4236605348425745 -0.13730358504619647 0.12131377952434401 436 536 368
353 0.5973735445115085 0.530282821021827 1.3462191987171712 0.7139155888921428 81 515 440
354 0.08534626828627216 0.23835872415820794 0.3248477446463245 1.7451010457533527 549 571 530
355 0.5973941601901258 0.5304166685453697 1.2268798206619682 1.268156742534061 305 362 114
356 0.7192816668920515 0.6215066245445219 0.6666990060011628 -0.09517428396630571 283 69 38
357 0.7079507531686224 0.7003814640686832 0.18722391241510206 -0.02116534343621357 463 161 377
358 0.8629424964845568 0.5448707509430434 0.04974716385358624 -0.1258205680268465 570 191 225
359 0.7192559679589587 0.6215143850255859 -0.4073155568837489 0.32106843123557144 98 69 39
360 0.7271799046211689 0.5671512606260906 -0.029135283768910725 0.18000698015496752 39 583 48
361 0.8259502290539846 0.5386690970915889 0.3958615355653672 0.042576025344187585 48 195 37
362 0.7237846827357426 0.3694595547326778 -0.01983971350920377 -0.2587489879421392 132 443 470
363 0.8027334008377573 0.973420341048183 -0.1654004677523798 -0.27487513288193716 393 257 422
364 0.7193355646201713 0.6216666601535698 0.29962107026665874 0.30725130161670505 64 38 197
365 0.795002766535714 0.009111797935788897 0.9906721709195941 0.060536431358178266 373 174 258
366 0.597316885747873 0.5302581876846132 -0.1742774231853106 -1.2273777378317028 114 440 538
367 0.6781056399628617 0.5362717428337018 -0.15543901304981844 0.09054943947428562 488 342 583
368 0.7949997441022832 0.009111768228907585 -0.7112042028163592 -0.0410291066610868 258 393 434
369 1.018665652210242 0.5265702916075607 0.073663069047325 0.07025381977554535 456 188 149
370 0.7614385867750634 0.36639073395564703 -0.07199949889763468 -0.25053875692820915 470 112 467
371 0.6622848901361147 0.4403264585612787 0.1359932369989522 -0.7386666527899565 268 315 342
372 0.8327544095516398 0.9510083931929179 -0.05633984973701673 -0.36889971730287835 422 167 481
373 0.5361583153451477 0.6346439981782381 0.028682041464112018 0.017596014229015466 415 556 127
374 0.8277645539222972 0.42371720523358664 0.268633455291576 -0.05163939409543947 467 436 4
375 0.47520288819902506 0.9751925030290653 -0.0656830735634717 -0.07166979024142428 282 118 597
376 0.40649029815459525 0.03643743348155599 -0.15588995788684556 -0.003820814498123326 237 282 590
377 0.7193103001376983 0.6215891521629208 -0.5059323834823073 -0.5285006075188368 197 98 466
378 0.8671448416185874 0.5287531206423391 0.05077820212917583 0.1963688038564282 346 385 319
379 0.8616570042315719 0.5311963804815872 0.09492470420813248 0.17951440950056408 191 534 385
380 0.8886583338463673 0.5524881821584688 0.8134053921009992 -1.588992887716786 254 346 582
381 0.8380096467678158 0.5205848793976712 0.25230233249851075 0.24691442293556243 195 4 534
382 0.6622917352306541 0.4402203499270692 -0.83334909177057 0.03625022522283673 315 229 132
383 0.5970590552681654 0.5302010145966228 -2.2938432064564127 -0.7801955037789264 362 355 81
384 0.7237385476677203 0.3693402960089222 0.11099502214150132 0.07893593416711739 294 341 443
385 0.9571154641770022 0.9220733747266722 -0.14199604739844793 0.5190802261459436 226 307 150
386 0.08529098187910038 0.2380767914535344 -0.3181933806974883 -1.5652199674779104 36 312 571
387 0.5641105662631213 0.9950842770398453 0.4417997153066764 -0.04889190958828286 597 560 337
388 0.9390253728921527 0.0044612047547222256 0.025554677471339993 -0.11535691568642648 454 168 104
389 1.0308965743944674 0.483630833192532 0.13828006587002228 -0.049441543220618556 366 154 188
390 0.030256495235576032 0.5372637329330454 0.013486843239429724 0.029313974164724144 149 128 581
391 0.06537357040034812 0.25140221302283283 0.08795650249804332 -0.019247322485815843 399 549 186
392 0.5756215700737757 0.6614293727310671 -0.0057203325409815875 -0.013574118912229594 336 127 50
393 0.6110644228656652 0.6435984632498232 0.027999161322789234 -0.04320216615005812 50 545 161
394 0.6408430409670866 0.07241346902989292 -0.011251161113889907 0.09558004249177188 8 280 489
395 0.5642209135614916 0.9950353970489354 -0.02222820887586279 0.6706286808836432 560 420 500
396 0.5931683185083718 -0.005800514269982317 -0.09416694125852221 -0.03472054900532928 513 347 280
397 0.5642883534878209 -0.004839622061854842 -0.10283177012405638 -0.36995487365986063 552 500 513
398 -0.0014875050707575154 0.635347500625429 1.0503485252806284 1.260161384640648 272 509 499
399 -0.006695007923027063 0.670344702777884 -0.033893077233670965 0.018609614543807496 130 272 24
