1798
0 0.006519956179262369 0.6358331006725392 -0.287478166098587 0.07552391854265261 111 66 359
1 -0.001560457125054528 0.6354999400995572 -0.2722899544852403 0.33313852802834787 499 526 111
2 0.756764534176214 0.834676951223694 -0.09469770592684945 0.03821173377716036 85 11 327
3 0.8860549143877645 0.9031165674921503 -0.1298063483903735 0.42736131408878386 558 371 384
4 0.8978994528996848 0.9157454297508889 0.17070213857890704 0.6769142525642983 468 384 182
5 0.904160057859035 0.9183461268280684 0.10183109777362745 -1.3412510074779045 386 182 307
6 0.9040952745585739 0.9186014281834608 -0.5514088462376288 1.5276228106712006 34 386 95
7 0.01653458731357925 0.6846941303510945 -0.3179965252057826 -0.028261996735945427 517 359 452
8 0.011820312121473157 0.6865619065134189 -0.1771470860625901 -0.08669502936722862 522 24 517
9 0.03255126976061409 0.5920158167162122 -0.20425484255348625 -0.039764648518403334 66 462 309
10 0.35258773195032306 -0.04532431117264962 -0.6910458421504262 -0.43914463878995913 163 404 151
11 0.3463807375899215 0.9639889088355251 -0.15145406005723228 -0.04458547454844197 54 379 397
12 0.35252881553663856 0.9546551734124985 0.3319620875901581 0.37193054397486985 379 193 163
13 0.8681807667714285 0.21247205139976616 -0.06962998788662134 -0.006738958002738826 10 137 134
14 1.002264136507518 0.2065768501736191 0.5008698408947458 0.4139711091269752 591 35 78
15 0.981772818660982 0.1877312724826406 0.15425874640151438 -0.029122812147952537 134 370 591
16 0.0235721273231089 0.0832335682451783 -0.15094783686886437 0.09750200213182181 133 482 599
17 0.13700511734611825 0.08445931321592065 0.08507788076470013 0.16523124223011276 400 45 394
18 0.6098133929982033 0.44854942733788017 0.17054790583254098 0.12243203534323399 338 447 433
19 0.633584191189498 0.39624621621665834 0.15227334879130972 0.08724520255548596 447 25 202
20 0.7849722930995978 0.12440285918008931 -0.16399067746114548 -0.12245390812459789 243 269 137
21 0.5286389038809766 0.2101419743874166 0.11105759298302154 -0.32898905526906885 181 6 260
22 0.608062011694398 0.3427814510762522 0.05489968826766223 -0.07642283958442242 486 103 25
23 0.563565522531404 0.20540083955050015 -0.08547419022564284 -0.2791401117197001 260 318 26
24 0.5260843431354193 0.2001351613439263 0.16467877738540748 -0.09875118535396243 349 250 6
25 0.559998307991645 0.13825675450008929 0.13322762615342043 0.2815215602303134 448 23 523
26 0.47262685606622473 0.1505352805414061 0.07391014883451064 0.23461791329171255 328 23 190
27 0.47002466048141295 0.17039649331362847 0.11738086613810594 -0.07860004765103401 162 190 349
28 0.9556435083589302 0.6867748415489526 -0.14392364967824145 -0.4986355933797609 510 70 317
29 0.9300809898347783 0.687482264723831 0.20576910227804168 0.02869900931484759 402 518 281
30 0.8978674995988063 0.6253316893946018 0.08259151140777021 -0.16808083883046443 201 77 518
31 0.9556742483544672 0.6868582718522326 0.21500334238875435 0.47704062733188435 281 88 70
32 0.9676640552876898 0.6800977617050538 0.05075003566397612 0.10349902516244239 88 49 491
33 0.9722931084165416 0.6443157096502223 0.04819850803194914 0.03501465402344639 56 136 49
34 0.8859152744174985 0.9032511034506021 0.41772541378086275 -0.09814294478559075 218 558 251
35 0.793360142831329 0.8910808963270205 1.1958953460710242 -0.6559078339416337 483 458 218
36 0.8329037137347176 0.9510024337968549 0.14282283159009487 0.38136943846306587 459 284 167
37 0.024028273512853374 0.9776317080081596 0.006053453398269237 -0.09085474178549546 104 299 227
38 0.1235669581920453 0.7614990562288811 0.02259345865777973 0.26937721181279073 452 410 479
39 0.18142976107372974 0.9181189748687163 0.03711446289189624 -0.18271100465927503 596 232 427
40 0.3531569246917998 0.9330674784180191 -0.15337816511654112 0.15460234169262232 193 80 13
41 0.33757216168870813 0.7991206640703176 -0.10990952731271264 0.007315181793643433 184 240 79
42 0.36637862520838615 0.9361353076651109 -0.3356312139671247 0.17824350554557222 404 292 87
43 0.3588580029173365 0.9292977651811571 -0.2555661809781895 0.2374714811077816 13 79 292
44 0.5568154521024709 0.7681896445080242 0.01293409060409978 0.34643750689358765 540 587 183
45 0.552117340836157 0.8064281196269939 0.6097009615990614 -0.2512821477060182 304 72 67
46 0.48697220098135674 0.6596129484942836 -0.03198259365677636 0.03550942040408955 255 415 567
47 0.9405926446530585 0.5537100497299537 0.020541854404542564 0.026428510063996463 301 335 550
48 0.9451099306887439 0.5544124895806726 -0.05395102442595258 -0.49292795264934025 267 153 408
49 0.9451247584768576 0.5542440524730344 -0.14424420494304166 0.5429138634808431 550 456 153
50 0.6168748769220515 -0.06353666558153286 -0.5815068376951722 0.5977211668820656 347 29 507
51 0.6169710476278073 0.9364168320288389 -0.6137027849200918 1.0282538888999728 507 297 531
52 0.3698940205338874 0.22801351406192294 0.2543020016787523 -0.3581641958710913 113 82 572
53 0.5521589062817814 0.8583993200948515 0.24627548325314996 -0.10309546220194088 121 304 460
54 0.20073773742524548 0.5849545186877505 -0.12180338820888537 -0.16310358827431592 524 125 471
55 0.47279751967527933 0.35186306000124523 0.06181447090303216 -0.21736861130494667 207 473 497
56 -0.001869260548296234 0.7231376909195024 0.3039577030563179 -0.8872873473415388 122 388 522
57 0.8310594373399556 0.3086894342408964 -0.17549408939943056 0.2702483108390358 236 10 262
58 0.5040982774563295 0.3232969877677384 -0.02518587630118141 -0.10466371241912853 473 96 486
59 0.4867795074198236 0.261394102801804 -0.018076169727709868 -0.20321265781220177 173 181 96
60 1.0008498004841861 0.5877407922422665 0.016763609944625557 0.10795175725553108 265 408 219
61 0.0209738431903026 0.5795192750536378 -0.02991292838427917 0.1354026769179173 219 581 462
62 0.48847927190251716 0.4415408608463652 0.10947585060705478 0.27499960086885267 233 497 421
63 0.5444313742103334 0.470795852071306 0.019198255485353144 0.21371631894750998 421 338 3
64 0.27031984010958304 0.7913311860149752 0.4396464749643002 0.24804819572584075 598 252 1
65 0.36754760477736387 0.6175914816323006 0.21911756298287344 -0.06921114584224064 117 308 476
66 0.24977479647051898 0.6416235539150805 -0.01997938203768257 -0.01765986662460861 159 471 117
67 0.4026897159923509 0.6464994524775968 0.15071984077463796 -0.12278283528788236 476 332 311
68 0.406986771579206 0.7337845224177084 0.12297400528438196 0.0038280477746011066 108 311 63
69 0.2807857620766884 0.05869079487526992 0.22878175352444852 0.21670341562862738 124 403 334
70 0.6748623471207489 0.3607015180639343 0.025187783109226203 0.014656750119135253 90 120 294
71 0.6617642421550348 0.439766173273191 -0.6357045262739865 -1.6031549373541025 42 343 229
72 0.6462851471747496 0.3972571502754456 -0.03885413171755836 0.07245575250891534 202 90 343
73 0.5668594290576282 0.16968863316018534 -0.24532892146803334 -0.15118260718972398 318 503 146
74 0.5668303963027855 0.1696728202525357 0.18457362655545936 0.06953443944902404 250 14 503
75 0.5683895298911981 0.15444881001915323 0.435864785510256 -0.00015186635315186242 14 448 290
76 0.5646342788912501 -0.0049517462828133525 0.10550843945132107 -0.45886620932817074 337 552 192
77 0.5701046981687089 0.12691778431332684 0.10915877438066879 0.3255603362416204 523 192 116
78 0.5684882321211019 0.1544370804243727 -0.48541155013971743 0.08640924644646303 290 329 230
79 0.574030866428748 0.12969972193906315 -0.050066046187319246 0.2132347766241327 329 116 203
80 0.6426558500448777 0.184717035727162 0.2496087825554173 -0.10961932386116535 83 392 506
81 0.5717969153608012 0.1651242022526145 -0.06023772687255291 -0.008329933444406468 146 230 83
82 0.6761087756807218 0.2119419225372401 -0.1460614889453593 0.17142220386234808 222 204 574
83 0.642691097454133 0.18467535694350765 -0.3629243020637687 0.435366267790096 392 484 204
84 0.7293356305415898 0.2051128275997746 -0.2001171055254769 0.2124511989942679 200 574 407
85 0.7743261127028082 0.12591786778130773 0.025966483650774475 -0.154037224642245 407 123 243
86 0.6131357584158895 0.12234536920029315 -0.06652912803994937 0.21494081306472346 203 8 484
87 0.7970987659735477 0.038122127813146715 -0.6028616604201377 1.0463613792216555 106 61 165
88 0.7971556798072377 0.03797607576248926 0.20245351197169903 -0.6523338024060414 269 12 106
89 0.797155888883973 0.037941455001471586 0.06886206756422476 -0.8113298375735911 239 434 61
90 0.7971502281977855 0.038036737362641536 0.16969157278480543 0.010370003189045542 344 239 12
91 0.6484411873967516 0.26615799912597965 0.04918172657325526 -0.09728307708012363 26 101 364
92 0.6487493454443701 0.2897789481510373 -0.3190350514694663 -0.15970385982362525 562 380 120
93 0.6485993170273227 0.2897557994746801 0.3760130713438775 -0.05311861153841843 103 364 562
94 0.4083693604686195 0.10006475923534171 -0.15904636774255465 0.03972120410367097 126 590 328
95 0.3636222264776411 0.12085398156170121 0.020053923105445293 -0.017693611853442093 478 383 126
96 1.0034256770348209 0.13751916745649545 0.6515151137256046 0.17293638721299198 370 295 504
97 1.0072028423181751 0.08896843967709124 0.1244287953922063 -0.005666320190833574 561 133 295
98 0.9264916385704527 0.6976219011725747 0.2521140695516122 -0.08912549014777893 455 402 375
99 0.8751631902168923 0.7865426776045696 -0.024359123745876232 -0.23311248140145402 19 568 371
100 0.935295145366324 0.702880874549287 0.13057458725374005 -0.15308693063209589 176 375 510
101 0.9398917493645463 0.7249579835046203 0.07112366112727031 -0.3198817818267363 568 176 576
102 0.9172126655461228 0.5990369063028831 1.020028760396097 -0.27962957968022045 77 505 350
103 0.9172780854154337 0.5990344647832209 -1.1355118648826008 0.7343901551552096 350 430 56
104 0.8977196668247499 0.9158585759794063 -0.17216785173359508 1.1068975281470312 251 221 511
105 0.8977207177463417 0.9159185304184624 -0.1036364400330489 0.15025906482057058 284 511 438
106 0.8979970505712486 0.916002267054058 0.5015710786266357 -0.9810633638861286 438 588 89
107 0.8979058904593779 0.915713780014085 0.39010452049942096 -2.2950203339589406 235 221 468
108 0.8980355159721481 0.9160098035300368 -0.40257578947408384 1.7597616088882007 588 235 34
109 0.03834645343157102 0.9613905431179033 -0.20102438880176265 0.13881304734147948 469 261 439
110 0.08149325410808915 0.4738711213695287 0.9469694771093101 -0.48099066862742246 57 53 340
111 0.06386345205911727 0.5280070142132804 0.05554385562600572 0.021460806742812366 128 340 68
112 0.026810500891393096 0.36329580771115383 0.13238368715731394 -1.5292362478145565 194 480 196
113 0.12875217455884938 0.33937118804698024 0.03876781931502066 -0.17005620715857678 97 275 286
114 0.3890797702153005 0.5719480249169377 0.20787947613287727 -0.029757649122608143 308 179 527
115 0.39050820825579 0.22040285456381342 0.025977106576924314 -0.26094320784014746 572 444 173
116 0.23435788965894877 0.470544375776776 -0.24402944248658187 0.17006482333492556 205 405 475
117 0.21477752071240716 0.523419218270649 -0.07215615730377144 0.30319754028686285 585 75 164
118 0.12826642897226137 0.33765192472793765 0.08533991070237834 -0.0017313578088568038 535 485 275
119 0.987393607529863 0.4198188642720387 0.14361027089737632 -0.0768756794333747 211 390 366
120 0.3909839844548601 0.20959307609679861 0.014205559992208627 0.008706091923771364 444 220 162
121 0.16411194837973014 0.8633657071508472 0.007520998407395396 -0.26717095064077157 395 449 232
122 0.6173854092012985 0.45619821166852137 -0.02443711465821563 -0.089511554071664 515 433 367
123 0.43358809699309026 0.5175104501908809 -0.09880334324134654 0.1563227398655026 382 592 238
124 0.3376779648126318 0.9625494864956392 0.2262604631431131 0.044975414018044724 242 528 54
125 0.46440169274836485 0.9407330855750127 0.025443495921262382 0.2245097580066968 87 121 118
126 0.3706077997546669 0.7647891532917352 -0.360030243140054 -0.5582927162266953 240 92 333
127 0.4214017264804859 0.7392786844307073 0.050217696280084774 -0.5976281096733982 333 256 520
128 0.3705848691079706 0.7647551593618681 0.39824234611786963 0.5655911078296817 73 108 92
129 0.42140483233070825 0.7393292120981471 0.11923073107571484 0.5961964674865996 63 170 256
130 0.6169573775057483 0.9363308641349453 0.7457857033538531 -0.9113405840449672 577 279 29
131 0.5569058438174563 0.8594322402993108 -0.02598324975316979 -0.16865204103058695 460 285 217
132 0.5943517257987883 0.9369646384784467 0.11028042021243856 -0.03402447802669517 420 217 577
133 0.5686364879735762 0.7584075369108101 -0.0327649069334357 0.385992757027942 587 336 107
134 0.661559605629695 0.7696364406376711 0.07745106500589571 0.06570318317189461 320 559 247
135 0.5747484776410741 0.7652516532350799 -0.31908735428215484 0.06302285950054998 215 107 320
136 0.3072850766631176 0.7911078623438089 0.05657612954614369 1.4128769100918963 381 5 184
137 0.32866343972428863 0.9254219241748798 -0.17418582388907447 -1.1928095750734407 391 354 80
138 0.5406242543940808 0.7751080156352421 -0.365670912724303 -0.38311282084989773 401 166 72
139 0.4419724065874928 0.7382851529726199 -0.12836900777112634 -0.6001687302505435 520 411 401
140 0.5407543059608573 0.7751054095621597 0.7358979225565386 0.43532701687556574 166 537 248
141 0.5412122269540487 0.7684045155118211 0.1590822509313361 0.33800760489144377 322 540 537
142 0.6980813900650424 0.8426642578747194 -0.7324521114111674 1.5714187509735555 426 180 141
143 0.6980002965853701 0.8424639676832807 -0.5473947949643186 -0.2602129480943802 300 358 426
144 0.6981953056395587 0.8423666907687323 0.46668458443843197 -1.5679803527962644 180 554 85
145 0.698130746598629 0.8424947469158189 1.02333900854306 0.39973199959968186 358 247 554
146 0.6264082637196527 0.8708573527084158 -0.026656980789407925 0.041563560926327625 110 419 300
147 0.7931509629328057 0.8911977922624593 -1.4675909446729205 0.6072746831243256 293 483 316
148 0.8188206312995687 0.9494192825886575 0.04190105536844291 0.02779355842696951 245 316 459
149 0.8029574184168361 0.9731537954775018 -1.164973283509699 -1.0503096731343018 445 245 257
150 0.7950426772161041 0.9766680906027063 0.17715681716740095 -0.04600738279930683 412 445 174
151 0.7286344628999772 0.9190281629039592 0.11926577503373892 -0.1274581076099457 531 330 412
152 0.7932300472632672 0.8910653230887091 1.1534593499361745 0.1903320285965215 580 327 458
153 0.7930921892043836 0.891096178606726 -1.0280320213989644 0.14003949923914763 140 580 293
154 0.7375352074044716 0.8953807573580217 0.047438278305556025 0.05700508086403655 330 141 140
155 0.3072650204362245 0.7908443037605486 -0.1557941067091697 -1.371752670197582 5 1 73
156 0.274371843667666 0.7961704436177012 -0.04796966374467915 0.009947549034494685 594 142 381
157 0.548909890901863 0.7793044286554527 0.013443116411715472 -0.08487115159966363 93 248 429
158 0.21092562850987634 0.4894584003228245 -0.05218711296439693 0.02623969409809579 231 205 498
159 0.16292511836282453 0.4721630664288037 -0.29426788988125197 0.29097255523535986 47 259 231
160 0.30474079866047127 0.5093818088922556 0.14828907590519383 -0.52828832891648 164 363 289
161 0.30476010777819423 0.5092782642760986 -0.08460914648208365 0.7244657198446488 363 475 331
162 0.37938917587699605 0.5263221825574376 0.2129599523744037 0.5488154596468113 331 369 249
163 0.8279528349280985 0.3096509153608633 -0.012474049440949764 0.2207415744116814 490 406 236
164 0.7396467916996312 0.2731740744477831 -0.02063454233869333 0.010276402818976127 512 58 418
165 0.7483857362629678 0.26617267146006024 -0.20072824687134005 0.150144415303477 58 200 406
166 0.9372857912523247 0.36264409209662507 0.19951445079380292 0.15448914925109136 409 51 172
167 0.840021414657707 0.32806131443931963 -0.29597164311404023 0.0022036435176620017 464 262 409
168 0.9520528992517163 0.4170273551339851 0.14889869059953043 -0.07598071685710472 345 172 211
169 0.3581089896061362 0.18816554702159727 0.061912299961254524 0.06387337982746016 270 478 220
170 0.826988147711807 0.733689913221465 0.00822407211775733 0.018897635539749658 91 74 455
171 0.8530713074770009 0.6138052132387545 0.07154841510925714 -0.1784852064756759 31 302 201
172 0.9984507429879876 0.6354705116633496 0.05600294389132023 0.1990053709641199 241 265 526
173 0.9983841008432883 0.6355757755325053 0.16412353847933964 0.6664529796586893 136 241 509
174 0.43217252008005375 0.5719783152050784 1.077169681812265 -0.5650591914594651 298 376 398
175 0.4348554210630161 0.6285984581134021 -0.06382418690775715 -0.0011133059751866625 332 398 255
176 0.2245597277441325 0.9190001637851387 0.02795939382793655 -0.19458768693580986 427 15 525
177 0.2078317938846338 0.7300661743322459 0.05562314150941994 0.21462464895594113 99 129 41
178 0.21872342534701514 0.7260048657973649 -0.043944961905517665 0.2476276107776787 129 159 325
179 0.23965215668722284 0.7580979006214629 -0.5480884416494461 0.6356433582003421 40 325 252
180 0.02963778611833022 0.09026099658308877 -0.13788535035974547 0.10187742836842428 209 599 425
181 0.13391727367308143 0.08859305699863734 0.21229672585859616 0.004405281868458122 425 400 171
182 0.6689136906357611 0.22995807732731322 -1.82189884076913 0.09881060678400559 16 506 584
183 0.6590149147456569 0.25962176956765115 -1.3065609095550401 -1.0756417636082514 101 16 465
184 0.6692507936451564 0.22995018328117633 1.6255302832173466 0.018795619009489336 584 222 352
185 0.6740369446675458 0.24821983997495434 -0.12083869044277051 -0.0009437471637507855 313 352 512
186 0.6592200936449522 0.2597861977861161 1.2357092768805933 0.9797632378216498 380 465 313
187 0.2965874876831845 0.1095776421527762 -0.013017849992413844 -0.028093342582802272 223 62 477
188 0.3305054752806744 0.096465497153137 -0.07136810725727472 -0.04488178925732278 477 564 383
189 0.9335372129053493 0.022132430576186815 0.042008833217588304 -0.1681304057782329 165 454 561
190 0.734952767614074 0.7124328245583713 -0.03404019981742643 -0.33532981898501923 492 417 365
191 0.7826720213950482 0.7663652393413639 -0.06170151958806436 -0.10790708188102016 11 365 348
192 0.8238716175330377 0.753684340174532 0.040279166807488664 -0.15445849113615573 348 91 19
193 0.48307120122485236 0.7192948032701871 -0.0783855688690771 0.06734192994906074 541 567 322
194 0.4419801842135902 0.7383693660325977 -0.02515108096562326 0.6245069590414097 411 170 541
195 0.037067628911655964 -0.0126087905162054 -0.12654375897841463 -0.19055846813692545 482 227 65
196 0.047862203208830806 0.9796738238138151 -0.30415212362577826 -0.06642220870545223 65 439 228
197 0.11305444869275738 0.9957222205226244 -0.049390624923262294 -0.023870561083327857 228 596 45
198 0.026418205493429138 0.9638178897804855 1.3936212566226756 0.3492654210280038 360 303 299
199 1.026265075044356 0.9637849892353268 -0.9461994218332549 1.1829217527796432 213 553 360
200 0.026391759329435327 0.9636871432856136 -0.48595893246147853 -1.2592636360449434 303 553 469
201 0.2851392072003507 0.9886143927438942 0.2613301200438123 0.04345956372553417 403 525 27
202 0.21466401254706519 0.5232622399130731 -0.23677178013895883 -0.6730512401627461 157 498 75
203 0.08153362813811957 0.47379103645201415 -0.8999885113959543 0.07016598181110427 53 102 396
204 0.21467468979570603 0.5235815883106615 -0.5072608521053922 -0.8738168609751049 125 2 585
205 0.21456047377699292 0.5234009596141624 0.47178237623805763 1.0716815293830084 575 157 2
206 0.18961484919021354 0.5232996791465174 0.014877133205914994 -0.03391076482117672 214 100 575
207 0.1345798376054718 0.7599934586717825 0.08900345460638448 0.25887041434080604 410 414 339
208 0.14317966597399784 0.7773926980291601 -0.29281466716656135 0.20092285898476533 0 339 296
209 0.08748578807804117 0.38299689783510704 -0.02543042096347925 -0.06272863270484486 461 97 547
210 0.026775239121564487 0.3635622590070903 -0.38523860435298146 1.532751750971421 131 194 461
211 0.08164298329072732 0.4737586761451479 0.7030496823242098 -0.18713919999410483 17 361 102
212 0.08137092344245518 0.47392476876598566 -0.5148615575464042 0.6047652952560637 154 17 57
213 0.15019040277805606 0.3191122214730309 -0.2593800536564183 0.05629270393467216 28 543 288
214 0.20482710316473152 0.3895028897745571 -0.38872604926631915 0.03996151014262761 521 206 405
215 0.17752909971067082 0.3912563539853871 0.034045989291686674 0.02152828262880213 152 487 521
216 0.14315589043186036 0.34032107299527214 -0.12343037390782907 -0.1859970946357925 286 28 487
217 0.0755913025939292 0.32007196495651363 0.05881968592746922 -0.00879080072624383 196 186 535
218 0.15013115262596677 0.31907782953604535 -0.07227917246113105 0.1649304637619544 485 253 543
219 0.23816889076802317 0.10224560872853665 0.1596820877781957 0.15971115489149534 529 124 60
220 0.431894644643052 0.5718329800222942 0.9687011404341858 0.2537915009523167 527 291 160
221 0.432069288308089 0.5719534886203317 -1.6392550794368503 1.949229755663013 7 542 119
222 0.43196943246788033 0.5716916768928917 -0.32833472208421144 -1.1638156747399795 291 138 542
223 0.373011805014546 0.5310267295549893 0.23398882623149042 0.059800872934112626 289 263 179
224 0.2530682760045284 0.8471183808078158 -2.734230055186765 0.9050160972305827 71 22 579
225 0.253230108939858 0.8471266142449668 2.2216817538878857 -0.7971867861932556 453 71 144
226 0.7631595692176212 0.35370022650855654 -0.13435513847304126 0.08547938641634278 112 431 145
227 0.7494864388446786 0.34617321725615197 -0.005192515341312376 0.15531423890047247 341 418 431
228 0.14979130712162267 0.45396120126365563 0.006860378931605737 0.07273063228063759 115 152 259
229 0.8266102124088703 0.3244755674568047 0.019130952551293934 -0.030708906251231127 145 490 306
230 1.0266913357397864 0.36341538864233824 0.48194408587047893 -0.47627655616750336 390 423 131
231 0.9401905454405375 0.5543113388480587 0.055427509598141717 -0.0002193566129519292 582 301 321
232 0.9402495174196608 0.554419437631479 0.04270521287671244 0.029616708606785332 178 321 267
233 0.11446951747614191 0.5782054214589891 0.18344649582621414 -0.3364278275316259 309 94 450
234 0.15191280479984962 0.5974918695715103 -0.06285741961653546 -0.23643308491583248 450 314 224
235 0.9566376404554201 0.9220470544623589 -1.0682561888325286 0.8208006945845917 18 226 213
236 0.24068488393255058 0.1071419772382605 -0.4326490480113798 -0.5396536754655656 198 60 378
237 0.3469978214367208 0.9659977590547545 -0.09522167242800426 -0.15411525615524527 158 397 148
238 0.3470950057446849 -0.033979031412153284 -0.23517676026133535 -0.13379148560788232 148 151 474
239 0.003421945612320904 0.13751818343231892 -0.5006064875012913 -0.12625750648697764 504 209 310
240 0.002282302848111227 0.20648173279028142 -0.10272931692730533 -0.6329846957676099 35 310 502
241 0.15158860854972034 0.11133356237864339 0.12832503809567797 -0.08581847524280484 472 171 287
242 0.1284094391068314 0.2138293081900459 -0.1180544044465659 0.37166182284553706 312 472 185
243 0.8821473712174586 0.48128179746913025 0.019475985754691116 0.1645501807728822 319 368 33
244 0.9067087085106762 0.47973768238078995 0.0043077916234146585 0.16158742642546908 33 345 335
245 0.43268726985386485 0.5150718374891565 -0.02760172047519549 0.34744349342030745 369 233 592
246 0.23974642389221495 0.7579951517764951 0.4724835053367861 -0.47658107126433386 189 40 208
247 0.17597275097288873 0.8479502295031951 -0.11501247142164939 -0.08193269292189331 372 532 449
248 0.252925065699685 0.8470570316003324 -1.6224323634355873 -0.11412340548082713 532 565 453
249 0.22815451462246356 0.3052773601924105 -0.33871481418257243 -0.25753382239257494 206 424 273
250 0.419409373484854 0.5326547776526303 0.0010425590946105956 0.07144921564117279 138 199 382
251 0.32872364899963225 0.9255331945287181 1.5192371337412018 0.5946151101745212 528 413 391
252 0.3285426874839468 0.9254716501119935 -0.8460709228461397 1.1435038824338235 147 354 413
253 0.25340043260984696 0.8470251380066374 1.2726840771854386 -0.4415866737553166 546 579 594
254 0.2532735615202021 0.8473042172721462 -0.10684311513997494 -0.9209947800334783 187 546 147
255 0.6170401135703495 0.9362298489195185 0.19403742977118146 -0.9113853150415906 279 110 297
256 0.5729305039170136 0.8328042823789565 -0.03425261237702736 -0.6184101645291583 285 52 76
257 0.573042884580608 0.8328314988307728 0.2855486766608966 0.17140580586827436 76 555 419
258 0.5578347357290177 0.7722672825099955 -0.07885716021144296 -0.035638754360828306 429 183 435
259 0.5663030659576791 0.7750815993866531 -0.17983737572030423 -0.08084593983853638 441 435 215
260 0.5729830149343949 0.8325798522973482 -1.2543853130091587 0.5219978661233533 324 441 555
261 0.5520464171885595 0.8064521143060335 -0.4461809215951446 0.10228708342095304 67 93 569
262 0.5729236306325013 0.8326512074786965 0.563197022175675 -0.41569290957848504 52 569 324
263 0.253175760372484 0.847445693986959 -0.4444681169960647 1.0280294402252999 15 144 187
264 0.14752877751021012 0.8555134048497439 0.09956973162639216 -0.21129696221866556 212 457 395
265 0.15364897851909498 0.8098221279102191 0.5384496441031067 -0.15612952479265516 457 274 589
266 0.06313109855038539 0.8872562583897186 -0.1455248263906861 -0.04823932191200253 261 578 212
267 0.3564980397478782 0.1891321598252993 0.3347199691245209 -0.09814148842560155 244 270 82
268 0.47888450852233716 0.5534667974632747 -0.08915523319608099 -0.04293263591859109 105 156 323
269 0.47949404530386575 0.5354719483881908 -0.10182543627723639 0.13032697906978363 238 326 156
270 0.3269553844202523 0.9800642017951802 0.30232246961935105 -0.0023395259254183065 27 242 533
271 0.9170260858281873 0.5988689489228444 -2.051879678902649 -0.6335049412740338 516 277 505
272 0.8882966903668842 0.5525002729164429 -0.9437540839714246 1.408566143219451 225 254 516
273 0.917424187742454 0.5988991255132652 2.2808019166171336 -0.11601375999600134 277 178 430
274 0.7959997737755419 0.037693826060360966 0.2167694647696103 -0.026934641756543032 44 373 344
275 0.7505129167711863 0.08120528173991089 0.19577800769443598 0.1147895570263735 489 44 123
276 0.11447274595700357 0.5781943679828753 0.00924806315647517 0.2598244450293481 94 68 353
277 0.052846885956757496 0.8785831721188929 -0.005742822190013541 0.06614900311535665 150 374 578
278 0.06563067441915948 0.7890010410781336 0.05960090754264513 -0.10648658760326057 563 175 374
279 0.27011527962521276 0.791443135635717 0.031938125728088115 0.27247374877463915 32 208 544
280 0.27024364514120464 0.7913966567388456 -0.4620845833776927 -0.2911317314557415 544 598 142
281 0.7103212659119595 0.7092627310078295 0.1791169667447745 -0.07637185345937825 559 463 492
282 -0.0019894766589381102 0.7232132745966573 -0.8385523946250042 -0.1827588406745482 576 495 234
283 -0.001966458674275457 0.7231946872679303 -0.8549914678244281 -0.5078825998192663 234 122 563
284 0.24073425438805576 0.10721982649382525 0.8999934000296687 0.020245434117409453 389 198 59
285 0.1859510259881844 0.10164330171495682 -0.9236762917654321 0.5115378156841541 216 169 389
286 0.37942574917079613 0.5265318689578278 -0.042674057018111944 -0.2577527611702726 263 249 199
287 0.2489765692864349 0.28712952104772077 -0.32700233458526906 -0.27147920231285205 273 356 84
288 0.3513746693801368 0.2763002141911668 0.2126891905651629 -0.30023254715683123 84 113 207
289 0.2894472937049605 0.14732483955141387 0.06829984529332922 -0.19564398573423958 442 223 244
290 0.2697043734350758 0.15259392160362287 0.06268452562574467 -0.1706424668235229 451 428 442
291 0.22846909923952627 0.2573880851243129 0.006685505621328858 0.2674748384584591 566 451 356
292 0.5432996017554999 0.4981681152513864 0.037774493949482846 0.01629251872303783 326 3 355
293 0.7829775973324796 0.6981364022791002 -0.11399382965349147 -0.08489749667162094 501 139 74
294 0.7854896512571349 0.6606285626183429 -0.1062368755466725 -0.07967587561941158 466 31 139
295 0.7349617612599225 0.7124036788579441 -0.17803903037722119 0.13123299987802045 417 351 501
296 0.7125752826394921 0.6980231597107274 0.06529586619660743 0.044846131322384686 377 64 351
297 0.8486283261166916 0.5546570067721113 0.09031387443458883 -0.17762577103619392 302 37 570
298 0.16064843639493348 0.5871899639969751 -0.11914812886315573 -0.17523976419270282 314 20 524
299 0.15592172477185834 0.5783322833374631 -0.006996134054026992 0.025487759125475407 353 214 20
300 0.6470402241955759 0.5787424147329268 -0.03689522611038942 -0.024451057498153794 416 519 283
301 0.6618380512803554 0.44002026159794094 0.8567856027476566 0.903462915322951 367 42 268
302 0.6467531916880018 0.556507192208361 -0.030340660886474247 -0.012497256701715642 519 538 488
303 0.4319176164624627 0.5720357808856553 -1.8089440758333037 1.5111349034368842 160 595 298
304 0.6139037060942714 0.5962087880321804 0.01919189113186448 -0.0576857971112954 155 416 545
305 0.4324215197542593 0.5717420763774359 1.8727306164294828 -1.0661037204678492 46 119 105
306 0.4320313765919597 0.5719457882103086 -2.632527001051384 0.7808625258293806 376 55 46
307 0.4321792530415191 0.5718541356855021 2.163897592428782 -2.016699422269317 595 7 55
308 0.5886202855457277 0.5777482138709735 0.06474345434770434 -0.01255752793416498 177 305 155
309 0.5397057262907015 0.5979125601333665 0.02400354429110685 0.024537061965590468 556 323 177
310 0.20803015310032705 0.7407498398639233 0.04313431278823998 0.05777162134096292 493 41 189
311 0.966240172763193 0.6849052960582177 -0.04186073250186939 -0.0053181771486610074 317 496 548
312 -0.0019249474976397855 0.7231911493286727 0.8179836103003757 0.599752121490521 495 548 388
313 0.9677377954304434 0.6801589645692272 -0.164245901368475 -0.011300001140693555 496 491 130
314 0.24085823621334815 0.1072663491919108 0.2943327713392056 -0.2609495150656684 59 271 428
315 0.1857984976811295 0.10160420133857676 -0.9623278095943245 -0.5194764937410971 287 432 216
316 0.18604425596490995 0.1016104752261912 2.889579371078191 0.14389210077636344 432 437 169
317 0.1858832880561072 0.10153444458591056 -0.9154698277252142 -0.0784666786651485 437 394 529
318 0.2122496845783562 0.2639431216179713 -0.07021894801728656 0.3033705946176024 86 566 593
319 0.12317284375771094 0.7639969568588241 0.06561041822686353 -0.026970962095640427 175 479 266
320 0.14307125401191112 0.777487523822892 0.23225553927189255 -0.27402531580921363 266 0 274
321 0.16293331604009068 0.4721535492946265 0.20141173353975267 -0.290049258413604 9 47 100
322 0.13073468453041492 0.45747796127691426 0.7046755316552711 0.06218652678577092 396 586 9
323 0.1306986648757751 0.4573872567161387 -0.6615877265865816 0.059319547307513064 586 508 115
324 0.17304717690192506 0.7132207683249259 0.0851906663268398 0.22442740027495134 414 224 99
325 0.10258417999396502 0.44405228999159213 -0.35203772030996133 1.4541652936753569 109 357 508
326 0.1026172044090007 0.4438893596880603 1.3942626472958872 -0.2539753803315961 278 547 357
327 0.10248769999452945 0.4439509703158798 -0.9564030095231962 -0.9228247941359732 361 278 109
328 0.1455450350147228 0.24135539673435982 -0.2630546603460404 0.20346765383649768 30 185 86
329 0.13779028628000556 0.2496783317864206 -0.12146642389826434 0.04508360577221149 530 30 253
330 0.2408318650732082 0.10724946018433766 -0.7159009482476291 0.3660398058334506 271 378 210
331 0.15360353780640834 0.8098310671446196 -0.5665799853384772 0.06376503676610397 589 387 372
332 0.253220810486625 0.8470178570482975 1.4129104273052202 0.11983085708742536 565 32 22
333 0.8362051114867365 0.330742386616126 -0.10556277258572111 -0.12544701354089138 306 464 536
334 0.9865819284591787 0.33599234471120254 0.2552834901803358 0.09017493418639333 51 514 539
335 1.0266508050871648 0.3634948493036419 0.07131661125507283 0.370665904968714 423 539 480
336 0.15103067137660195 0.781140700443948 0.006343938742381372 -0.016640523160804666 296 493 387
337 1.0327699390505456 0.23459441538306197 -0.4361432427726731 1.5142527506880685 573 264 399
338 0.03287139009646224 0.23428939877301724 0.5811084835686926 -1.54384999284399 264 494 36
339 0.2808609669949123 0.09612180019157926 -0.08508021960562662 -0.07552527631071726 210 43 62
340 0.8947317325798587 -0.04969264769727171 -0.11944952735265524 -0.18773532312055252 481 551 168
341 0.9024839072492326 -0.08055434501513183 -0.17016726378688007 -0.10085268419002258 551 89 557
342 0.9041614444696087 0.9185007782856638 -0.26520698392094083 -0.3805867577767177 557 95 18
343 0.28504369590686274 0.061148796541008354 -0.0984964439870728 0.0299522157076737 43 334 21
344 0.32793179602781564 -0.019100381736275034 -0.004685481690136495 -0.26664185080824826 533 158 276
345 0.32600722323794235 0.03974785684717469 0.006026791912749907 -0.0255130260667924 21 276 246
346 0.3334477425480444 0.04416963872994802 -0.10047537281343555 -0.09138305476913411 564 246 446
347 0.36509283530283443 0.021702885146726598 -0.18218902358979605 -0.03350110674982254 446 474 237
348 0.21077029138782377 0.2933987067131838 -0.044698678439147876 -0.04382128999946833 288 593 424
349 1.019193657580374 0.23598230819474805 0.18230861559970224 -0.026956525032983958 514 135 573
350 1.0024027994840763 0.2067760655666148 1.1329067569156894 -0.5863168686182693 78 143 135
351 0.002451001046525194 0.20675717973703286 -1.0120507901178761 0.6698280482738458 143 502 494
352 0.8281047720792097 0.42380245945394207 -0.1480526117217276 0.12511766135409225 436 536 368
353 0.597404638788607 0.5302011576506939 -0.7650316176358745 -0.03993935475041493 81 515 440
354 0.08536388861740814 0.23869942060252353 0.3418962040925886 1.734445955370824 549 571 530
355 0.59736849059686 0.530350452524154 0.017285534657275614 -0.199249865058212 305 362 114
356 0.7192069941004907 0.6215990788080654 -1.2773512106620015 0.8745332268983919 283 69 38
357 0.7086410306402716 0.7003013126385377 0.18593223349849808 -0.022136755796486884 463 161 377
358 0.8631206138462848 0.5444264300434388 0.048285927513325166 -0.12016314818175111 570 191 225
359 0.7194461247981998 0.6214723406553494 1.4461457882061866 -0.5808892557120331 98 69 39
360 0.7270752093757097 0.5678158574300692 -0.028610035174292392 0.17909647168079523 39 583 48
361 0.8274125974109485 0.5388272556003437 0.39454699750363087 0.04287075867914769 48 195 37
362 0.723990463847595 0.3692119575526166 -0.030277762301479313 -0.27955898932591206 132 443 470
363 0.803180720106255 0.97333280486187 1.3938720164136185 0.9881338171652461 393 257 422
364 0.7192400334326353 0.6216596250806569 -1.500003139181253 0.3934927391391308 64 38 197
365 0.7955072212471822 0.009144995023031451 1.0014925537498884 -0.11613979634505621 373 174 258
366 0.5974803520136578 0.5303057187658147 0.021740030590089617 -0.07177039765716031 114 440 538
367 0.6775347641801739 0.5366035950162409 -0.15305898840023424 0.08886206978586664 488 342 583
368 0.795501144021315 0.009150581105453356 -0.7352195288587133 0.13541656195090612 258 393 434
369 1.0189348544753565 0.5268232143998713 0.07194860835585404 0.0666326499185188 456 188 149
370 0.7611661099001981 0.3655000141267978 -0.07488710814657074 -0.2291204191651186 470 112 467
371 0.661865361423765 0.44003641061637744 -0.9982388040117142 -0.5498345324097274 268 315 342
372 0.8328958230351777 0.9509726717242939 -0.05965540270834934 -0.3803746932094223 422 167 481
373 0.5362637135800097 0.6347071115854469 0.02829487616429205 0.01655279385781583 415 556 127
374 0.82803872941404 0.4238306688722215 0.2770414177539625 -0.05638407830097034 467 436 4
375 0.4749593366021488 0.9749272180179541 -0.06599839702525756 -0.07159649262344914 282 118 597
376 0.40591438544374125 0.03642106747966895 -0.15542865813844564 -0.004981791368319222 237 282 590
377 0.7194889805948214 0.6215639875082033 1.3860290650465967 -0.6824910973282812 197 98 466
378 0.8673517869569703 0.5294600917769596 0.057282919380119424 0.18928869478795907 346 385 319
379 0.8619979762328913 0.5318572462607798 0.08952310993209922 0.17780340481193813 191 534 385
380 0.8884737202497482 0.552204432700783 0.8319362915141304 -1.5588693260943607 254 346 582
381 0.8389339587472364 0.5215014036971466 0.2475723549777431 0.24845416106422658 195 4 534
382 0.6619123436967631 0.43996233101245097 0.31589149941397676 0.89035321875218 315 229 132
383 0.5972714663261506 0.5302122079257108 0.8272525676576628 0.2871711775223173 362 355 81
384 0.7238790217188915 0.36892581235587013 0.12633419528063938 0.10158632005258586 294 341 443
385 0.9567502805549901 0.9219113526731411 0.8418816681060506 -0.8503270292441731 226 307 150
386 0.08530101953724048 0.2383920173515068 -0.33114024663739033 -1.5556657585883489 36 312 571
387 0.5646219140999978 0.9950353461554239 0.5747811500871448 0.10326943681839224 597 560 337
388 0.9391158841958132 0.004039944850991295 0.023438741225678683 -0.11243344415212686 454 168 104
389 1.0314052681724017 0.48344513867270167 0.1370024468871911 -0.04948480028521551 366 154 188
390 0.03030697076898179 0.5373691425722047 0.013776514998231626 0.027695351220713427 149 128 581
391 0.06570811729310604 0.25135356561648653 0.09020194764730594 -0.01458784863739293 399 549 186
392 0.5755991280931407 0.6613781558724656 -0.006381772887920079 -0.014096343536884604 336 127 50
393 0.6111693398490302 0.6434369998317013 0.028683834474296788 -0.0440514048849483 50 545 161
394 0.6408022794952498 0.07276805818216951 -0.010795410398944938 0.096056809728573 8 280 489
395 0.5647967169186004 0.9949410573661238 0.3871944471012104 0.10053228390717953 560 420 500
396 0.5928224311469451 -0.005934376865018767 -0.09336091413847392 -0.03765667361266267 513 347 280
397 0.5647226195684123 -0.005044746438033052 -0.5479076862931864 0.11314305681657294 552 500 513
398 -0.0016022668060375847 0.6355138199692696 0.005867672195564513 -0.844459600160617 272 509 499
399 -0.006810083358943442 0.6704234284753727 -0.030211444110306296 0.023226785078600543 130 272 24
