1801
0 0.006433670643896348 0.6358570614531384 -0.28802515077835933 0.0907042885245346 111 66 359
1 -0.0015122769657142177 0.6354833016569229 -0.09385758108215736 -1.317144584135762 499 526 111
2 0.7567363466967801 0.8346879031241916 -0.09442902779155382 0.03689720126653917 85 11 327
3 0.8860175675747092 0.9032436013022035 -0.122086235864366 0.4218601722635916 558 371 384
4 0.8979309035277637 0.9157407465384301 -0.08088738432987562 0.6257916037363115 468 384 182
5 0.9040898439548083 0.9183976636293286 0.27877810775177403 0.6516907498181883 386 182 307
6 0.904001102931453 0.918450750025147 -0.9238077296097104 -0.37186998213693595 34 386 95
7 0.016439176536487785 0.6846856378758731 -0.3180584371396955 -0.0283421467718592 517 359 452
8 0.011767039876966846 0.6865358408146962 -0.17731974638612868 -0.08679977934328287 522 24 517
9 0.03249001178941849 0.5920039106161132 -0.20398536991483862 -0.0385790288603971 66 462 309
10 0.3525420348979277 -0.04533043161182192 -0.7961382010379181 -0.22555678562158776 163 404 151
11 0.34633850182075127 0.9639759475583087 -0.14328831597805458 -0.047302983275168686 54 379 397
12 0.3524664332284074 0.9546411470845391 0.4364495517138146 0.1575388214168248 379 193 163
13 0.8681598850646481 0.21247003912775048 -0.06959363779701633 -0.006692751908232708 10 137 134
14 1.0022460756873235 0.20651350556944745 -0.7053891577319055 -0.6853089694913738 591 35 78
15 0.9818190415867813 0.18772239092440868 0.15356303277591632 -0.029378765392662487 134 370 591
16 0.02352686020673414 0.0832627675526641 -0.15086021147581175 0.09724200993044274 133 482 599
17 0.13703066021524016 0.08450888368743292 0.08517621035569745 0.16523431598663985 400 45 394
18 0.6098645766177508 0.44858613647848594 0.17063861296184868 0.12233516387405441 338 447 433
19 0.6336298869678918 0.3962724124431831 0.15234262358554407 0.08735710418927845 447 25 202
20 0.7849232195880761 0.12436612026352756 -0.16337221072498798 -0.12246758052114615 243 269 137
21 0.5286721846112662 0.21004331149860286 0.11087639573831298 -0.32882068075335 181 6 260
22 0.60807869017938 0.34275865577914394 0.05594011365239737 -0.07576652916174709 486 103 25
23 0.5635401142637614 0.2053171150586468 -0.0817923895279904 -0.2788183010860035 260 318 26
24 0.5261336433263802 0.20010541160250597 0.16306843843988394 -0.10082933342425715 349 250 6
25 0.560039460598384 0.13834060226852254 0.13912367889667987 0.2784809893102702 448 23 523
26 0.4726490456505614 0.15060569792423364 0.07399272826391634 0.23477707729313568 328 23 190
27 0.4700598950122615 0.1703728988114431 0.11748204666039985 -0.07867223053570349 162 190 349
28 0.955669041593144 0.6868117576535328 -0.14308107881280066 -0.5054645387496263 510 70 317
29 0.930142717109077 0.6874904601080287 0.20576138050343307 0.02666211383617334 402 518 281
30 0.8978927314991254 0.6252815696776834 0.08409317686641771 -0.16712513803418538 201 77 518
31 0.9556703103711305 0.6868151057113276 0.21526998893449953 0.484977252434226 281 88 70
32 0.9676699391961532 0.6801383204870559 -0.018810312382282764 0.1774220469929436 88 49 491
33 0.972307366546739 0.6443268273795983 0.04848220019892935 0.03961931165086252 56 136 49
34 0.8860383356825952 0.903223456476324 0.4064749759816102 -0.08909825993723376 218 558 251
35 0.7932552507056229 0.8912063125533282 0.35535420306597204 0.9338644710166882 483 458 218
36 0.8328953315173685 0.9509248475413952 0.14432055258164783 0.3874576536699739 459 284 167
37 0.02403222050881261 0.9776048027898806 0.01672177743494707 -0.08909299756276745 104 299 227
38 0.12357367157239607 0.7615798359667018 0.02229599269966409 0.2692190972757025 452 410 479
39 0.1814409104548009 0.9180641615861923 0.03718964511345568 -0.1827108415952683 596 232 427
40 0.3531118845555785 0.9331129186429092 -0.1527961723292448 0.14975228687305608 193 80 13
41 0.33753870466926156 0.799123335307091 -0.1100663858666362 0.008209586482843534 184 240 79
42 0.36627733186862854 0.9361882763533311 -0.3352442476400874 0.17825079762917584 404 292 87
43 0.3587813113304273 0.9293689445532324 -0.2556652650004265 0.23718189226876185 13 79 292
44 0.5568193849041333 0.7682935439918931 0.013197191343211623 0.3462799422204732 540 587 183
45 0.5521108581735549 0.8064162218229298 0.6130848515954789 -0.24633135448689625 304 72 67
46 0.48696257487290473 0.6596235952549789 -0.03214011903840408 0.03547956234362104 255 415 567
47 0.9405982913812346 0.5537249656193681 0.017043339179192984 0.06030947463436451 301 335 550
48 0.9450759784739262 0.5544704561225321 -0.2306634681097596 1.5319992400943236 267 153 408
49 0.9450997121142306 0.5542006944874917 0.03488036984963219 -1.4838808270594426 550 456 153
50 0.6170643915075292 -0.06355473680843823 1.6090988048558352 0.7771754980527861 347 29 507
51 0.6169349567667309 0.9362718440426806 -0.5986724860982036 -0.9018167722215633 507 297 531
52 0.36997029101402734 0.2279060924121531 0.2542013828599199 -0.3580261656588313 113 82 572
53 0.5522325234918437 0.8583683501843873 0.24495449158640215 -0.10330243500888958 121 304 460
54 0.20070086305946244 0.5849055062210264 -0.12308603580812871 -0.1634230847868956 524 125 471
55 0.47281609612204906 0.3517978260048461 0.06197492033455099 -0.21748562811785277 207 473 497
56 -0.0019182307295783848 0.7231387108697819 -0.08263819606911527 0.9336662285132747 122 388 522
57 0.831006801703208 0.3087705206232706 -0.1754310660281866 0.270307743592893 236 10 262
58 0.5040907268734622 0.32326556187446187 -0.025160010880265204 -0.10479738743462974 473 96 486
59 0.4867740847212834 0.26133312202248893 -0.01807539534715019 -0.20329753713799192 173 181 96
60 1.0008548719200965 0.5877728142196625 0.01755209276532721 0.10618147090746266 265 408 219
61 0.020964864598786492 0.579559901735587 -0.029937043122263418 0.13542810588240695 219 581 462
62 0.48851211102810266 0.44162332034462254 0.10945810924312127 0.27479801906205026 233 497 421
63 0.544437140578619 0.47085994743618964 0.019233150835851198 0.21361868732250322 421 338 3
64 0.27027715223936805 0.7913365516459775 -0.43621021744797567 -0.09424021160203645 598 252 1
65 0.36761334588519917 0.6175707252024618 0.2191470414858454 -0.06917638059600328 117 308 476
66 0.249768856317011 0.6416182611512145 -0.01971115215493313 -0.017633393356586424 159 471 117
67 0.4027349124458751 0.6464626197728633 0.15062407848764892 -0.12277286201567428 476 332 311
68 0.4070239822257665 0.7337857288405173 0.12320987927832983 0.0025628882696637767 108 311 63
69 0.2808543408365295 0.058755765300663745 0.22850391197259956 0.21650136379849916 124 403 334
70 0.674869681080716 0.36070605718523535 0.024080770710810384 0.015366767580626828 90 120 294
71 0.6617082356966509 0.4397337203141715 -1.3851601924505192 -1.8857857244820322 42 343 229
72 0.6462736485492082 0.3972788450519591 -0.038002530809710944 0.07222332298190137 202 90 343
73 0.5669598982243852 0.16973869450687668 -0.22893471387824998 -0.22318568467958808 318 503 146
74 0.5667130544465938 0.16959796857526135 0.16959710777138085 0.1316733393163811 250 14 503
75 0.5683179311988276 0.1544683924860352 -1.5751565132196728 0.21225898325495737 14 448 290
76 0.5647231865223691 -0.004897200511686748 -0.971205912033194 -0.6412795440583754 337 552 192
77 0.570137534122604 0.12701542769863988 0.11021333169020098 0.3254266015516316 523 192 116
78 0.5685449138255667 0.15444316585961648 1.5193945978911565 -0.12710216928019147 290 329 230
79 0.574014821776648 0.1297634512175495 -0.0551515150389037 0.2120234906914653 329 116 203
80 0.6425908459725186 0.18482521381818218 0.10599399828431673 -0.23030835481991155 83 392 506
81 0.5717772198893583 0.16512308192878078 -0.05868837759520629 0.010304187971627021 146 230 83
82 0.6760668664948433 0.21199413932060257 -0.13958046246598244 0.17185187752011277 222 204 574
83 0.6427214619628953 0.1846651761057744 -0.22167963205648072 0.556866700223823 392 484 204
84 0.729275615910686 0.20517652805537936 -0.20001410180880974 0.21228092547675992 200 574 407
85 0.7743339217945149 0.12587166346062575 0.02606208027167156 -0.1540028419025341 407 123 243
86 0.6131157454694506 0.1224098697407574 -0.06565103807809614 0.21448501932863628 203 8 484
87 0.7972434615039591 0.03802188430626544 0.027957629643977043 -0.3916563302028362 106 61 165
88 0.7971214999963996 0.038124407297999624 0.012158685264661816 -0.5271535501166899 269 12 106
89 0.7971254642903302 0.03785331837679931 -0.43599404625353255 0.75182480358503 239 434 61
90 0.7970196852046856 0.03796750703742698 0.24615428738025952 -0.28071626159925733 344 239 12
91 0.6484553277935738 0.2661263622351816 0.05007303929133178 -0.10303905124964263 26 101 364
92 0.648655379244517 0.28973175409399893 -0.31361011468810235 -0.15419114269960812 562 380 120
93 0.6487111381421871 0.28973940486596456 0.37156815818651395 -0.058622250402508985 103 364 562
94 0.40832165930539177 0.10007670659510988 -0.1589826451042775 0.03987616417622242 126 590 328
95 0.3636282455530875 0.12084868916226585 0.020068432332598363 -0.01761521692400514 478 383 126
96 1.0034278084287884 0.1375207458108291 0.6525667116619388 0.17433979529934887 370 295 504
97 1.0072400604395377 0.08896671966004578 0.12388223190329395 -0.005764164839883179 561 133 295
98 0.9265672312303448 0.6975952023948548 0.25189723223961735 -0.088927834193675 455 402 375
99 0.8751557832110503 0.7864727790868319 -0.02485174080413266 -0.23293706685745263 19 568 371
100 0.9353345522993185 0.7028352751907272 0.13173027512553004 -0.15148567331091378 176 375 510
101 0.9399131479994589 0.7248620084021369 0.0714539954982385 -0.3192907140070478 568 176 576
102 0.917248297761127 0.5989864783717036 0.4540093641273589 -0.3361386549178202 77 505 350
103 0.9172473188864775 0.5989874347214639 -0.397474762856649 -0.20462110907716125 350 430 56
104 0.8977660024748072 0.9156983184593991 0.46418552112354317 -2.299428077883836 251 221 511
105 0.8977046542314414 0.9160623516801871 -0.3267247512144834 1.7850365043202616 284 511 438
106 0.898037442761498 0.9161065467025422 0.3204986232476143 1.1206729990423077 438 588 89
107 0.8979035053639728 0.9158320646176991 -0.049275800696475365 0.5946040133246282 235 221 468
108 0.8980512522214831 0.9159296468515966 0.06099282238395277 -1.4306590578259644 588 235 34
109 0.03828567101460682 0.9614297744662988 -0.20341082863223336 0.12667881240518986 469 261 439
110 0.08144603106289203 0.47389222320449653 -0.784956206119152 0.03341939249613219 57 53 340
111 0.06388044336810207 0.528013478151207 0.05821735662991934 0.020764225061586927 128 340 68
112 0.026847472407973194 0.3633304357445025 -0.6679490243191848 0.6087410837234998 194 480 196
113 0.12876379804361957 0.33932017652886953 0.03873792827312206 -0.17003119721654275 97 275 286
114 0.3891421159704562 0.5719392309055159 0.20778459161596707 -0.030092765085365514 308 179 527
115 0.390515974671443 0.22032457772982308 0.02584355750234746 -0.26091256984800415 572 444 173
116 0.23428459859392625 0.4705954895511349 -0.24387209161813583 0.16949670798849237 205 405 475
117 0.21465494840166902 0.5233915612226149 -0.5415770199516294 -0.08489109495652541 585 75 164
118 0.12829209258066993 0.3376514382059647 0.08564326825846735 -0.0015664878465562748 535 485 275
119 0.9874368607949993 0.4197959396941083 0.1441057072282259 -0.07643397720302758 211 390 366
120 0.39098821897969155 0.20959569399549158 0.01406986784024955 0.008736441431400621 444 220 162
121 0.1641142304279264 0.863285617324618 0.00765049655571115 -0.26686129278585824 395 449 232
122 0.6173779419253516 0.45617186609285243 -0.025380285893772392 -0.0887504751981294 515 433 367
123 0.43355850695651044 0.5175573455152799 -0.09855614323782402 0.15631396840971867 382 592 238
124 0.33774644895100936 0.96256275046034 0.2292890122559954 0.04384196096440807 242 528 54
125 0.46440929668181996 0.9408003880580438 0.02529769102532775 0.22425566126305085 87 121 118
126 0.3706120902344937 0.7647880579246017 -0.3600862958936385 -0.558259366850917 240 92 333
127 0.4214282277795348 0.7392986209019285 0.05199600169506326 -0.5983366259472065 333 256 520
128 0.37059198892728074 0.7647582134590974 0.39827407450569036 0.5656410022851108 73 108 92
129 0.4214289004244061 0.7393086752556542 0.1169178926593785 0.5975876805685643 63 170 256
130 0.6167677787670204 0.9362799318897039 -1.7072821110222487 -0.8462459497743119 577 279 29
131 0.556898024738435 0.8593816698820387 -0.026434738772951327 -0.16872546294149915 460 285 217
132 0.5943846905401415 0.9369535073504135 0.11060067098278559 -0.035666416348112406 420 217 577
133 0.568626661391823 0.7585233238404897 -0.032750309235385355 0.38593833961986235 587 336 107
134 0.6615830296420081 0.7696560603762826 0.0778507577847698 0.06551918868558104 320 559 247
135 0.5746527831957721 0.7652705881117325 -0.3189344502038671 0.06315771274023607 215 107 320
136 0.3072579640670105 0.790931987807216 -0.07957813590046467 -0.583411677484763 381 5 184
137 0.32874716371237855 0.9256142537693824 0.5054582006907508 1.557698069002463 391 354 80
138 0.5406941760375279 0.7751556603047861 0.2822969478132303 0.1110487284999807 401 166 72
139 0.441952568834509 0.7383043008361327 -0.09599605764703915 -0.6019037416242099 520 411 401
140 0.5407933415386781 0.7750734792806488 0.07994697566178315 -0.05832465148597043 166 537 248
141 0.541262041658823 0.7685060616773947 0.16658348016979074 0.33851000370843654 322 540 537
142 0.6981685561124056 0.8425781882860812 -0.4085958551727385 -0.8325046217119106 426 180 141
143 0.6980291938664804 0.842506824319734 -0.031110508704509498 0.04977686782182099 300 358 426
144 0.6982053840251972 0.8424910391870654 0.4801180212025882 0.20055906243762484 180 554 85
145 0.6980679402802399 0.8424566869061657 0.17057988727856976 0.7261740024865114 358 247 554
146 0.6264001493000998 0.8708698231829299 -0.02773649782072951 0.041572263687061906 110 419 300
147 0.7932101791080983 0.8911288554044756 -0.485070809838888 -0.8660160052034845 293 483 316
148 0.8188318406590858 0.9494259475125307 0.03920106773913634 0.02094776782590735 245 316 459
149 0.8030804735255974 0.9732157237972698 0.3993784760097496 0.2117292866694268 445 245 257
150 0.7950947027439308 0.9766507437259068 0.1753708995730352 -0.0542648960488723 412 445 174
151 0.7286702592413543 0.9189901362813792 0.11929355871187486 -0.12677629848689698 531 330 412
152 0.7932070932885947 0.8909344902348112 0.44019484848537144 -1.7099042579676242 580 327 458
153 0.7931170579745335 0.8912550709975767 -0.4563627729078749 1.9243747157983653 140 580 293
154 0.7375491504569482 0.8953981365023606 0.04681530128836098 0.05674071004713177 330 141 140
155 0.30726282659004917 0.791032531721459 -0.019293605327944434 0.6251778407933222 5 1 73
156 0.2743577586978869 0.7961745927447934 -0.046676778241161454 0.012910429149359803 594 142 381
157 0.5489143371954394 0.7792786711224539 0.015433605088377433 -0.0862382075472734 93 248 429
158 0.2109099133981644 0.4894659546439168 -0.052300085789935835 0.024641550605553064 231 205 498
159 0.16296586676603367 0.47209891124494996 -0.2986913652313706 0.29397534916629237 47 259 231
160 0.3047486810805662 0.5094202788659861 0.14852992534898982 -0.5292225456368476 164 363 289
161 0.3047712742353354 0.5092989931008208 -0.0855403246337056 0.7268676701060582 363 475 331
162 0.3794361924252244 0.5264895561020736 0.14620800497356462 0.5577395291922124 331 369 249
163 0.8279491140870455 0.3097171415947612 -0.012367123037454464 0.2207603602526198 490 406 236
164 0.7396405791016778 0.273177163174089 -0.02074525013578965 0.010304809089367595 512 58 418
165 0.7483255222135441 0.26621771771033187 -0.2007061190856252 0.1501589545413462 58 200 406
166 0.9373456376940159 0.3626904195407282 0.1994743689670564 0.1543915544022223 409 51 172
167 0.8399326555796421 0.3280620185077638 -0.2958111755546611 0.002416281064121506 464 262 409
168 0.9520975708808205 0.4170045735790093 0.14890869023953535 -0.07591636833059745 345 172 211
169 0.3581275605205279 0.18818471840353582 0.06189842330101697 0.06392021493269867 270 478 220
170 0.8269906284556117 0.7336955718505165 0.008291436981444633 0.0188447021876037 91 74 455
171 0.8530927799011174 0.6137516636873641 0.07158765247261556 -0.17850486783155262 31 302 201
172 0.9984292518515588 0.6353729411397995 -0.1354526308011781 0.9265156842696437 241 265 526
173 0.9983310733719477 0.6355377188592911 0.25333720430969436 -1.1392111436944783 136 241 509
174 0.4320564305275461 0.5720337589789031 -0.5731009292538015 0.011787309566997986 298 376 398
175 0.43483646280909105 0.6285981246550023 -0.06267165883477865 -0.001121868570264084 332 398 255
176 0.2245681503714503 0.9189418054511401 0.02815319852245146 -0.1944899470640582 427 15 525
177 0.2078484243591313 0.7301305388024578 0.055337203742900076 0.2145089375224507 99 129 41
178 0.21871022259369743 0.726079144954773 -0.0440461403461434 0.2475880899605043 129 159 325
179 0.23975846970553777 0.7579938297101333 0.805969815929566 -0.8378598089738346 40 325 252
180 0.02959659737896657 0.0902916535026785 -0.13700817303591295 0.10234543473125468 209 599 425
181 0.13398089374504374 0.08859440602751206 0.21195203613044722 0.004542922635297764 425 400 171
182 0.6689678668443532 0.22997471297351502 0.17899497352521185 0.052039761716982276 16 506 584
183 0.6590910467725665 0.2596781564656683 0.2593453465952458 0.17577499655867201 101 16 465
184 0.6691345539951983 0.22996870444493756 -0.3845493157548585 0.06641826242096381 584 222 352
185 0.6740040476513931 0.24822052887989438 -0.11228766944038071 0.0011259319865342121 313 352 512
186 0.6591211810587838 0.259701295608485 -0.3357941640093104 -0.2718526892814721 380 465 313
187 0.29658361452111565 0.10956919607175412 -0.012857644116071043 -0.02818292682560397 223 62 477
188 0.3304840784134797 0.09645204906056691 -0.07130028720214732 -0.04479960638570368 477 564 383
189 0.9335497989229247 0.02208213770888552 0.04194187878947542 -0.1672589646645184 165 454 561
190 0.7348836544314785 0.7125230233816667 -0.0321258168179718 -0.3416101973996097 492 417 365
191 0.7826534498586561 0.766332917368141 -0.06289606890863553 -0.10686759255307265 11 365 348
192 0.8238837092364748 0.7536379936174884 0.040318725094690144 -0.1545035807626327 348 91 19
193 0.48304764966310987 0.7193149224197279 -0.07856191738819795 0.06692977283506707 541 567 322
194 0.4419540859130044 0.7383575482687925 -0.05704880116891948 0.6263948824019412 411 170 541
195 0.03702967226775164 -0.012665968825289399 -0.1265109676740206 -0.19061281528870433 482 227 65
196 0.047770962263545574 0.9796538915454793 -0.3041284378849096 -0.06645035528773935 65 439 228
197 0.11303966059867476 0.9957150472796525 -0.04924513297144273 -0.023930933623628192 228 596 45
198 0.0262775860691451 0.9638230323962925 -1.4514984483581872 -0.11092576741042817 360 303 299
199 1.0263483831356794 0.9637059408314445 0.8671190253133586 -1.0554764341908418 213 553 360
200 0.02643591999958774 0.9638448550906598 0.5383978581865144 1.4482107299560854 303 553 469
201 0.28521756765590556 0.9886273873905029 0.2611372146299473 0.04324340191486087 403 525 27
202 0.21465490020590278 0.5233933040175406 0.031197781981222566 0.3722258150849495 157 498 75
203 0.08172646978998185 0.47386640519093526 1.3912104196060022 0.7990377354167237 53 102 396
204 0.21463018375047677 0.5234140284537098 -0.138445685895583 -0.4582938021715035 125 2 585
205 0.21463377365165412 0.5234119658316317 0.3061722992080433 -0.0056601765781967225 575 157 2
206 0.18961901161398725 0.5232910984870013 0.013384903255198033 -0.027963862475610668 214 100 575
207 0.13460565244133102 0.7600715389083643 0.08459392873694238 0.26094830098827293 410 414 339
208 0.14309076968460926 0.7774472242641846 -0.3059576676610685 0.16298904084324248 0 339 296
209 0.08747844473870178 0.38297839255446586 -0.02392087569691448 -0.061407102319721574 461 97 547
210 0.026825334602366135 0.36350478430905503 0.5535326381284067 -0.12667255224624047 131 194 461
211 0.08147696249605842 0.47371763902935154 -1.3356601163496165 -0.7514980760822839 17 361 102
212 0.08146102202079826 0.4738708258882089 0.959820575205687 -0.07677767114027019 154 17 57
213 0.15011270410972125 0.3191291483902607 -0.25881496238125357 0.05646208190525142 28 543 288
214 0.20471052540509832 0.38951486986609396 -0.38852643914621954 0.039919965597046136 521 206 405
215 0.1775392973332089 0.3912627999519601 0.03396718149806244 0.021466735333763864 152 487 521
216 0.14311873783547904 0.3402652433980248 -0.12404643926627879 -0.18614867217103814 286 28 487
217 0.07560876876112231 0.32006908819789065 0.05829046342831212 -0.009572226344900514 196 186 535
218 0.15010941677976142 0.3191272400061991 -0.07254772544798636 0.16455842335721807 485 253 543
219 0.2382174981238458 0.10229305434920677 0.16543114239597756 0.15621206429089485 529 124 60
220 0.4317939437713646 0.5717831882575283 -1.3366968028238575 -0.008717901471251913 527 291 160
221 0.43221311269995016 0.5717235326043445 0.9262447838831022 -1.4540953951030209 7 542 119
222 0.43198690124693995 0.5717949395520956 0.6576685512595635 0.5954449395783624 291 138 542
223 0.37308029790907915 0.5310419888316268 0.22521331344976803 0.047998024131634676 289 263 179
224 0.2533261553181853 0.8470261086127521 2.65154890240416 -0.5951083177421356 71 22 579
225 0.25299604207263865 0.8471772134094553 -1.9231012054728505 0.5874934188383665 453 71 144
226 0.763119280440914 0.3537258397812052 -0.13426672343386237 0.08532729418864182 112 431 145
227 0.7494849365067022 0.34621987549987887 -0.004916979670643862 0.1556315645800943 341 418 431
228 0.14979397007873443 0.45398261696887177 0.009828868621775122 0.07056272337269132 115 152 259
229 0.8266159629424961 0.32446633530924096 0.019186742299115433 -0.030805787955279218 145 490 306
230 1.0266851128906702 0.36351395921024654 0.3547889283441385 -0.6118533286443703 390 423 131
231 0.9402038558489368 0.5543119256941331 0.0449917601899651 0.0023418438602164013 582 301 321
232 0.9402658197837691 0.554420639696533 0.052680586463764965 -0.0064500525770059755 178 321 267
233 0.11446850448352117 0.5782962518912027 0.1846573178924688 -0.3406623053363745 309 94 450
234 0.15189388578290627 0.5974210855818858 -0.0642328870648079 -0.2336234712629892 450 314 224
235 0.9567032611473953 0.9220879908644376 0.4268473319417386 1.2743798422402366 18 226 213
236 0.24074494675627314 0.10717308799647747 0.12724522287352238 0.8635000936290868 198 60 378
237 0.3469649965120532 0.9659622321560686 -0.11829316433190941 -0.09145144429196583 158 397 148
238 0.347025844609339 -0.03402978929824696 -0.2188793527473738 -0.19264659416047114 148 151 474
239 0.003465015467421003 0.1375303272870127 -0.5020648964686137 -0.1279128878717891 504 209 310
240 0.0023863924412875406 0.20654813754947324 0.9639944364487523 0.6869895396126443 35 310 502
241 0.15162695705048412 0.11130747319182555 0.12757966419418842 -0.08753660296623167 472 171 287
242 0.12837355163272784 0.21393999222843887 -0.11945649469602415 0.3692553797451925 312 472 185
243 0.8821532117257092 0.48133121787901273 0.019467046377674713 0.164826940290963 319 368 33
244 0.9067100328093676 0.4797861376086409 0.00446118871011425 0.161485882999024 33 345 335
245 0.43267906864533306 0.5151763647679205 -0.027201559320982893 0.34890994555364374 369 233 592
246 0.23961760554778885 0.7581470038499689 -0.8809467269991285 0.9970161584165144 189 40 208
247 0.17593840544403722 0.8479255670647841 -0.11422819842787924 -0.08216365469937426 372 532 449
248 0.2530572306025543 0.8470566569024461 0.8898955238824912 -0.25625044679223036 532 565 453
249 0.2280528998713015 0.30520012594535706 -0.3387162605950067 -0.2574044512260176 206 424 273
250 0.4194094964232149 0.5326757847051514 0.0001290002826781489 0.06929112630893464 138 199 382
251 0.3286381179822381 0.9255466979868272 -1.187121364832613 -0.23003055982099338 528 413 391
252 0.32869368657325654 0.9254302850877913 1.1779354657317793 -0.7777906505678942 147 354 413
253 0.2533371731357118 0.8470463451662199 -1.0840585385146848 0.07845387527019403 546 579 594
254 0.2533236847195178 0.8473727400571263 0.347822912958901 0.4143242038126267 187 546 147
255 0.616999796403934 0.9363856807714133 0.44249876477909134 0.7760499447760377 279 110 297
256 0.5728208146237683 0.8328990535401135 -1.3866620058580401 1.7919554841109502 285 52 76
257 0.5730411625688323 0.8326826164916675 0.6832041160728056 -1.4118312804083228 76 555 419
258 0.5578111114135884 0.7722566122583774 -0.07869409316893505 -0.035523441480056483 429 183 435
259 0.5662484411152 0.7750574512334018 -0.18160951562040673 -0.08050472562887157 441 435 215
260 0.5729176882209761 0.832630468976083 -0.5405925682441933 0.9102541635155544 324 441 555
261 0.5521019743891513 0.8064193244520329 -0.45113509676271507 0.09878732911311776 67 93 569
262 0.5729688748391666 0.8325525824251325 0.8077582007933489 -1.6323074388918364 52 569 324
263 0.25323864413330704 0.8473311799929105 0.4141289465433434 -0.6468417252102369 15 144 187
264 0.14755843616393752 0.8554499923459891 0.09851941901173333 -0.21141469581931194 212 457 395
265 0.15361529326873163 0.8098141769861773 0.5429260259279993 -0.15766733231774732 457 274 589
266 0.06308743689748113 0.8872417371117884 -0.14554576641123695 -0.04848754227987362 261 578 212
267 0.35659842107095396 0.18910271204512574 0.33454669457876757 -0.09816815513697535 244 270 82
268 0.4788577444204302 0.5534539068223587 -0.0891576586864451 -0.04277015373810311 105 156 323
269 0.47946349836059227 0.5355110537313212 -0.10182188425744698 0.13036302280722278 238 326 156
270 0.3270460288076064 0.9800634487724839 0.3020582494414961 -0.002592494318179317 27 242 533
271 0.9172510015261847 0.5988788370622247 0.4016082728859973 -0.013740807768008881 516 277 505
272 0.8883235351150605 0.5524064317311628 0.09044991109178821 -0.3121208509829004 225 254 516
273 0.9172274502153713 0.5988975722548062 -0.34749199502153444 0.25844544502339284 277 178 430
274 0.7960672209862468 0.03767328441869207 0.2053792364040824 0.0148085600205905 44 373 344
275 0.7505715578771851 0.08123965917372718 0.19526214464771208 0.11443547429101919 489 44 123
276 0.11453152171397529 0.5780805196775488 0.008229301588042956 0.26396291054092863 94 68 353
277 0.05284513438663591 0.878602925136656 -0.0057084025006926 0.0660865020693513 150 374 578
278 0.06564849385175564 0.7889692214108159 0.05960872212495971 -0.10617731693862709 563 175 374
279 0.2701134967589761 0.7914458732826052 -0.025515175465073286 -0.12482135773117867 32 208 544
280 0.2702914077271496 0.7914564470919986 0.47295398383659326 0.4463802471779037 544 598 142
281 0.7103749519688269 0.7092400708401809 0.17835135122240553 -0.07116166926557366 559 463 492
282 -0.001993183842671788 0.7231501678024769 0.9525022291707137 -0.30095534454030026 576 495 234
283 -0.0019365950006130135 0.7231480063353399 -0.3399078868279162 -0.2750528560040719 234 122 563
284 0.2407231320854384 0.1071333302363012 0.03387241989444203 -1.3761698316197775 389 198 59
285 0.18605259368513205 0.10159872756993646 0.9710045607101551 -0.4711029397166358 216 169 389
286 0.37943145060939015 0.5264544589917337 0.032308916255412025 -0.2550019391940616 263 249 199
287 0.24887843172967333 0.2870481276092039 -0.32718655874897085 -0.2712276195304675 273 356 84
288 0.3514384607679339 0.27621018905042194 0.21261234162128773 -0.3000094860039493 84 113 207
289 0.2894677495126332 0.14726615912214816 0.06812949648882238 -0.19557916605683623 442 223 244
290 0.2697230953961753 0.15254276215014376 0.06273158208169871 -0.17077336489368378 451 428 442
291 0.22847109953501107 0.2574682912739861 0.006658395362846292 0.2672932705033437 566 451 356
292 0.5433110209957059 0.49817285608473727 0.038289924356171845 0.015420713317393364 326 3 355
293 0.7829433796743976 0.6981108340620428 -0.11456357668082617 -0.0869898666988611 501 139 74
294 0.7854579780106787 0.6606043280569713 -0.10577201198236352 -0.08044775401394588 466 31 139
295 0.7349671924041691 0.7122522714532074 -0.1799927138053641 0.13756896633681548 417 351 501
296 0.7125945538230993 0.6980363750915917 0.06687801094168444 0.04069651039773081 377 64 351
297 0.8486554563434373 0.5546037787160165 0.0904993920081143 -0.17732008188164894 302 37 570
298 0.16061272613528832 0.5871374071873242 -0.11898111142161216 -0.17516383118282297 314 20 524
299 0.15591959567920963 0.5783398096668666 -0.007133036696027606 0.022562746462839733 353 214 20
300 0.6470289715208117 0.5787354109984594 -0.037314640266572496 -0.023638397489422758 416 519 283
301 0.6617877885148074 0.44004694128834887 -0.2828656153519614 1.2302055929428304 367 42 268
302 0.6467440422728875 0.5565035534752961 -0.030663673683539727 -0.011784576092743748 519 538 488
303 0.4320833564925736 0.5718728653042106 2.04700692376747 -1.4540313785117849 160 595 298
304 0.6139094685380574 0.5961915030324294 0.019216712943137537 -0.057581454881994176 155 416 545
305 0.43220151866715095 0.5718563438465433 -0.8992843347782218 0.4173947526286492 46 119 105
306 0.43218739792316435 0.5718301073577345 0.10565323632383836 -0.4741500839572615 376 55 46
307 0.43203502571605756 0.5720443208044316 -1.2545617978958408 2.0494938401145606 595 7 55
308 0.5886397240308547 0.5777444508070853 0.06498732524340411 -0.01250576031619488 177 305 155
309 0.5397129191982905 0.5979199099724372 0.023962747064398826 0.02448080835271149 556 323 177
310 0.20804312650448356 0.7407670752588055 0.04330934135626796 0.05728891371709066 493 41 189
311 0.9662266537231041 0.6849040173635849 -0.04689893577658477 -0.003640755232015014 317 496 548
312 -0.002073505077375938 0.7230066697765232 -1.1016148576410267 -1.335520677050615 495 548 388
313 0.9676986474478614 0.6801456543658707 -0.09076617771459644 -0.08721927539535466 496 491 130
314 0.24078299082103174 0.10725022680377803 -0.5206149666907723 0.12421708647981532 59 271 428
315 0.1859037787246906 0.10166175317134588 1.0066926562593992 0.5474704128948827 287 432 216
316 0.18576367726155144 0.10160073491594433 -2.8483332090856055 -0.1299745384399347 432 437 169
317 0.18598354439843026 0.10154873396407706 0.9591088739294324 0.11352353917212873 437 394 529
318 0.21222863847464224 0.2640340929706097 -0.07012109504156427 0.3031714958939835 86 566 593
319 0.12319298717885643 0.7639882019220615 0.06787481709492893 -0.03027599963269234 175 479 266
320 0.14314260862155836 0.7774093565327445 0.2480704447605951 -0.24514776502642652 266 0 274
321 0.1628645982652706 0.4722178705240487 0.20544492279270243 -0.29344440414093376 9 47 100
322 0.13067658851216232 0.4574971250331509 -0.9248588708638266 0.2657119249995822 396 586 9
323 0.1307691045705539 0.4574056238239714 0.9649646215043636 -0.13906928567308494 586 508 115
324 0.17307271859964024 0.713288123242819 0.08511264817934183 0.22455997894521573 414 224 99
325 0.10263056918404055 0.44394366830246756 0.3996274460112657 -1.2709188134757627 109 357 508
326 0.1024893063061611 0.4439520321323622 -1.3324939778197424 0.4478723476992758 278 547 357
327 0.10259532774302924 0.44408016669264244 1.021124335529532 1.1009371139102064 361 278 109
328 0.14546614938492355 0.2414164168860344 -0.2628965926898541 0.20337064844666575 30 185 86
329 0.13775373691954032 0.2496925612271366 -0.12166246239619927 0.04691858238731195 530 30 253
330 0.24087127987985985 0.10719708174994672 0.3996884684677492 -0.022577324640507587 271 378 210
331 0.15362933413618854 0.8098112623917927 -0.568316457861596 0.06508160736132425 589 387 372
332 0.2530138770130964 0.8470183074430447 -1.3015500755181146 0.19624083199643125 565 32 22
333 0.8361733616887721 0.3307047483383711 -0.10596541005769566 -0.12546618015363276 306 464 536
334 0.9866586703626357 0.3360191190653946 0.2556021755362181 0.0894753840463558 51 514 539
335 1.0266606415947381 0.3633884386268274 0.062245349543091355 0.02690249781842416 423 539 480
336 0.15103185044911865 0.7811377277532606 0.0027750223993705525 -0.0066411501298269116 296 493 387
337 1.0328310750552958 0.23447661460095176 0.1960017639699883 -0.3914671266644744 573 264 399
338 0.03285594324911854 0.23439677482449794 -0.04227435357339899 0.3586061063062026 264 494 36
339 0.2808354963019964 0.09609924140549012 -0.08500854221937804 -0.07573582525011169 210 43 62
340 0.8946959042882752 -0.04974857061280618 -0.1193538157195917 -0.18573554222411914 481 551 168
341 0.9024397297796442 -0.08058357853977363 -0.14188470459294833 -0.08982508905523018 551 89 557
342 0.9041049501185499 0.9185441848830908 -0.09931133637214275 -0.4660521178139897 557 95 18
343 0.28501415951132847 0.06115776171348428 -0.09843331696610114 0.02984977664349797 43 334 21
344 0.32793043672317196 -0.019180251530599324 -0.004458496050650795 -0.26603968563722324 533 158 276
345 0.3260090207066614 0.039740190019689314 0.00597417271902545 -0.025577598893045117 21 276 246
346 0.3334176281920702 0.04414223887083032 -0.10033418922084092 -0.09130784166949679 564 246 446
347 0.36503815660674965 0.021692862452107903 -0.18230507173311317 -0.03336103823747827 446 474 237
348 0.21075688534359766 0.2933855417449363 -0.04468084513487014 -0.04391385623192523 288 593 424
349 1.01924954616639 0.2359761183333295 0.1844180533977502 -0.022320671005937598 514 135 573
350 1.0024890966387836 0.2067338092283993 1.1319194164572743 -0.4991353800247325 78 143 135
351 0.0024346603051494105 0.20675505263903193 -0.869927536882825 0.3602959636883748 143 502 494
352 0.8282443438137694 0.4237613611719513 1.6914530358764808 -0.6609846384417011 436 536 368
353 0.5974639820022946 0.530148863717463 1.0053002772962136 -1.1125160123344502 81 515 440
354 0.0853456824783834 0.2386297665176538 -0.05917328797636935 -0.23087754191103427 549 571 530
355 0.5973166224937289 0.530385635900559 -0.9272865838437462 1.0415874701431078 305 362 114
356 0.7193842703954932 0.62155110262353 0.8491282898874258 -0.3447510034210405 283 69 38
357 0.7086967985240114 0.7002946637540478 0.18587575307052462 -0.022177601595452234 463 161 377
358 0.8631345941130035 0.5443919867120574 0.046880615708899676 -0.11567149547225819 570 191 225
359 0.7193351635273664 0.6215854492950138 -0.4895237618332494 0.399431489473594 98 69 39
360 0.7270672286474786 0.5678696567786564 -0.027058856544304177 0.179239854208868 39 583 48
361 0.8275309363077206 0.5388401204547337 0.3944214267692647 0.04288960332721192 48 195 37
362 0.7239823830666865 0.3691279366472451 -0.026487318986897178 -0.28049603145274654 132 443 470
363 0.8031272780390786 0.9732557238993328 -0.16851210795135704 -0.26522110564068496 393 257 422
364 0.7193191064891737 0.6215942048513742 -0.010440272591220011 -0.0667964377830155 64 38 197
365 0.7956139712986424 0.009138839781172844 0.9965369866551086 -0.1316404882812565 373 174 258
366 0.5974622861697312 0.530182106530685 0.6318268490615919 -1.3191649489539965 114 440 538
367 0.6774885621195244 0.5366302791747348 -0.1543790623115271 0.0889733627051914 488 342 583
368 0.7954750356461806 0.009162702971837909 -0.7275891151424735 0.15136876333596738 258 393 434
369 1.0189565458782317 0.5268435057065618 0.07247821145334177 0.06812493711511047 456 188 149
370 0.7611436506891447 0.3654311485726532 -0.07485264578305229 -0.22976712997502258 470 112 467
371 0.6618654296216544 0.43993025601874963 0.8420673531847459 -0.8933051594500838 268 315 342
372 0.8329294941419289 0.9510519401256802 -0.06101586309500192 -0.3817797913121786 422 167 481
373 0.5362721954847022 0.6347120607728263 0.028262064216688643 0.01646956251932785 415 556 127
374 0.8279378251677323 0.4238923301790436 -1.562613199068924 0.729415061398377 467 436 4
375 0.4749395636933524 0.9749055965253717 -0.06570817570605847 -0.07301272642035173 282 118 597
376 0.4058677643267049 0.03641955484374965 -0.15539131648090176 -0.005072100378589184 237 282 590
377 0.719359862069089 0.6215656926875133 -0.29512746261359385 0.016610819888492185 197 98 466
378 0.8673700568101701 0.5295158606460744 0.06043068068520285 0.18631630847518177 346 385 319
379 0.862024744537695 0.5319105605069834 0.08906713014691925 0.17765901813918128 191 534 385
380 0.888415157751202 0.5522538838712299 -0.1953621482360217 0.1637732715555843 254 346 582
381 0.8390082886488799 0.5215759499005581 0.2478625475005325 0.24850386505514965 195 4 534
382 0.661879918564776 0.4399658298187872 0.36453166923146624 1.1887020970818103 315 229 132
383 0.597312612279475 0.5303459313669524 -0.6084595389022702 1.3669562350836695 362 355 81
384 0.7239160123331118 0.36895648332308983 0.12249745797799153 0.10228457787513338 294 341 443
385 0.9566167210602906 0.9218614062807203 -0.654075712865689 -1.3038500948714198 226 307 150
386 0.08532228970926391 0.23851399587988986 0.06977702741235887 0.40650111456184274 36 312 571
387 0.5645553755739348 0.9949344631929297 0.7039370655283727 0.7845111266830632 597 560 337
388 0.939122882150841 0.004006261249111354 0.02326932292684436 -0.11220076465146 454 168 104
389 1.031446365334464 0.4834303860036153 0.1369141397478124 -0.04939556888516883 366 154 188
390 0.03031110845457525 0.5373774239095392 0.013799112373591438 0.027560832956130543 149 128 581
391 0.06573563334643077 0.2513514901892953 0.09152759869457405 -0.00884842095427718 399 549 186
392 0.5755972033933662 0.6613739185129746 -0.006432564897407289 -0.014138625686888062 336 127 50
393 0.6111779555759121 0.6434237706919038 0.02873667345748565 -0.044119988218405126 50 545 161
394 0.6407990484679985 0.07279688178400816 -0.010758206825389749 0.09608942322381075 8 280 489
395 0.5646653610583684 0.9948329128836425 -1.483431922634661 -1.3491062762753947 560 420 500
396 0.5927944958301423 -0.0059452436250453065 -0.09349071794506614 -0.036734501551727305 513 347 280
397 0.5649873758097494 -0.00493304367945211 2.268279136754766 1.0642913899101412 552 500 513
398 -0.0015899094690080583 0.6357707996950316 -0.07105133438388032 1.865448509461812 272 509 499
399 -0.006818975925904014 0.6704302848690894 -0.029933684697613927 0.022595773169209465 130 272 24
