1832
0 0.005542245639719272 0.6361042208259763 -0.2875398487020564 0.07932899736412535 111 66 359
1 -0.0014858492783974633 0.635821953557719 0.3909710766155641 0.1727508303154537 499 526 111
2 0.7564457616434688 0.8348020684444446 -0.09445888030090721 0.03793660871553861 85 11 327
3 0.886485071158236 0.9037289208753122 -0.1289357466470074 0.42540067008946986 558 371 384
4 0.898154183498814 0.9160033795779345 0.6273437820305183 0.592908221873573 468 384 182
5 0.9033574812511684 0.9182434373198937 0.9043424796127338 0.234751666524269 386 182 307
6 0.9031762938218548 0.9182954347102801 -1.9505762375930082 0.032288489680483985 34 386 95
7 0.015452224145259708 0.6845967607718721 -0.31867220329565016 -0.0289716136497864 517 359 452
8 0.011218316957035075 0.6862663170777391 -0.17727616475476937 -0.08727728583249328 522 24 517
9 0.03185871745559635 0.5918824882189073 -0.20302460095045216 -0.038022002213367045 66 462 309
10 0.351950000197775 -0.04544798093981693 -0.7886909854642066 -0.259262396582827 163 404 151
11 0.3458926208814891 0.9638467569222852 -0.14603988153331915 -0.040918696057358483 54 379 397
12 0.3519461348212056 0.9545500551993709 0.4317390759137063 0.1917813297031652 379 193 163
13 0.8679447848282755 0.21245000975583944 -0.06918523393073528 -0.006263067842127157 10 137 134
14 1.002666958644884 0.20641433489372554 1.0920964175847 -0.13172247890960026 591 35 78
15 0.9822911482211922 0.18763141728880478 0.1489853670988417 -0.02784451870463389 134 370 591
16 0.02306060048203301 0.08356010425370594 -0.1499775038535378 0.09468366715670307 133 482 599
17 0.13729871665893134 0.08501402099412979 0.08764996046670137 0.160830105743609 400 45 394
18 0.6103950609651727 0.4489637707014581 0.17158960259611167 0.12132204529197166 338 447 433
19 0.6341032958578978 0.3965449994130196 0.15305747485400145 0.08846371864212887 447 25 202
20 0.7844228716413035 0.12398569683715599 -0.15861287457064055 -0.12280561845212645 243 269 137
21 0.5290127307982626 0.2090268711994347 0.10891852437328042 -0.3270112212266918 181 6 260
22 0.6082492986835791 0.3425193599779835 0.0542103556488982 -0.0785019722837621 486 103 25
23 0.5632877134771014 0.20445245496206899 -0.08121231950819485 -0.27903167623688496 260 318 26
24 0.5266392192023709 0.19979381257403395 0.16307979081725543 -0.10023450125462574 349 250 6
25 0.5604507542053169 0.13921475104844636 0.1270811374534664 0.2849828642167984 448 23 523
26 0.4728797929409684 0.1513361426814482 0.07484973231497438 0.23642429056169867 328 23 190
27 0.47042575983614976 0.1701277832768028 0.11851938527818184 -0.07944000839088527 162 190 349
28 0.9557633437545328 0.6867390952137811 -0.1411429452202468 -0.5084648710835518 510 70 317
29 0.9307812494705068 0.6875664121386309 0.206223296599084 0.024043906622639444 402 518 281
30 0.8981548592882528 0.6247620985350542 0.08593916620003306 -0.1672938919339284 201 77 518
31 0.9557915361369029 0.6868193125172682 0.21045321038262027 0.4894872427483742 281 88 70
32 0.9675232340724512 0.6802723400847058 0.11222036802793149 0.018713417504839465 88 49 491
33 0.9724442579259434 0.6444376018434709 0.04102428709240602 0.03272933590814375 56 136 49
34 0.8864553314195013 0.9037575771667787 0.4128055062100548 -0.0974745390224527 218 558 251
35 0.7931373719352159 0.8913853300578262 -0.9036646984389918 0.6586743462829759 483 458 218
36 0.8330372414706642 0.9509698950847768 0.1495730952858149 0.3905359154961858 459 284 167
37 0.024068140345830588 0.9773256422682545 0.0070158070325510025 -0.09091139663991443 104 299 227
38 0.12363823483849659 0.7624119104929781 0.019429566375933627 0.2676391998215205 452 410 479
39 0.1815574243940615 0.917497800117219 0.03795150582686091 -0.18267545184857958 596 232 427
40 0.35264488474541056 0.9335804202669368 -0.15192282171866411 0.15177009093925165 193 80 13
41 0.33719368736505606 0.7991550307922513 -0.11284843094705455 0.013922578367964178 184 240 79
42 0.3652355829883094 0.9367343940681834 -0.33433685316802686 0.1760477421827722 404 292 87
43 0.35798672360154077 0.9300987302331398 -0.2569437291405352 0.23372446374125833 13 79 292
44 0.5568647707186147 0.769364372085039 0.01602779363223117 0.3446161481613502 540 587 183
45 0.5523231854543603 0.8062034352326178 0.6308225231104392 -0.24763748746373623 304 72 67
46 0.48686038776184015 0.6597330554546332 -0.033724295578352326 0.03515039509460749 255 415 567
47 0.9406528233320058 0.5538590503644286 0.015555263121417445 0.05064526808996536 301 335 550
48 0.9447860448994895 0.554378370176232 -0.05307116544324289 -0.47434633111871366 267 153 408
49 0.9447801846872601 0.5544433739461638 -0.14284332524257845 0.5223049588067485 550 456 153
50 0.6167188783572939 -0.06373515623517931 1.0927884277410178 -0.16426327525970044 347 29 507
51 0.6169379493327816 0.9361768134280275 -0.9773476291729394 -0.070109255689366 507 297 531
52 0.37075664267677055 0.22679848459117186 0.253153732698852 -0.3566077502736853 113 82 572
53 0.5529809990578574 0.8580446085654143 0.23696830366015664 -0.10544399502848689 121 304 460
54 0.20032382861524134 0.5843994766770646 -0.12081772249317169 -0.16318505227652658 524 125 471
55 0.47301082415463663 0.35112171467070474 0.06359140922174156 -0.21866936664172165 207 473 497
56 -0.0023940618471095373 0.7222881599752392 -0.5171002101744772 0.05354063269938283 122 388 522
57 0.8304640520779908 0.30960944917425187 -0.17474029740532915 0.2709148080783791 236 10 262
58 0.5040131581824085 0.32293850087208376 -0.02489285166884514 -0.10616104453853303 473 96 486
59 0.48671806964051517 0.2607015138249401 -0.018062187856493495 -0.20415910073623422 173 181 96
60 1.0009046355393627 0.5881053993623182 0.01650749467674295 0.10715728408772218 265 408 219
61 0.020871533641414253 0.5799801573871852 -0.030266583336824304 0.1356801806323693 219 581 462
62 0.4888511185161565 0.4424718580060079 0.10925025883956607 0.2727064296603743 233 497 421
63 0.5444973544267626 0.4715205562222663 0.01960186978011702 0.21261391293381227 421 338 3
64 0.27033039321066443 0.7915865916955135 0.43592709953409714 0.24106182729084552 598 252 1
65 0.3682930942910954 0.6173568428373097 0.21937557881379632 -0.06882276068487236 117 308 476
66 0.24971216054712658 0.641564048477975 -0.016962556359523262 -0.017353381231988152 159 471 117
67 0.4032003142206325 0.6460822493868417 0.149670621035769 -0.12262719312206016 476 332 311
68 0.4074046413455994 0.7337962727576629 0.12152393032843767 0.0062276512072245716 108 311 63
69 0.2815581820718717 0.05942362802388754 0.22568122119356882 0.21444166871907588 124 403 334
70 0.6749493178265249 0.36074270525384294 0.027147631365131986 0.008620192060160292 90 120 294
71 0.6614500712036121 0.4395705362881432 0.1757289260856604 0.10800454737101751 42 343 229
72 0.646153793336179 0.3975047303256914 -0.03888384631639541 0.07329191316352013 202 90 343
73 0.5668924322911968 0.16962038036271468 1.5300385198054625 0.7800323860381085 318 503 146
74 0.5665956612041643 0.16946505000628437 -1.59005794882982 -0.8518559949450335 250 14 503
75 0.568260772206556 0.15459835005649492 0.4451051530010661 -0.016293402076757862 14 448 290
76 0.565173439187795 -0.004969980356339894 1.7644311898020901 1.8461717811620038 337 552 192
77 0.5704745820205634 0.12802299754304677 0.10728645020996463 0.3246627107780786 523 192 116
78 0.5684406152409516 0.154577418263096 -0.4933443163268169 0.10174435835941936 290 329 230
79 0.5738535668607953 0.1304216310098839 -0.04951871525674112 0.21247943083821386 329 116 203
80 0.6424598193245545 0.18526624207747994 0.22818005508890624 -0.14012994109264404 83 392 506
81 0.5715934480304301 0.16511594485219128 -0.0603347711201907 -0.012184261845987754 146 230 83
82 0.6756285736116411 0.2125264711689961 -0.142360766924865 0.16993519022512338 222 204 574
83 0.6424935649130074 0.18522970248548856 -0.3433397561050655 0.4628453339751383 392 484 204
84 0.7286572365071002 0.20583168822829814 -0.19898047654010043 0.21046364859222955 200 574 407
85 0.7744162087377812 0.12539488129625156 0.026974224243137 -0.15359699259004378 407 123 243
86 0.612910721264823 0.1230748368204212 -0.06568989033284289 0.21409076733647225 203 8 484
87 0.7971372937182515 0.03772225844046783 -0.20355350437975192 0.13359749791630374 106 61 165
88 0.7970398588760608 0.03782515325800267 -0.2510877129802656 -0.7510591147299366 269 12 106
89 0.796971462648393 0.037525182831776256 -0.265725208395233 -0.47528358774681645 239 434 61
90 0.7969010043631093 0.037685071731162256 0.599494174457647 1.3212215507416025 344 239 12
91 0.6486009799587467 0.26580464046193175 0.042614655727801765 -0.10707797894887738 26 101 364
92 0.6488554689476712 0.28941957921122524 -0.321766966811742 -0.15899518741250684 562 380 120
93 0.648690397647378 0.2893940899615406 0.380649591903183 -0.052132640869159697 103 364 562
94 0.40782985953878637 0.10020286538630148 -0.15833051189573233 0.04146036916563567 126 590 328
95 0.3636907070854921 0.12079536248544151 0.02022671266588283 -0.01681893513350019 478 383 126
96 1.0037137901941153 0.1376038251222518 0.6565650942853319 0.1736147361610502 370 295 504
97 1.0076248903596898 0.08894796529691386 0.12368425936215566 -0.0063707070868668225 561 133 295
98 0.9273443032854327 0.6973228340040101 0.24953108416353453 -0.08687759921188754 455 402 375
99 0.8750838456209293 0.7857523735226706 -0.022023272094884305 -0.2318340346085801 19 568 371
100 0.9357454817277547 0.7023710704694849 0.13237494069645583 -0.1493416168507622 176 375 510
101 0.9401399558734687 0.7238757583929414 0.07476275258599951 -0.3164304106934024 568 176 576
102 0.9173309461300316 0.5988117130534205 0.31376069829845527 0.20917234756480602 77 505 350
103 0.9173393726873446 0.5987477426611928 -0.32486787218812896 -0.7499871943400299 350 430 56
104 0.8979409729240725 0.9160710023634232 0.22542136403499133 0.4419814220816827 251 221 511
105 0.8979261654865234 0.9160975122569593 0.14729995198570472 -0.2233376791027663 284 511 438
106 0.8982994961232923 0.9162089155566592 0.7533112289504189 -0.09684595063017779 438 588 89
107 0.8980683120014203 0.9160363199789189 -0.7656157337260606 -0.305014511659484 235 221 468
108 0.8981932466347025 0.9162050888493931 -0.6065931541787695 -0.0032972718773274876 588 235 34
109 0.037658816711471546 0.9618404982673103 -0.20113647674485646 0.1376976766984117 469 261 439
110 0.08165996647916623 0.47388735771271073 0.36267706589532744 -0.8028696040691973 57 53 340
111 0.06405949674148016 0.5280748094310534 0.05919359724604334 0.01764013657368224 128 340 68
112 0.026988656314689018 0.3632024492046556 -0.9993077712470001 -1.6373479015124197 194 480 196
113 0.1288811265103318 0.3387945172542586 0.037042528029315736 -0.1691031398893747 97 275 286
114 0.3897845391305417 0.5718457654004582 0.20671169220776164 -0.03052057495622762 308 179 527
115 0.3905939000079911 0.21951625312097836 0.024479667425081342 -0.2605978332431702 572 444 173
116 0.23352869903611795 0.4711161107544012 -0.24392010113116758 0.1667106501457294 205 405 475
117 0.21439785536652917 0.523245001236987 -0.22404408151979618 -0.1947824316823974 585 75 164
118 0.12854812390104642 0.3376294064372551 0.08226241786282035 -0.009225207663748902 535 485 275
119 0.9878812162778946 0.4195589482434083 0.14297713499256126 -0.07620777828232228 211 390 366
120 0.39102960694672084 0.20962327515187815 0.012680901294304103 0.00904687887104405 444 220 162
121 0.16414005894620887 0.8624633807022875 0.008945087726086598 -0.2637475501887643 395 449 232
122 0.6173007838623055 0.45589830364732614 -0.02411029847992907 -0.08740678736351981 515 433 367
123 0.43325671939802995 0.5180417480935852 -0.09622317582481943 0.1562020790057267 382 592 238
124 0.338450128965432 0.9626924811283624 0.2169764552056863 0.03528660523499649 242 528 54
125 0.46448535274007685 0.9414913842969522 0.02382023536751099 0.221637649205908 87 121 118
126 0.3707079347599935 0.7648521720716362 0.7799266791696113 1.0845654465488417 240 92 333
127 0.4217054524981518 0.7394377515207143 0.24371048683414281 1.3958121758922688 333 256 520
128 0.37061266115969516 0.7647155391757553 -0.7431650913473746 -1.0792230630064552 73 108 92
129 0.42167366281444063 0.7391604995902744 -0.07783678219548858 -1.4022631136976058 63 170 256
130 0.6165641058088142 0.9362064127781722 -0.9329201094545398 0.07171687205551189 577 279 29
131 0.5568146825884132 0.858861221746834 -0.02809519535421079 -0.1675918364155149 460 285 217
132 0.5947212438301352 0.9368374872055334 0.10785276560731916 -0.037931172439109595 420 217 577
133 0.5685254597924395 0.7597188776539905 -0.032526509957664373 0.38541526654195524 587 336 107
134 0.6618235109434082 0.7698599913830863 0.07817276131971695 0.06560464116400766 320 559 247
135 0.5736665777798295 0.7654686251398196 -0.3173764969582882 0.0645748332410434 215 107 320
136 0.30711299672517944 0.791115169466203 -0.0906936594780635 -0.5898411365400351 381 5 184
137 0.3292306611838018 0.9260456804752842 -0.17127368106943391 -1.1909705292632724 391 354 80
138 0.5412547575089137 0.7752257997333047 0.08940988459858484 -0.12545074755214697 401 166 72
139 0.4417200325730894 0.7384304595140605 -0.09703936116028239 -0.6127713535533912 520 411 401
140 0.541365022805054 0.775160303691391 0.271655756735518 0.17809445011123579 166 537 248
141 0.5417678553650462 0.7695538184949084 0.1640245963357989 0.33777392480227597 322 540 537
142 0.698341696320721 0.8427572743433687 0.7206468109863424 1.0051532203981692 426 180 141
143 0.698224344755574 0.8425904713409952 0.2135576641633212 -1.184493859098738 300 358 426
144 0.6983186355997396 0.8425582695642843 -0.15452500315692738 -0.6925717172567608 180 554 85
145 0.6982382440506009 0.8425683443032341 -0.5708410324078635 1.0126812737226536 358 247 554
146 0.6263156051077584 0.8709951441347403 -0.02737671200847558 0.039346159663722347 110 419 300
147 0.7931728929542421 0.8913473488960529 1.0032085183585218 -0.47827972466014684 293 483 316
148 0.8189518465519304 0.9494977958413449 0.03634746236630404 0.022022966089663143 245 316 459
149 0.8033943635952463 0.9730943896271815 0.40561760743533426 0.2092780203446316 445 245 257
150 0.7956335909510093 0.9764830730305579 0.16733744494235037 -0.059893980920711076 412 445 174
151 0.7290392180875378 0.9185995713467149 0.11881860113860387 -0.12499848656144508 531 330 412
152 0.793140775951315 0.8912002762825044 1.3416355093646146 -1.3867264437099314 580 327 458
153 0.792889638173261 0.8914664613148254 -1.5832727027590983 1.4887917161877906 140 580 293
154 0.7376961168427456 0.8955775934028463 0.04765346832413808 0.057462352584525256 330 141 140
155 0.3071041651784948 0.79098672286185 -0.005998244294921212 0.6352528623141187 5 1 73
156 0.27421083524208956 0.796216215874537 -0.045874375218663 0.016428585575267718 594 142 381
157 0.5489599426499736 0.7790180519967806 0.01814021502455354 -0.08579191558555355 93 248 429
158 0.21074275250342012 0.4895426062113365 -0.05444011769162316 0.022644143157779517 231 205 498
159 0.1628292902470272 0.4720947610644912 -0.3095374827277991 0.286942721856474 47 259 231
160 0.30484100543805587 0.509737163388748 -0.24284222004166203 1.4267075264143108 164 363 289
161 0.3048699905913997 0.5095919414914516 0.3038255834853648 -1.2318164817814656 363 475 331
162 0.37969710370289117 0.526857860569351 0.16442591337963164 0.5684796883286078 331 369 249
163 0.827912580097605 0.3104017960086184 -0.0112301285458416 0.22094256615229346 490 406 236
164 0.7395743882401189 0.2732096462884121 -0.021951119567875654 0.01065180547932254 512 58 418
165 0.7477037029350285 0.2666833995737671 -0.2004744420816551 0.15026357085695663 58 200 406
166 0.9379633558561928 0.36316746623259955 0.19906990986195972 0.15342517256655697 409 51 172
167 0.8390184795744644 0.3280733159901188 -0.29403453964162163 0.004806229069245771 464 262 409
168 0.9525593347639233 0.41677028005401157 0.1489959891576298 -0.07527140230556562 345 172 211
169 0.35831921704013464 0.18838364199145122 0.061755701680904496 0.06440082734671462 270 478 220
170 0.8270174866291788 0.7337531043266954 0.00901205186865095 0.0183022579730574 91 74 455
171 0.8533154107512615 0.6131979720580127 0.07204248170245009 -0.1787083002413592 31 302 201
172 0.9983699984835547 0.635702202559793 -0.4269315791139653 0.040471501968957976 241 265 526
173 0.9982540406967911 0.6358173279777221 0.8243798568644597 0.7603106706233816 136 241 509
174 0.43203176921735276 0.5718624011090914 1.1521468727909798 -0.41531462659683166 298 376 398
175 0.4346417555913811 0.6285954060797763 -0.06314336484236627 -0.0006482279990560613 332 398 255
176 0.22465824516925306 0.9183403346386094 0.030130895001256874 -0.19350165705867006 427 15 525
177 0.20801511971434158 0.7307935673846689 0.05231399098637457 0.21329391239333084 99 129 41
178 0.21858401680912443 0.7268382076570498 -0.03848596562966433 0.24289999664417472 129 159 325
179 0.23953682447497207 0.7583505833271516 -0.554407646861547 0.6389605701717606 40 325 252
180 0.0291786668517844 0.09061226199534951 -0.1322461052125079 0.1047072289983575 209 599 425
181 0.13463230442105165 0.08861079015942783 0.20843219320637596 0.005991171881519763 425 400 171
182 0.6687484838943495 0.2301537744128865 0.1765221086435977 0.05572294451287375 16 506 584
183 0.6589374279038924 0.2594998075758641 0.2574539271523032 0.1852625467884403 101 16 465
184 0.6687303301578524 0.23015340877916232 -0.3750340578203887 0.06304503879467718 584 222 352
185 0.6736514885509375 0.248226581788416 -0.11450807940738272 0.004532747441277074 313 352 512
186 0.6590470677559631 0.25958285569488887 -0.32732739329351807 -0.27938160942694856 380 465 313
187 0.2965463989252329 0.10948030826304338 -0.011216316070372656 -0.029132746215410066 223 62 477
188 0.33026416501328126 0.0963145059590753 -0.07060293322203037 -0.04397083877560881 477 564 383
189 0.9336774068732417 0.021566735703332132 0.0404859167024707 -0.16489913289008395 165 454 561
190 0.7345454741850067 0.712237464901012 -0.6228976835025528 1.5755561325904364 492 417 365
191 0.7824598650714975 0.7660000537010947 -0.062015458740516394 -0.10785636203602955 11 365 348
192 0.824009364553251 0.7531583393973613 0.04073693674055967 -0.15493754161599593 348 91 19
193 0.4828033403087657 0.7195202340134264 -0.07978303642741658 0.06397024715498745 541 567 322
194 0.44171548148609696 0.7383056594638522 -0.05276573284752374 0.6373866297769686 411 170 541
195 0.036638177725446336 -0.013257970289077471 -0.1260845114078868 -0.19129715329163632 482 227 65
196 0.04682867605334043 0.9794473668467651 -0.30381224185721534 -0.0667788727093388 65 439 228
197 0.1128894175227777 0.9956398636704531 -0.047731410490747805 -0.0245544695687272 228 596 45
198 0.026372087542851485 0.9641269602640343 1.3513486414346454 0.2831062865664728 360 303 299
199 1.0262208710350635 0.9641047021108563 -0.8539433286305822 1.1867495469837508 213 553 360
200 0.026336859625518287 0.964001979498119 -0.5370047556044373 -1.1964967649904372 303 553 469
201 0.2860238304554159 0.9887574905298065 0.2584072150701999 0.03746848178942663 403 525 27
202 0.21440737314452485 0.5232944437384406 0.21768030145752998 0.7905628378897364 157 498 75
203 0.08173309238356694 0.47377237658359966 -0.601073853100857 -0.0065797477024948006 53 102 396
204 0.2144050898576997 0.5232451035586541 0.3436451249761243 -0.7947506477698333 125 2 585
205 0.2142998748767344 0.5232861404819094 -0.6803616687537566 0.026621549433072714 575 157 2
206 0.1896586986876147 0.5232021038771948 0.010486880461235693 -0.027589425188878636 214 100 575
207 0.1348813648370057 0.7608721472155491 0.09232525369218259 0.2560762704315045 410 414 339
208 0.1430783266721585 0.7772627069585332 -0.3049302189467003 0.19861445405271616 0 339 296
209 0.08740088382413588 0.38278509493426405 -0.02598470119630214 -0.06343002234565631 461 97 547
210 0.02716980948193525 0.3635050536656893 1.2644274695428428 1.6603468254162674 131 194 461
211 0.08183731383092364 0.47378245238064004 0.648794846851909 0.198189424305262 17 361 102
212 0.0816079708675901 0.4739255980442157 -0.1726974561389017 0.6203119512176286 154 17 57
213 0.1496303993556308 0.3194907481607827 -0.2693879307111616 0.050669552113921566 28 543 288
214 0.20350935873202786 0.3896379567360612 -0.38649325441453275 0.03950853359746542 521 206 405
215 0.17764351608013995 0.3913281536104867 0.033327430398744085 0.020693012581229908 152 487 521
216 0.14275586040038196 0.3396961677399177 -0.11562420240002202 -0.182887236951923 286 28 487
217 0.07579157465467 0.3200384045505316 0.06071792235662343 -0.008992130651197527 196 186 535
218 0.14955999433444464 0.31945002038359954 -0.06298779654730384 0.17010470314905754 485 253 543
219 0.23871604066507976 0.10277956137250258 0.16136750286693813 0.15518304427933338 529 124 60
220 0.43176628226110164 0.5717046407817569 0.9536912889751081 0.3467179349127183 527 291 160
221 0.4319046328858955 0.5718099257150687 -1.9530984948922685 1.810433896286994 7 542 119
222 0.4318098387243888 0.5715593563165143 -0.32166925683957576 -1.1830257451856925 291 138 542
223 0.37378507415584283 0.531202805899796 0.2329693764291374 0.060225536363534005 289 263 179
224 0.25333769115871974 0.8468647590459347 2.04958832530287 -2.1087863041771655 71 22 579
225 0.25303805678686747 0.8471615790648015 -1.835822154937336 1.45721957483467 453 71 144
226 0.7627043201586499 0.35398773771983627 -0.1334085042090094 0.08362716543558468 112 431 145
227 0.7494579794867005 0.3466892000800501 -0.01215715757230118 0.14756618895578333 341 418 431
228 0.14981755875214484 0.4542047413421068 0.01004081123801015 0.06999860448220208 115 152 259
229 0.8266764207440738 0.3243690309370597 0.019799154503397087 -0.03196660210841307 145 490 306
230 1.0269069203357017 0.3633914291891926 -0.41344139689234155 -0.940723070166731 390 423 131
231 0.9403458982146803 0.5543154853286818 0.044796152068793046 0.00044476194645606815 582 301 321
232 0.9404252149540915 0.5544574647605288 0.05022433257316234 0.005372693005008429 178 321 267
233 0.11476286030526649 0.5781934770372744 0.1873184815538633 -0.3498863091237151 309 94 450
234 0.1516933741971684 0.59670145715384 -0.06677132111110318 -0.22742067534720078 450 314 224
235 0.956307355276959 0.921973436604344 -0.05647917616989455 -0.551815517322511 18 226 213
236 0.24077632213273129 0.1068168286182575 0.22621779451569274 0.7027839449578804 198 60 378
237 0.34642888443722336 0.9655148795054644 -0.09471123119309714 -0.1822784120229749 158 397 148
238 0.34651560804872494 -0.03446079381341611 -0.23627700275908464 -0.09074030279742447 148 151 474
239 0.0036478250505725006 0.13758643639646165 -0.5036001610747597 -0.12991417225238147 504 209 310
240 0.002745605227538741 0.2064243924369535 -1.023251592732386 0.015491200610153778 35 310 502
241 0.15202094902841579 0.11104599205955817 0.1266164010443882 -0.08140734059081112 472 171 287
242 0.12799705702723602 0.21507438672857962 -0.12361747944722445 0.3622392573399136 312 472 185
243 0.8822254488093157 0.481835477206744 0.025950633308902127 0.1615405535032588 319 368 33
244 0.9067261445485324 0.4802850049149248 0.0058709672540180335 0.16038106537275 33 345 335
245 0.4325934956944833 0.5162437607119138 -0.02812336485653183 0.33924122877157514 369 233 592
246 0.23960393696635332 0.7582776388319343 0.4780702887315319 -0.48303443076435326 189 40 208
247 0.17558664232852633 0.8476684997058912 -0.11116193902871441 -0.08453669257668661 372 532 449
248 0.25294307195005894 0.8469709393318764 0.9789969382043018 -0.06828261886579652 532 565 453
249 0.22700275149734706 0.30440446317867736 -0.3388115992625229 -0.25595034876257916 206 424 273
250 0.4194079972775462 0.5328979324299847 -0.0021673149386280954 0.07527203270407679 138 199 382
251 0.3292914612314507 0.9261564319818514 1.5205383551141491 0.596950616710409 528 413 391
252 0.32911007933048797 0.926094813743637 -0.8437774856666054 1.144552211329846 147 354 413
253 0.25329983503386166 0.8469435168344507 -0.5722811328393463 0.7261775806816517 546 579 594
254 0.25331544010021334 0.8472670029825761 0.3303807929951096 0.5593982689027399 187 546 147
255 0.6167571412864205 0.9361341384869832 0.5662372557069099 -0.02978402715973251 279 110 297
256 0.5725616684443298 0.8325550411538023 0.6438938121675498 -0.7215089395243898 285 52 76
257 0.572623973425488 0.8325178804653746 -0.8131588372648543 0.7832718788375542 76 555 419
258 0.5575698726714725 0.7721486087974329 -0.07701924514824654 -0.03419124011694308 429 183 435
259 0.5656862979711177 0.7748100466064427 -0.18177882671333023 -0.07905351859238685 441 435 215
260 0.5727237601375936 0.8322436986902297 1.3206405445715068 -1.3531786802623706 324 441 555
261 0.5523946523362554 0.806180508131846 -0.46769318161657936 0.10434176412428206 67 93 569
262 0.57249097579975 0.8323881226896022 -1.5830668012800988 0.9497377324242293 52 569 324
263 0.2532400821777906 0.8472124960666378 0.21589228308321926 -0.8882273635704577 15 144 187
264 0.1478582604300465 0.8547942453078263 0.09329438228899978 -0.21185854355565414 212 457 395
265 0.15353219140056473 0.8096826024164551 0.5464447895586234 -0.1571051712985147 457 274 589
266 0.06263587341290762 0.8870873287733815 -0.1457729844819844 -0.05103519360588615 261 578 212
267 0.35763268916947616 0.18879795135435246 0.3327897835341681 -0.09844267857481159 244 270 82
268 0.47858015508484997 0.5533209101086126 -0.08952895438896213 -0.04205131035051046 105 156 323
269 0.4791478781149242 0.5359157329617596 -0.10178593037868389 0.1307006627926377 238 326 156
270 0.3278247693844612 0.9799248839649954 0.3325581403627268 -0.02600514971548215 27 242 533
271 0.9173343111539283 0.5986053087033951 0.3590600740696484 -0.318408133842226 516 277 505
272 0.888196100869461 0.5521159028513106 0.09427577241956495 -0.31919054257882085 225 254 516
273 0.917310452558455 0.5986747880343486 -0.23874027983895482 0.5680475664169768 277 178 430
274 0.7967167247379865 0.03754126870493364 0.18542229150209955 -0.6609418424672816 44 373 344
275 0.7511704449801501 0.08159069246491209 0.19117674388002825 0.1120246444219486 489 44 123
276 0.11483595805464702 0.5779427108016434 0.006473211859115216 0.27154586400095737 94 68 353
277 0.05282598675457962 0.8788022829765104 -0.0065531448323330466 0.06276973853885925 150 374 578
278 0.0658314411944474 0.788647091010545 0.058383739509615395 -0.10173044490136007 563 175 374
279 0.2701226645921378 0.7916994141786814 0.03081823880834479 0.26403623714504887 32 208 544
280 0.2702544777920122 0.7916529924470737 -0.45957299047192723 -0.28165474591013756 544 598 142
281 0.710928047320949 0.709011310588953 0.17847565526168951 -0.07638762903466878 559 463 492
282 -0.0025068004295467025 0.7223732734671708 -0.1724144390897065 -0.4860010548217658 576 495 234
283 -0.002339636567206966 0.7224432196366709 -0.28589807316004284 -0.7821049381127312 234 122 563
284 0.24072964078003048 0.10685498286594315 -0.05134868001177399 -0.5276662762981887 389 198 59
285 0.18602616980809 0.1016918979234472 -0.9277442540925589 0.4941350245510822 216 169 389
286 0.37972183713581503 0.5270239464340657 0.009633818623486917 -0.2706489576236645 263 249 199
287 0.24786114275352578 0.28621146535097935 -0.3290589037363567 -0.2686421134157069 273 356 84
288 0.3520962876296669 0.27528381349568354 0.21181750659016174 -0.29773461751592123 84 113 207
289 0.28967619749164975 0.14666091311154664 0.0664258072158308 -0.19492521347030944 442 223 244
290 0.26991280921485766 0.15201477476022376 0.06000937698147357 -0.1700429852480312 451 428 442
291 0.22849130251697206 0.2582939453804247 0.00638599277624774 0.2654581773148257 566 451 356
292 0.5434280460244357 0.4982234199335397 0.03754928520893763 0.016634307126173198 326 3 355
293 0.7825900056384619 0.6978446138805182 -0.11345387546102259 -0.08481837385221347 501 139 74
294 0.7851286841066593 0.6603575308179372 -0.1068314263441561 -0.07850790503804994 466 31 139
295 0.7346469179277026 0.7119078096798833 0.4091139093437721 -1.7781060730941547 417 351 501
296 0.7127990321312216 0.6981693750694197 0.06464273664963383 0.04495417172192817 377 64 351
297 0.8489389152271289 0.5540588903382653 0.09231940871490263 -0.17432370547076914 302 37 570
298 0.16024707770179522 0.5865955503829681 -0.11701571014238743 -0.17443710503828314 314 20 524
299 0.1558948267976111 0.5784082591363098 -0.008730761773267925 0.01791882232871078 353 214 20
300 0.6469152093778417 0.5786606391019726 -0.03647454838162645 -0.02396443009311522 416 519 283
301 0.6614014145848446 0.43968706237218025 0.4714435192763617 -0.19900000964299167 367 42 268
302 0.6466507585176533 0.556465474404809 -0.030158281427716815 -0.011607003899682944 519 538 488
303 0.43175583501866527 0.5718896913110513 -1.9146873319388644 1.3356641932662365 160 595 298
304 0.613969408290663 0.5960146889260522 0.019441923418406226 -0.056537730747097115 155 416 545
305 0.4322842725901855 0.5716310234114784 2.043778156656211 -0.9238819642683865 46 119 105
306 0.43190887576914666 0.5717973204388236 -2.7806091978911045 0.2404802500294528 376 55 46
307 0.4320806784781531 0.5717035713160586 2.4929766680474237 -1.5283914142025798 595 7 55
308 0.5888366606555018 0.5777049499238958 0.06307885429268634 -0.012796536399961589 177 305 155
309 0.5397865227400241 0.5979948612293048 0.02353259045961842 0.023903005269554356 556 323 177
310 0.20817302662385992 0.7409501188782686 0.04111161203135261 0.059700772797599555 493 41 189
311 0.966101201623701 0.6848948096336158 -0.045913261647462233 -0.009470367545727498 317 496 548
312 -0.00245569660276997 0.7223059987495623 0.402917271625342 0.23538194221701686 495 548 388
313 0.9675072523654991 0.6802878905001325 -0.21154861138268338 0.07301646386175192 496 491 130
314 0.24087699837453305 0.10693122589204455 0.1938420548261519 -0.59877350508115 59 271 428
315 0.1858732094201959 0.10165511124138218 -0.9680592937590928 -0.4936087187563465 287 432 216
316 0.1861168901719274 0.10166022375155322 2.901609937600567 0.1366213250088852 432 437 169
317 0.18595513592430735 0.10158824934504875 -0.9214710447940722 -0.07602360686234567 437 394 529
318 0.2120130118466657 0.2649706555776956 -0.06900580315494231 0.3011332020547153 86 566 593
319 0.12339692863373039 0.7639040371258439 0.06421988496541076 -0.024765135081539214 175 479 266
320 0.1429710754464344 0.7773560968163381 0.24188329376018286 -0.2718412061317003 266 0 274
321 0.16271630341902565 0.47222667127767454 0.21731901504577245 -0.2831579464770886 9 47 100
322 0.1308120182247904 0.4576923907152182 0.8392113435298992 0.25157704435028583 396 586 9
323 0.1307626480912676 0.4575922702209966 -0.7980439053920053 -0.13037253309257715 586 508 115
324 0.1733352485374986 0.7139863980302552 0.08429911005358726 0.2258853305792119 414 224 99
325 0.10268175884104518 0.44436468221123393 -0.3450603396765173 1.4625013982223463 109 357 508
326 0.10271404207188674 0.4442009538391268 1.3976371509481995 -0.2666185889714555 278 547 357
327 0.10258392081886478 0.44426349310603486 -0.9689361998453574 -0.9220606697683515 361 278 109
328 0.1446535118684263 0.24204499539869484 -0.2614602230902041 0.2021715624772602 30 185 86
329 0.13737154719444689 0.24984033189391594 -0.12363175049684427 0.048740117844503494 530 30 253
330 0.2408906791152418 0.10687371754495266 -0.3169908178204646 0.011864633895578708 271 378 210
331 0.15363196136556648 0.8096623415143216 -0.5729004168416804 0.06927923260297095 589 387 372
332 0.2531067898131658 0.8469190748221533 -1.1727128524638202 0.09832080070893909 565 32 22
333 0.8358511043779617 0.33031648410245695 -0.10310221114362417 -0.12512093284199055 306 464 536
334 0.9874479998036112 0.33629699533086443 0.2536894597171546 0.08982916355204651 51 514 539
335 1.0268910291171707 0.3633229222635908 0.449837526630319 0.8156025572470839 423 539 480
336 0.1510498023028375 0.7810991452667843 0.01070360484273225 -0.016401482949568447 296 493 387
337 1.0330758819260961 0.23441525379459138 0.1967725527630233 -0.3891160944591862 573 264 399
338 0.0330897800463438 0.23437064151349551 -0.04211595706785174 0.3630225971473213 264 494 36
339 0.28057336681127876 0.09586196018893992 -0.08399922354906941 -0.07676805371947815 210 43 62
340 0.8943276337699585 -0.05031435527720312 -0.11817077594233893 -0.17898279663919325 481 551 168
341 0.9019684704553501 -0.0809020855921555 -0.16200022608103826 -0.1269253022562894 551 89 557
342 0.903393694249333 0.918299965023748 0.3267764664424493 -0.4223861987881765 557 95 18
343 0.284710043412393 0.06124858995076372 -0.09779005014608211 0.028780718303381136 43 334 21
344 0.3280675373052078 -0.019876507135914007 -0.03770174832593877 -0.24163877845807985 533 158 276
345 0.32602694526901654 0.03965985230964583 0.00812294953522752 -0.026145931947274548 21 276 246
346 0.3331088937457807 0.04386041619927663 -0.09890325711192638 -0.09053995383284663 564 246 446
347 0.36447647573056474 0.021589990110074137 -0.18020888531422585 -0.03300331397060319 446 474 237
348 0.21062230376448754 0.2932563158915155 -0.04280965963665562 -0.04097397456048757 288 593 424
349 1.019823047643809 0.23590310806202858 0.18613261539707215 -0.022646489544753123 514 135 573
350 1.0027451752478562 0.2067160187366144 -1.200062908927188 0.7850542038595812 78 143 135
351 0.003004618601881099 0.20657074702993417 1.6486159743699216 -0.8081942827252935 143 502 494
352 0.8283185156501364 0.4239194571300015 -0.15794662724125325 0.12874992939186994 436 536 368
353 0.5974726103186547 0.5301512806626846 -0.8804381559370748 0.3124953284447439 81 515 440
354 0.08536220518406466 0.23888958272501168 -0.05646852688407939 -0.23580473254894949 549 571 530
355 0.5974543933281032 0.5303269620334062 0.16242711486116845 -0.4485033973185737 305 362 114
356 0.7193534763498906 0.6215301651466646 0.30179192776947805 -0.5187451257665596 283 69 38
357 0.7092710922569969 0.70022446180822 0.1847366443846754 -0.023023087169365963 463 161 377
358 0.8632795535228266 0.5440349837475924 0.04645284278764761 -0.11410849262011302 570 191 225
359 0.719392130273595 0.6214845732010958 -0.571613071014953 0.8187012564468774 98 69 39
360 0.7269833878959845 0.5684239892476114 -0.026004508962840234 0.1785649482444196 39 583 48
361 0.8287513062610767 0.5389732802873384 0.3929133022412268 0.04300103224885721 48 195 37
362 0.7241078939927345 0.36878639136211305 -0.02881635604098801 -0.2925091285656853 132 443 470
363 0.8035228829527282 0.973202444006858 -0.17384348026600657 -0.26124797539031974 393 257 422
364 0.7194101553407705 0.6216980204432697 0.3069887954547422 0.3856656017701694 64 38 197
365 0.7959568584512013 0.009181249907230554 1.0219440319832576 0.029185486232624624 373 174 258
366 0.597548424650784 0.5303179187450454 0.23588712382319968 0.04587740812245222 114 440 538
367 0.6770138423467271 0.5369038134809125 -0.15307435596856322 0.08773338375234196 488 342 583
368 0.7959484827690563 0.009182458160069629 -0.7606809939971273 -0.00908869182442585 258 393 434
369 1.0191790807106507 0.5270498750092673 0.07155917074175289 0.06622781281717671 456 188 149
370 0.7609054690030866 0.36474161678994 -0.07796475669924474 -0.21653581566694058 470 112 467
371 0.6614507801279571 0.43973864391307504 -0.07446044465009945 -0.05774039241933327 268 315 342
372 0.8330505928079558 0.9510190822424583 -0.06309099304460403 -0.38624460474054845 422 167 481
373 0.5363592528329769 0.6347617528001942 0.02791199216201079 0.015620472970656607 415 556 127
374 0.8282591122941613 0.4239448871397524 0.28456801423192185 -0.060603438260321045 467 436 4
375 0.4747349518148703 0.9746811920598758 -0.06633001370381919 -0.07161542539546595 282 118 597
376 0.4053866463284166 0.036402363607120965 -0.15502045896953476 -0.005981456302484034 237 282 590
377 0.7194146306078713 0.6215979828324527 0.01919919019366433 -0.6822202118928876 197 98 466
378 0.8675621838340521 0.5300875911294992 0.06380386765800217 0.18235681254960556 346 385 319
379 0.8622936528909101 0.5324593312711523 0.0845525685924664 0.1764340552996846 191 534 385
380 0.8882131858986649 0.5520874313607467 -0.20037918832614254 0.17180147904484336 254 346 582
381 0.8397681445671015 0.5223486374267776 0.243625617596388 0.24983390009558626 195 4 534
382 0.6615098905507356 0.4395690971226952 -1.0325017021917127 -0.20839671672893445 315 229 132
383 0.5973945801137817 0.5301961971761986 0.582736108133597 0.06735691817944411 362 355 81
384 0.7240931292023203 0.36874842363108407 0.12846676242190885 0.11594017468226922 294 341 443
385 0.9563126251810545 0.9218847658536801 -0.16785835392832665 0.5212714527738508 226 307 150
386 0.08534446126435458 0.2387995610687345 0.07089867210029535 0.41089650301229325 36 312 571
387 0.5649670984383244 0.9947922082443725 -1.7869756014900422 -1.8906883853588583 597 560 337
388 0.9391922603808078 0.0036623288684804467 0.02155421639782329 -0.10977364191255834 454 168 104
389 1.0318693691807201 0.48327874873462395 0.13602520776423432 -0.04843897227768679 366 154 188
390 0.030354191967738565 0.5374606336811469 0.013984047947390721 0.026166785058179265 149 128 581
391 0.06602036081182049 0.2513262194855366 0.09248698092101382 -0.005532468927427203 399 549 186
392 0.5755764504796037 0.6613293904282829 -0.006932832086192775 -0.01457489198775086 336 127 50
393 0.6112678877281235 0.6432858678566417 0.029260445455481232 -0.0448258610785679 50 545 161
394 0.6407663124132982 0.07309526917567825 -0.010374141129476655 0.09639555334506333 8 280 489
395 0.5652530017745572 0.9948805979088003 1.206818052597574 0.8402804338499145 560 420 500
396 0.5925087927576574 -0.006052371804150716 -0.09337285250543559 -0.03479322246979777 513 347 280
397 0.5651460567277362 -0.0052108467466567545 -0.6650934208661031 -0.9405568007908052 552 500 513
398 -0.0016254161550597916 0.6359035044929918 -0.8380121743479769 -0.6229660554557189 272 509 499
399 -0.006908101388365606 0.6705068068869436 -0.025878551732083643 0.02508697485859024 130 272 24
