1858
0 0.004794815580112695 0.6363108352691088 -0.28724103573116166 0.0742014874891006 111 66 359
1 -0.0016297419250541367 0.6359975146936551 -0.18970745516616636 -0.05777704729510963 499 526 111
2 0.7562028119595564 0.8348971889044254 -0.0936398784900927 0.036973824696362456 85 11 327
3 0.8868686210259581 0.9041385516637164 -0.13140846222856137 0.4252156604931225 558 371 384
4 0.8982880248548969 0.9161690390797318 0.3782915653362077 0.6701948124639362 468 384 182
5 0.9026065709282346 0.9180857283382555 -0.8637673254813748 -0.0218600859744518 386 182 307
6 0.9027287383083388 0.9181034941694085 0.6954035143352192 0.04296943064560567 34 386 95
7 0.014622950282833114 0.6845204890096677 -0.3192144034346034 -0.02968746489959151 517 359 452
8 0.010756672655290962 0.6860387679271234 -0.1781303216041863 -0.087843417175687 522 24 517
9 0.03133139149580577 0.5917812694173207 -0.2023719827132231 -0.03823503336858325 66 462 309
10 0.35150322948749935 -0.04552538040391686 -0.8558321533446225 -0.0184335393872909 163 404 151
11 0.3455287550404853 0.9637449684307805 -0.1568618819905443 -0.03853196995414615 54 379 397
12 0.3514666444181228 0.9544534183276189 0.5019999646901268 -0.049368160574088035 379 193 163
13 0.8677654187207533 0.21243411257143724 -0.06879683350780041 -0.005990569151848035 10 137 134
14 1.0030683928711455 0.20634322094942106 0.9765580893445662 0.23620245108511417 591 35 78
15 0.9826788068081247 0.18755291858220735 0.14720415789093444 -0.030488330263200858 134 370 591
16 0.022671672606832255 0.0838034614292976 -0.14922398438449447 0.09260102892816313 133 482 599
17 0.13752891901257772 0.08542828514123915 0.08947109528950614 0.15757731543220022 400 45 394
18 0.6108421597376914 0.44927817303184375 0.17232269344108486 0.12053788418786571 338 447 433
19 0.6345020471854976 0.3967761794806261 0.15365043074672124 0.08932341567791102 447 25 202
20 0.7840141342899082 0.12366578822103058 -0.15517795156488878 -0.123150939793093 243 269 137
21 0.529293775387027 0.20817868989523267 0.10734687513891394 -0.32549813903243185 181 6 260
22 0.6083913438229799 0.3423145249300324 0.055042927854520585 -0.07902491785949373 486 103 25
23 0.563088216401853 0.20372787580470053 -0.07330413151485082 -0.2784140161471438 260 318 26
24 0.5270585511441799 0.1995277607322439 0.15997776419557352 -0.1037601313896852 349 250 6
25 0.5607871802587561 0.13995301369890342 0.12409365479637557 0.2867298089931358 448 23 523
26 0.4730753778114899 0.15195272006493835 0.0755721592943237 0.2378086189774864 328 23 190
27 0.47073505312487335 0.1699203734786123 0.11936150123847966 -0.08007950448585266 162 190 349
28 0.955852276862556 0.6867178545326025 -0.15053924050858622 -0.5124511882809754 510 70 317
29 0.9313176817808841 0.6876203802908352 0.2065104517945393 0.02046389412091454 402 518 281
30 0.8983800306443969 0.6243266987696459 0.08726958530824724 -0.16758245832693142 201 77 518
31 0.955876163024204 0.6867829080578582 0.2166595116178836 0.49156024051276015 281 88 70
32 0.9673591570638203 0.6803803692071 0.021172109086807587 0.15286000857158083 88 49 491
33 0.9725468265091883 0.6445315156699087 0.03839269249739097 0.036936148237187716 56 136 49
34 0.8868117847389484 0.9041934734780755 0.41533660184343235 -0.10098404190227346 218 558 251
35 0.7930883867244702 0.8916118602916281 0.06793009623231629 0.6413383549721423 483 458 218
36 0.8331639448860033 0.9510279092050392 0.14593688184412423 0.3934666463945615 459 284 167
37 0.024100207786078923 0.9770913979267264 0.007219136052838415 -0.0910272681883817 104 299 227
38 0.12368553756699076 0.7631059452756442 0.017196570209487838 0.26632203310077496 452 410 479
39 0.18165693643856892 0.9170229311065775 0.038569319266157365 -0.1826084186640209 596 232 427
40 0.352258065366556 0.9339657224739691 -0.15294533226711815 0.14928375063893995 193 80 13
41 0.33690443060716974 0.7991915376957583 -0.11310868214264858 0.017473266236689433 184 240 79
42 0.36436419150409677 0.9371872424433363 -0.3319980838856207 0.17534548379244397 404 292 87
43 0.35731744762524326 0.9307028842179748 -0.25787448209788066 0.23105682176588482 13 79 292
44 0.5569098280250832 0.7702584412643552 0.018556832633020992 0.3431768116858233 540 587 183
45 0.5524545824522352 0.8060486120045756 -1.2589872478186728 0.3833774276955826 304 72 67
46 0.4867709729825789 0.6598240585272108 -0.03499702333487065 0.03485905938904743 255 415 567
47 0.940691273559489 0.5539699509981354 0.018006481754869602 0.02949649319824825 301 335 550
48 0.9445243378899227 0.5545148254796956 -0.04677466389202672 -0.5002261335403448 267 153 408
49 0.9445320118959946 0.5544319713854734 -0.14978944543324757 0.5484203801264971 550 456 153
50 0.6166023103467599 -0.063894019010799 1.0399792289993615 -0.4790836569904672 347 29 507
51 0.6167440849259077 0.9361275139989775 1.1501477455708782 1.0502873128969965 507 297 531
52 0.3714136443946961 0.22587289659638127 0.25226496447317004 -0.3554302574482193 113 82 572
53 0.5535922391481533 0.8577680825366119 0.23336071265471492 -0.1071677779938135 121 304 460
54 0.20001307588572037 0.583975673918414 -0.1193468900095862 -0.16306755945549867 524 125 471
55 0.4731779261585373 0.350551874640473 0.06489012799315574 -0.21962700824662562 207 473 497
56 -0.0027578658191143215 0.7217213551900503 -0.04772526690928176 0.6112581733011763 122 388 522
57 0.8300105721048089 0.31031450423861817 -0.17410675045778645 0.2714145929273021 236 10 262
58 0.503948739476414 0.3226609626106831 -0.024668634496238795 -0.10728358409983763 473 96 486
59 0.48667113184228367 0.26016975025787137 -0.018043297411729498 -0.20485942386905265 173 181 96
60 1.0009443380450205 0.5883852673344836 0.014913810464367572 0.10851605274087017 265 408 219
61 0.02079245012893255 0.5803331757662282 -0.030554205172894644 0.13586226831063808 219 581 462
62 0.489134860020754 0.44317848699396994 0.10901337887947449 0.2709190621841273 233 497 421
63 0.5445487675540249 0.47207222157538753 0.019930240097165708 0.21177689289719748 421 338 3
64 0.2703351374953254 0.7917798983394085 0.43266299393045216 0.23836144396975883 598 252 1
65 0.3688636441812064 0.617178311015206 0.21948986517195124 -0.06852189440853529 117 308 476
66 0.24967112369265648 0.6415192398639336 -0.01469434018908089 -0.01712710806511808 159 471 117
67 0.40358841410348845 0.6457636279883404 0.14889969326969954 -0.12246360245327104 476 332 311
68 0.40771842741739567 0.7338016943611415 0.12076161286234122 0.0026905444885927388 108 311 63
69 0.2821417131042766 0.059978840197138034 0.22327519759272885 0.212718065774678 124 403 334
70 0.6750206114260905 0.3607560212487469 0.027438076810604173 0.003203391718553661 90 120 294
71 0.6610686651188538 0.4392641065184832 -0.7694593953184092 -1.6111517375230409 42 343 229
72 0.6460527498756706 0.3976959835639552 -0.03979196087217085 0.07413640309289482 202 90 343
73 0.5667613722690346 0.1694923520296714 -0.27851313138898237 -0.12967596955547506 318 503 146
74 0.5665734662002178 0.1693949121616352 0.21212240539927005 0.05046382707866136 250 14 503
75 0.5681931922044311 0.1547070244351237 0.439445244451199 -0.010534342484696396 14 448 290
76 0.5654514252711768 -0.005067853681167256 0.2747357085645767 -0.9692811831646125 337 552 192
77 0.5707542391651667 0.1288659362585636 0.1068331146637791 0.323911851160541 523 192 116
78 0.5683695171705445 0.1546876766812212 -0.4973066163353138 0.09426358178721804 290 329 230
79 0.5737160349618791 0.1309713659723358 -0.05034383066676584 0.21167666356715353 329 116 203
80 0.6422287892092774 0.18576844493348108 -1.1435287704993362 1.3120924788135375 83 392 506
81 0.5714421202228275 0.16511566141121223 -0.04570938627601606 0.003540624217424071 146 230 83
82 0.6752674226307489 0.21296977508583498 -0.13919835492592902 0.1709804200999976 222 204 574
83 0.6424213445025645 0.1855639804009541 1.0270640324809122 -0.9916967220564766 392 484 204
84 0.7281410259563369 0.20637688036848148 -0.19814167806497807 0.20897253372176294 200 574 407
85 0.7744872341867928 0.12499611516299536 0.027607571784216134 -0.15314107083136408 407 123 243
86 0.6127403161068526 0.1236308152726564 -0.06606859434543644 0.21391123178338134 203 8 484
87 0.797033226384778 0.037434227171296186 -0.640580221154916 0.041688200129772576 106 61 165
88 0.7970768240960482 0.03743928547738686 0.6754321901924369 -0.6578748390696125 269 12 106
89 0.7970693579923936 0.037418018640234224 0.009398478727180382 0.041276459675351415 239 434 61
90 0.7969903103609831 0.03748464756946693 -0.22421744452289427 0.3385854977167252 344 239 12
91 0.6487225942632417 0.2655331135210001 0.04538070509652048 -0.11066466042153333 26 101 364
92 0.649004461897403 0.2891556218042013 1.6565628622666007 0.14520224351739025 562 380 120
93 0.6486872788926089 0.2891066943182703 -1.5993257064999544 -0.3570265576676422 103 364 562
94 0.4074189279301843 0.1003124289638176 -0.15779285378325625 0.04276559384397416 126 590 328
95 0.3637434885484424 0.12075251294839792 0.02037040119917677 -0.01617005140897021 478 383 126
96 1.0038802097958317 0.13765098534128295 0.6636006402016689 0.16964574681285152 370 295 504
97 1.0079445132860099 0.0889305680477344 0.12198154222820001 -0.00700732683683869 561 133 295
98 0.9279905074658412 0.6970991751815753 0.24761244964144336 -0.08523374141894413 455 402 375
99 0.8750295254694969 0.7851509097806646 -0.019805049961130194 -0.23086598605059905 19 568 371
100 0.936093746336677 0.7019895950504361 0.13375475310661855 -0.1464406184856215 176 375 510
101 0.9403379162390686 0.7230549282239329 0.07740751060969497 -0.315027305283766 568 176 576
102 0.9174068283260748 0.5985896826805763 0.5174442671703697 -0.3576576586760902 77 505 350
103 0.9174047391189547 0.5985929963888432 -0.30734150804179833 -0.1857463490634835 350 430 56
104 0.898128877550354 0.9162888229156345 0.27330427497149984 0.850025154682855 251 221 511
105 0.8981035444092986 0.9162612814535732 -0.094679156492129 -0.1731446180346292 284 511 438
106 0.898403435328441 0.9163102971794088 0.2049537138237216 -0.6721202909898796 438 588 89
107 0.8982905614788892 0.9161862523455916 0.0373161544457083 -1.5249535555120923 235 221 468
108 0.8983528784583429 0.9164709053313174 -0.42452717347819174 1.2650592636708977 588 235 34
109 0.03713285396408851 0.9621825539832669 -0.20109539467655368 0.1374335072829025 469 261 439
110 0.08182007033219743 0.4739124209516724 0.6435233800510366 -0.7806357034992024 57 53 340
111 0.06421398765806753 0.5281202878865688 0.05998912200322337 0.015785738688434137 128 340 68
112 0.02717668512354136 0.3632847498290685 -0.9750778052255429 0.34704193758636726 194 480 196
113 0.12897591484127807 0.33835589310621017 0.03558867122440551 -0.16819989091853074 97 275 286
114 0.39032081851165257 0.5717667427378086 0.20583970083976055 -0.030684930291124957 308 179 527
115 0.3906560279279872 0.21883905305426068 0.023357379572153114 -0.260335536808598 572 444 173
116 0.23289693392721023 0.47154185932007425 -0.2425337698036545 0.16177558910535073 205 405 475
117 0.21425211591186777 0.5230122027693251 1.1526075286574593 -2.1267134342117995 585 75 164
118 0.12875667414309608 0.337596047449927 0.07838984822589393 -0.016484044251113827 535 485 275
119 0.988249497797897 0.41935960097603436 0.14042358942312205 -0.07708771260217517 211 390 366
120 0.3910610267565997 0.20964714337616752 0.01153537872861099 0.009302590642246145 444 220 162
121 0.16416470052970478 0.8617810448862094 0.009954000124157147 -0.26124518243131334 395 449 232
122 0.617235745315084 0.4556708205069283 -0.025679589184257612 -0.08825904087433889 515 433 367
123 0.43300928614756995 0.5184477090362339 -0.09418352939997293 0.15608452384307386 382 592 238
124 0.33900125680858606 0.962770362243808 0.20395334813377852 0.02570469939330855 242 528 54
125 0.46454562152490075 0.9420646627925298 0.022588665660183693 0.2194333638405599 87 121 118
126 0.3707579552073356 0.7648467760900435 0.9583819173051948 0.916764596603102 240 92 333
127 0.4219070973921936 0.7392763387072971 0.04877096500635093 -0.5960151458378232 333 256 520
128 0.3706586410785263 0.7647393046083698 -0.9219500227313002 -0.9107280049812936 73 108 92
129 0.4219096308528359 0.7393114438841463 0.11967688892704698 0.5905249247833478 63 170 256
130 0.616479105127193 0.9361065341531732 -0.8781883812270137 0.18467778813363936 577 279 29
131 0.556742368618423 0.8584283228517785 -0.026799347116468475 -0.16507165109640176 460 285 217
132 0.5950006650146589 0.9367394436988865 0.10710429938776134 -0.03765433277680419 420 217 577
133 0.568441258151207 0.7607204270233326 -0.032240511996239896 0.3850301887216301 587 336 107
134 0.662023921792713 0.770032299456035 0.07672840141026427 0.06656210582711708 320 559 247
135 0.5728431754277729 0.7656381976199573 -0.31606888191773597 0.0658174417744739 215 107 320
136 0.3069850391068343 0.7911906101704366 -0.06819476822432155 -0.5920925656233491 381 5 184
137 0.32966877421593643 0.9265271300353392 -0.1685777690374089 -1.1897905485082392 391 354 80
138 0.5417491782217423 0.7752781257933966 0.17777727185058334 -0.02273367398736119 401 166 72
139 0.4415244176231182 0.7384513363036399 -0.0981963424581591 -0.612890927145413 520 411 401
140 0.5418176851120168 0.7752339827974434 0.18914107453778814 0.06983169386709856 166 537 248
141 0.5421910349009733 0.7704310527668072 0.16084138049210495 0.33698019617778296 322 540 537
142 0.6984667807929084 0.8427449189968955 0.07707618146425999 -0.42202934289338034 426 180 141
143 0.6983538356818941 0.8427141194110638 0.37411677865340465 -0.2472789462423927 300 358 426
144 0.6984735115409653 0.8427188540252997 -0.34294711036519626 0.3473153405175212 180 554 85
145 0.6983732946634895 0.842662907417518 0.10097725847211907 0.462494873429138 358 247 554
146 0.6262441443293526 0.8710970260631896 -0.026412066977954396 0.03782081869907472 110 419 300
147 0.7930341513905328 0.8915411974830512 -0.4521201538757694 -0.49462469718999924 293 483 316
148 0.8190526262051295 0.9495579576557465 0.041516941967634224 0.0272922568225753 245 316 459
149 0.8036734001672485 0.9729738212402589 -0.8660053222531919 -1.323127402133833 445 245 257
150 0.7960775178453336 0.9763436213801224 0.1745231853131357 -0.044497104785545805 412 445 174
151 0.7293475372277219 0.918275825461025 0.11834040483660324 -0.12421259507067184 531 330 412
152 0.7929112194724971 0.8915132074375087 -0.1341072316679581 0.5398666069344906 580 327 458
153 0.7929360668829178 0.89146939726713 0.37626239370229064 -0.40280410383856846 140 580 293
154 0.7378214541955337 0.8957277021804069 0.04863020403034213 0.05733187084799862 330 141 140
155 0.30697623863002665 0.7910370380399014 -0.028416511922398427 0.640972149684206 5 1 73
156 0.27408864486632933 0.7962558798141611 -0.0450811821900432 0.018403018779006297 594 142 381
157 0.5489990406082819 0.7788030140024595 0.012802693453994873 -0.08109494950558904 93 248 429
158 0.2105972738696278 0.48960241922972886 -0.05590781761155572 0.021135236269453905 231 205 498
159 0.16271086493312215 0.4721005941854475 -0.3327641178558181 0.2670374190652178 47 259 231
160 0.30493448452887745 0.5099044645650175 0.1466097836422221 -0.5446637942624496 164 363 289
161 0.30492936186920694 0.5099323226728965 -0.08925746932742558 0.7403742644570416 363 475 331
162 0.37994823312715453 0.5273668488091192 0.15860217575643726 0.5710455450906262 331 369 249
163 0.8278847198079831 0.3109764323932792 -0.010232800327567015 0.22107742433594146 490 406 236
164 0.7395158076792482 0.27323778652662456 -0.023082837898036335 0.010985037705857348 512 58 418
165 0.7471827304018771 0.26707412456298785 -0.20028209282013654 0.15028234646302652 58 200 406
166 0.9384805052582446 0.3635653616779416 0.19875215778730748 0.15268611722185632 409 51 172
167 0.8382559922209692 0.3280885433978605 -0.29254314890675426 0.00684551621117635 464 262 409
168 0.9529467977545042 0.4165752452121932 0.14904681586158652 -0.07477999330873786 345 172 211
169 0.3584796025474934 0.18855157064375844 0.06153172195297849 0.06451170923517022 270 478 220
170 0.8270417363054043 0.7338001259383693 0.009617475912881979 0.017891507719802746 91 74 455
171 0.853503302092289 0.6127331091351351 0.07248060068798523 -0.17887269235239422 31 302 201
172 0.9983698595591225 0.6360391615187314 -0.004694618240837613 0.6658301959520311 241 265 526
173 0.9982703986119875 0.6360937126925481 -0.4843719366109901 0.4929841151065663 136 241 509
174 0.431873196220509 0.5719109504193348 0.2477168427415105 -0.9908885187576763 298 376 398
175 0.43448025238460075 0.6285940463748582 -0.06208206657087878 -0.0003726151331928662 332 398 255
176 0.22473741024083452 0.9178376779357512 0.03136358325828148 -0.1929366812147837 427 15 525
177 0.2081477889837661 0.7313467854212754 0.049841607403788846 0.21229995209731678 99 129 41
178 0.21848890579138225 0.7274653448605377 -0.034567996382017796 0.23947676220520409 129 159 325
179 0.23944510326489155 0.7585429985885046 -0.5579701261858067 0.6422370986032002 40 325 252
180 0.028841461157271334 0.09088778590898171 -0.1271459377019668 0.10723353906227917 209 599 425
181 0.1351702691219803 0.08862805919825696 0.20550646132738715 0.007251201028513066 425 400 171
182 0.6684382717431945 0.23031000445915667 0.17988839350405184 0.04592027563320861 16 506 584
183 0.6588076107508233 0.25934739168566195 0.2549153673033194 0.1887908371355027 101 16 465
184 0.6685234175678912 0.23030712488597407 -0.3790066213996135 0.07284524507038259 584 222 352
185 0.6733583330795809 0.2482316261317618 -0.10979473892558378 0.0056850132240660045 313 352 512
186 0.6589851650866593 0.2594828358292214 -0.32928363864802646 -0.2846014705371394 380 465 313
187 0.29651900521848545 0.10940352997445539 -0.009915292545348287 -0.029894917444317493 223 62 477
188 0.33008138488578953 0.09620108773148782 -0.07001845769849524 -0.043303706454000945 477 564 383
189 0.9337810176471952 0.02114043031335018 0.03928480284132174 -0.16290516678674205 165 454 561
190 0.7342850035268125 0.711923199864285 -0.031257592705575404 -0.34519586004206315 492 417 365
191 0.7822958125217582 0.7657218969183488 -0.06382897890788719 -0.10641339198702582 11 365 348
192 0.8241157612461656 0.7527550187494054 0.04109379156402859 -0.1552957297479285 348 91 19
193 0.48259736228690464 0.7196894314476147 -0.08007951385335943 0.06308814581856836 541 567 322
194 0.441520472495028 0.738344719609218 -0.04996776183194707 0.636279448077673 411 170 541
195 0.03631079230099915 -0.013756062889055322 -0.12575669099818 -0.1918401109843315 482 227 65
196 0.046039082284950766 0.9792733909084046 -0.30357125372498794 -0.06704133220791775 65 439 228
197 0.11276704524477243 0.9955753169129309 -0.0464490557128272 -0.025076490883790825 228 596 45
198 0.026333885870720386 0.9643680630254172 1.3587755218940136 0.2933593204430341 360 303 299
199 1.0261830215112488 0.964342820516779 -0.8705421994191888 1.1855207848125282 213 553 360
200 0.02630157296119183 0.964242253064739 -0.527662422970484 -1.2065858869518162 303 553 469
201 0.28669174180803014 0.9888446196428976 0.25544082682404934 0.02969363921412338 403 525 27
202 0.21416336969934383 0.5231523070035475 -0.05526155319750172 0.9593967859738983 157 498 75
203 0.08194528407572717 0.47388093859635705 -0.03504951274959506 1.4088107275060135 53 102 396
204 0.2141745691420289 0.523409275345714 0.3990657208020041 2.7728241217659537 125 2 585
205 0.21402887142552465 0.5230582983147956 -1.839011378308676 -1.7746432915826142 575 157 2
206 0.18968539734371315 0.5231276645206412 0.008235775603160356 -0.024966264472459088 214 100 575
207 0.13511869290560938 0.7615381343484908 0.08800000103614813 0.2573680756359775 410 414 339
208 0.14305071802518923 0.777118996534837 1.2291041671373433 -1.1068039987676401 0 339 296
209 0.08733505055516075 0.382620452564457 -0.026694093463452973 -0.06299907470697086 461 97 547
210 0.02727459328084359 0.36322339583327856 1.189780375217671 -1.0441297575482786 131 194 461
211 0.0819068878865253 0.47365077527215016 -0.0408043747079337 -1.8274180553626067 17 361 102
212 0.08178292882890872 0.47394637345124174 -0.32786213126736236 1.2108408313886974 154 17 57
213 0.1492623991557818 0.31981480434751325 -0.28016721699769886 0.04480421809927547 28 543 288
214 0.20250672502544764 0.38974023629681953 -0.3848311978110752 0.03918169018402029 521 206 405
215 0.17772959033178976 0.39138096718153786 0.03292180833502911 0.01994007493844041 152 487 521
216 0.1424663953419487 0.33922498253802025 -0.10696588718939193 -0.17955784532841523 286 28 487
217 0.07594897364455343 0.3200118785769612 0.061497478637262404 -0.010086926433006127 196 186 535
218 0.1490620109175168 0.3196992036730534 -0.053603083294750595 0.17558518294923456 485 253 543
219 0.2391268761015534 0.10318362419346094 0.15629831990292276 0.1551898844674715 529 124 60
220 0.4316998267492009 0.5715270300441738 0.8014842687914439 -0.5295703577235964 527 291 160
221 0.4318252953590349 0.5716536997587068 -1.0225331196432033 2.273720618603753 7 542 119
222 0.43172528315368863 0.5714217610710565 -0.16268001738458174 -0.6789032709706572 291 138 542
223 0.37437576600746403 0.5313478291882086 0.2234156644409513 0.05250362930878105 289 263 179
224 0.2530754488420891 0.8469409435256687 -2.7589837084209305 0.7638170062552443 71 22 579
225 0.2531952160336226 0.8469321688261793 2.147601273536472 -0.7819286893320787 453 71 144
226 0.7623587089125698 0.35420294490331633 -0.13245545407020165 0.08194567906183448 112 431 145
227 0.7494153004654285 0.34706052038321855 -0.018946866471580837 0.1400670981976937 341 418 431
228 0.1498368516901212 0.4543886231010235 0.009910100517984688 0.07001337599954471 115 152 259
229 0.826728581259512 0.324284451621217 0.020304824141503808 -0.03307354928122619 145 490 306
230 1.0272109155532458 0.3634940986060721 0.8955839273322116 2.1213276483054617 390 423 131
231 0.9404602360699418 0.5543147920479339 0.03391992592295841 0.0007140107840912513 582 301 321
232 0.9405575633615305 0.5544923611642054 0.05699587008411132 0.024587681361960302 178 321 267
233 0.11502675328021929 0.5780505363241838 0.18907883885433024 -0.35551625584412383 309 94 450
234 0.15151997352667942 0.5961111044685438 -0.06816179409091516 -0.22362453330065923 450 314 224
235 0.956014271069067 0.9219370549748345 -0.07502580706220466 -0.5532870553208447 18 226 213
236 0.24078827213464565 0.10653276191609512 0.20970640834732865 0.8221163516852715 198 60 378
237 0.34598642088034254 0.965144497472116 -0.17142312968020143 -0.7565324387496966 158 397 148
238 0.3460925440996608 -0.034779855516878774 -0.14096671954055448 0.49833854792979665 148 151 474
239 0.0038756216412849827 0.13764978866474695 -0.5110937523691177 -0.12801246133134708 504 209 310
240 0.003037078454515037 0.2063278306258956 -0.7346851247757701 -0.26876555677464875 35 310 502
241 0.15234758964918244 0.11083603799254427 0.1252513801008881 -0.07818418690241913 472 171 287
242 0.1276713892595175 0.21600878527985598 -0.1264496323621911 0.3573088467462293 312 472 185
243 0.8822997562152388 0.48225228430665484 0.030370924872236138 0.15977361066121798 319 368 33
244 0.9067428523417714 0.48070069363194934 0.006946145741926202 0.15939658100372345 33 345 335
245 0.43252045597651606 0.5171205979734276 -0.02811568553928029 0.3351352936050572 369 233 592
246 0.2394963795554133 0.7584871677186785 0.48090738103442715 -0.48872777147425556 189 40 208
247 0.1752975202174823 0.84744819310189 -0.11084348786050136 -0.08502027658285893 372 532 449
248 0.2529344966128728 0.846891482039757 -0.9333193651495054 0.03594488283273833 532 565 453
249 0.22612167307781805 0.30374072466653906 -0.3389480980608983 -0.25465013570036277 206 424 273
250 0.4194004256908899 0.5330935406284085 -0.002861642173224155 0.07526508062627446 138 199 382
251 0.329729945880589 0.92663752871456 1.5216813012089045 0.5995171808103293 528 413 391
252 0.3295481917060464 0.9265758253397438 -0.8437165564481206 1.1452465328317232 147 354 413
253 0.25343685053072 0.8468374377783365 1.1629494832606782 -0.4709447842014488 546 579 594
254 0.25328061011517794 0.8471302780175759 -0.24989168232646347 -0.23040232319411752 187 546 147
255 0.6164940203436531 0.9359398914095891 -1.5646201401476354 -0.9485896113813438 279 110 297
256 0.5722728978057392 0.8322285984974472 -0.8055294962907699 -1.0060760591567046 285 52 76
257 0.5723754043107385 0.8322840136696215 -0.010783916010062393 0.8009623836677585 76 555 419
258 0.5573713803215244 0.7720612108043106 -0.0757318725959355 -0.03306413725711471 429 183 435
259 0.5652163626111518 0.7746058926720947 -0.18050982011214023 -0.07792979057202887 441 435 215
260 0.5723130253373023 0.8321145857588756 -0.40268369867838816 -0.6154016560863814 324 441 555
261 0.552680240157217 0.8059727989924825 1.4186473206291659 -0.5202581885217522 67 93 569
262 0.5723260926941514 0.8321783466216335 0.7912319865746305 0.473471272244611 52 569 324
263 0.25320073101322543 0.8471935379126118 -0.2311162585448426 0.3632398422521478 15 144 187
264 0.14809901164130493 0.8542434388244167 0.09154915818487819 -0.2118909905174382 212 457 395
265 0.15358169159097965 0.8095526072684438 0.5493124117492186 -0.15685578971759082 457 274 589
266 0.06225665553150546 0.8869518064033366 -0.14592939079349776 -0.053122055712617744 261 578 212
267 0.35849598768779223 0.18854163960185408 0.331256859219069 -0.09895824988085739 244 270 82
268 0.478346566996256 0.5532113537428623 -0.08942468224248934 -0.04046602150586942 105 156 323
269 0.47888332168285036 0.5362558776744337 -0.10173006395608475 0.13093431582011927 238 326 156
270 0.32833943450602243 0.9796869938987872 0.321945650938834 0.012651914220535779 27 242 533
271 0.9173689117571644 0.5984035274378878 -0.0604278988704395 -0.6539096990734847 516 277 505
272 0.8880371581476343 0.5519583815624185 0.10120758704842622 -0.32829025847877935 225 254 516
273 0.9174130879942874 0.5985033653077546 -0.04338349584361457 0.911509264771228 277 178 430
274 0.7967890612271967 0.03740474722708451 0.2653532554005699 -0.19122333719191925 44 373 344
275 0.7516578005330778 0.08187392625584684 0.18334401219455287 0.10541905889893677 489 44 123
276 0.11507638785521342 0.5778800198638562 0.00538537849026615 0.2758265607642708 94 68 353
277 0.05280891467383401 0.8789637853413776 -0.006894900622667066 0.06078731823455641 150 374 578
278 0.06598270970646936 0.7883866413556464 0.05790044832476582 -0.09865534777997453 563 175 374
279 0.27012479756079083 0.7918930184245618 0.025700672661018928 0.2539410228375328 32 208 544
280 0.27025943437308186 0.7918467780290562 -0.45738914922254303 -0.2721274169680899 544 598 142
281 0.7113899189869493 0.7088242485769614 0.17700872833453785 -0.06898426673646041 559 463 492
282 -0.0028092701513226064 0.7217547606543324 0.8166192428326301 0.2058479194188439 576 495 234
283 -0.0027236267817400328 0.7217879235841964 -0.5300668917034359 -0.7263302925959464 234 122 563
284 0.24074990543247082 0.10656040567171292 -0.11053195060888465 -0.558025325605874 389 198 59
285 0.18608056119254587 0.10173083916102064 -0.9290591467263527 0.4935450063177013 216 169 389
286 0.3799384612395694 0.5273064803983125 0.02598609732852185 -0.2608433552429146 263 249 199
287 0.24700352137433468 0.28551590097661766 -0.33058425857879215 -0.26649297560354945 273 356 84
288 0.35264611198362944 0.27451223138123304 0.21114982470815669 -0.2958680619946641 84 113 207
289 0.28984706345195393 0.14615481973076702 0.06507279333434202 -0.19440139775728227 442 223 244
290 0.2700675336507947 0.15157240209335784 0.05872824344888006 -0.17002484628547698 451 428 442
291 0.22850761061441396 0.2589821256979482 0.006168739824508052 0.2639770034507105 566 451 356
292 0.5435261054247925 0.4982658744544801 0.038605034446970166 0.014803011247344067 326 3 355
293 0.7822942270963171 0.6976196954725227 -0.11390385856735463 -0.08758677741416143 501 139 74
294 0.7848516484282339 0.6601523806349847 -0.1062768650861301 -0.079292813287557 466 31 139
295 0.7343544496401813 0.7116970429072883 -0.18143532807884596 0.14372821412309172 417 351 501
296 0.7129728271722842 0.6982775832945649 0.067394170756227 0.03929946541803009 377 64 351
297 0.8491809495330251 0.5536089218241149 0.09380004724335311 -0.17190894818774893 302 37 570
298 0.15994503230872334 0.5861428421502094 -0.11540410103233478 -0.173817228145412 314 20 524
299 0.1558703478658996 0.5784561926447049 -0.009991531040032253 0.0154968999438454 353 214 20
300 0.6468218643065162 0.5785970285944866 -0.03566225301177006 -0.024426142705702425 416 519 283
301 0.6610958632517641 0.43947957744113564 1.0439763338017252 0.2948201141469162 367 42 268
302 0.6465733449120232 0.5564347368384974 -0.028274761351698707 -0.014159756353548936 519 538 488
303 0.4317529420750399 0.5717855665868335 -1.4031588860518576 1.8876206668512516 160 595 298
304 0.6140202091862365 0.5958687886096407 0.01962199847049817 -0.05572393449448931 155 416 545
305 0.43198492292783086 0.5714656167741814 0.11877858149085194 -2.128361402308691 46 119 105
306 0.4319174333890456 0.5718494010168116 0.2830734407863406 2.7366318732175223 376 55 46
307 0.4319083362787393 0.5715187221374024 0.8067969076375409 -2.888794328000013 595 7 55
308 0.5889999058430426 0.5776716120113612 0.05990647006237637 -0.013318343303203584 177 305 155
309 0.5398472135761309 0.5980564164060939 0.023165614565501258 0.02345970639971995 556 323 177
310 0.20827809200355488 0.7411066516419988 0.03959706729173007 0.060962987609436414 493 41 189
311 0.9660084048155726 0.6848847195000175 -0.03794592383365991 -0.008445459696165836 317 496 548
312 -0.0028952935077213937 0.7216017157772955 -0.8116245768142343 -1.069271424339682 495 548 388
313 0.9674018633485117 0.6804083635513012 -0.1185352917451349 -0.06272124694481829 496 491 130
314 0.24096389432582338 0.10671165507672335 0.6773032794311169 0.10655025465313708 59 271 428
315 0.18592655695733432 0.10169567612999668 -0.9763225635421461 -0.469956286795639 287 432 216
316 0.18617126457717634 0.10169908835006339 2.9108860615965555 0.10477072981158064 432 437 169
317 0.18600967120875775 0.1016314540502444 -0.9238920706006615 -0.06563795532760988 437 394 529
318 0.21183495783148798 0.2657513183733531 -0.06798083138082056 0.2994448272675143 86 566 593
319 0.1235653256963853 0.7638377589329632 0.06622375871420325 -0.02774452302015812 175 479 266
320 0.14284257752863264 0.7772961043385488 -1.2839893816895391 1.0219260039122238 266 0 274
321 0.16259945494732272 0.4722286140551812 0.24224585471800153 -0.2622833819706724 9 47 100
322 0.13088339729596662 0.4578531519717664 0.9216365146047771 0.45069493169930036 396 586 9
323 0.1307975461671388 0.45774806514064037 -0.8812020294298003 -0.3320241833871412 586 508 115
324 0.17355355187006227 0.7145751390654148 0.08365478518235214 0.2269405698085425 414 224 99
325 0.10275414338441662 0.4446001509294713 -0.3498240490443531 1.4563211167187675 109 357 508
326 0.1027863926880948 0.4444371222405069 1.3947531910316187 -0.2607389272047712 278 547 357
327 0.10265674026749824 0.44449919718146075 -0.9622416503516067 -0.9234921451248962 361 278 109
328 0.14397526885646456 0.24256918875184605 -0.2603216699495481 0.20107994089246795 30 185 86
329 0.13704766657184775 0.2499686941398526 -0.1254094553898577 0.049415928814189325 530 30 253
330 0.2409209670890322 0.10660282833195389 -0.7150900966081618 -0.7844798691588251 271 378 210
331 0.15351958422377304 0.8095651806730019 -0.5703155809590188 0.06995912610747697 589 387 372
332 0.2531450775778142 0.8468309392935872 0.8582581871989535 0.09502234728909044 565 32 22
333 0.8355857662604556 0.32999156347379033 -0.10177938066999181 -0.12488623850337444 306 464 536
334 0.9881043245939602 0.33653261773745025 0.25142111309550685 0.09114977106428057 51 514 539
335 1.0270844597282638 0.36315438204217004 -0.8053459616986234 -1.5268356721541279 423 539 480
336 0.15106887100627667 0.7810689801793597 0.0029867639611547148 -0.003178421935368103 296 493 387
337 1.0332870506137317 0.23435678570736518 0.1980557493412604 -0.385353422428954 573 264 399
338 0.03328470954868341 0.23436364949838365 -0.04169064169275626 0.36586835716411564 264 494 36
339 0.28035587545964896 0.095660421427774 -0.08264836835747413 -0.0757448870986055 210 43 62
340 0.8940206017182312 -0.05077222957789978 -0.11806158758953522 -0.17411468655748052 481 551 168
341 0.9015583841817807 -0.08118529552284924 -0.14152676010292797 -0.08882737759317166 551 89 557
342 0.9027116186241347 0.9181975881067902 -0.5668649936415139 -0.21918984178690912 557 95 18
343 0.2844566093233484 0.06132231365211751 -0.09716727140778036 0.027980345341030444 43 334 21
344 0.3283162803903451 -0.020332012926331033 -0.029314382674823263 -0.2781525343803899 533 158 276
345 0.32605250775191097 0.03959178056532811 0.01161498484197887 -0.026140237023575263 21 276 246
346 0.3328536562188854 0.0436253056090787 -0.09744290513369336 -0.09040878080901482 564 246 446
347 0.36400965157283205 0.0215047548027897 -0.17857215636740698 -0.03270148388190286 446 474 237
348 0.21051321563481223 0.2931533113025253 -0.04113310733688813 -0.03829136174804404 288 593 424
349 1.0203029986827725 0.2358495552291312 0.1858465114440433 -0.02319571236475415 514 135 573
350 1.0031001480846287 0.20659959001545086 -1.161936654971694 0.5750979468658419 78 143 135
351 0.0033025302941776394 0.20649788278526313 1.4360491917218268 -0.6795758045299903 143 502 494
352 0.8284486373920028 0.42402191236411557 -0.16456523072350712 0.13122828253198623 436 536 368
353 0.5976591927182147 0.5300049592348729 1.7246004236888892 -2.094473981116519 81 515 440
354 0.08537154152124005 0.23905782791530605 -0.054312726913846324 -0.23681675187267973 549 571 530
355 0.5974726081891302 0.5304174813393802 0.943490294512449 -0.6391483676625349 305 362 114
356 0.7193107780561702 0.6215096778700843 -0.2671915276555273 -0.36454579181315105 283 69 38
357 0.7097501157844037 0.7001636362943842 0.18382637187626394 -0.023683949810018867 463 161 377
358 0.8633981346195916 0.5437448816742738 0.04486419586530177 -0.10940838356815474 570 191 225
359 0.719437049429683 0.6214986327872533 0.4293229231310306 0.4482015595781165 98 69 39
360 0.726915301482394 0.5688872614129633 -0.026718217915888687 0.17777513489081187 39 583 48
361 0.8297709320424183 0.5390851453118388 0.3914381735414807 0.043038781913362634 48 195 37
362 0.7242415134686617 0.3685648864674028 -0.0335534542560351 -0.3051924255673198 132 443 470
363 0.8038325703235957 0.9731669573678214 1.0865622755178357 1.2522808280119755 393 257 422
364 0.7194298459644992 0.6216720444291661 0.8176140712384816 -0.23933134561898803 64 38 197
365 0.7962000578750177 0.009203296832942175 -0.9894948524507782 -0.052158849080243895 373 174 258
366 0.5976149331303506 0.5303033390460163 -0.7811186570526535 1.45422588819521 114 440 538
367 0.6766176207709697 0.5371305368108145 -0.15071827536017324 0.08654605088143086 488 342 583
368 0.7963614940212843 0.009212580885555608 1.2307521651778661 0.07221105422872218 258 393 434
369 1.01936408606247 0.5272197024253902 0.07067104366986765 0.06414675075838705 456 188 149
370 0.7607002002978933 0.36419718793252687 -0.0795828564506551 -0.20532950652241144 470 112 467
371 0.6611780634883007 0.43948595445640387 -1.339549497475674 0.015600877509877424 268 315 342
372 0.833148292927161 0.9509675198622518 -0.06021420252635848 -0.3954735702137906 422 167 481
373 0.5364314110595236 0.6348014215715869 0.027604214747345424 0.014922896945934738 415 556 127
374 0.8284555546964651 0.42401894505009335 0.2893478803995056 -0.06346455134220741 467 436 4
375 0.47456278812406666 0.974491950844053 -0.06608978711519775 -0.07398944790182327 282 118 597
376 0.4049840042651147 0.03638583142857816 -0.1547169552196248 -0.00670140401504149 237 282 590
377 0.7195405376905327 0.6216422742208069 -0.9207311372420695 0.16125102259858212 197 98 466
378 0.8677350348006734 0.5305543001826222 0.06884999246073442 0.17698064793195134 346 385 319
379 0.862508470639378 0.5329168355782126 0.08083527762089981 0.17553868749201063 191 534 385
380 0.8880946894209963 0.5518623721818292 -0.20818730392499657 0.1813570364034029 254 346 582
381 0.8403974608548631 0.5229996280415949 0.241302842290958 0.2507995509187788 195 4 534
382 0.6612774851759797 0.4394143510293252 0.6077088014885476 0.94930427496729 315 229 132
383 0.59738362794957 0.5302112302786718 -1.7867375281215143 1.2633581157996467 362 355 81
384 0.7242210405433926 0.36851195267249354 0.1347592997721957 0.12895698742117515 294 341 443
385 0.9560199995692447 0.9218451927103479 -0.1486466765025481 0.5238166030677128 226 307 150
386 0.0853770666089718 0.23908600274265934 0.07225905334425509 0.41278838271667634 36 312 571
387 0.5653937769952468 0.9948258542128237 -0.2536934815515609 1.488354397510155 597 560 337
388 0.9392463838180676 0.003379631316411502 0.020139042516964523 -0.10776176721793984 454 168 104
389 1.0322221085228305 0.4831543242668117 0.13515871616354147 -0.0482663235767955 366 154 188
390 0.03039071434974961 0.5375270886417441 0.01410396920781265 0.024993133257433797 149 128 581
391 0.06626093211802973 0.2513152372514214 0.09231792864883293 -0.005103062417077808 399 549 186
392 0.5755578981277961 0.6612910029269108 -0.007318248090859569 -0.014939746662001596 336 127 50
393 0.6113445229397723 0.6431685271938997 0.02966957859951158 -0.04541275619440732 50 545 161
394 0.640739763190478 0.07334614460291615 -0.01005825214783762 0.09655367616545618 8 280 489
395 0.5655107358085174 0.9944946675490168 0.32682505742056006 -2.409572985878508 560 420 500
396 0.5922710847944486 -0.006140497422099569 -0.09194521498334662 -0.03745812861277731 513 347 280
397 0.5655280136334987 -0.0051355372934556425 0.16848074410686567 1.750690320358563 552 500 513
398 -0.0016233708942717533 0.6360130748687529 0.6295907250938513 -0.7520825593632855 272 509 499
399 -0.0069797032315007555 0.6705765766388987 -0.02800346170228618 0.027348594222598166 130 272 24
