1923
0 0.002928594229177177 0.6368008204393591 -0.2867909795929713 0.07228863670855068 111 66 359
1 -0.001579600857056993 0.6365759427647922 1.1731334134348512 0.14033694743532119 499 526 111
2 0.7555992637339924 0.8351346780465274 -0.09256660507550585 0.034827668526915545 85 11 327
3 0.8877342493573512 0.9052319838059271 -0.13067968917028983 0.4262834396123186 558 371 384
4 0.8987266776349588 0.91664460770035 0.8292546190076153 0.48381977204827376 468 384 182
5 0.9011775565199907 0.9177217579331529 0.9594806574253489 0.14957943414157895 386 182 307
6 0.900953063920276 0.9177597311167728 -2.2981005209934633 -0.03819870355084836 34 386 95
7 0.012550029976068626 0.6843155698360976 -0.3176490549761102 -0.03396399004054751 517 359 452
8 0.009600246602452567 0.685465477380322 -0.17835029789831092 -0.0891211036392614 522 24 517
9 0.030020604073573293 0.591530387042914 -0.20086790911144625 -0.03780472219994113 66 462 309
10 0.3504400840372058 -0.04571669426397488 1.0786104993879193 0.43985769737213715 163 404 151
11 0.34463059522496037 0.9634639593268516 -0.1257399608912968 -0.04495121581817724 54 379 397
12 0.35026534430231127 0.9542172575814593 -1.420928377043884 -0.5027044567104026 379 193 163
13 0.8673219617858301 0.21239652028840078 -0.0676187730808131 -0.005661898727638004 10 137 134
14 1.0038446560142928 0.20610032741088444 1.0871189208821324 -0.0969050419172713 591 35 78
15 0.9836169711893405 0.1873491208868906 0.13892250926017535 -0.030732920722198465 134 370 591
16 0.0217080385278072 0.08438875797429535 -0.14730942177881845 0.08764622031615099 133 482 599
17 0.13812376215525016 0.08642817013005125 0.09340458666934337 0.15022872104294982 400 45 394
18 0.6119683325302812 0.4500551686507305 0.17412788572146454 0.11860225778911881 338 447 433
19 0.6355055780047744 0.39736340415659455 0.1550982557663172 0.0912773969255487 447 25 202
20 0.7830443911247122 0.12286414082024316 -0.14406204753431018 -0.12359440033915536 243 269 137
21 0.5299791473209725 0.20607543041045373 0.10364304102450372 -0.3217170542989256 181 6 260
22 0.608740782154098 0.34178527598647307 0.05346407899731176 -0.08300414799933264 486 103 25
23 0.5626343162273928 0.20191933202538137 -0.06601560686991803 -0.27798720547700384 260 318 26
24 0.5280898243298465 0.19884734153476558 0.1572275130402867 -0.10572897288577132 349 250 6
25 0.5615971628033687 0.14181700605430045 0.11845058232873296 0.29010321644928894 448 23 523
26 0.4735724996970214 0.1535098530720568 0.07734392536151713 0.2412509945287633 328 23 190
27 0.47151711569360605 0.16939362930276566 0.12117028734548452 -0.0820784072652625 162 190 349
28 0.9560769662652359 0.6866999565178508 -0.15785190365382676 -0.5341259907564073 510 70 317
29 0.9326613638626826 0.6877206125427603 0.20687610357422725 0.010591351580491182 402 518 281
30 0.8989549627574257 0.6232328707937073 0.08984131216749347 -0.16876303826629524 201 77 518
31 0.9560614545362354 0.6866567876155836 0.21885791657151424 0.5118396213024115 281 88 70
32 0.9670472728957178 0.6806527607335713 0.05098314721920871 0.12400557396929261 88 49 491
33 0.9727690041282339 0.644764722591877 0.029570524501254525 0.03421038799467091 56 136 49
34 0.8877835448740764 0.9051832531629227 0.40966110974877534 -0.10721665276802622 218 558 251
35 0.7927990775899995 0.8920253636560361 -0.3408186109661636 0.4267736850331258 483 458 218
36 0.8334328239065493 0.9509672063921926 0.17683605405189629 0.40631091848789164 459 284 167
37 0.02418670081199746 0.9765053141252189 0.019918282127828757 -0.0891904021124712 104 299 227
38 0.12390364784431743 0.764211103859413 0.012708432328939305 0.3082838501594935 452 410 479
39 0.18191252679744638 0.9158368641540782 0.04003287493170582 -0.18231860257622579 596 232 427
40 0.35129139901936196 0.9349015478976158 -0.1434777803510645 0.13864825346848741 193 80 13
41 0.33618088359413656 0.7993174978450479 -0.11124752230529111 0.01967406064451449 184 240 79
42 0.36221181447153694 0.9383112122079926 -0.3314365193754498 0.1697169292255718 404 292 87
43 0.35563250008008285 0.9321800864550351 -0.2605079795978127 0.2235635043409956 13 79 292
44 0.5569678872120365 0.7721340997126949 0.04057125977812185 0.3787389413022332 540 587 183
45 0.5531108254020333 0.8055795611235662 0.6800873975691083 -0.2290879903684643 304 72 67
46 0.48653350076430035 0.6600481193691049 -0.03797729145049722 0.0340821718070039 255 415 567
47 0.9407674763124104 0.5542196705721305 -0.004222486889218086 0.004552561099098722 301 335 550
48 0.9438885868850857 0.5546886266577705 -0.04660938626157782 -0.5228194015926722 267 153 408
49 0.9439003985084239 0.5545681814671993 -0.14852055780698298 0.5691209744711776 550 456 153
50 0.6161100838538238 -0.06422718489792625 -0.18928510639454202 -0.451199740365008 347 29 507
51 0.6161814166337796 0.935729576814816 -0.741632810000078 0.02277770700122284 507 297 531
52 0.37296055248607407 0.2236049084580113 0.22713369414451012 -0.3433322293133756 113 82 572
53 0.5550567865420764 0.8570587198059274 0.21883936553081934 -0.11087342190185812 121 304 460
54 0.1992583986733314 0.5829189689927691 -0.11319791215491648 -0.16212297199169612 524 125 471
55 0.47360987038434116 0.3491167485455666 0.06791783871418211 -0.22188233889108844 207 473 497
56 -0.003694067066040128 0.7201263521280616 -0.09733574590184728 -0.06046288860073667 122 388 522
57 0.8288846082953316 0.31208272487689365 -0.1723282346249161 0.27262455812825104 236 10 262
58 0.5037902417214933 0.32195455932315165 -0.024108693513769097 -0.11001096145157874 473 96 486
59 0.4865541141220478 0.2588325689939607 -0.017949949859819014 -0.20654469939929143 173 181 96
60 1.0010346440547393 0.5890903779559371 0.013909623106100888 0.10983430658029203 265 408 219
61 0.020591377963365604 0.5812177410421511 -0.031303428772722075 0.1362806967969421 219 581 462
62 0.4898410030387712 0.44492449674096174 0.10823190399467109 0.26636840511073956 233 497 421
63 0.5446809257933429 0.473441903386968 0.020725310356795035 0.2096993856337548 421 338 3
64 0.2702916698656124 0.7922394126519181 -0.4287817425554716 -0.0889579870460037 598 252 1
65 0.3702904814646006 0.6167354126538175 0.2194712807324084 -0.06776328179136648 117 308 476
66 0.24959392560140364 0.6414096779001266 -0.00918134041016927 -0.016600476548944698 159 471 117
67 0.4045501711113414 0.6449693074687034 0.14708509410432669 -0.12191865017552317 476 332 311
68 0.408482737545014 0.7338025402532825 0.11421244748566206 0.0040930333775057726 108 311 63
69 0.2835722753618263 0.06134750087087949 0.2169361452628027 0.20852241009740832 124 403 334
70 0.6752162152620662 0.3607297895462423 0.03141018695140829 -0.009018344404587708 90 120 294
71 0.660447127821948 0.43878128436849484 0.4575060451008283 0.252582253788651 42 343 229
72 0.6457942603565929 0.3981811376908798 -0.040511510812635265 0.07533684214661163 202 90 343
73 0.56649009006308 0.16922746691389373 -0.2568542989032311 -0.14885846274565903 318 503 146
74 0.5664710386590576 0.1692166759750479 0.19891839256769728 0.0892016132874175 250 14 503
75 0.5680517529105464 0.15497257340025627 0.4487790265247189 -0.0018961324562338441 14 448 290
76 0.5662907442230419 -0.005324601512757233 0.004926168864103839 -0.8419636945652432 337 552 192
77 0.5714418414839477 0.1309657473255933 0.10443985771699249 0.32220309688531235 523 192 116
78 0.5681566226535049 0.15496174306152505 -0.5021078385507955 0.08450550834993627 290 329 230
79 0.5733622838109379 0.1323359904521884 -0.05351170292468288 0.20942865380270403 329 116 203
80 0.6419610352937378 0.18667620868417598 0.2371254850674643 -0.15580568471274026 83 392 506
81 0.5710658354912944 0.16513154526139345 -0.05666095457407261 -0.0016281294888675912 146 230 83
82 0.6743835112999523 0.21406061864114612 -0.133027540025199 0.16755237405852164 222 204 574
83 0.641920132397359 0.18671934164489626 -0.3557855389408536 0.4700148280520626 392 484 204
84 0.726859722703672 0.20772307660102488 -0.19616682722656265 0.20529374103461784 200 574 407
85 0.7746700815391907 0.12400614812754726 0.02847724122484463 -0.15134460004673222 407 123 243
86 0.6123219501743302 0.12501270136328257 -0.06415815725913099 0.21199222377532578 203 8 484
87 0.797361730149594 0.03689481661025183 -0.9410565882269055 -0.08335027861590578 106 61 165
88 0.7971759529755177 0.03697692544860174 0.7971467814749675 -0.28721842688223237 269 12 106
89 0.7971832611908586 0.0368401231557785 0.7489204201353861 0.21146748489328668 239 434 61
90 0.7970178946899884 0.03687791481081919 -0.7792869672438728 0.026779187678113714 344 239 12
91 0.6490181389264981 0.26484739109321914 0.049671803302453466 -0.09982404867991956 26 101 364
92 0.6490277104706154 0.28844495596042863 -0.3379291554564531 -0.16177618216122858 562 380 120
93 0.6490154640272559 0.2884431095792859 0.38779611753926446 -0.05032557912743431 103 364 562
94 0.40639804450828876 0.10060186734555183 -0.15630719010784055 0.046323712921125804 126 590 328
95 0.36392135676096216 0.12065582852994047 0.03268732923222828 -0.01376978323031075 478 383 126
96 1.0043518373879832 0.13776978137914428 0.6775612638906499 0.16188480077663267 370 295 504
97 1.008731272842316 0.08888047136561926 0.11888274011051525 -0.008501712008002205 561 133 295
98 0.9295850340599192 0.6965579520642109 0.2431187227230902 -0.08140973988685074 455 402 375
99 0.8749166478627908 0.7836587941151262 -0.015348874254916822 -0.2282303103451344 19 568 371
100 0.9369763923697103 0.7010645509506962 0.13773151629620228 -0.13834911914006875 176 375 510
101 0.940862004499601 0.7210301980346939 0.08363114541165562 -0.3096490133747132 568 176 576
102 0.9174028097110111 0.5982515901655927 -1.6544231589855753 1.8114157101373207 77 505 350
103 0.917711223742861 0.5980566665335227 1.487426985613961 -1.101370029724135 350 430 56
104 0.8985499262822932 0.916654975086374 0.7553690713560118 0.2893772171972536 251 221 511
105 0.8984831383029435 0.9167699233539074 -0.541700093123292 0.18173697071170117 284 511 438
106 0.8988142699512541 0.916849242655371 0.16239565033427522 -1.039073839400077 438 588 89
107 0.8986192283523886 0.9165996347273833 -0.6799028463551435 -0.5305155848707465 235 221 468
108 0.8988154061760197 0.9168134509721841 -0.13745302880922503 1.013418387442867 588 235 34
109 0.035817561938603124 0.9630297609523075 -0.20375577006875867 0.12243477690021543 469 261 439
110 0.08216572132678622 0.4738788117569429 -0.029555276252593347 -0.6119385154541317 57 53 340
111 0.06461653366730193 0.5282102895855096 0.06354102591310529 0.01057821955030569 128 340 68
112 0.027651708800127357 0.36301222957127205 -1.0853979396727576 -1.1284250388299852 194 480 196
113 0.12924406243344405 0.337419958025463 0.031265747662320015 -0.17787926100067303 97 275 286
114 0.3916514775651526 0.5715637245280651 0.2036374617542247 -0.03184586552795743 308 179 527
115 0.3908076686661654 0.21714930694900927 0.024131584924758087 -0.2595646820743869 572 444 173
116 0.23132560527092172 0.4725649697703579 -0.2406680254390947 0.15260413384343696 205 405 475
117 0.21370841213426653 0.5228828485489962 -0.39311445319150684 0.49886152516016596 585 75 164
118 0.12920849417398467 0.3372991648061355 0.0780697309587814 -0.019304677604733977 535 485 275
119 0.9891553354790114 0.4188614165905537 0.13729714171129004 -0.07690363415524537 211 390 366
120 0.391166128547542 0.20963748850752684 0.018484928171469406 -0.009569284514093779 444 220 162
121 0.16423717172184243 0.8601024187148462 0.012258915410567894 -0.2554524862474761 395 449 232
122 0.6170763717369037 0.455108887778992 -0.02362673138731064 -0.08550274134544456 515 433 367
123 0.4324137525602229 0.5194613591423406 -0.08913533081664031 0.1558097954259749 382 592 238
124 0.3401820061823555 0.9628338010393005 0.16426024620347368 -0.002714466325326459 242 528 54
125 0.4646824667683016 0.9434730596095479 0.01958012016411992 0.21402086561317368 87 121 118
126 0.3708443313182229 0.7649302481140071 0.22065185925248382 1.2615245249426452 240 92 333
127 0.4224605099756269 0.7393753995743497 0.11224065984364456 1.4061551959713285 333 256 520
128 0.37080455062881945 0.7647047519959107 -0.18575650054024284 -1.2535622356254572 73 108 92
129 0.42245599802604017 0.7391775530333452 0.05941798695587291 -1.4165423867031655 63 170 256
130 0.6161484506475011 0.9358125340798572 0.35511014731143015 0.15313176428623265 577 279 29
131 0.5565508435274585 0.8573591483143035 -0.033628126238499645 -0.16497324159970433 460 285 217
132 0.595686346591662 0.9364879153445265 0.1042023332203934 -0.0383253755120716 420 217 577
133 0.5682200873782519 0.7632022506997338 -0.044336021486068855 0.3681641784405304 587 336 107
134 0.6625193881260908 0.7704687369512065 0.07555622377752869 0.06782790301640418 320 559 247
135 0.570800463243253 0.7660773996626604 -0.31160133583639504 0.06986766790118004 215 107 320
136 0.3066663572997381 0.7913793454421046 0.026797272370928174 1.4169434011488822 381 5 184
137 0.33080848024361303 0.9278866085846256 0.5046656879637577 1.56616025444973 391 354 80
138 0.5429246184730524 0.775431716342956 0.19755752867623266 0.03395645435975503 401 166 72
139 0.4410443277874842 0.7384722275629361 -0.09358098441666386 -0.6212054819219708 520 411 401
140 0.5430031779225438 0.7753719709553243 0.16433018864940585 0.009524098283847978 166 537 248
141 0.5432344873451194 0.7725895525766047 0.15840217258526745 0.3117604480563224 322 540 537
142 0.6987959043261374 0.8429441630913221 0.5708826240098522 -1.0043358930678146 426 180 141
143 0.6986595604833205 0.8430168998743848 -0.5279915293029209 0.26170556764501635 300 358 426
144 0.6988038487208266 0.8429342160649618 -0.3644290329251655 1.1170776543064027 180 554 85
145 0.6987608707342837 0.8428469617292939 0.5296967111177611 -0.2370077288452784 358 247 554
146 0.6260631344301998 0.871335566825749 -0.027118242373891377 0.0350631135237478 110 419 300
147 0.7927996755579819 0.8920044021915302 0.062460915518263486 -0.4524198738637742 293 483 316
148 0.8193002686467872 0.9496992028918437 0.03998630229012923 0.02077392789040511 245 316 459
149 0.8043723160945526 0.9727625942442427 -1.0645557563522903 -1.1841265424771474 445 245 257
150 0.7971466988873337 0.9759866807862868 0.16496522845660389 -0.04732510217042574 412 445 174
151 0.730114448511332 0.9174828272256148 0.11754996975810172 -0.12050589311141113 531 330 412
152 0.7927230153982929 0.8919821825899018 -0.2674337524463709 0.5751179836727994 580 327 458
153 0.792743950284048 0.8919707965893735 0.4092070920937336 -0.2652358198159299 140 580 293
154 0.7381429423650916 0.8961023549853323 0.04942899874127438 0.05843596370680437 330 141 140
155 0.30665619719230575 0.7912034004443118 -0.12583243002396238 -1.3556018845807798 5 1 73
156 0.2737917691567235 0.7963737723579009 -0.04645225879298942 0.018110642326096826 594 142 381
157 0.5491172141824718 0.7783070845453148 0.03229367840848485 -0.05731538603101494 93 248 429
158 0.21021431972796611 0.48973447666294667 -0.062230636962978814 0.019456336541878727 231 205 498
159 0.16235085618948514 0.4722047244259447 -0.2972053769251568 0.292078121735321 47 259 231
160 0.30509964651484284 0.510588217525724 0.14401915270708004 -0.5662243711038574 164 363 289
161 0.3051147272687593 0.5105046342304598 -0.09356489862131621 0.7582948239297097 363 475 331
162 0.3805523718413874 0.5283761212033351 0.20501107757610776 0.5771271686551209 331 369 249
163 0.8278268151880603 0.31241436043414184 -0.007595689875683487 0.22134068430098436 490 406 236
164 0.739355598559961 0.2733124078012352 -0.026234185657170173 0.012015082678784594 512 58 418
165 0.7458823869025764 0.2680503731728566 -0.19984183578791725 0.15003609726144118 58 200 406
166 0.9397699369589629 0.3645523058332317 0.19802271211677436 0.1510649084990323 409 51 172
167 0.8363664247203784 0.3281496926528886 -0.28898741271082135 0.011821029398395577 464 262 409
168 0.9539157797995229 0.41609289172517966 0.1490784523605626 -0.0736869273931795 345 172 211
169 0.3598066196113413 0.1884139429839447 0.03449963319581209 0.08242099041840585 270 478 220
170 0.8271092337712853 0.7339134487995683 0.011127311225211933 0.017025414411619977 91 74 455
171 0.8539785982350796 0.6115689126318374 0.07379166305776508 -0.1793425012663885 31 302 201
172 0.9981971057162559 0.6364962802457613 -1.4786648473848976 -0.013721037066954933 241 265 526
173 0.9982091025750912 0.6366354590001133 0.12685165130766826 1.1572972307983533 136 241 509
174 0.43153754445822085 0.5715347862276562 -0.888965033605648 0.0168145335220464 298 376 398
175 0.4340812353988287 0.6285936431682928 -0.05998761348768866 0.00016570425587225657 332 398 255
176 0.22495292440394724 0.916587696458815 0.035003359932783695 -0.1917333534995347 427 15 525
177 0.20845217499585603 0.7327188743654564 0.043965642237964175 0.2099414836420621 99 129 41
178 0.2182904359887932 0.728997983970832 -0.02650815626031866 0.23216316612229004 129 159 325
179 0.23917706323484372 0.7590502586338451 -0.5641840602724657 0.6482459316549621 40 325 252
180 0.028049557779867215 0.09160110981675325 -0.11574998598495867 0.11259526158657884 209 599 425
181 0.1364822339552894 0.08868598256245669 0.1983180507834914 0.01055121719162333 425 400 171
182 0.6677904836759103 0.23071529642022012 0.020355087201277128 0.6449707486919911 16 506 584
183 0.6585434052388738 0.2590063019918213 -1.358009981612565 -1.0370234170769632 101 16 465
184 0.6679019881383652 0.23068835133274893 -0.21041841392660693 -0.5214243883563431 584 222 352
185 0.6726292739034954 0.24824610693793403 -0.11458454567125909 -0.0013899058987076884 313 352 512
186 0.6587769937900612 0.2591807171850979 1.283440064513456 0.9336989392099478 380 465 313
187 0.296463580055103 0.10920318456613658 -0.007327243325971899 -0.03174080442924776 223 62 477
188 0.3296319541459434 0.09592388165041209 -0.0681987952222407 -0.04214146878678271 477 564 383
189 0.934026976673154 0.02010190728161239 0.03644688648107852 -0.15675252588998045 165 454 561
190 0.7336105483494386 0.7112144969586581 -0.03091770602557664 -0.34718856055078806 492 417 365
191 0.78188076785819 0.7650290674468468 -0.06449990264112415 -0.10620077942058437 11 365 348
192 0.8243858498586476 0.7517427170381296 0.041999556263383475 -0.15615961232451347 348 91 19
193 0.4820780398085507 0.7201005604889119 -0.08049183958247497 0.06133430430210751 541 567 322
194 0.4410438788655475 0.7384622233361687 -0.051069561947392206 0.6415262897567932 411 170 541
195 0.035495804889379645 -0.015007244988908604 -0.12504332760204795 -0.19309932004080155 482 227 65
196 0.04406765968473214 0.9788355886843824 -0.30304375155110197 -0.06764552824140013 65 439 228
197 0.11247577471041414 0.9954080401924001 -0.04321950158869825 -0.026369759154043493 228 596 45
198 0.026104127306250717 0.9649432582947239 -1.415143469757612 -0.1523370587769475 360 303 299
199 1.026176841880283 0.9648310092486385 0.889228719588961 -1.0034481489273275 213 553 360
200 0.026258642772043247 0.9649690917941277 0.47910262383624774 1.4352256948684363 303 553 469
201 0.2883208357880236 0.9889480210343051 0.24616936405985612 0.003973719270300435 403 525 27
202 0.21358748601775168 0.5227854280162461 0.21656526457932476 0.044984957572142756 157 498 75
203 0.08232175886004438 0.4739167486130768 -0.1475169806153373 1.302794090234319 53 102 396
204 0.21359063169287779 0.523052073333066 -0.1385430885899458 -0.8783282554015396 125 2 585
205 0.2135021197256293 0.5228716614297491 -0.027640356110413943 0.18357401947432248 575 157 2
206 0.18972710426253447 0.5229437225403478 0.0045319525909803815 -0.030625737362788286 214 100 575
207 0.13572072907217103 0.7630840793886843 0.08706817298392844 0.21218381583004708 410 414 339
208 0.14286075782650684 0.7768771347239479 1.2674976185010383 -1.038276332334062 0 339 296
209 0.08716897889235029 0.3822022172534898 -0.02342275054467713 -0.06492951037939676 461 97 547
210 0.02780958497750773 0.36322186277059504 0.8509083530651765 1.2022715034300149 131 194 461
211 0.08234201520197013 0.4736913754902156 0.13494107529612293 -1.1566393249183098 17 361 102
212 0.08219084572638723 0.47397594913479035 0.28276526476000313 0.4775727158842479 154 17 57
213 0.14809550534346336 0.3204799221741984 -0.2903230086784107 0.03750765331867389 28 543 288
214 0.2000186388217488 0.3899922833291967 -0.38083790496190595 0.03838686486734577 521 206 405
215 0.1779413301830325 0.39150354850093844 0.03224533695611598 0.017801174770348815 152 487 521
216 0.14179683717526045 0.3380834412730155 -0.100791870856487 -0.1657394667689549 286 28 487
217 0.07635712146433103 0.3199342680785166 0.06562067209059386 -0.01406715785523538 196 186 535
218 0.14805954989483872 0.3204592564754205 -0.04488211128298629 0.17860220592101844 485 253 543
219 0.2401188483206161 0.10418309864331121 0.12696340641153714 0.16315859531490506 529 124 60
220 0.43126994187479056 0.5713149559219494 -1.467520374621653 0.01652853882745859 527 291 160
221 0.4317042705608983 0.5712606644618008 0.9610145545611761 -1.3428393503587903 7 542 119
222 0.43147930163886455 0.5713127238747744 0.7789224862853018 0.5741486350188554 291 138 542
223 0.3758473898099696 0.5317423942032619 0.22057790273130595 0.057386184519614414 289 263 179
224 0.25310302888134817 0.8465996515960666 -2.2907469580173645 -1.52334253089001 71 22 579
225 0.2531455533602847 0.8467246878117398 1.1877417884357848 -0.05755012459423767 453 71 144
226 0.7615067659392318 0.3547201410717088 -0.12961917320725158 0.07715660037960204 112 431 145
227 0.7492393984306156 0.34791233197886995 -0.03306616352255487 0.12448919308599704 341 418 431
228 0.14988231747327344 0.4548393849900189 0.004528942845749562 0.06848830738648282 115 152 259
229 0.8268644176931926 0.3240594709807626 0.021427665371220872 -0.03614685842312504 145 490 306
230 1.0275559073834453 0.36316290744842805 -0.5944379882719678 0.20733117602161047 390 423 131
231 0.9407186127191945 0.5542977785763545 0.057014489093440424 0.004518859581231077 582 301 321
232 0.9408904265714682 0.554617773918763 0.048086507551444585 0.04723417303446019 178 321 267
233 0.11565470083820695 0.5778073185732399 0.19386070818300585 -0.3728575642626599 309 94 450
234 0.1510663910563461 0.5946872981285625 -0.07251932422625007 -0.21212479602711332 450 314 224
235 0.9552775372112986 0.9219421464238704 -0.22234184935976375 1.4438898302473018 18 226 213
236 0.2409658706216348 0.10571666761643013 0.4544256787257137 -2.409633127928269 198 60 378
237 0.34496696042373237 0.9644549370530423 -0.18141396913070718 0.19802132868428904 158 397 148
238 0.34506658991458095 -0.03555531315370516 -0.13155949175923995 -0.3979790947844313 148 151 474
239 0.004392681396859555 0.13777993868208604 -0.5231592877359909 -0.1253136196048034 504 209 310
240 0.003916074890861043 0.20611195239385235 -1.0140574723975286 -0.010973550957889613 35 310 502
241 0.15314828586438123 0.11034673333519696 0.12116692579833277 -0.07250892143650933 472 171 287
242 0.12682039428926184 0.2182778778829054 -0.134329949247336 0.3426742768014579 312 472 185
243 0.8825372761576339 0.4832729992207385 0.04257202437796259 0.15432788311176004 319 368 33
244 0.9067966787956909 0.4817280564496842 0.009496436623179783 0.15675994738395538 33 345 335
245 0.4323344414906013 0.5192451562193007 -0.02868123847687802 0.32101140960911 369 233 592
246 0.2392595206184084 0.7589600831305414 0.4858671603149558 -0.5000756660234807 189 40 208
247 0.17459533397537896 0.8468851217654929 -0.10480061922446549 -0.08853643686246304 372 532 449
248 0.2529370423138396 0.8466609830450857 -0.5939765772319089 -0.1073409860508686 532 565 453
249 0.22391686222427531 0.3020969512092938 -0.3394875894291438 -0.25112584511877145 206 424 273
250 0.4193629434894848 0.5336153053074055 -0.008421342442832547 0.0826481754562236 138 199 382
251 0.3307017198369855 0.9278167269872618 -1.179695179940438 -0.2270911807992354 528 413 391
252 0.33075601240366675 0.9277007615361915 1.186095269263966 -0.7667445767168234 147 354 413
253 0.2534053447368992 0.8467862554793888 1.0500428469016978 0.9348374066606852 546 579 594
254 0.2533128041869785 0.8469397767141091 -0.48080349337043926 -0.49290757661178597 187 546 147
255 0.6162441244410067 0.9357163596358344 0.3256296138906946 0.0834043953591376 279 110 297
256 0.5716369357138491 0.8317188264551495 1.1689484718244765 0.2748552242195449 285 52 76
257 0.5717824281837883 0.831737621730037 -1.0424535246687012 -0.06213276712791274 76 555 419
258 0.5569798125462877 0.7721790289653695 -0.08244510413588481 -0.08468068095422286 429 183 435
259 0.5640357098473421 0.7741478402652138 -0.19108118377506034 -0.04257035236474027 441 435 215
260 0.5717445555110754 0.8315208293397817 1.7232164839514488 -0.3639986431681289 324 441 555
261 0.5530438176520072 0.8055973589791621 -0.5234361629140489 0.10467757922532359 67 93 569
262 0.5714123658676115 0.8315449556822601 -2.2565778446683415 -0.20042228089694114 52 569 324
263 0.25321261553849883 0.8469945735588464 -0.05354284231696288 0.40176752401865046 15 144 187
264 0.1486637863035852 0.8528641570072546 0.08192257289207916 -0.21251636249386419 212 457 395
265 0.1534461034459887 0.8092976178034571 0.5594644701667744 -0.15545508754777945 457 274 589
266 0.06130713025690031 0.8865898699159411 -0.14619853175301678 -0.05811687988493963 261 578 212
267 0.3597275182497648 0.18846210542681038 0.35930688714581016 -0.11520261933533997 244 270 82
268 0.4777594718252011 0.5529439918064876 -0.0902830206428451 -0.03954888118384847 105 156 323
269 0.47822284294108236 0.5371084994283278 -0.10147690951423094 0.1313669256708394 238 326 156
270 0.3292072663478153 0.9787785681729907 0.3662716416459339 0.05783640912926987 27 242 533
271 0.9175501656410767 0.5979612083291962 1.4287415057469277 -1.1072679951938278 516 277 505
272 0.8876906820797341 0.5514748773894925 0.10953331925007188 -0.34633103434525325 225 254 516
273 0.9176037958219371 0.5980016136794828 -1.1593561808736748 0.12116693146871013 277 178 430
274 0.7969245733827796 0.03684741087700329 0.31036833870372404 -0.2840057487389679 44 373 344
275 0.752788576336765 0.08250865329281849 0.16449889506109372 0.08977935686549365 489 44 123
276 0.11571637556150828 0.5775945989770334 0.0020247340913256973 0.290024394837508 94 68 353
277 0.05276309067141156 0.8793461229629403 -0.007150429033597749 0.05690149965792424 150 374 578
278 0.06636050005894312 0.7877898043882289 0.05986698844995253 -0.08301339546323838 563 175 374
279 0.2701128153226903 0.792353259631197 -0.029449379897574304 -0.08676499155106134 32 208 544
280 0.27030421467831783 0.7923551191236605 0.4508858835529676 0.3937542505469556 544 598 142
281 0.7125374776094343 0.708367935798964 0.1757158344176113 -0.06838220822924512 559 463 492
282 -0.003682245961267824 0.7201784592883163 0.9131688422695075 0.43705158506991115 576 495 234
283 -0.0037196283437301615 0.7201365455334388 -0.7376795062099292 -0.5522552062856467 234 122 563
284 0.24082323936475047 0.10606392509187616 -0.9735889492211848 1.9259875471864476 389 198 59
285 0.1863108330127947 0.1017944588949904 1.0024365096333994 -0.34904632039925054 216 169 389
286 0.3805324949096918 0.5283022670056572 -0.013214970900199538 -0.2600232192314362 263 249 199
287 0.24484260544695802 0.2838012148815967 -0.3342128324090865 -0.2612072540902899 273 356 84
288 0.35401035315851875 0.27260304784816103 0.20835803846153134 -0.291786407535799 84 113 207
289 0.29023798012102386 0.14492797730669207 0.056143418039611426 -0.18462363374216473 442 223 244
290 0.2704395301260155 0.15047039179943653 0.05393466090408694 -0.16751590149743922 451 428 442
291 0.2285460581523798 0.2606863425470476 0.005681461898165985 0.26050462967330823 566 451 356
292 0.5437670318308052 0.4983788636954297 0.03663824833799456 0.01808406861758538 326 3 355
293 0.7815578134407062 0.6970542117499666 -0.11305050645615822 -0.08754547781153477 501 139 74
294 0.7841559676831397 0.6596468259544354 -0.10747124995491575 -0.07676872679218683 466 31 139
295 0.7336436576858762 0.7111060519755228 -0.18234475269507996 0.1485613616337717 417 351 501
296 0.7134124060544025 0.6985400911882034 0.06878550758496194 0.03914811205242563 377 64 351
297 0.8498025005030925 0.5525106293710549 0.09734864962751555 -0.1662002525187889 302 37 570
298 0.15920812489803213 0.5850181612757365 -0.11147715753972998 -0.1722474537134422 314 20 524
299 0.15579574151592152 0.5785378892745913 -0.012753719087765791 0.006992819257672922 353 214 20
300 0.6465964865469704 0.5784354290113616 -0.03379358841371083 -0.02513200862697129 416 519 283
301 0.6603598864161005 0.4389275460221379 -0.12474849501651046 0.14344923294736575 367 42 268
302 0.6463851544313943 0.5563589539920059 -0.02841448326629248 -0.011464632715396661 519 538 488
303 0.43157402942688466 0.5713848072348685 2.0602574821111705 -1.5229279160238611 160 595 298
304 0.6141489969090835 0.5955129829006476 0.01999138701802572 -0.053824215570652534 155 416 545
305 0.4317168341918723 0.5713473768640374 -1.0445790440255769 -0.05137375639913816 46 119 105
306 0.431809055086391 0.571402325680098 1.719118519726817 0.2656569436478083 376 55 46
307 0.4314428132876104 0.5715094248954199 -2.451771070947862 1.7247427206364976 595 7 55
308 0.5893949938969476 0.5775863526732292 0.05975919793732576 -0.013259690914702027 177 305 155
309 0.5399946283776771 0.5982054221203889 0.0222019569395826 0.022431657226151813 556 323 177
310 0.2085254569542132 0.741507354532225 0.03640737728655141 0.06251979628446591 493 41 189
311 0.9658068768008623 0.6848457677777878 -0.02767835084391268 -0.0038621559075857625 317 496 548
312 -0.0038244509945548275 0.7200544691897124 -0.6535553884064771 -0.8047313284640091 495 548 388
313 0.9671018190332664 0.6806967792769278 -0.14018262953436125 -0.041195076860909945 496 491 130
314 0.24103751298962933 0.10600979346346001 1.1082160255551816 -0.981335191964838 59 271 428
315 0.18616637363626573 0.1018514861790921 1.0038864389674396 0.5524079990746472 287 432 216
316 0.18600079258490676 0.10178162401028756 -2.8744142812467723 -0.3194097900952844 432 437 169
317 0.18622085048328949 0.10175227964462169 0.9438176337071531 0.18199375300786536 437 394 529
318 0.2114023959354983 0.2676839709628456 -0.06508836594698586 0.29529808806549873 86 566 593
319 0.12388025548991777 0.7643468679250637 0.0757171668246126 -0.052376073348737485 175 479 266
320 0.14261996801974253 0.7770643506121306 -1.3354576125122144 0.9719152094916081 266 0 274
321 0.16238898721975517 0.47216187279903626 0.21190093219125158 -0.2853838248796501 9 47 100
322 0.13094386938432487 0.45823251253604386 -0.7028696872056006 -0.036946859411973385 396 586 9
323 0.1309968581884834 0.4581487935209857 0.7416038378744083 0.1561204636326297 586 508 115
324 0.17409097716779864 0.7160573174878415 0.08128880554791884 0.22864060852945123 414 224 99
325 0.10296861332538765 0.4450422519290668 0.4050311976192293 -1.2791432373141258 109 357 508
326 0.10282606452274459 0.44505166611572755 -1.3408591665453735 0.43979644129786816 278 547 357
327 0.10293219868360526 0.44517962346089973 1.018559197328941 1.1036975296560168 361 278 109
328 0.14229203956506387 0.2438664363121559 -0.2576585608066173 0.19807175587194248 30 185 86
329 0.13622601979822543 0.2503066675455378 -0.12687814878592496 0.05297923488800649 530 30 253
330 0.24106448832430752 0.10595153813882237 -0.4828342486110559 1.047497265931562 271 378 210
331 0.1535151993836402 0.80928352744527 -0.5781456950606102 0.0761606023852359 589 387 372
332 0.25310548205812905 0.8465738970030335 1.1748869443788892 0.616844732695518 565 32 22
333 0.8349397703982144 0.3291824617292482 -0.09688887784523731 -0.12402638384628045 306 464 536
334 0.9897256072029592 0.3371279681589814 0.24690339564537034 0.09294432307127565 51 514 539
335 1.0277155030276297 0.36310010165074397 1.1356859149937437 -0.3835487690839596 423 539 480
336 0.15112520807940824 0.781003302758774 0.008326200319486166 -0.0029829990907948023 296 493 387
337 1.0338025615084045 0.23429759482016901 0.1966525720219149 -0.38390460864679227 573 264 399
338 0.0338026797130082 0.23429917945220088 -0.035776034626379835 0.37282401341907867 264 494 36
339 0.2798216292511614 0.09514753370527321 -0.08165012901906188 -0.08152034637609606 210 43 62
340 0.8932573665773097 -0.051852944110833125 -0.11730536680909509 -0.15928435723178147 481 551 168
341 0.9005381509467623 -0.08185413251135089 -0.1957624181465542 -0.09228773552652503 551 89 557
342 0.901219362835679 0.9177817527787558 0.6438354844942107 -0.28519216268280806 557 95 18
343 0.2838313995656055 0.061498825893111314 -0.09515034879795103 0.026440020165678993 43 334 21
344 0.32931467119503693 -0.021132182034132987 -0.08621749561304407 -0.31927994276475125 533 158 276
345 0.32617438076158134 0.03942596152940407 0.02449754279640337 -0.02481229778930616 21 276 246
346 0.3322345898266563 0.0430343307896938 -0.0930077414390551 -0.091623598985624 564 246 446
347 0.36285953661379833 0.021295061322293436 -0.17521548587029478 -0.03193459455208547 446 474 237
348 0.21025437407804748 0.29291423389704835 -0.038699928331387135 -0.03564122677546244 288 593 424
349 1.0214981339624887 0.2357338099653758 0.1845154074670008 -0.019010681223674553 514 135 573
350 1.0039255351603775 0.20640310970778256 -1.1823640997686893 0.7729260851510145 78 143 135
351 0.004175143523038555 0.2062627813479796 1.623452534866643 -0.8030079811739753 143 502 494
352 0.828968745510682 0.4241882477500205 -0.18404335247099687 0.13899046157712577 436 536 368
353 0.5976686666431901 0.530149023140554 -0.9632150990346506 0.2403260342237457 81 515 440
354 0.08544269526316027 0.2396314135476612 -0.04861135138222111 -0.24688416748857026 549 571 530
355 0.597661272501498 0.5302398393649671 -0.21003356105383802 -0.5104001544922309 305 362 114
356 0.7195077301233178 0.6215263052021277 0.5189712112593889 -0.025314238674537838 283 69 38
357 0.7109376897959984 0.7000043364268294 0.18156626627532924 -0.02536681971247734 463 161 377
358 0.8636810250565353 0.5430552712348968 0.041865993137546464 -0.10217218494867897 570 191 225
359 0.7194838858118485 0.621532801172922 -0.36293271173484015 0.322122152165798 98 69 39
360 0.7267546638814646 0.5700389240298323 -0.023938188237204727 0.17643670829903257 39 583 48
361 0.8323014410344554 0.5393648794873843 0.38712797550966016 0.04302483092022413 48 195 37
362 0.72456695918949 0.3679647492063404 -0.04191268738323872 -0.3308607429534666 132 443 470
363 0.8045814519676673 0.9729648612836596 1.2803260222083226 1.1103291305606906 393 257 422
364 0.7195649849637521 0.6216368976588185 0.3145187722406167 -0.4024824616709159 64 38 197
365 0.7969466793167672 0.009267370120858001 -0.9987109512543495 -0.09293178732382472 373 174 258
366 0.5977887713876169 0.5302479412846784 0.4771812262479593 0.2670611888290443 114 440 538
367 0.6756358893064447 0.537686940066159 -0.15041717246755404 0.08456593619809993 488 342 583
368 0.797084364541815 0.009280305086656468 1.2023617979926133 0.11328687189726683 258 393 434
369 1.0198203344038341 0.5276300121571711 0.0693461964934583 0.06097597982090974 456 188 149
370 0.7601677141134593 0.3629532573215969 -0.08446005127921152 -0.18033956116630945 470 112 467
371 0.6604172979183501 0.43890055015778173 0.020001208236300125 -0.6553204374805452 268 315 342
372 0.8334518354431873 0.9510376514920434 -0.08856573660218081 -0.4060791594125276 422 167 481
373 0.5366081756458252 0.6348927954486627 0.026786763779318434 0.013229981693507753 415 556 127
374 0.8287299076690169 0.42429125306810794 0.30373018701360976 -0.07154528717514749 467 436 4
375 0.47412962087192984 0.9740149022194222 -0.06692351117720818 -0.07407290544825251 282 118 597
376 0.40398077644804453 0.03633665396418579 -0.15398422467671757 -0.008376725701975118 237 282 590
377 0.7195450996478961 0.6216567116788625 -0.40989600076234317 0.11012898153367565 197 98 466
378 0.8682125008896051 0.531671974161233 0.07835707386757984 0.16668071168082776 346 385 319
379 0.8630037617041711 0.5340513187626389 0.07178253876721774 0.1736438717640787 191 534 385
380 0.8877374346453248 0.551396923144028 -0.22040632381269826 0.2022951853041877 254 346 582
381 0.8419434161149204 0.5246379945895796 0.23446168062601913 0.2532555647832835 195 4 534
382 0.6604406482877555 0.43877331937402736 -0.8045857042844172 -0.08445896704722347 315 229 132
383 0.597650979632487 0.530170818627004 0.7924806370509944 -0.015958707551516453 362 355 81
384 0.7245708767244529 0.3679747048928817 0.14758342838290006 0.15697621657333422 294 341 443
385 0.9552990719424143 0.9216536562962359 -0.004612344985254979 -1.4717027755974448 226 307 150
386 0.08544521462628692 0.23964507724647238 0.07415946019708082 0.4221866709366601 36 312 571
387 0.5662020646126292 0.9945136018810427 0.3143586474598859 0.22925964867845372 597 560 337
388 0.9393659816145952 0.0026956349744498564 0.016742332520358616 -0.10278737791469261 454 168 104
389 1.0330955437324048 0.48285318022211077 0.13359068296026066 -0.04457802252333387 366 154 188
390 0.03048319225784133 0.5376796566224763 0.01432687250085829 0.022000268967703462 149 128 581
391 0.06687142791822735 0.25132134971619186 0.09439394023369463 0.0021930034177497504 399 549 186
392 0.5755073935730217 0.6611908910165519 -0.008291258651871303 -0.015856560509064366 336 127 50
393 0.6115404626548503 0.6428685683974178 0.030579557636079002 -0.0468539464171247 50 545 161
394 0.6406770594405773 0.07397346989310287 -0.009244912474448697 0.09634176095785207 8 280 489
395 0.5663264919439727 0.9944553652881355 -0.06727654130946233 0.5062906477008378 560 420 500
396 0.5916869307635022 -0.006349831609445047 -0.08954016070261694 -0.03280525538718049 513 347 280
397 0.5664086038692215 -0.005473271548009561 0.26079592410058106 -0.03812114666632265 552 500 513
398 -0.0017683570785119354 0.6366783711650819 0.126745956107897 -0.9366236373238492 272 509 499
399 -0.007147068110192822 0.6707716684968106 -0.025393260411066265 0.03170822215903257 130 272 24
