1944
0 0.0023262331093134095 0.6369616277069999 -0.28696614364290274 0.08021964047894015 111 66 359
1 -0.0016407546506293441 0.6367401315077602 -0.12370689571729407 -0.4540109933782923 499 526 111
2 0.7554053445543895 0.8352110779718719 -0.09217838090047614 0.03638224166380155 85 11 327
3 0.8881736161001457 0.9054318975030509 1.3480536451899354 -0.9302570621356122 558 371 384
4 0.8988241500229734 0.9166590999963911 0.2824096560121239 0.7604877797699576 468 384 182
5 0.9007321670817608 0.9175676241890797 1.1032482621326054 -0.2181356591386842 386 182 307
6 0.900464222108521 0.9176309581203453 -1.7570574825688388 0.38030646413157143 34 386 95
7 0.011883913824464805 0.6842427249133607 -0.3167967432653185 -0.0354165987769689 517 359 452
8 0.009225858791231029 0.6852776954030974 -0.17634836863358871 -0.08894069985707076 522 24 517
9 0.029598970962353144 0.5914492122223856 -0.2006104966173483 -0.03905410474180915 66 462 309
10 0.3500661715374268 -0.04579036079875582 1.0796123273826677 0.43186368795314345 163 404 151
11 0.3443472015262712 0.9633642425204857 -0.13981072139856304 -0.04138352212995633 54 379 397
12 0.34992514651489504 0.9541569173609699 -1.4188040282269105 -0.49394104258273586 379 193 163
13 0.8671804481343386 0.21238464625109182 -0.0671729963319656 -0.005655440005192247 10 137 134
14 1.0040995197005549 0.20602846130508598 1.112640605230265 -0.2597604596157009 591 35 78
15 0.9839118518642884 0.18728110467544284 0.13813225598069412 -0.029925666805707962 134 370 591
16 0.021399374949568756 0.08457113658709753 -0.14668567333009364 0.08612777123440107 133 482 599
17 0.13832131036160242 0.0867406987109002 0.09461455564331589 0.14773482866735355 400 45 394
18 0.612334646857356 0.45030353830392533 0.17472818556601988 0.11795663248242994 338 447 433
19 0.6358317911604985 0.39755572215159607 0.15555653987142648 0.09186236268193815 447 25 202
20 0.782747893983724 0.12260480853546463 -0.13997264562692902 -0.12361991066217604 243 269 137
21 0.5301955620936807 0.20540115720663737 0.10252108068736776 -0.3205035149604629 181 6 260
22 0.6088523403952151 0.3416094722306839 0.05283268544875597 -0.08434699327874995 486 103 25
23 0.5625010825840387 0.20133610327508644 -0.06214408571070251 -0.2776142940530413 260 318 26
24 0.5284178122979335 0.19862312421717965 0.15572600743640752 -0.1070877730241504 349 250 6
25 0.5618495679029328 0.1424245966678339 0.11545152420883165 0.2917137751842769 448 23 523
26 0.47373552018440845 0.15401769544248745 0.07788422250881721 0.2423544927243615 328 23 190
27 0.47177212885632797 0.16922042167277346 0.12166898287480077 -0.08285654141959586 162 190 349
28 0.9561527320136578 0.6867124132560408 -0.1629690150000253 -0.5429320260383471 510 70 317
29 0.9330960237098429 0.687743480970242 0.20686469828778975 0.0067292955929776355 402 518 281
30 0.8991451711050399 0.6228785513884332 0.09162085881642135 -0.16840914947302554 201 77 518
31 0.9561115466282897 0.6865980422993623 0.22211307789212797 0.5193442579362172 281 88 70
32 0.966944095531395 0.6807320915247115 0.056098384287493405 0.11803389980366043 88 49 491
33 0.9728310420667703 0.6448401317276881 0.027786127565487817 0.034908650275999875 56 136 49
34 0.8879348650533351 0.9056468478622702 -1.0613704589142865 1.238079688641647 218 558 251
35 0.792890875880679 0.8920892826719069 1.226680270654103 -1.3229506549518792 483 458 218
36 0.8334995804950611 0.950869230683985 -0.378231318435288 -1.5174712494267484 459 284 167
37 0.02421550845448421 0.9763156882187662 0.008101682692773782 -0.09130341899199479 104 299 227
38 0.12399587049063954 0.7644843380772989 0.01033875337500944 0.32250202248854976 452 410 479
39 0.1819970925108366 0.9154541231197261 0.040482737995173323 -0.18220168984672824 596 232 427
40 0.3509826753464078 0.9351959066329106 -0.14385993420823473 0.1419515822595474 193 80 13
41 0.33594655893473824 0.7993681432853199 -0.1104603946505689 0.02678564835212338 184 240 79
42 0.36152254814549073 0.9386704763318596 -0.3303485374139825 0.16856646998381075 404 292 87
43 0.35508457750174094 0.9326469811539017 -0.26128840688310895 0.22120069395961672 13 79 292
44 0.5569212873188545 0.7724056701622012 0.0603984297092245 0.4245669740906774 540 587 183
45 0.5532031188443121 0.8054724502160403 0.6904263249822833 -0.24341166490998278 304 72 67
46 0.4864527607540672 0.6601193989618886 -0.038869664431562256 0.03381460944584802 255 415 567
47 0.9408490465476863 0.5542595260484372 0.4295249608665306 0.23034429890155275 301 335 550
48 0.9436952563076417 0.5546363977437443 -0.04283736567439636 -0.48213042123991545 267 153 408
49 0.9436874238276117 0.5547100859977243 -0.14794754722370532 0.5180110418659188 550 456 153
50 0.6160306342790771 -0.0643284674924139 0.1295595717664441 -0.9674594023402722 347 29 507
51 0.6161308139508027 0.9356720108509573 0.7626513851433786 -0.24212102199598845 507 297 531
52 0.37342903220858925 0.2228884833913094 0.22047135644909233 -0.3395562917646311 113 82 572
53 0.555511340727976 0.8568245868403427 0.21330905301646108 -0.11189629988642841 121 304 460
54 0.1990213216790453 0.5825785004344227 -0.11213422412836849 -0.1620155606896212 524 125 471
55 0.4737535059688786 0.3486500378283409 0.06882495684479295 -0.2225671695554876 207 473 497
56 -0.0039496167669296235 0.7195105546456692 -1.125196573154713 0.11352189074301418 122 388 522
57 0.8285234033699824 0.312655651441669 -0.1717024585554984 0.2730003353153959 236 10 262
58 0.5037398119885343 0.32172259244106005 -0.023928117820481987 -0.11086780590807699 473 96 486
59 0.48651647199374454 0.2583982359028013 -0.017900311788388024 -0.20707996706281762 173 181 96
60 1.0010606767238504 0.5893195510221905 0.01448803160775114 0.10892930273065371 265 408 219
61 0.020525368450267006 0.5815040588663056 -0.031555513063663554 0.13638762012130323 219 581 462
62 0.4900671139873469 0.44548157500899094 0.10655309967688709 0.2638071434912792 233 497 421
63 0.544724738798546 0.4738815377789146 0.020986316157101115 0.20903022021623308 421 338 3
64 0.27033021190303747 0.792407141741626 0.42332769354427563 0.23490351047509347 598 252 1
65 0.370751284936439 0.6165933844813307 0.21938734717785735 -0.06751310205332928 117 308 476
66 0.24957655714611854 0.6413749903535415 -0.007447407968097508 -0.01644336611317243 159 471 117
67 0.40485843947342837 0.6447135154695937 0.14653181515389413 -0.12169985436072395 476 332 311
68 0.40872420690743605 0.7337988103298987 0.11451951938828975 -0.007041204078128693 108 311 63
69 0.2836850311901906 0.06158475886022471 -1.507959922248959 -0.7989474343560274 124 403 334
70 0.6752839510935933 0.36070463677901216 0.03280317129039645 -0.013306244994737426 90 120 294
71 0.6601471359760046 0.43857298095475167 -0.57925058323863 0.8105439844671323 42 343 229
72 0.6457082808297266 0.3983399132416598 -0.039524816058955636 0.07519040147452305 202 90 343
73 0.5664546964465906 0.16917597150152577 -0.25903099288996156 -0.15846029594545047 318 503 146
74 0.5663867998993539 0.16913962684337305 0.19883946042421538 0.09925900858350194 250 14 503
75 0.5679824595793206 0.1550593891452595 0.45269499244864325 0.023209187070588784 14 448 290
76 0.5665685647463901 -0.005478544093438368 0.08914085357445561 -0.49190172035195723 337 552 192
77 0.5716602411982072 0.13164183251988487 0.10360809289504391 0.3217579389990649 523 192 116
78 0.5681088881041775 0.1550473866084878 -0.5085281289135155 0.058629092260318455 290 329 230
79 0.5732450274048777 0.13277410802731096 -0.0535143435641261 0.20887061069445323 329 116 203
80 0.6417756222459692 0.18706876253448182 0.23953236324763746 -0.16123265273349124 83 392 506
81 0.5709458366057094 0.16514213394277483 -0.052296647914951144 0.003565946583156121 146 230 83
82 0.6741035682485388 0.21440817434095644 -0.12894408561725523 0.1654802999490057 222 204 574
83 0.6418548570096084 0.1869850547049305 -0.3605787601878088 0.47465545465982284 392 484 204
84 0.7264484368723078 0.20815290353604157 -0.19556545341470333 0.2041234160865546 200 574 407
85 0.7747299820010904 0.12368915162570421 0.028553043610046736 -0.1505881216598559 407 123 243
86 0.6121889501902487 0.12545666570274083 -0.06260335513874615 0.2108900255815005 203 8 484
87 0.797249539231345 0.03672444571393398 -0.5918459301015562 0.08832099171349152 106 61 165
88 0.7972226482314863 0.03676005251406961 0.2810102127582441 -0.679395467740652 269 12 106
89 0.7972213559641421 0.036666305940639375 0.019526556723815664 0.00940325243885265 239 434 61
90 0.7971718862294731 0.036740858883714186 0.12171212563196268 0.3923377123087935 344 239 12
91 0.6491133989628327 0.26462524931635356 0.04625382438172565 -0.10337378921615459 26 101 364
92 0.649108705289886 0.2882269877266197 -0.34114495383599175 -0.16186494416136568 562 380 120
93 0.6490436387849584 0.2882170502583649 0.3918767133817731 -0.04968114986785878 103 364 562
94 0.4060703744673272 0.10070051179281521 -0.15578025536200357 0.047573248118659706 126 590 328
95 0.36399420526534376 0.12062768182996972 0.035995436492575195 -0.013103622353849431 478 383 126
96 1.0044128093920413 0.13778322109118937 -1.2669494584515821 -0.3081462880315315 370 295 504
97 1.0089821467866777 0.08886229461475091 0.12001081638873812 -0.008792699554560635 561 133 295
98 0.9300941069440964 0.6963882570971047 0.2417761237744065 -0.08026256378274033 455 402 375
99 0.8748868239886566 0.7831803795148988 -0.013869910081565351 -0.2273609571445956 19 568 371
100 0.9372646372126181 0.7007737301108209 0.13941570571607276 -0.13515346498210734 176 375 510
101 0.9410397179748214 0.7203835390535047 0.08550235380822002 -0.30775680649741677 568 176 576
102 0.9174127577045283 0.5981299923230762 -2.317783390941904 1.8196198757827742 77 505 350
103 0.9177916609888553 0.5979030444366886 2.0274640258455117 -0.7638843067247765 350 430 56
104 0.8986212672126205 0.91682549208824 -0.49816901687258114 0.9457839193240114 251 221 511
105 0.8985995380153795 0.9169673057293728 0.49771769749791356 -0.09491499105228861 284 511 438
106 0.8989180033969628 0.9170279528260391 0.377481061935702 -0.6752875374551117 438 588 89
107 0.8988488380387272 0.9167085329856831 0.1689548126512959 -2.193764678598488 235 221 468
108 0.8989715031276374 0.9170125596555412 -0.4762193602512229 1.724283431002991 588 235 34
109 0.035392795448704925 0.9633023476876785 -0.20091419795226217 0.1365313138587676 469 261 439
110 0.0823088933244476 0.47396659878979847 -0.6967811475342518 0.2645192792344493 57 53 340
111 0.06475083843849518 0.5282327826329343 0.06477053338116434 0.010574926351258895 128 340 68
112 0.02793121037062377 0.36306842310693466 0.29563301740521375 0.27478568854864954 194 480 196
113 0.12935599493983965 0.3372293964644749 -0.48309722089931534 0.1674159133671421 97 275 286
114 0.39207832951685406 0.5714976114294583 0.2029295918803964 -0.031769226832567554 308 179 527
115 0.39085941616013753 0.21660454039890134 0.025174051298398892 -0.25926784209123754 572 444 173
116 0.23081985219854856 0.47288418753827133 -0.24032933663986622 0.15019441142183343 205 405 475
117 0.2134338981038364 0.5228649469823468 -0.4334581351470479 0.7440703744624204 585 75 164
118 0.129321607001365 0.3370677214159449 0.5896373376156842 -0.37282050859325455 535 485 275
119 0.989443094608661 0.4187003992050871 0.13637532630950133 -0.07674946581048836 211 390 366
120 0.3912067386547722 0.20961095452323755 0.019484643239142674 -0.014572937821755172 444 220 162
121 0.16426368199977365 0.8595679056331686 0.012953790123892972 -0.25369604333969065 395 449 232
122 0.61702493257093 0.4549282252036841 -0.02461824945287905 -0.08560004398014409 515 433 367
123 0.43229349663494687 0.5199688403216483 -0.0929632496741821 0.14700419306867307 382 592 238
124 0.34051508954879933 0.9628243661498422 0.1523949724226148 -0.006781714773085312 242 528 54
125 0.4647225379901284 0.9439205967433582 0.01863042012328897 0.21229056151872427 87 121 118
126 0.3708897252142634 0.7648761823356383 -0.2521267591947852 -0.6413869636356234 240 92 333
127 0.42263812994017746 0.7393131481847337 0.00878176875023038 -0.6035309046091824 333 256 520
128 0.3708323949789775 0.764775767861262 0.2870470794109729 0.6503398060581176 73 108 92
129 0.4226337932321555 0.739226367497208 0.1598843394674419 0.6009400415328027 63 170 256
130 0.6159982150816675 0.9356563633824324 -0.29266824835198857 0.400393580955922 577 279 29
131 0.5564872208742926 0.8570183450487233 -0.028949449413194495 -0.16094874133541076 460 285 217
132 0.5959046118985665 0.9364047904263975 0.10343483743124882 -0.04258981778360038 420 217 577
133 0.568109004100116 0.7639519422315997 -0.058976227590781805 0.3489820113444786 587 336 107
134 0.6626779875056924 0.7706115000944581 0.07610335972518811 0.06782835126895037 320 559 247
135 0.5701504918897173 0.7662272035223767 -0.30729691499753464 0.07281686091771544 215 107 320
136 0.30655735498200826 0.7913479675966894 -0.09162043561165584 -0.5856258172910506 381 5 184
137 0.3311345133651791 0.9281496929259694 -0.16068329846210833 -1.184889581939898 391 354 80
138 0.5432939893872855 0.7754744932973536 0.08025824154708283 -0.0954386021831421 401 166 72
139 0.4408952447551913 0.7385794676568547 -0.028970266693927917 1.390814248561085 520 411 401
140 0.5433899549548423 0.7754222273463398 0.27566458501597285 0.14238005625302924 166 537 248
141 0.5435643834638451 0.7732100357937463 0.156253149048019 0.2836712380185208 322 540 537
142 0.6989100408988868 0.8431648993121843 0.7370059772500025 0.9998087868693544 426 180 141
143 0.6987714464850172 0.8430048094263494 0.08253588976007455 -1.27603968073139 300 358 426
144 0.698928825084333 0.8429437008968147 -0.5522270252081123 -0.4005150613722516 180 554 85
145 0.6988440347532083 0.8429151153119291 -0.061181807588391555 0.8115127795579402 358 247 554
146 0.6260037221499654 0.8714085114903631 -0.027146619674400796 0.034721524266867476 110 419 300
147 0.7926591002275565 0.892315906454965 -1.2503455498064504 1.07017441141607 293 483 316
148 0.819377954422898 0.94974137959623 0.038957231884850785 0.025738624426230317 245 316 459
149 0.8047229592924854 0.9728082761365513 0.37872741985403613 0.19788732835053782 445 245 257
150 0.7974775341184017 0.975867195713444 0.15730272327763029 -0.050584216676474725 412 445 174
151 0.7303611054751442 0.9172313881788093 0.11739694112666843 -0.11889262144237911 531 330 412
152 0.7926191006540805 0.8920991698232664 -0.04213434397660077 1.0007002216753718 580 327 458
153 0.7926114069479319 0.892076537819244 -0.06977441525219621 -0.4636332360402357 140 580 293
154 0.7382488812216332 0.896223582638179 0.05009478110107324 0.05778270466272328 330 141 140
155 0.3065582570534067 0.7913610360701332 -0.007362163861131168 0.6452551938563537 5 1 73
156 0.27369783997870284 0.7964173142865832 -0.0426675434567203 0.021154450587090867 594 142 381
157 0.5492096205259516 0.778214972331677 0.05462241796025391 -0.0370182940724606 93 248 429
158 0.21008449942110052 0.4897720325872893 -0.062495515359972664 0.018403957177670627 231 205 498
159 0.1623806816229297 0.47207088992444823 0.9907378010313452 -1.2383174119823221 47 259 231
160 0.3051546661849628 0.5107757646709431 0.14374822886382455 -0.5714502231710192 164 363 289
161 0.30516472751255586 0.5107198024825285 -0.09492229797319895 0.762109138448784 363 475 331
162 0.3807344937447475 0.528625221574801 0.161742318366756 0.5882102102025858 331 369 249
163 0.8278118331510365 0.31287924754290714 -0.006713125628304839 0.2214041632431392 490 406 236
164 0.7392993150253053 0.27333805289095026 -0.027322336927648738 0.012391915271692255 512 58 418
165 0.7454628609846652 0.2683652738572738 -0.19971412874159045 0.14987028059548768 58 200 406
166 0.9401855455744718 0.36486903001886006 0.19780651491774215 0.15060327360205683 409 51 172
167 0.8357608424138705 0.3281763543368234 -0.28785785734231073 0.013432553268473424 464 262 409
168 0.9542288285409661 0.4159384972311844 0.14906271494918855 -0.07337023558151579 345 172 211
169 0.36021108253394674 0.18838510760241953 0.026900781076441213 0.08733300060231354 270 478 220
170 0.8271331341188894 0.7339489409460818 0.01161241484914921 0.01679011825406196 91 74 455
171 0.8541340844579349 0.6111921146386834 0.07427109621760408 -0.17950191749660505 31 302 201
172 0.9982744464015031 0.6366844141999292 -0.6424303474069325 0.3073125752218455 241 265 526
173 0.9980807435745187 0.6368001020451992 0.9620521227370841 0.20301567823220212 136 241 509
174 0.43156957983220506 0.571424290246169 1.3655500124138937 -0.24180751517863946 298 376 398
175 0.4339538294555333 0.6285942260754875 -0.06157545168195 0.0003866247599848549 332 398 255
176 0.22502768381406804 0.9161853777673286 0.03595917869025911 -0.19151378469195457 427 15 525
177 0.2085425062534515 0.7331589432223842 0.04216143510704651 0.2092097911576829 99 129 41
178 0.21823761373612754 0.7294829571730714 -0.024756718203233774 0.23041667619044803 129 159 325
179 0.23920392500780158 0.759085739168531 0.785721616133032 -0.8251123981761407 40 325 252
180 0.027808486992142792 0.09183835835687244 -0.11396726999624018 0.11330137921622407 209 599 425
181 0.13689619481667756 0.08870935281390258 0.19603872644137488 0.011651090465678027 425 400 171
182 0.6675593848777036 0.23083688789164036 0.1772672864698349 -0.0572003684869149 16 506 584
183 0.6585915921677631 0.2589926219410041 0.24608629079736727 0.16021438658107737 101 16 465
184 0.6677311308696509 0.23082681723297505 -0.3713558432494931 0.182092480763979 584 222 352
185 0.6723941445746406 0.24825066739557056 -0.10917394176190864 -0.00039167107057647144 313 352 512
186 0.6585773241019321 0.2589819908681403 -0.319848291313585 -0.26316031391515876 380 465 313
187 0.29644896154151584 0.10913581368608131 -0.006608541838759585 -0.032434344099385726 223 62 477
188 0.329489495871114 0.0958356408771127 -0.06750037542802012 -0.04192189373419808 477 564 383
189 0.934102450961362 0.019774345705970878 0.03548312373091722 -0.1552622308498286 165 454 561
190 0.7333704949040403 0.711058448028268 -0.02968091458374622 -0.3518481760773299 492 417 365
191 0.7817450621776777 0.7648061449964866 -0.06535915350602828 -0.10554517676508723 11 365 348
192 0.8244743712343978 0.7514144877277316 0.042293378174629304 -0.15642591943976214 348 91 19
193 0.4819098042401577 0.7202295755825897 -0.07939599047657175 0.06218840303828799 541 567 322
194 0.44088929575954816 0.7383957654613356 -0.11573791550525177 -1.3725761703001909 411 170 541
195 0.03523345461945113 -0.015413199538398599 -0.1248267107734069 -0.19350307692983515 482 227 65
196 0.043431452549650446 0.9786933264324208 -0.30287687323438117 -0.0678321766811596 65 439 228
197 0.11238616223561237 0.9953522095819876 -0.04217528826178096 -0.026782201456576615 228 596 45
198 0.026213010408637744 0.9651575098507691 1.3711100131050822 0.3231651627994426 360 303 299
199 1.0260588137652675 0.9651323971120993 -0.8999776785140536 1.179299632895884 213 553 360
200 0.026178206053416316 0.9650285371982232 -0.5098172178174968 -1.234086403469688 303 553 469
201 0.2888323574781677 0.9889496467205574 0.24116063382373376 -0.0026186823542939663 403 525 27
202 0.213440054985224 0.5227494854573769 0.07518693161286376 -0.3964951516911071 157 498 75
203 0.08247049050466554 0.4737822211482181 0.07489219878747867 -0.4716499619558819 53 102 396
204 0.21336447703156894 0.5228542659577069 -0.8014140288363698 -0.05662993017498553 125 2 585
205 0.21342893381000105 0.5228036139072666 0.8159129155237057 -0.4418742390719277 575 157 2
206 0.18973330955391937 0.5228840450438964 0.0030914815846161403 -0.027403775776368988 214 100 575
207 0.13591097828643545 0.7635110085977703 0.08755932767029462 0.19784223044549964 410 414 339
208 0.14266133949310406 0.7769132297867306 -0.3026745838284519 0.2042434790996343 0 339 296
209 0.08711764832005761 0.38206827276639077 -0.024149932054129408 -0.06306842895154041 461 97 547
210 0.027868584443348443 0.363050468134181 -0.5460462240552413 -0.23789509182026158 131 194 461
211 0.0824547633331697 0.4738438018800949 0.10591434896820277 0.8121074911073695 17 361 102
212 0.08229875433756598 0.4738980672641529 0.7611937599607144 -0.5914145491072624 154 17 57
213 0.1478217214863335 0.3207514508624205 -0.2967595889131428 0.027661309045167934 28 543 288
214 0.19922024385317383 0.3900726210583742 -0.37960265868164367 0.03813886949310952 521 206 405
215 0.17800871848612992 0.3915402118050325 0.03194411853091328 0.017153389472723823 152 487 521
216 0.1415933370133999 0.33774383459539203 -0.09363562616243604 -0.15532562579884113 286 28 487
217 0.07649523188277994 0.31990107135266227 0.06677777150687625 -0.01683823705467269 196 186 535
218 0.14762589168470353 0.3206385651592454 -0.04341793012900726 0.18381013063614032 485 253 543
219 0.24042654688796428 0.10450002231124089 0.14222226681938344 0.15160887230965953 529 124 60
220 0.4313043596631004 0.5712503444353894 0.972773647170324 0.059696252105510654 527 291 160
221 0.43150112220266723 0.5713414838967341 -1.233968341193153 1.699947006478361 7 542 119
222 0.4313377101476422 0.5711210414244661 -0.315609355322358 -1.011218221828934 291 138 542
223 0.3763210427869832 0.5318772351198453 0.22778493596539717 0.06940000570748728 289 263 179
224 0.2533244943239922 0.8465723874339072 2.750165659649016 -0.6805679515222655 71 22 579
225 0.2529967272591204 0.8467203923011463 -2.0452888579384347 0.515110379662744 453 71 144
226 0.7612356388450014 0.35488035051767897 -0.1286172024786425 0.07549422441355258 112 431 145
227 0.7491629479074638 0.3481656083961396 -0.03796022177149361 0.11891261482432913 341 418 431
228 0.1498960068058229 0.45498278828925426 0.004202255904361962 0.07086996857419425 115 152 259
229 0.8269097709289255 0.32398240154473873 0.021742298066118604 -0.037198446753428094 145 490 306
230 1.0278010647492646 0.36307743525868297 0.4056759206406729 -0.4729123083532707 390 423 131
231 0.9407524000847327 0.5543256655775344 -0.3938950382742978 -0.1657806949944868 582 301 321
232 0.9409738595632505 0.5546737132422946 0.0541402409611879 0.0014172245950579143 178 321 267
233 0.1158948277694744 0.5776008251494311 0.19414110957006536 -0.3738156712701556 309 94 450
234 0.15091465523530279 0.5942415627548651 -0.07238187497288218 -0.2116162698198587 450 314 224
235 0.9550537766425102 0.9217785276960936 -0.07313621203607328 -0.5538699007165979 18 226 213
236 0.24097437014394543 0.10551201085912355 -0.21979198836251163 -2.027156223553827 198 60 378
237 0.34465948193939416 0.964217716274407 -0.08674259775905395 -0.5383986401144765 158 397 148
238 0.3447439653156559 -0.0357219356651926 -0.20439258969140103 0.34638314452774177 148 151 474
239 0.004652230607785553 0.1378412179205691 1.4211310461529996 0.34285360483452604 504 209 310
240 0.004197004368549777 0.2060313680135001 -1.0589194879241302 0.10324812183058578 35 310 502
241 0.15340195712244292 0.1101991206839627 0.1205191821340712 -0.06801573193548904 472 171 287
242 0.12653489955342356 0.2189908431247848 -0.13740172541409912 0.33664059109761446 312 472 185
243 0.882628806098205 0.4835971322645813 0.04448288404290679 0.15438149751634267 319 368 33
244 0.9068180703788138 0.48205601158374073 0.010724182999966025 0.15567947243833036 33 345 335
245 0.4322061147821005 0.5197295373486811 -0.02695134985954313 0.3199186936089608 369 233 592
246 0.23906757861092828 0.7592342922503681 -0.8643307108928313 0.9722399789780856 189 40 208
247 0.17437474850476037 0.8466999226761648 -0.10352251313128225 -0.08923781089076321 372 532 449
248 0.25304963210501613 0.846599742137563 0.9279158982123747 0.06310379491354395 532 565 453
249 0.22320370492463731 0.30157089305309104 -0.3397046605818632 -0.2499318654813898 206 424 273
250 0.41934945914615535 0.5337971614079313 -0.002341925611770712 0.09239320385157068 138 199 382
251 0.3311962667492426 0.9282588600183406 1.5214932943912167 0.6099558511160792 528 413 391
252 0.3310137538941172 0.9281967407955685 -0.8452294977150717 1.1466567513448684 147 354 413
253 0.25329287334933354 0.8465705440376025 -0.9823791095864547 0.262690546447503 546 579 594
254 0.25328488940236804 0.8469303073602318 0.3796653560183866 0.5098285311513927 187 546 147
255 0.6159998271361374 0.9356311641509809 -0.8492938338047046 0.6214811189614766 279 110 297
256 0.5713760882532414 0.8314776243479175 -0.9656312615561723 -1.0077486942231808 285 52 76
257 0.5714553265617769 0.8315838835777069 -0.22740517631325974 1.626304388571275 76 555 419
258 0.5569484799030235 0.7725066892105499 -0.09284317163541551 -0.14329185247206888 429 183 435
259 0.5636247198014401 0.7741014059019753 -0.19998808538021495 -0.009024265709700607 441 435 215
260 0.5714400130912796 0.831279723795258 -0.05189575720448481 -1.427040563798873 324 441 555
261 0.5532777533962456 0.8054489971969673 -0.5356384417417149 0.1246575856401295 67 93 569
262 0.5714481629621281 0.8314320121047426 0.8385246706311814 0.4491505989711957 52 569 324
263 0.2532142232917835 0.8468782540192076 0.4379362605479273 -0.774456655619829 15 144 187
264 0.1488354813519376 0.8524180125199284 0.07966976453555041 -0.2126005087255134 212 457 395
265 0.1534372793442263 0.8092126377529635 0.5579979399790131 -0.16198923954871633 457 274 589
266 0.06100005493650308 0.8864661015965629 -0.14624903215548768 -0.05967912310167467 261 578 212
267 0.36015022253489537 0.18842222676903972 0.36690397338715564 -0.11991134835293363 244 270 82
268 0.4775692087902733 0.5528603461228617 -0.09073270381548815 -0.0396432256813406 105 156 323
269 0.47800926110246106 0.5373861068490076 -0.10237823193370854 0.1342047365598953 238 326 156
270 0.3295243275016802 0.9785256632870515 0.37645441101430765 0.06699471534986605 27 242 533
271 0.9176477019524868 0.5977656162663012 0.7481588725822587 -2.266086060122199 516 277 505
272 0.8875142755711203 0.5514246687405885 -0.9217174269334129 1.3629965064650984 225 254 516
273 0.917626916115363 0.5979016860469121 -0.35589403050843066 0.938675205703547 277 178 430
274 0.7970853031808744 0.036673624233583856 0.31133981916680153 -0.22460804990405034 44 373 344
275 0.7531288167197855 0.08269309827883904 0.15985679169272515 0.08614577592935824 489 44 123
276 0.11588753195871096 0.5776260316683371 0.0019425052773171681 0.2900047815978461 94 68 353
277 0.05274760979554214 0.8794631868327016 -0.007443075843160951 0.054976590987965146 150 374 578
278 0.06648688336949615 0.787622374159381 0.05958998711141916 -0.07556625117310922 563 175 374
279 0.2701083076206036 0.7925206624895882 0.02109594860453569 0.22078937927071107 32 208 544
280 0.27025512506706256 0.7924746251311697 -0.45234248722609466 -0.2387501017633159 544 598 142
281 0.7129059818078404 0.7082246285589828 0.17481951095077441 -0.06477240306612675 559 463 492
282 -0.004218432854327112 0.719693308750464 -2.0118018540920275 0.6404425031427373 576 495 234
283 -0.0039048005719973552 0.7197261716340796 1.3026820007221813 -1.1702514935124209 234 122 563
284 0.24092401154050147 0.10582933662720662 -0.23591207818360935 1.6404863889627612 389 198 59
285 0.18624157031950372 0.10185924420511626 -0.9428378443888984 0.1364455105569125 216 169 389
286 0.3807463196820014 0.528707036703286 0.02500920171096769 -0.28271847197320826 263 249 199
287 0.24413952683877782 0.28325452567359644 -0.3353280722540042 -0.2595317974418698 273 356 84
288 0.3544465694763083 0.2719915717596476 0.2071150626004048 -0.2906411437908485 84 113 207
289 0.2903529064609963 0.14454336732418402 0.053693235968488295 -0.1822167989412593 442 223 244
290 0.27055558928565937 0.15011687360124923 0.05295697283469458 -0.16672144047269466 451 428 442
291 0.22855783277015365 0.26123223720343586 0.005541710840217817 0.2594510408598927 566 451 356
292 0.5438442357892743 0.4984163827955134 0.03742661527916802 0.016756129816997145 326 3 355
293 0.7813206849277002 0.6968703534229314 -0.11313589023953519 -0.0887026750662212 501 139 74
294 0.783930548414333 0.6594853619435932 -0.10720784746065526 -0.07702592938474417 466 31 139
295 0.7334352642450269 0.7108459231370813 -0.18384321813914686 0.15384310503578807 417 351 501
296 0.7135561137919136 0.6986219298493768 0.06949230687419705 0.03634687949921611 377 64 351
297 0.8500081288169481 0.5521635172973878 0.0984370942397339 -0.16446521262925007 302 37 570
298 0.1589753647518229 0.5846570089658902 -0.11025534573869122 -0.1717335967009459 314 20 524
299 0.15576796920323416 0.5785540902466741 -0.013631569831251689 0.007555646906742819 353 214 20
300 0.6465256655906837 0.5783833099676975 -0.03361222550291032 -0.02461197287639827 416 519 283
301 0.6600682130875482 0.4387220086587395 0.6465621129041633 -0.5036729230467173 367 42 268
302 0.6463260259093848 0.5563347059891295 -0.026930854421514105 -0.01345238330452414 519 538 488
303 0.43127740008021215 0.571433330012128 -2.152978897777564 1.3402055004782445 160 595 298
304 0.6141910993037097 0.5954005952468113 0.0200981009612633 -0.05324213188384608 155 416 545
305 0.43178183417360216 0.5712222703844565 1.0157192604088716 -0.43063486371812265 46 119 105
306 0.43148838004001033 0.5713175682004576 -2.529369295794766 -0.29534397318872796 376 55 46
307 0.4315722732835112 0.5712866974707108 2.5443338382377014 -1.4398059739443745 595 7 55
308 0.5895188266515881 0.5775582404185522 0.056393891292860765 -0.013823543351665357 177 305 155
309 0.5400408962213307 0.5982521965792783 0.021876726818970127 0.022130800664266204 556 323 177
310 0.20860065425326052 0.7416392712173696 0.03577832023704541 0.06218617305125962 493 41 189
311 0.9657565834483675 0.6848312300736744 -0.02445286022279003 0.0004953456915479659 317 496 548
312 -0.004057814875975605 0.7195062613156241 1.257996037385984 -0.5667084853770493 495 548 388
313 0.9670194908726142 0.6807941471213463 -0.14382920261691787 -0.03883349540372005 496 491 130
314 0.24107138108891768 0.10580456048178515 1.0969096765828852 -0.9666461003849215 59 271 428
315 0.18610811720960066 0.1018259106885386 -0.8194485166568591 -0.6109801164050919 287 432 216
316 0.18632673394205176 0.10186959101282297 2.7888440238659764 0.8477469112903044 432 437 169
317 0.18617817934392045 0.10176707217284942 -0.9535638868579318 -0.308000206502429 437 394 529
318 0.2112668185014966 0.2683026446620956 -0.06407336848590628 0.2939795594458783 86 566 593
319 0.12397240222218962 0.7646187476771543 0.07980550055161888 -0.06320388428663996 175 479 266
320 0.14266951122459112 0.776906398187783 0.23108189717814465 -0.26180256513643546 266 0 274
321 0.1621796401828598 0.472312568436607 -1.0750634470350868 1.2455941124005239 9 47 100
322 0.1310652871847699 0.458351383608795 0.864391532702795 0.2787688273457405 396 586 9
323 0.13095768837479 0.4582777197334341 -0.8238951065576159 -0.1658141642762491 586 508 115
324 0.17426027286116552 0.7165375096522064 0.07996532741527673 0.22864365886721139 414 224 99
325 0.10298680059096381 0.44536283962903583 -0.3535433275455267 1.4534603400370325 109 357 508
326 0.1030183191186434 0.4452003918096548 1.3927247662293618 -0.26487916760680774 278 547 357
327 0.10288875097895407 0.4452623753904883 -0.9611784463725397 -0.9256416025978011 361 278 109
328 0.14175189134013128 0.2442812723701433 -0.2568180139037035 0.1970474429457969 30 185 86
329 0.13595735634323539 0.2504208272824793 -0.12887191955940347 0.05561144305471499 530 30 253
330 0.24110108453914447 0.10573711197338215 -0.5480790334490109 0.9446128963936945 271 378 210
331 0.15348174235492504 0.8092038444583357 -0.5770912703788192 0.08516511732490663 589 387 372
332 0.25304070560816405 0.8465251068346769 -1.478347565460965 -0.1273862940316412 565 32 22
333 0.8347357433578434 0.32892209098965264 -0.09737142982104569 -0.1238991539790138 306 464 536
334 0.9902435577857299 0.33732230740638436 0.24597641493095956 0.09281118026893687 51 514 539
335 1.027776970141156 0.36308839193107934 0.15190206652070234 0.33523007256268866 423 539 480
336 0.15114574722991014 0.7809851383618602 0.009548379274748608 -0.004468330913609542 296 493 387
337 1.0339310831631772 0.23443586855291798 -0.34022013065324164 1.5466301278598182 573 264 399
338 0.03401359305748352 0.23413292154808513 0.5020439247220203 -1.5537179050317544 264 494 36
339 0.27965758635633786 0.09498004727655415 -0.07595151244044196 -0.0811350507612385 210 43 62
340 0.8930109519843777 -0.052183593276449995 -0.11738460203858381 -0.1567172832478425 481 551 168
341 0.9002010476284298 -0.08204679054827924 -0.1994120986175893 -0.051833496403450724 551 89 557
342 0.9006555482170169 0.9176749382427357 -0.010453825503267851 -0.43305411601796906 557 95 18
343 0.28397031362714664 0.06175134369776998 1.6261792287298809 1.0307546790797355 43 334 21
344 0.3295802908140693 -0.0214280500206469 -0.10119985181344764 -0.3277225027540753 533 158 276
345 0.3262301994941862 0.0393775383077737 0.02880477072142451 -0.02163431066237731 21 276 246
346 0.33204084980659637 0.04284143713907546 -0.09162612474300502 -0.09198117831635266 564 246 446
347 0.36249295214178423 0.021228143242188486 -0.17388210316049424 -0.03183562441444465 446 474 237
348 0.21017450701418228 0.29284156391743116 -0.037450851447795586 -0.03372468450335564 288 593 424
349 1.0218831378703925 0.23570189835538935 0.18379715423233467 -0.0209971415254806 514 135 573
350 1.004195624023768 0.2063451152008437 -1.1656219004791595 0.8901468898684869 78 143 135
351 0.004448109499067433 0.20618682104844796 1.6232835048660077 -0.8711725617606967 143 502 494
352 0.8291304437877962 0.4242429354494038 1.6493681150063768 -0.6543603737604494 436 536 368
353 0.5978758872592012 0.5299605559859533 1.5848406381314288 -2.1768151099970776 81 515 440
354 0.08548444061461226 0.23989212915264302 -0.04541411563485382 -0.2544864934614973 549 571 530
355 0.5977029073472615 0.5303196688485586 1.1393139794004663 -0.48083529516416806 305 362 114
356 0.7195161816698001 0.6215899954826795 0.4998737571372774 0.03185573139909831 283 69 38
357 0.7113182919954383 0.6999506014835896 0.18089916539558437 -0.02583718313083072 463 161 377
358 0.8637680539432192 0.5428423300049872 0.04181545613241022 -0.10283705692559764 570 191 225
359 0.7195808696228101 0.6215550275101843 -0.32220566572211146 0.25291990284748284 98 69 39
360 0.7267065124495257 0.5704091230931809 -0.02205293933577046 0.1761410912959338 39 583 48
361 0.8331127193517931 0.5394552086086157 0.38558771384145096 0.043007209946099856 48 195 37
362 0.7246919037777547 0.36781637073212936 -0.04478435308415216 -0.33988887507854737 132 443 470
363 0.8046905999876294 0.9727798358990024 -0.16299105684509974 -0.2724244577515802 393 257 422
364 0.7195395145259643 0.6216242156179612 0.41640666993762426 -0.29448277802271267 64 38 197
365 0.797251429455753 0.009296849792147243 1.0003916959253936 0.10330522675358958 373 174 258
366 0.5978213895732664 0.5302587702193069 -0.8729305366847765 1.3673512662377247 114 440 538
367 0.6753215018619642 0.5378636450545784 -0.14875077211651266 0.08371659060424363 488 342 583
368 0.7972124610364802 0.009292820136458031 -0.7982085945771461 -0.08331987171603453 258 393 434
369 1.0199660832824775 0.5277584772542554 0.06937371146292781 0.06111715578072108 456 188 149
370 0.7599908566519362 0.3625845250362494 -0.08429138758508925 -0.17338645241782302 470 112 467
371 0.6601854672997114 0.4387641999006627 -0.9742244957533074 0.04010714011609424 268 315 342
372 0.8335745577450843 0.9511372626561764 0.4692735909198964 1.5140915833552788 422 167 481
373 0.5366641215415191 0.6349199955621437 0.02650660316239062 0.01270235375216977 415 556 127
374 0.8288181071560746 0.424377966703992 -1.5311638601239823 0.7206687519895186 467 436 4
375 0.47398867887975543 0.9738596341183375 -0.06724791001833097 -0.07400989335271113 282 118 597
376 0.4036576664125118 0.036318500099801816 -0.15375066150791206 -0.008886071739544477 237 282 590
377 0.7195928124586732 0.6215927289758414 -0.5328796246696264 0.014265958820345887 197 98 466
378 0.8683796878602876 0.5320190954733612 0.0792836567231614 0.16552922886547972 346 385 319
379 0.8631514152112919 0.5344154266988365 0.06896595646996295 0.1731420834830133 191 534 385
380 0.8876839393221542 0.5511435753765255 0.8103045282803026 -1.5062949668543868 254 346 582
381 0.8424357490912873 0.525170355709246 0.2344476595500522 0.253723102597303 195 4 534
382 0.660317597520425 0.4386065657841003 0.45437407048275247 -0.6866932092939627 315 229 132
383 0.5975724362526889 0.5302310632746768 -1.754147677483222 1.2766016246066116 362 355 81
384 0.7246700578600537 0.3677597669166971 0.1521343534304073 0.16716335818551306 294 341 443
385 0.9550551971554203 0.9217572978192642 -0.14873704514122704 0.5252498091660008 226 307 150
386 0.08545892194971554 0.23974978690229376 0.07247728933939407 0.42931834331333146 36 312 571
387 0.5665128855038921 0.9944585768186242 0.5669496526276071 0.12321161823832578 597 560 337
388 0.9393999647431981 0.0024815414409927183 0.01567538286673109 -0.10118893362109915 454 168 104
389 1.0333752543286172 0.4827594236454418 0.13302394324954392 -0.043683682365847076 366 154 188
390 0.030513338211265846 0.537724782042648 0.014379967529232207 0.021023618436422087 149 128 581
391 0.06707151705445928 0.25133298410003013 0.09734569053621023 0.006092041801575299 399 549 186
392 0.5754892817851883 0.6611572410837118 -0.00897339980099332 -0.016178907519259766 336 127 50
393 0.6116049681106882 0.6427696657448223 0.030838636505547967 -0.04731781286237968 50 545 161
394 0.6406579437645213 0.07417554246247475 -0.008973462944927846 0.09611062709580231 8 280 489
395 0.5665960401728735 0.9944219995023491 0.07889732228947904 0.3829224325970458 560 420 500
396 0.5915008426823776 -0.006416250696723771 -0.08836451327598471 -0.031133301839347816 513 347 280
397 0.5666253509212226 -0.005537408073483585 -0.22364533499734168 -0.16062413837154496 552 500 513
398 -0.00176545000360636 0.6368738260569048 -0.25034717541464346 0.2797369130091857 272 509 499
399 -0.007198186487015967 0.6708400683883948 -0.02317919224614773 0.0333759908599518 130 272 24
