1966
0 0.0016958241609714778 0.6371277126082439 -0.2872134010224042 0.09385736888210816 111 66 359
1 -0.001603589438068258 0.6369782389169937 1.3301182845120976 -0.3996218429157635 499 526 111
2 0.7552024498843661 0.8352904681467921 -0.0920881350341407 0.03686123906110339 85 11 327
3 0.888443605996496 0.905806406989123 -0.14168553776516996 0.43022182794907016 558 371 384
4 0.8989563833995661 0.9169504782810426 0.2297248824950941 0.7026207681019554 468 384 182
5 0.9001189031119502 0.9174577043005139 -0.9046013474043029 -0.3107638936710854 386 182 307
6 0.9000612051185737 0.9174703852833186 1.0762426230380082 -0.2944395664458178 34 386 95
7 0.01118781763659929 0.6841631587856247 -0.31614356341136407 -0.036741494265427055 517 359 452
8 0.008831507076532082 0.6850789319743347 -0.17954478420505182 -0.09071302385470215 522 24 517
9 0.0291582920836872 0.5913642932813572 -0.2001117983124745 -0.03874188019004077 66 462 309
10 0.3495758120814508 -0.04590524922280667 -0.804436695978994 -0.27367470190654297 163 404 151
11 0.3440508137265069 0.9632531535874389 -0.14459151781703178 -0.04772371886780161 54 379 397
12 0.349677910855767 0.9541335509514123 0.4708213328637954 0.21098361767046758 379 193 163
13 0.867033229992356 0.21237217332659303 -0.0666787527969781 -0.005689304583000876 10 137 134
14 1.0044374124078583 0.20597154181472765 0.47792318113416093 0.12196110757325528 591 35 78
15 0.984216212155252 0.18720858801377427 0.13812301996596332 -0.033258625367627026 134 370 591
16 0.02107742462610196 0.08475881009685116 -0.14602838018656916 0.0845693032963668 133 482 599
17 0.13853086248727156 0.08706270938453807 0.09585299927915292 0.1451011640701827 400 45 394
18 0.6127197447595425 0.45056229020946975 0.17533582537254677 0.11729904651758272 338 447 433
19 0.6361745663308297 0.39775844089937396 0.15603395936425457 0.09240996926007661 447 25 202
20 0.7824443967935668 0.1223328147090966 -0.13612481870872717 -0.12364456732777418 243 269 137
21 0.530419798828703 0.2046975067086994 0.10137933227280516 -0.3192326575827964 181 6 260
22 0.6089683631685483 0.3414227211864717 0.05266243413570848 -0.08536934215097602 486 103 25
23 0.5623686343717799 0.20072578868538682 -0.05876908473756437 -0.2772786528160154 260 318 26
24 0.5287587965970892 0.19838618910119088 0.15444102472589316 -0.10811383359746185 349 250 6
25 0.5621091704942666 0.14306385876942107 0.11567757359637332 0.2917780178926521 448 23 523
26 0.4739074922597558 0.1545522035883045 0.07842438105171157 0.2435066049841228 328 23 190
27 0.47204036754422146 0.16903714535573394 0.12215714238761333 -0.08372920256433103 162 190 349
28 0.9562076872510462 0.6866632670695135 -0.17812619904468766 -0.538686571816883 510 70 317
29 0.9335515657300251 0.6877628375640872 0.2069730142481574 0.0055969324661009345 402 518 281
30 0.8993466606245537 0.622506848204576 0.09158746920590044 -0.16942899236371822 201 77 518
31 0.9561850797644482 0.6865993970427801 0.23605458492027223 0.5156828103425326 281 88 70
32 0.9668489796301125 0.6808214360384837 0.059730404528154056 0.11962099218879983 88 49 491
33 0.9728917166206238 0.6449200089797578 0.025362750094570785 0.033826692141802894 56 136 49
34 0.8882802675389824 0.9059647449670497 0.4221140738325507 -0.11849539101132199 218 558 251
35 0.7926679053885511 0.8923486433537294 -0.10571003848711244 0.5114556012185449 483 458 218
36 0.8336406719712428 0.9510148680829724 0.16842865275629126 0.4148974984944818 459 284 167
37 0.024247118919320174 0.9761170782716666 0.008080593139059289 -0.09139901110261084 104 299 227
38 0.12408749973325273 0.7648149917170975 0.009897160607068908 0.33152465908419754 452 410 479
39 0.18208668562605498 0.9150534294835383 0.04094276931376761 -0.18207059887531685 596 232 427
40 0.3506602327543974 0.9354993936051477 -0.14683187721242774 0.13976645483332328 193 80 13
41 0.3357005981899461 0.7994251426847565 -0.11283988118893085 0.02829528555903238 184 240 79
42 0.36080481440476914 0.9390456879241421 -0.325453346911031 0.17017564770543947 404 292 87
43 0.3545088600659938 0.9331308144243204 -0.2621038002956211 0.21865993425629338 13 79 292
44 0.5568624785391473 0.7726102338180293 -0.44917146504509264 -1.4775248151603912 540 587 183
45 0.5533950658347744 0.8053406698358857 0.7432209530943519 0.02730033320718847 304 72 67
46 0.486366216301213 0.6601934644785945 -0.039757691583375276 0.03352890395880159 255 415 567
47 0.9409078827757671 0.554302661055123 0.2881427730287321 0.18771683070266906 301 335 550
48 0.9434779980243202 0.5547423694346747 -0.04568466649629895 -0.505627683293616 267 153 408
49 0.9434842506238064 0.5546815741609595 -0.14513999630513633 0.5353917147972843 550 456 153
50 0.6159017647367815 -0.06437646518800645 1.2377717877902679 -0.14677631563224294 347 29 507
51 0.6160470370705535 0.9355345312462564 -0.9474887801153974 0.2843311043099032 507 297 531
52 0.3739049165362626 0.22214660573738215 0.21484078266409412 -0.33597197419965585 113 82 572
53 0.5559785389823478 0.8565769128602543 0.20948390800886244 -0.11302906943191048 121 304 460
54 0.19877570133123457 0.5822221560610388 -0.11200120206278363 -0.16213154638289318 524 125 471
55 0.47390595915034645 0.34815959073228053 0.06971932337007658 -0.22325797599531683 207 473 497
56 -0.0042502179583043895 0.7191708242559707 0.602924681410372 1.0496530391768892 122 388 522
57 0.8281464336173897 0.3132566936471389 -0.17102458849073063 0.27338143004798987 236 10 262
58 0.5036873876902291 0.32147766101952646 -0.023738997573241605 -0.1117547936135832 473 96 486
59 0.48647716227243315 0.25794201749239065 -0.01783669184574066 -0.20763828573189258 173 181 96
60 1.0010871363509446 0.589559911733178 0.010667660851892968 0.10972387269603256 265 408 219
61 0.020455644705815373 0.5818042194220563 -0.031823301459288356 0.1364792313884866 219 581 462
62 0.4903005382381087 0.4460596601868429 0.10532528807449815 0.26153041884913186 233 497 421
63 0.5447712422101882 0.4743405906152484 0.02127786002947829 0.20832161967687668 421 338 3
64 0.2703242274501467 0.7925646602998696 0.42235287556538753 0.2310993577005118 598 252 1
65 0.3712337974428474 0.6164451585571571 0.21925940715816772 -0.06724955176062863 117 308 476
66 0.24956223643774939 0.6413390029976684 -0.005658620794157798 -0.016281646864069188 159 471 117
67 0.4051801560413282 0.6444460551460522 0.14596941780298245 -0.12145286304443559 476 332 311
68 0.408974294919246 0.7337943147890322 0.1125010912553237 0.0006377520039846374 108 311 63
69 0.28383509285296815 0.06185056408459281 0.22976842693560837 0.21533231971061945 124 403 334
70 0.6753571453851238 0.3606709555629321 0.03360450112621649 -0.01657217280071066 90 120 294
71 0.6599448952600168 0.4383748912909279 -0.18242714116531228 -0.688567302703719 42 343 229
72 0.645617433698364 0.39850700133089245 -0.04098739715685529 0.07593565325147988 202 90 343
73 0.5663984792787896 0.1691155585017258 -0.2644199619921935 -0.15430313808368484 318 503 146
74 0.5663192128738472 0.1690724005171918 0.20704523549189974 0.0981683417064852 250 14 503
75 0.5679637450780122 0.15514524836291757 0.44787795187796375 0.011904865033227421 14 448 290
76 0.5668747524973091 -0.005421348890706955 -0.3786254059031605 -0.9010240025820234 337 552 192
77 0.5718872847736578 0.13234903233644396 0.10322207012747331 0.32120775826476045 523 192 116
78 0.568002904139313 0.1551402156651809 -0.5046049995547068 0.0695624986405503 290 329 230
79 0.5731208272002779 0.13323159284573302 -0.05592781958038695 0.2078205510458453 329 116 203
80 0.64161830819784 0.18743786922317604 0.241150439634491 -0.16827291927489635 83 392 506
81 0.5708215216618407 0.16515589866089017 -0.0550934758751509 0.007029492092580636 146 230 83
82 0.6738163368056724 0.2147715792113538 -0.1282163954868798 0.16330221064286832 222 204 574
83 0.6417471654129276 0.18730160501561585 -0.3625716950956224 0.4794834452008165 392 484 204
84 0.7260189023445006 0.20860060531578764 -0.1949503468379188 0.2029458170960119 200 574 407
85 0.7747927984907479 0.12335877604052516 0.028535100324300622 -0.14977612639716087 407 123 243
86 0.6120504537381641 0.12592056090700487 -0.061676438262159294 0.2100588480935528 203 8 484
87 0.7972643619229421 0.03651247961787903 -0.6502168494483529 -0.6092169854654236 106 61 165
88 0.7973276535074636 0.03656465417992622 0.5053644830850534 -0.2241081964190312 269 12 106
89 0.7972493202206105 0.036500795851990654 -0.31457553809260475 -0.19468876557630324 239 434 61
90 0.7972876804653963 0.03659339487028166 0.30453284523697083 0.7153314873046559 344 239 12
91 0.6492114141152334 0.2643905434407854 0.04613576916334683 -0.10461029976288616 26 101 364
92 0.6491485230181514 0.28799190744992414 -0.3435421308241532 -0.16226579203432656 562 380 120
93 0.6491170789435788 0.28798714106623463 0.39365641363368853 -0.04921515306426831 103 364 562
94 0.40572831201653226 0.10080672026850997 -0.15520822335690632 0.04892584740123773 126 590 328
95 0.36407794419557815 0.12059965105962597 0.03882781457464901 -0.01247446659857765 478 383 126
96 1.0047442411215237 0.13785988850104722 0.6817434824174929 0.1617062009801409 370 295 504
97 1.0092426049427277 0.08884215617681977 0.1184952126004335 -0.009339908187133705 561 133 295
98 0.9306243990214467 0.6962130396617177 0.2404064334757261 -0.07909666671634952 455 402 375
99 0.8748590344741476 0.7826811379799807 -0.011352241369166904 -0.22654979142666676 19 568 371
100 0.93756804595835 0.7004730402418794 0.13951384075783224 -0.13405503738322944 176 375 510
101 0.9412300357358165 0.719709696400162 0.0873922306049435 -0.3060066353088864 568 176 576
102 0.9176216829199187 0.5978990766100548 0.17714762152293803 0.3684740651542593 77 505 350
103 0.9177884633349895 0.5979340434495573 -0.44158268385201954 -0.8413655505916557 350 430 56
104 0.8987919652583994 0.9169936259958551 -0.00029263044624191353 0.7948925789862332 251 221 511
105 0.8987932267318669 0.9170244793177883 0.2213843778301394 -0.22126216198321313 284 511 438
106 0.8990181663363536 0.9170799857495326 -0.5463671825311025 -0.6312001115291416 438 588 89
107 0.8989295542889226 0.9169089241410106 -0.05447188823593484 -0.9383370742492873 235 221 468
108 0.8990971887481921 0.917158632320651 0.5022064262496725 0.7440052494255738 588 235 34
109 0.03494768999143878 0.9635861710589595 -0.20079407338224886 0.13659591201198307 469 261 439
110 0.08249750250915826 0.4740398996206516 -0.29250913608598256 1.1468395344575157 57 53 340
111 0.06489392278703134 0.5282528843000707 0.06618907852362632 0.008769052844970204 128 340 68
112 0.027958218934897854 0.36302796105052865 -0.8798203981168415 0.20920462463482015 194 480 196
113 0.1295123396730549 0.3369136753811629 0.6192473481925697 -0.18215898045641904 97 275 286
114 0.39252393546822817 0.571427726375187 0.20220271845783344 -0.03188356523242675 308 179 527
115 0.39091623764564043 0.21603454049776832 0.026453402923037883 -0.25892286292447664 572 444 173
116 0.23029068853746476 0.4732134245836411 -0.24040940661829158 0.14856723420941798 205 405 475
117 0.2133661583960305 0.5226971248019256 -0.5953540263808464 -0.8220009886791227 585 75 164
118 0.12939888661707127 0.33692838443862777 -0.5190647537043691 -0.02344505282991527 535 485 275
119 0.989742558816953 0.4185321236294605 0.13551338107209432 -0.07651087541304946 211 390 366
120 0.3912514102555569 0.20957192720293852 0.019760751888975303 -0.018770395307510235 444 220 162
121 0.16429298953436727 0.859011840463807 0.013657016142976097 -0.2519044414034388 395 449 232
122 0.6169715054393571 0.4547399519381127 -0.02405869999749788 -0.08518700302453941 515 433 367
123 0.43214252628560784 0.5204266083128587 -0.09212016301412672 0.141255001849549 382 592 238
124 0.3408426844603921 0.9628025022025186 0.1386623836151929 -0.015173556942166266 242 528 54
125 0.4647623862189423 0.9443855630192215 0.017641382799027383 0.21049673358530807 87 121 118
126 0.37097361977620086 0.7649391262450511 0.7774385282512482 1.0630785044818762 240 92 333
127 0.42283075022880673 0.739392328256203 0.17132977949096917 1.3965331599800033 333 256 520
128 0.3708243750192877 0.764731189631773 -0.7447863872611444 -1.0565987186826586 73 108 92
129 0.4228148910806971 0.7391311400404029 -0.0005841371711421545 -1.406452404521214 63 170 256
130 0.6156977873123939 0.9355309739825175 -1.5979599479752409 -0.23082181691854275 577 279 29
131 0.55641859531477 0.8566630124862483 -0.03140254276772815 -0.16104218493137068 460 285 217
132 0.5961314853044961 0.9363151048430625 0.10259152798119953 -0.040945622239996204 420 217 577
133 0.5679663537141288 0.7647021800518319 -0.0675455921663598 0.33735172051685414 587 336 107
134 0.6628438157267084 0.7707619119589494 0.0764474067382892 0.06800029012099529 320 559 247
135 0.5694808350288645 0.7663914738891217 -0.3015523332774994 0.07642104041596931 215 107 320
136 0.30645143102214417 0.7914589921178047 -0.10048720266531228 -0.5873196921667546 381 5 184
137 0.3315113955072273 0.9285727326140444 -0.15867112534084185 -1.1836013734162123 391 354 80
138 0.543688916238086 0.7755311470174728 0.16996234477461994 0.0166200081651237 401 166 72
139 0.4407381480180394 0.738618939527137 -0.025022457071860807 1.381128189806703 520 411 401
140 0.5437727644903866 0.7754713771744166 0.18071662509001363 0.03341702223909251 166 537 248
141 0.5439102246180926 0.7738086534132913 0.15586269412701942 0.2662518514039494 322 540 537
142 0.6990217527002887 0.8431266143296013 -0.2764283574034577 0.20819315506545766 426 180 141
143 0.6988253828869562 0.8431450765737046 0.5761563970547741 -0.8461377657613487 300 358 426
144 0.6991302664066225 0.8430777930142793 0.8018337452848898 -0.12838037036032704 180 554 85
145 0.698930735176296 0.8429766143252378 -0.8985497786828016 0.9009824433346605 358 247 554
146 0.6259407878508044 0.8714833057694666 -0.029377729415802634 0.034481718869106004 110 419 300
147 0.792641895948661 0.8923337443253587 -0.28189190049931706 0.08211616969014987 293 483 316
148 0.8194591725399385 0.9497844722331366 0.038617303799171054 0.02205408165117939 245 316 459
149 0.8049595676378442 0.972731806552221 0.3757634431713339 0.19705428753850635 445 245 257
150 0.7978183214860846 0.9757428947682392 0.15427338677376223 -0.050653841884851225 412 445 174
151 0.7306189992092205 0.9169707292520748 0.11706610299200282 -0.11813879319255705 531 330 412
152 0.7926041231314842 0.8922940636391099 0.3339702477674761 0.7493860679376853 580 327 458
153 0.7925714964691495 0.8922320179916325 -0.08026881997757551 -1.0574545525286467 140 580 293
154 0.7383604342419267 0.8963508204028786 0.05185095269810702 0.05799570546027866 330 141 140
155 0.3064467405116333 0.7913886794632689 0.0024543455700958006 0.6505851069053521 5 1 73
156 0.2736004287045344 0.7964653283333409 -0.042821934713443977 0.023350915819009277 594 142 381
157 0.5493397969336864 0.7781523259006136 0.06342893927105409 -0.027333682192653974 93 248 429
158 0.20994532360588775 0.48980880185419134 -0.06180753166218356 0.014516493562766186 231 205 498
159 0.16225369942502546 0.4721226866436368 -0.29646233316556536 0.30496373438159385 47 259 231
160 0.30522444027512685 0.5108950831135377 0.1492019571971558 -0.573209269437448 164 363 289
161 0.3052006964237119 0.511020910561938 -0.10283661538494052 0.7638256210282289 363 475 331
162 0.3809392119726346 0.5289459691685432 0.26656884176694434 0.5704801940629827 331 369 249
163 0.8277981367917978 0.31336640114176184 -0.005779416902733717 0.2214574923778672 490 406 236
164 0.7392378913146914 0.27336576358993747 -0.028470577544820186 0.012781712667442324 512 58 418
165 0.7450236343014027 0.2686947454352799 -0.19959026506186084 0.1496517028354294 58 200 406
166 0.9406204655227912 0.3651998229333786 0.1975858573977085 0.150141375027113 409 51 172
167 0.8351288867812905 0.3282078196868451 -0.28672908637238786 0.01505860867858505 464 262 409
168 0.9545567399872956 0.41577745881170997 0.14903801803800576 -0.07304081228731718 345 172 211
169 0.360601151243686 0.18837565265879042 0.02013714787993615 0.09140414062317809 270 478 220
170 0.8271592661371052 0.7339856134689817 0.012119261150189686 0.016563899904453727 91 74 455
171 0.8542980831019055 0.6107970136738217 0.0747982238646916 -0.17967118071116062 31 302 201
172 0.998146851153646 0.6368333914852482 -0.24915034427946958 -0.6161563958473315 241 265 526
173 0.9981872757736179 0.6370119567770827 0.6798452503366671 1.4125891152242742 136 241 509
174 0.43147276028110904 0.5713397062138224 1.373935918616738 -0.24069640904966078 298 376 398
175 0.43382115096712903 0.6285951166955652 -0.06144086836523677 0.0005146320869453547 332 398 255
176 0.2251085711696316 0.9157645981746316 0.03725381669816841 -0.19113268676096418 427 15 525
177 0.20863309642638406 0.7336183228187259 0.040310199969639804 0.20845201328945073 99 129 41
178 0.21818832849012168 0.7299856219979916 -0.0204621602648003 0.22685588962900738 129 159 325
179 0.23903255742554994 0.7593380013231459 -0.5719997175226781 0.6527524540176797 40 325 252
180 0.027563969362353127 0.09209051546281448 -0.10991240521895929 0.11513180964151104 209 599 425
181 0.13732475517005002 0.0887363398493388 0.1936575079550945 0.012814604499061799 425 400 171
182 0.6673787290529579 0.23097093348555298 0.18617050708664115 0.05315391277626279 16 506 584
183 0.6585002259725151 0.25887159064482607 0.24649216203852414 0.1590366211688893 101 16 465
184 0.6674901469347991 0.23096634189737011 -0.37791393570833604 0.07305753033787221 584 222 352
185 0.6721526721397455 0.24825523991935378 -0.11016720452561302 0.0005801428781815332 313 352 512
186 0.6585095645221148 0.2588786986815592 -0.31946606111096354 -0.2624493158890251 380 465 313
187 0.29643549254320334 0.10906327399765862 -0.005654159432322281 -0.03351071885260293 223 62 477
188 0.3293418682693042 0.09574360379332512 -0.0667376987006918 -0.04176914439324442 477 564 383
189 0.9341794202192044 0.019435014340950144 0.0345435024334817 -0.15322525782901497 165 454 561
190 0.7331285233747508 0.710864304129043 -0.028911070385590973 -0.35499872486077777 492 417 365
191 0.7816020797707217 0.7645730788516308 -0.0659600721264475 -0.10512611128832283 11 365 348
192 0.8245677715302288 0.7510700388360307 0.042601153854571194 -0.1566966018745619 348 91 19
193 0.4817341159042644 0.7203612307131372 -0.07914266880737486 0.060137933521886566 541 567 322
194 0.44073057284826817 0.7383972051030804 -0.11831505378288171 -1.3636292755065609 411 170 541
195 0.03495905316603398 -0.01583934281928704 -0.1246279050445831 -0.1938972735843203 482 227 65
196 0.04276529171088467 0.9785438922608563 -0.3027207304273638 -0.06801329291428182 65 439 228
197 0.11229463218679436 0.9952927953048782 -0.041083036972366926 -0.02721093350643855 228 596 45
198 0.026180452326349333 0.9653592433569441 1.3785545411286328 0.33350573059762967 360 303 299
199 1.0260267852018963 0.9653309556624166 -0.9169172753096394 1.177985121429627 213 553 360
200 0.026148812531972175 0.9652294967600887 -0.4999005951431077 -1.2443633920776769 303 553 469
201 0.28935134538859275 0.9889351357076106 0.2310279717532282 -0.011974141816972761 403 525 27
202 0.21325861939847143 0.5226248092962842 -0.05544218919682417 0.6464651289110612 157 498 75
203 0.08258389505405818 0.47379540190156316 -0.1879003718298442 -1.3097471166379893 53 102 396
204 0.21313264110249952 0.5228985860514485 -0.24068240685439704 0.8927164493005254 125 2 585
205 0.2131544747168031 0.5227243610194301 0.5475781987461178 -0.8675741520137102 575 157 2
206 0.1897361925817983 0.5228221566127804 -0.000680357159499323 -0.024132555676015244 214 100 575
207 0.13610545606037242 0.7639332307661966 0.0861633760868008 0.19043345841213144 410 414 339
208 0.1425874339790953 0.7768490200935355 -0.30213029753950676 0.20349356299006374 0 339 296
209 0.08706627968758493 0.3819301041707982 -0.02419721090163307 -0.06310300129652724 461 97 547
210 0.028102723350700798 0.3629967422597231 0.6273164048878782 -0.1790921112275194 131 194 461
211 0.08257761222921838 0.4738026488989945 0.05568946866694492 0.9209972464714481 17 361 102
212 0.08241398855398804 0.4738838127016744 0.6719742799281584 -0.7443313983126597 154 17 57
213 0.14733981077618272 0.32092067873565494 -0.295479320074557 0.03172127686175919 28 543 288
214 0.19838657683272237 0.3901562391205361 -0.37833955031374433 0.037891500007103396 521 206 405
215 0.17807853214431774 0.39157722675537343 0.0315270299450221 0.01652874399848958 152 487 521
216 0.14138397781746548 0.33740862789408943 -0.09792647300693735 -0.15351858256851258 286 28 487
217 0.07664382892134279 0.31985975571147623 0.0683488987629488 -0.01929299289771258 196 186 535
218 0.1473619503168714 0.3209333964104784 -0.04248645726794142 0.17705022742193627 485 253 543
219 0.24074015982906458 0.10481529205105632 0.12315490109920252 0.14982678351021378 529 124 60
220 0.4312218619160808 0.5711545952892686 0.953869998073409 -0.07922453267418875 527 291 160
221 0.4314186193388114 0.5712410940506484 -1.1369093070557017 1.589872675826216 7 542 119
222 0.43123549770491126 0.5710402467786649 -0.2868615421402045 -0.8640211528990367 291 138 542
223 0.3768165762402298 0.5320215477038894 0.23040491892861725 0.07359556176284032 289 263 179
224 0.2533029663553866 0.8464384146016938 2.125854181234056 -1.8083349805992015 71 22 579
225 0.25298848594365947 0.8466979664633433 -1.9870162957735478 1.0478255689237215 453 71 144
226 0.7609538488671304 0.3550444309572876 -0.1275687422884475 0.07373609526781233 112 431 145
227 0.749074147353592 0.34842109971493546 -0.04193785492490054 0.1143867753988781 341 418 431
228 0.14990965898680583 0.45513172799430257 0.009424935484836361 0.0660405140295861 115 152 259
229 0.8269579540518683 0.3238992888060683 0.02204090920193691 -0.038307401348247616 145 490 306
230 1.027995176035814 0.3629901124020761 0.2504146214440771 -0.4576847787078581 390 423 131
231 0.9408249815891732 0.5543705453113968 -0.2522494935505585 -0.14076942810199722 582 301 321
232 0.941037600256927 0.5547289340157835 0.050267495542563254 0.022465048771973598 178 321 267
233 0.11610220639838875 0.5775376430447733 0.19599432831362248 -0.38001832190081997 309 94 450
234 0.15075294270093248 0.5937822095090248 -0.0739340963451518 -0.20750392931701 450 314 224
235 0.9548042070635162 0.9217349186110781 -0.1328969055584676 -0.5573706202781077 18 226 213
236 0.24102154330039777 0.10547095038559264 0.1726793680389819 0.6221073192385468 198 60 378
237 0.3443400361014235 0.9640255554968473 -0.06494741067246097 -0.48383027531645084 158 397 148
238 0.34442205316541125 -0.0359189381950539 -0.2091370048697811 0.3134739896425067 148 151 474
239 0.004656956968494825 0.13783899056935295 -0.5291315855909556 -0.12857064211904365 504 209 310
240 0.004438450028045111 0.20592422680173209 -0.176229781226442 -0.2353657137244003 35 310 502
241 0.153665020957221 0.11004981209079989 0.11917603744138194 -0.06588428587417372 472 171 287
242 0.12623078789156367 0.21972774402171943 -0.1401124612165905 0.3311550179907474 312 472 185
243 0.8827320985528639 0.48393397286957324 0.047873582528779046 0.15314179924175164 319 368 33
244 0.9068435839633227 0.4823970015132278 0.012173785590707809 0.1544771238010112 33 345 335
245 0.4320944264750943 0.5202942488529906 -0.02774782377338355 0.3191212958301862 369 233 592
246 0.23906488120722652 0.7593028805193902 0.4923951285891307 -0.5077603961313286 189 40 208
247 0.1741471363933101 0.8465040663160761 -0.10342544702612866 -0.08881665645998904 372 532 449
248 0.2530438258356247 0.8465325723790065 0.9293448387855552 -0.09573132805137247 532 565 453
249 0.2224560745988816 0.3010225039719666 -0.3399480199076099 -0.2486626023145977 206 424 273
250 0.41934487519848945 0.5340031313542385 -0.0002578891961091401 0.0980308459408441 138 199 382
251 0.33157321883428065 0.9286816260364384 1.520704996944692 0.6130896237953667 528 413 391
252 0.33139060056360264 0.9286193795913504 -0.8458276586889493 1.1465585182153384 147 354 413
253 0.25330471760193085 0.8464598291807114 -0.6867813616634812 0.6556026599532049 546 579 594
254 0.25329902566801804 0.8468388982068176 0.38408537719389607 0.5720129759071401 187 546 147
255 0.6159653788306912 0.9355258311904019 1.061237233760694 -0.09456311792672165 279 110 297
256 0.571166725534371 0.831344094252412 0.009423827304177578 -0.5643885226533297 285 52 76
257 0.5712837475882906 0.8313586791938418 0.21992956125965052 0.1264264681713565 76 555 419
258 0.5569446734829601 0.7729152641444234 0.42302146138672375 1.7599187389165225 429 183 435
259 0.5631774318660868 0.7741068328836774 -0.20265077602110715 0.0034699388327952274 441 435 215
260 0.5712196762663344 0.8311082430880359 -1.2715801441529408 0.5014010970739308 324 441 555
261 0.5534295967796066 0.8053204153744563 -0.5884422102825403 -0.14178149485076333 67 93 569
262 0.5711595111789135 0.8311736831550827 0.6403410728826044 -0.42477999629580465 52 569 324
263 0.25319895431394945 0.8468134704495879 0.25332637254452206 -0.8827096632953689 15 144 187
264 0.14900963281314092 0.8519503596069715 0.07873249517620362 -0.21254028675921077 212 457 395
265 0.15348863518050437 0.8091146256560796 0.5574009636317038 -0.15341460725372472 457 274 589
266 0.06067827425247767 0.8863329541497623 -0.14627876358114245 -0.06128801268573403 261 578 212
267 0.3606266674094648 0.1883600554500112 0.373197706742543 -0.1243902992309576 244 270 82
268 0.4773692677708901 0.5527737650162369 -0.09109054344147438 -0.0392527338757831 105 156 323
269 0.477783993708209 0.5376822199550743 -0.10276504820716514 0.1359089332395036 238 326 156
270 0.3297478888335457 0.9781771037651734 0.39617533900823326 0.07812281821884676 27 242 533
271 0.9175977128058914 0.5976087846666347 0.03673329434275259 -0.6903520037432873 516 277 505
272 0.8874628333437364 0.5511519819440036 0.11756984734725973 -0.35960334865024407 225 254 516
273 0.9176873966272453 0.5976700851234807 0.32848446184391983 0.8982913485185975 277 178 430
274 0.7971467078096927 0.036487123503168135 0.308835064967883 -0.09864015271092169 44 373 344
275 0.7534739692467615 0.08287734419361399 0.15426493554793197 0.08164048603820362 489 44 123
276 0.1161120233397397 0.5775037013609273 0.0005790840056823024 0.2952402439185459 94 68 353
277 0.05273137038655793 0.8795828599858425 -0.0074377372316636325 0.05359029556922801 150 374 578
278 0.06662136002382213 0.7874605509776513 0.061544971202698306 -0.071174158927656 563 175 374
279 0.2700983292209133 0.7926786337093853 0.017319973349950134 0.21649033713985483 32 208 544
280 0.27024919449929513 0.7926324095809142 -0.45080424570435956 -0.23343725852342528 544 598 142
281 0.713290894284316 0.7080765536917366 0.17408213742048373 -0.062467830561074855 559 463 492
282 -0.004324791536069049 0.7191253429459881 0.9687156664298806 0.35103493667366836 576 495 234
283 -0.004344600159887471 0.7190662597587889 -0.43264698353458936 -0.5077425263856605 234 122 563
284 0.24098278726567918 0.10545893162523079 0.006731234433775615 -0.39149286237550845 389 198 59
285 0.18625517057246993 0.10189672957142192 -0.933112565920614 0.28757010020051976 216 169 389
286 0.3809586750055056 0.5290690621013723 -0.0811017998906486 -0.26766528249757854 263 249 199
287 0.24340049057284352 0.28268555593484246 -0.33646617610127993 -0.2577956903504486 273 356 84
288 0.3549005900064384 0.27135346971018426 0.20567300987317516 -0.2895151146597996 84 113 207
289 0.2904678806034599 0.14414574273544298 0.051499954301093 -0.18024700725038922 442 223 244
290 0.27067574280470336 0.14974793472492473 0.05426457720669742 -0.16733006438784948 451 428 442
291 0.22856986618136557 0.2618017937267691 0.005406030137433682 0.2583821611529258 566 451 356
292 0.5439248813976947 0.49845619820328974 0.036472208239657355 0.018453756578384883 326 3 355
293 0.781072664090152 0.6966771880984317 -0.11306937400257233 -0.08936306347684386 501 139 74
294 0.7836940725267807 0.6593171896599943 -0.10801391864267984 -0.0754481456477496 466 31 139
295 0.7332070954308483 0.7106059704512727 -0.1848590062275557 0.15770505427275572 417 351 501
296 0.7137074667471519 0.6987061595961044 0.07109107920399982 0.03465674930196172 377 64 351
297 0.8502259946479491 0.5518037652941656 0.09956867934313163 -0.16266883638704766 302 37 570
298 0.15873422070912005 0.5842798169688096 -0.10900279168862825 -0.171198451942578 314 20 524
299 0.1557371456356817 0.5785654467390525 -0.014403473986429605 0.0043224633941574275 353 214 20
300 0.6464526249111724 0.5783286217093311 -0.03340903699522446 -0.024098650158732582 416 519 283
301 0.6599153319437739 0.4385175260006708 0.8264590440463138 -0.36236815135316053 367 42 268
302 0.6462643717991299 0.5563104809044829 -0.027833341187388783 -0.010979799708321636 519 538 488
303 0.4311827155709684 0.5713443117647318 -2.1675279306409028 1.3585786500159474 160 595 298
304 0.6142354332324951 0.5952841587023427 0.020198991437792024 -0.052644130721368754 155 416 545
305 0.43168958892837095 0.5711428787745313 0.8468824153385376 -0.3155861823454201 46 119 105
306 0.4314108868796875 0.5712246595880083 -2.464496347266926 -0.3212028074615382 376 55 46
307 0.431463192478311 0.5712070178403489 2.54665683673157 -1.4470816466383585 595 7 55
308 0.5896468158797274 0.577528521030664 0.05797651699002149 -0.01353726158948021 177 305 155
309 0.5400886249827599 0.5983005285298728 0.021528480387278393 0.021824533152914327 556 323 177
310 0.20867667361148204 0.7417791039900744 0.03353961882529566 0.06459647105411248 493 41 189
311 0.965706373604654 0.6848127689584772 -0.021397532790762286 -0.004034609972503045 317 496 548
312 -0.004479637583407137 0.7189169379872571 -1.7164346116431102 -1.8725046297894643 495 548 388
313 0.966930746429913 0.6808888161786631 -0.14271448004485668 -0.039589756050274066 496 491 130
314 0.24111236062573566 0.10554895121090928 -0.26160786270287056 -0.8128696385786968 59 271 428
315 0.18612220189383782 0.10184406459444494 -0.7545620725333191 -0.7935196886079201 287 432 216
316 0.1863798292782526 0.10191867198483134 2.7152302820764245 0.806424689498526 432 437 169
317 0.18625580251543805 0.10181277134045191 -0.9568299099191975 -0.2328548709916705 437 394 529
318 0.21112711593000633 0.26894782171634235 -0.06297594078163993 0.29260910916484306 86 566 593
319 0.12407953178050424 0.7648602780476074 0.081613406947823 -0.07395782560589564 175 479 266
320 0.1425832028151962 0.7768535994850966 0.2321170031044915 -0.25726590884749334 266 0 274
321 0.1621207971448461 0.47228060153113466 0.21118517405205142 -0.29451116780238906 9 47 100
322 0.13110416773645078 0.4584672209790592 0.7630001297395411 0.11454568042438217 396 586 9
323 0.13100402041683837 0.45841994368434885 -0.7241143809593635 0.003128022079096175 586 508 115
324 0.17443441664125614 0.7170403355408411 0.07838050070096969 0.2284427536025646 414 224 99
325 0.10304508472725195 0.4455541641577891 -0.3480997324374277 1.4568788522524145 109 357 508
326 0.10307611558534586 0.44539136530802986 1.3943705102711663 -0.2703608486962156 278 547 357
327 0.10294615259906242 0.44545383062982796 -0.9699695171898076 -0.926418818018187 361 278 109
328 0.14118788665368756 0.24471350931589264 -0.2559528079065787 0.19594295092711933 30 185 86
329 0.13567457350778886 0.25054256890639653 -0.12838491120908957 0.057174744452770376 530 30 253
330 0.24115023440615668 0.10551184440688267 0.19005285800525495 0.16848719221293929 271 378 210
331 0.15338764736538835 0.809135220681804 -0.5758573250937301 0.07773767597031572 589 387 372
332 0.25304472588513216 0.8465066704593114 -1.0290315022857448 0.27861136793645974 565 32 22
333 0.8345243333778222 0.32864987184099886 -0.09630422480528048 -0.12363784834259692 306 464 536
334 0.9907837603779718 0.3375261198373444 0.24483378310846682 0.09296438063799428 51 514 539
335 1.0279980686687114 0.3630475062173753 0.308788268372828 0.32637849789434586 423 539 480
336 0.15116674397224106 0.7809718258649218 0.00711553836685308 -0.002666036141851791 296 493 387
337 1.0341308112771141 0.2343381595099917 0.014510283030460744 -0.42887818870840194 573 264 399
338 0.034170344399193316 0.2342056060188508 0.15106692526144042 0.41375393168585106 264 494 36
339 0.27950966952789935 0.09480725590926334 -0.06074641518971635 -0.07819445924095447 210 43 62
340 0.8927520223937276 -0.052520914836058356 -0.11797266288859909 -0.15182084756037995 481 551 168
341 0.8998429970367959 -0.0822908379955388 -0.14364744034566812 -0.06030378740307964 551 89 557
342 0.9001179320404208 0.9175778533695904 -0.8853110513456531 0.35595379457007725 557 95 18
343 0.28407132070959373 0.061989343560082316 -0.1189562604127746 0.011400700793574164 43 334 21
344 0.32995382029068643 -0.021654633083814604 -0.12723019149189252 -0.33765865938245426 533 158 276
345 0.32630287444570294 0.03933980247274403 0.03790091495856074 -0.013585538423399601 21 276 246
346 0.33184052095216265 0.042639321343308896 -0.0905801679322582 -0.09170802095156971 564 246 446
347 0.36211150816239557 0.02115836142387863 -0.1726732611062598 -0.03169379203527001 446 474 237
348 0.21009244064820512 0.2927670495576272 -0.03730384751099436 -0.03429581479919008 288 593 424
349 1.0222856052711011 0.23567332308860114 0.18062285243869436 -0.008474435736482988 514 135 573
350 1.0045784749417686 0.20620575981261452 1.1872291968810251 -0.5651543547437274 78 143 135
351 0.00461459746987512 0.2061906534423777 -0.9757765629357651 0.542788384567559 143 502 494
352 0.8292608815343683 0.4243118093475019 1.6335284741090426 -0.6949712698081125 436 536 368
353 0.5978016761214738 0.5301012202250033 -0.3579452393802406 0.38886528152268574 81 515 440
354 0.08552285732355758 0.2401226245316475 -0.04881889232601598 -0.25870697701073014 549 571 530
355 0.5977922165792713 0.530269308332828 0.24543704607484906 -0.23552391185618654 305 362 114
356 0.7195304078795436 0.6215302657153187 0.7984294406697531 -0.9514332639608529 283 69 38
357 0.7117153819673059 0.6998930957928032 0.1801968654152608 -0.026342791142885957 463 161 377
358 0.8638560979638178 0.5426260378256639 0.03978838925000616 -0.09813968335908863 570 191 225
359 0.7196119709089087 0.6214670470687584 -0.6303277256159041 0.7237692569133768 98 69 39
360 0.7266574241031518 0.5707958805763732 -0.02119147843315794 0.175675248653695 39 583 48
361 0.8339591050048505 0.5395498064777025 0.383922676636117 0.04299243183680801 48 195 37
362 0.7248065011412069 0.3676169216590852 -0.04745793859891462 -0.34825915888489445 132 443 470
363 0.8049291132205891 0.9727047430043313 -0.16197581814564863 -0.27278793333422 393 257 422
364 0.7195698774785011 0.6217679726872717 -0.09512460350256978 1.0563335569999848 64 38 197
365 0.7974679400890888 0.009324462446085948 0.9557258535600578 0.3050844821483054 373 174 258
366 0.5978600670514634 0.5302313863159519 -0.3601288922752471 -0.11207755184268908 114 440 538
367 0.6749932100702267 0.5380472863394655 -0.148991496223827 0.0831547102009278 488 342 583
368 0.7974281817099409 0.009307713662685565 -0.7613453168256457 -0.28510306999626495 258 393 434
369 1.0201180308295397 0.527891019942226 0.06874258627609375 0.059330909109311936 456 188 149
370 0.7598032832312601 0.36221324044349124 -0.08530373074577824 -0.16653266916508147 470 112 467
371 0.6599153267278278 0.4385707121199488 -0.26480279634072573 0.24726290573416979 268 315 342
372 0.8336335848480136 0.9509921528436666 -0.07755457162974058 -0.417206337488226 422 167 481
373 0.5367220863988775 0.6349473213774348 0.026200309977131298 0.012166918861300502 415 556 127
374 0.8289444192625485 0.4244496051444174 -1.5320632244814965 0.6834114370708849 467 436 4
375 0.47384036690486664 0.973696718165179 -0.06729964502349972 -0.07529968905350959 282 118 597
376 0.4033196983405112 0.036298350369792294 -0.15350348839260342 -0.009405341783175203 237 282 590
377 0.7196533891264322 0.6216064176664304 -0.010360188156313937 -0.825904191972739 197 98 466
378 0.8685626268309438 0.5323745242344456 0.08395935335858695 0.1606795632311253 346 385 319
379 0.8632997364534637 0.5347957437399428 0.06600893763877846 0.17262797467540447 191 534 385
380 0.8874938342017924 0.5511002994431069 -0.22731854430486226 0.21725966964608426 254 346 582
381 0.8429481712020719 0.5257295299392207 0.2329367660564019 0.25438221390450266 195 4 534
382 0.6599552980711624 0.43845849972116696 -0.8277409884767514 0.46682266851758286 315 229 132
383 0.5977297404581243 0.5301298257865515 0.5680464027271996 -0.05841530363538596 362 355 81
384 0.7247921012620567 0.3675795640867088 0.15534957157611406 0.17574267053286405 294 341 443
385 0.954809719303868 0.9217367517734834 -0.08850784224582542 0.5282976188756899 226 307 150
386 0.08548389341386282 0.2399020787990619 0.07809206591384739 0.43082402499563904 36 312 571
387 0.5667310919256137 0.9943916945654107 0.18441556517815888 1.3720653834094338 597 560 337
388 0.9394331665841966 0.0022608360074456435 0.014562953967733883 -0.09952549478997597 454 168 104
389 1.0336669301795194 0.48266271932283655 0.13237099263929686 -0.04311590043326596 366 154 188
390 0.03054502018421374 0.5377698766661523 0.014422879210385098 0.02000888066344686 149 128 581
391 0.0672820953198051 0.2513497517259984 0.09765968034258776 0.012141832331225011 399 549 186
392 0.5754684866484646 0.6611212436935042 -0.009926414551442164 -0.016532451796447134 336 127 50
393 0.6116731042824624 0.6426650000088135 0.031088148028102225 -0.047812231951382955 50 545 161
394 0.6406385267698426 0.07438665193397602 -0.008691193598142632 0.09580567381095584 8 280 489
395 0.5668704162726904 0.994134224120319 0.41512789154016067 -2.3034653071627496 560 420 500
396 0.591307080003559 -0.0064850871832346745 -0.0894805979312352 -0.03668311904236887 513 347 280
397 0.5669495131159822 -0.005562251237820594 0.28868905963138314 1.6921484723278262 552 500 513
398 -0.0018983945187880144 0.6370185166256113 -1.8137839423118816 -0.07583895158360711 272 509 499
399 -0.0072502366335005395 0.6709140399989677 -0.021111771358883757 0.03475065651903364 130 272 24
