1988
0 0.0010662597246159297 0.6372874568942635 -0.28591037965972066 0.06915398193321765 111 66 359
1 -0.0018321722128180839 0.6370925379125663 -0.7378455479169513 -0.3363492820878224 499 526 111
2 0.755000381852337 0.8353704727000522 -0.09199239009438642 0.0366746105706639 85 11 327
3 0.8887139665308114 0.9061855124812627 -0.1444435397327101 0.43197015413721107 558 371 384
4 0.8991179637445628 0.916983006771761 0.9410826928509425 -1.2763312272543028 468 384 182
5 0.8996187220402426 0.9173196065897272 -0.5884396993760185 0.6582764349729545 386 182 307
6 0.8996028609039934 0.9172823035146509 1.0474515198884322 -2.055129997633582 34 386 95
7 0.010493484736777997 0.6840802941353139 -0.31486956111013986 -0.038962379980342354 517 359 452
8 0.008436227157618256 0.6848785670019304 -0.18021999478694262 -0.09149866316005006 522 24 517
9 0.028718589951534784 0.5912793060569989 -0.19966104290725095 -0.03857067373824741 66 462 309
10 0.3492711707287512 -0.045950282312880016 -0.821845363676221 -0.2567407807050259 163 404 151
11 0.3437569259024706 0.9631355230598829 -0.14992045758045053 -0.0533952402800332 54 379 397
12 0.3492549752916878 0.9540426096207271 0.4939064534827597 0.19389042706444148 379 193 163
13 0.8668871324743836 0.21235956944518225 -0.06615543807209079 -0.005772722577734868 10 137 134
14 1.0047510754916693 0.2058482265259561 0.3976333721572014 -0.8548679469497743 591 35 78
15 0.9845175711299019 0.18713426095853453 0.13567853368590121 -0.03371162758669666 134 370 591
16 0.020756912745749784 0.08494313132887854 -0.14537487203619692 0.0830677755747633 133 482 599
17 0.13874291778759826 0.08737937786694223 0.09729022121349878 0.14158585313287647 400 45 394
18 0.6131061602785607 0.45081961104812585 0.17592398744367688 0.11665780520406233 338 447 433
19 0.6365183862646031 0.3979623448279247 0.1565068514022827 0.09292840039143435 447 25 202
20 0.7821492399451513 0.12206079305406906 -0.13281221096853035 -0.12372691734000019 243 269 137
21 0.5306415737239566 0.2039966434295245 0.10027779518209656 -0.3179684493134771 181 6 260
22 0.6090836729888516 0.3412334842568731 0.052571533237788515 -0.0863179569488004 486 103 25
23 0.5622429652402205 0.20011616928757736 -0.05546386405708148 -0.2769163585936152 260 318 26
24 0.529097181010834 0.1981473297106603 0.153168363929701 -0.10909297276304186 349 250 6
25 0.5623635211793291 0.1437060413284258 0.11894825402425369 0.2903920187646847 448 23 523
26 0.4740806179487662 0.15508924010174097 0.07893396821584409 0.2446553704418819 328 23 190
27 0.47230964483671645 0.1688518892295653 0.12261603676844146 -0.08465180379585435 162 190 349
28 0.9562580992894169 0.686602836385718 -0.16317368878879332 -0.5437326145034979 510 70 317
29 0.9340071954639843 0.6877770650343653 0.20711032732573242 0.005119988807922304 402 518 281
30 0.8995501899088477 0.6221344877773963 0.09400871261999733 -0.16861097726361685 201 77 518
31 0.9562614983991179 0.6866121660788762 0.22010464870256696 0.521612871703925 281 88 70
32 0.9667608862162962 0.6809111129441493 0.06033132883792418 0.12558241283358063 88 49 491
33 0.9729500003216838 0.6450003857930184 0.026157971969031912 0.03854290879512501 56 136 49
34 0.8886232107824065 0.9062734888016518 0.41789376197215283 -0.11558736938779585 218 558 251
35 0.7926211138128603 0.8925262028832929 -0.30058667879919027 0.4937872007827325 483 458 218
36 0.8337301442862878 0.9509776874716337 0.16227570199319352 0.42491847591799664 459 284 167
37 0.024279535954036466 0.9759184153401274 0.008215094403352108 -0.09146367985907178 104 299 227
38 0.12421014090744624 0.7649720570109699 0.03510370371662998 0.35820243876627 452 410 479
39 0.182177278200053 0.9146530313771317 0.041391934324508384 -0.18193221443252305 596 232 427
40 0.3503399253798673 0.935798327332876 -0.1496136087415778 0.13751748594026392 193 80 13
41 0.3354540727969299 0.7994869269732059 -0.11254178249042734 0.0322908783045861 184 240 79
42 0.36009167213151416 0.9394198543334564 -0.32057283754632904 0.17176161465348727 404 292 87
43 0.3539313860920506 0.9336090378077745 -0.2628666061731122 0.21614703768144117 13 79 292
44 0.5568888852550223 0.7730943215431759 0.08295625826455234 0.49287426838927284 540 587 183
45 0.5536016446742902 0.8051994361685387 0.7025467965100286 -0.25212723762745415 304 72 67
46 0.4862777745705379 0.6602668959566454 -0.04059588984417495 0.03323861325066346 255 415 567
47 0.9409677704453155 0.5543614562183985 0.27609722703361617 0.24420740898364401 301 335 550
48 0.9432620679432975 0.5548658840047145 -0.24321801126380402 1.541184238917719 267 153 408
49 0.9432856205648502 0.5546296527416469 0.06048222324448599 -1.5098370653710262 550 456 153
50 0.6156798548986084 -0.0645112404167491 -1.274863730132015 -0.21710081525214403 347 29 507
51 0.6158756243546971 0.9355689582551507 0.5544130611855925 1.7795869463963365 507 297 531
52 0.3743658403513503 0.22141380341539918 0.20495924089869444 -0.33055423953598506 113 82 572
53 0.5562425226322466 0.8562926591049568 0.2197132054147354 -0.16707766878451719 121 304 460
54 0.19853363786945954 0.5818663594711401 -0.10974080116854523 -0.1617229204720072 524 125 471
55 0.4740603212313805 0.34766765433267854 0.07056287776308068 -0.22392227308487556 207 473 497
56 -0.004643025848880603 0.7184930787889767 -0.23566098450786407 0.12048576624520013 122 388 522
57 0.8277709196991323 0.3138580419396999 -0.17085635745485447 0.26916876822664154 236 10 262
58 0.5036353789441693 0.3212307916139835 -0.02355026521017045 -0.11263068325217951 473 96 486
59 0.486438006268716 0.2574845736654062 -0.017761102311109056 -0.20819401064242626 173 181 96
60 1.0011125501109994 0.5898005284498681 0.012031456386729644 0.10855614046567652 265 408 219
61 0.020385326083935174 0.5821045581106628 -0.03209739939113998 0.13654756301356707 219 581 462
62 0.4905308386217333 0.4466324045640459 0.1042540005713466 0.25937577849410864 233 497 421
63 0.5448183924864066 0.4747980770231022 0.021575582292987505 0.20760645182138493 421 338 3
64 0.2703161898546916 0.7927211684220593 0.4141709174812448 0.23100409287800555 598 252 1
65 0.37171598319806026 0.6162975138670721 0.2190925149636591 -0.06698476287536614 117 308 476
66 0.2495518191199077 0.6413033676559077 -0.0038931163848232586 -0.016124493407154716 159 471 117
67 0.40550065627122545 0.6441791576305749 0.14542834783637382 -0.12118929679227897 476 332 311
68 0.40922244296222793 0.7337863729503525 0.11246886963411917 -0.005936018170060731 108 311 63
69 0.2839987170347615 0.06212365240853284 0.23367680220291384 0.21772671590181233 124 403 334
70 0.6754324611368147 0.3606296083597014 0.03422001570996258 -0.01922664666365037 90 120 294
71 0.6596293024264348 0.43817086940458905 0.9252922773198956 0.5723164732982042 42 343 229
72 0.6455250053812114 0.3986750875117693 -0.044251458053423676 0.07728910116078236 202 90 343
73 0.5663423594066923 0.16905893788962448 -0.2662099013532029 -0.15672221088708532 318 503 146
74 0.566251370997383 0.16900912290955442 0.21505149585740718 0.10400686509682687 250 14 503
75 0.5677992363699798 0.15520697702914654 -1.4720863873601853 -0.31657076314677596 14 448 290
76 0.567126865241479 -0.005654252285827943 0.24230470350972663 -0.3475514045802415 337 552 192
77 0.5721124572887468 0.13305504006471294 0.10175770857445005 0.32068764815960243 523 192 116
78 0.5680386605812188 0.1552563806436555 1.4146019516902453 0.3979588266033091 290 329 230
79 0.5729954330243647 0.1336877487767622 -0.06058968873498549 0.20623879312241938 329 116 203
80 0.6414663927780853 0.18779800828992324 -1.134910194115898 1.2822326521871397 83 392 506
81 0.5706984664639603 0.16517171797765817 -0.061461107557503336 0.009241009433363923 146 230 83
82 0.6735302073612637 0.21513221703734509 -0.1327668905370949 0.16413509926205272 222 204 574
83 0.641633491572301 0.18762261479531597 1.0151867250215563 -0.9741227921834252 392 484 204
84 0.7255906970595898 0.2090457230971712 -0.19435770423625875 0.20176043613595596 200 574 407
85 0.7748554625212316 0.12303025632080741 0.028421423981656035 -0.14889959595171254 407 123 243
86 0.6119128673124394 0.12638316172132646 -0.06334737179258809 0.21047751527780711 203 8 484
87 0.7974319435527271 0.036355001562156486 -0.9418198794827357 0.20918065869951832 106 61 165
88 0.7973994760570923 0.03637983534983722 0.8854879324689269 -0.3640501102215399 269 12 106
89 0.797429907006263 0.03630730740261366 1.656278532166243 -0.2088539611858043 239 434 61
90 0.7971473525232997 0.03636833291622621 -1.6709182120795203 -0.2012277876761796 344 239 12
91 0.6493098607951908 0.26415662650466937 0.04587447539894374 -0.10650974095749444 26 101 364
92 0.6491802328495212 0.28775578256330503 -0.3454132046434453 -0.1621433033763839 562 380 120
93 0.6491962801678568 0.2877582329201918 0.39519061469442396 -0.04929760409025548 103 364 562
94 0.4053875294209869 0.100915951651754 -0.15461847427400421 0.050317760375007126 126 590 328
95 0.3641691593793871 0.12057302022167446 0.04370415349064238 -0.011785673131869956 478 383 126
96 1.0048880183816526 0.1378896933794464 0.6861491919969318 0.16140080998322623 370 295 504
97 1.0095014694354165 0.08882095698724586 0.117110578873314 -0.009886287795357607 561 133 295
98 0.9311517185674789 0.6960403478120781 0.23904017723563875 -0.07795214404526796 455 402 375
99 0.8748345228940209 0.7821839322145323 -0.010182454879270608 -0.2255855995059175 19 568 371
100 0.9378732309506447 0.7001768258240068 0.13923073718252743 -0.13351631258928798 176 375 510
101 0.9414244285908584 0.7190396242217933 0.08923223514256673 -0.30364816876182754 568 176 576
102 0.917694607707814 0.5977271663917004 -0.15598089969306875 -0.10024825583234342 77 505 350
103 0.9177817589671706 0.5977040848992149 -0.4938302954589162 -0.24437721904131507 350 430 56
104 0.8989594799771912 0.9170825227067013 0.9488653001776121 0.18924729131334325 251 221 511
105 0.8988691525093433 0.9172204283470843 -0.8981954022181052 0.46803766208828795 284 511 438
106 0.8992149124835709 0.9172539692898332 0.8965614549708533 -1.1874229406596408 438 588 89
107 0.8989753239990744 0.9171694263898755 -0.6527703622857285 0.7843068661830154 235 221 468
108 0.8991942445412626 0.9172877354395507 -1.1104484643170276 1.490764754767367 588 235 34
109 0.03450263590025417 0.9638689924492947 -0.20069139978345918 0.13654392373718682 469 261 439
110 0.08257816818957875 0.4739783366226836 -0.34725495796461386 -0.3177498491294074 57 53 340
111 0.06503964695316812 0.5282697590520831 0.06699026403045316 0.006931513696351033 128 340 68
112 0.028247744437391604 0.36290760390755983 -0.5613315024171478 0.5865998504078546 194 480 196
113 0.129575565460081 0.3367015143883654 0.024909733269942638 -0.1973660835634318 97 275 286
114 0.39296794108293354 0.571357198546124 0.20145331999787963 -0.032117611348247976 308 179 527
115 0.3909760318636376 0.21546534846040255 0.027842381178366793 -0.2585354091401426 572 444 173
116 0.2297625654993507 0.47353676607937206 -0.23963750116207105 0.14532073044914995 205 405 475
117 0.2131464321554693 0.5227696400330372 1.017630061658358 1.2440888714296283 585 75 164
118 0.12956744345004187 0.33667448174427794 0.08010855521889035 -0.014084979870257995 535 485 275
119 0.9900399773509208 0.418364274032947 0.13454742597840408 -0.07634202020545544 211 390 366
120 0.39129814574091704 0.20952158545173677 0.022449786994671594 -0.0263791911057909 444 220 162
121 0.164323830698469 0.8584596474146218 0.014345844824570353 -0.2501712089222896 395 449 232
122 0.6169181486365095 0.45455259399790005 -0.023990995128009285 -0.08297568101361952 515 433 367
123 0.4319779979373632 0.5208644985509127 -0.1740747906360006 0.1714999182956796 382 592 238
124 0.3411509731622116 0.9627698281498756 0.13615959171785208 -0.015455769693598076 242 528 54
125 0.4647999132152097 0.9448464381792017 0.015816889117892252 0.20783871464147285 87 121 118
126 0.37093342321901446 0.7648398214332919 -0.36230784753365963 -0.5826324873297108 240 92 333
127 0.42300999129741224 0.7392711215638748 0.052096804740173544 -0.6041260698321687 333 256 520
128 0.3709398368685634 0.7648499487970152 0.3960131913989832 0.5908209345725649 73 108 92
129 0.4230088676041247 0.7392365710213521 0.11723662720415813 0.5983251497932492 63 170 256
130 0.6157473281810467 0.9354692907104235 0.9179487381181421 -0.19278546660537327 577 279 29
131 0.5565424321124709 0.8563433103786797 -0.04813220416308682 -0.10889438389091559 460 285 217
132 0.5963568685665497 0.9362266307572268 0.10361454957918959 -0.04026368891074661 420 217 577
133 0.5677983157136745 0.7654173119813263 -0.07874221088534361 0.3217825046133646 587 336 107
134 0.6630082181174372 0.770913869135791 0.07478480890110717 0.06924108369998905 320 559 247
135 0.5688248689757807 0.7665639617402243 -0.2949989760065927 0.08020182864186542 215 107 320
136 0.3063461860887937 0.791569689217042 -0.12410201092683329 -0.587308988188361 381 5 184
137 0.3318883828126017 0.9289992311825237 -0.15620502235441647 -1.1825176132837945 391 354 80
138 0.5440726703769884 0.7755886570279782 0.16812949283528034 0.021966274915826648 401 166 72
139 0.4405825536518778 0.7386546465246803 -0.024378923652287388 1.3830363379026813 520 411 401
140 0.5441550224243263 0.7755296806815855 0.17648121668743538 0.03290602988118181 166 537 248
141 0.5442508413620347 0.7743561176559286 0.15464016727296387 0.24369691128348775 322 540 537
142 0.6991208004651218 0.8431668767913328 -0.1529817102003902 -0.541018276463683 426 180 141
143 0.699038036772784 0.8431486764698058 0.253107921920721 -0.24300376330306864 300 358 426
144 0.6991578246663058 0.8431726863336786 0.10104003634204411 0.13473282957517616 180 554 85
145 0.6990441722994775 0.8431327217128368 0.00392151635871061 0.7825885791479378 358 247 554
146 0.6258779089949323 0.8715557608526499 -0.028747039471088698 0.03306632329058701 110 419 300
147 0.792624236361004 0.8924830086383977 -0.0036380644807473828 -0.46579008166993163 293 483 316
148 0.8195403626444739 0.9498271866866385 0.03912037482151076 0.019232374894040394 245 316 459
149 0.8051519039141724 0.9725385358742328 -0.011038067755284563 -1.384456064499912 445 245 257
150 0.7981537005391293 0.9756218206428093 0.152928345160952 -0.04648838146034673 412 445 174
151 0.7308763115994004 0.9167124160213738 0.11676998777632175 -0.11728348986439485 531 330 412
152 0.7924670880369875 0.8924281745389038 -0.14871938579583263 0.6042173420056358 580 327 458
153 0.7924814774831875 0.8923997165619593 0.3210706737519112 -0.3457682241762329 140 580 293
154 0.7384735251044348 0.8964776010641254 0.05159433887069742 0.05723041901495307 330 141 140
155 0.30633379439834685 0.791422206796269 0.025874999143088093 0.6516198296983682 5 1 73
156 0.27350302715539904 0.796515866096985 -0.04270868650055326 0.025375195521204486 594 142 381
157 0.5495006450389118 0.7781223635618837 0.0757362048943444 -0.01349610093820397 93 248 429
158 0.2098045820332901 0.4898424347380651 -0.06440468713897474 0.014376747015099056 231 205 498
159 0.1621258809377342 0.4721765095701764 -0.29139322620683283 0.3052147662971176 47 259 231
160 0.30526035698785475 0.5111807993726317 0.14326865311513684 -0.5828614479139269 164 363 289
161 0.30526527244112933 0.5111531363738426 -0.09821440160717038 0.7718014547153069 363 475 331
162 0.38114629623287055 0.5292773618529277 0.33783292623882494 0.5508231889296599 331 369 249
163 0.8277864649071499 0.3138532150167648 -0.005147497023765193 0.21766568302898354 490 406 236
164 0.7391739192244535 0.2733943480671619 -0.029638756206262773 0.013193904736114037 512 58 418
165 0.744584667158542 0.2690236835050485 -0.19947730143035636 0.14938754911916763 58 200 406
166 0.9410549081491787 0.36552962588867144 0.19737229350891283 0.1497020035712282 409 51 172
167 0.8344993728613701 0.32824281662239757 -0.285702923309445 0.016552121619942822 464 262 409
168 0.9548845865766165 0.41561714223572327 0.14900409517348834 -0.07271389670937545 345 172 211
169 0.36114390283802134 0.18827273561348057 0.008912674591410319 0.09925577079531768 270 478 220
170 0.8271865121820395 0.7340218098600046 0.012624984391251814 0.016356435997288976 91 74 455
171 0.8544632713578266 0.6104015447022237 0.07535284618498395 -0.1798444858314152 31 302 201
172 0.9982208417845274 0.6371326192564505 0.3120580875166012 0.49774493013436105 241 265 526
173 0.9981430392769354 0.6370684899360805 0.23406530699521558 -1.3005530353588046 136 241 509
174 0.43138414828173477 0.5712509889400839 1.376414515461108 -0.22198450018537808 298 376 398
175 0.4336890422032701 0.628596252062227 -0.06117974390984493 0.0006137944319473121 332 398 255
176 0.22519171741736568 0.915344452326103 0.03823989805362693 -0.19084682306713674 427 15 525
177 0.208719654266585 0.734076042466552 0.03846896533959976 0.20769249826912972 99 129 41
178 0.21814465175671113 0.7304831783265081 -0.02088835580199566 0.2266744266246623 129 159 325
179 0.2389902532675976 0.7594465495258726 0.7667003219097561 -0.8375092860164138 40 325 252
180 0.02732684285161706 0.09234587171871188 -0.10602320497238304 0.11683627121339413 209 599 425
181 0.13774812600526054 0.08876591528380354 0.19131287300883093 0.01400548954155062 425 400 171
182 0.667237899402563 0.2311056816087305 0.1861549521153219 0.05274556888059203 16 506 584
183 0.6584042471777687 0.258745391234903 0.24883966775698407 0.15903688840575128 101 16 465
184 0.6672156509440729 0.23110638966705155 -0.37053552793384525 0.07267145789148044 584 222 352
185 0.6719094074220008 0.24825920417282787 -0.11250612316771047 0.002405291937845888 313 352 512
186 0.6584480503719798 0.25877826178371516 -0.3198094394749008 -0.26230843973686424 380 465 313
187 0.29642429578856877 0.10898803697177838 -0.004555646485049358 -0.0348638205110996 223 62 477
188 0.3291959335601955 0.0956518070814266 -0.0659655025048167 -0.041698794417399654 477 564 383
189 0.9342542533460525 0.019099526094148903 0.03354062687310755 -0.15179275995869101 165 454 561
190 0.7328875450538623 0.7106673755310469 -0.6123462812957251 1.5675389311459198 492 417 365
191 0.781458373475039 0.7643404067798826 -0.06474107569487408 -0.1063353551045143 11 365 348
192 0.8246618494307679 0.7507250043411665 0.04290896180036974 -0.15695829219675161 348 91 19
193 0.48155947508107266 0.7204885740659442 -0.07862213657894301 0.057932196539933756 541 567 322
194 0.44057390526591345 0.7384005758889318 -0.11782971245134506 -1.3662658698297598 411 170 541
195 0.03468506881365804 -0.016266337036441376 -0.12444594053168112 -0.194278403607695 482 227 65
196 0.0420994644830876 0.9783940709676203 -0.3025722191893343 -0.06818496670057961 65 439 228
197 0.11220550138128038 0.9952324421936196 -0.03999475889360227 -0.027635653487845246 228 596 45
198 0.026150609813960942 0.9655599691658953 1.3882901555835412 0.3562570076589373 360 303 299
199 1.0259942868212373 0.9655317095779871 -0.9416626503837462 1.1759562311251672 213 553 360
200 0.026117343950989507 0.9654277408038858 -0.48502146258978196 -1.2655343957539622 303 553 469
201 0.28985422072552014 0.9889049873111924 0.2251008233977725 -0.016312578371424635 403 525 27
202 0.21290126814546953 0.5225579226770373 -1.6279260056944225 -1.0480942466361782 157 498 75
203 0.08274649370310223 0.47382179348193626 -0.15752746464301348 -0.5772394698897506 53 102 396
204 0.21313465950368737 0.5227680897535176 1.010497846553457 1.1210441516260723 125 2 585
205 0.21297199480069204 0.5225304388786537 -0.744972459965071 -1.4607708565077113 575 157 2
206 0.1897351362539606 0.5227612077072399 -0.0015260116087434383 -0.02672319865393291 214 100 575
207 0.1362947700396571 0.7643351301859652 0.08469861912524523 0.17037786060464244 410 414 339
208 0.14252473561307938 0.7767804795293987 -0.29895623301131463 0.20860105180210176 0 339 296
209 0.08701738345989316 0.38179362472090395 -0.023019251782496752 -0.06219339973578819 461 97 547
210 0.02830287902342572 0.3629671870765556 0.47796699756169797 -0.07782784802365904 131 194 461
211 0.08273016871186441 0.4738170443304203 0.23703796142712438 0.8298255698801875 17 361 102
212 0.08256074565409653 0.4739381536370405 0.5169964824384412 0.08147279905845045 154 17 57
213 0.14702308773989184 0.3211823824378956 -0.30139671438678733 0.027983994708622416 28 543 288
214 0.19755565817262966 0.3902393301349176 -0.37710251379885484 0.037659642071474764 521 206 405
215 0.17814737168133987 0.39161290896905027 0.03106282418785522 0.015937687627975983 152 487 521
216 0.141180760033025 0.33709151577646557 -0.09280277657452984 -0.14382175658744778 286 28 487
217 0.0767959226336201 0.31981167888860623 0.06996708559747766 -0.022692277223956836 196 186 535
218 0.1469277016684833 0.32112757172278805 -0.0392430614805199 0.17869820072193965 485 253 543
219 0.24099620984945389 0.10504283903013555 -0.10569580672118664 0.21743434270150938 529 124 60
220 0.43112751374071784 0.5710659614922674 0.9534152519286975 -0.08661768282063487 527 291 160
221 0.4313240055026245 0.5711527174674886 -1.1736218960046747 1.6096639224950697 7 542 119
222 0.43114638633614444 0.5709505028591757 -0.2864044044298148 -0.8625593255439084 291 138 542
223 0.37730847403518286 0.5321659664062597 0.23209416125102855 0.07942625021226113 289 263 179
224 0.2532802115264513 0.8463477166325579 1.7120428202522402 -2.136656512465452 71 22 579
225 0.25298973925966245 0.8466401361026735 -1.8686702297590378 1.1144234046781563 453 71 144
226 0.7606744254084971 0.35520460610588356 -0.126484150844014 0.07195389796141316 112 431 145
227 0.7489762089245238 0.34866604288108477 -0.04526286845329963 0.11061135479772943 341 418 431
228 0.14992349239598093 0.45527889817673217 0.006995733159431694 0.0668293840405676 115 152 259
229 0.8270067607055173 0.32381373123804147 0.022309101788131613 -0.03941822441372311 145 490 306
230 1.0280985734239443 0.36303118764490355 0.38261299794412323 -0.719350211328732 390 423 131
231 0.9408875557993396 0.5544199337480556 -0.24463985046860878 -0.14808551929325212 582 301 321
232 0.94109918261233 0.5547689961416945 0.0448812290717443 -0.02840039984870063 178 321 267
233 0.11631289973331005 0.5774633637176536 0.1975938210063222 -0.38577661046657225 309 94 450
234 0.15058865790854795 0.5933301433670911 -0.07532323601650015 -0.20371498012788924 450 314 224
235 0.9545590723435051 0.9217731895296651 -0.11127746871739466 -0.5592953676526649 18 226 213
236 0.241174093749168 0.10529436751673536 1.2272811429153925 0.36549675223697464 198 60 378
237 0.34402794068574644 0.9638463981475425 -0.06450478322870319 -0.4923682229439927 158 397 148
238 0.34410901305964736 -0.03609652777856956 -0.2005727096806827 0.3337732882465719 148 151 474
239 0.004849494034018626 0.13788052351073693 -0.5331675711903661 -0.12966142545631437 504 209 310
240 0.004731132194933864 0.20595144271611904 -0.1315072050550852 0.8497533359784286 35 310 502
241 0.15392533366902383 0.10990601159654462 0.117818153150262 -0.06380557679430687 472 171 287
242 0.12592165425200896 0.22045437214716643 -0.14078043696075238 0.32970466426474054 312 472 185
243 0.8828426346185813 0.4842682232970483 0.05105930331317232 0.1520280443201294 319 368 33
244 0.9068720079208159 0.4827354821586149 0.01344206586317842 0.1533660882319099 33 345 335
245 0.43199595959276577 0.5208652008364453 0.0545516151182439 0.28368294590866455 369 233 592
246 0.23893194078990035 0.7595116611336716 -0.845651344913087 0.9821217011364308 189 40 208
247 0.17392282372016918 0.8463071081502924 -0.09945366127861455 -0.09074576402812173 372 532 449
248 0.25307294299922967 0.8464366000274284 0.7079278378920939 -0.3304381190167519 532 565 453
249 0.22170789494379384 0.30047692154807515 -0.3402075241312752 -0.24737490302711995 206 424 273
250 0.41934711695544313 0.5342210604825931 0.0009101223247265366 0.1019420263481674 138 199 382
251 0.3319502186543614 0.9291078809555786 1.5202102850614712 0.6167514351958009 528 413 391
252 0.33176743917295304 0.9290454580335282 -0.8478473777516266 1.1464700316486318 147 354 413
253 0.25327005813189624 0.8464252004545763 -0.5163982228590865 0.7627190803255207 546 579 594
254 0.25327089535570113 0.8467687419156747 0.19116273866187333 0.4692317718800747 187 546 147
255 0.6157630924553832 0.9352712773098145 -0.4461622330477987 -1.5594078032880354 279 110 297
256 0.5709551745087598 0.8311488448055546 0.23364658094420432 -0.6441250429667605 285 52 76
257 0.5710513381728477 0.8311740827437873 0.27658600891506757 0.1672146155345727 76 555 419
258 0.5568728531502003 0.7730327551359755 -0.10199441464562323 -0.2144499740516125 429 183 435
259 0.5627146414408948 0.7741623432083738 -0.20930168822055895 0.024498251344207134 441 435 215
260 0.5709949000600929 0.8309079581998862 -1.3163882804558684 0.49211815596975766 324 441 555
261 0.5535703255596648 0.8052093844596144 -0.5489805759452664 0.1404973204007713 67 93 569
262 0.5709462585810203 0.830961860180132 0.4118501004102791 -0.3745110596696608 52 569 324
263 0.2532034266048319 0.8467279335802775 0.32737055041093777 -0.8032842215442074 15 144 187
264 0.14917831773896015 0.8514825027171795 0.07346695682364235 -0.21290470497703495 212 457 395
265 0.15334763322253037 0.809057766259165 0.564736445080689 -0.15238806919354134 457 274 589
266 0.060356458526066595 0.8861962947567591 -0.1462821211384302 -0.06287441591673604 261 578 212
267 0.3609501858077317 0.1883912519732954 0.385202671073382 -0.13143676335031565 244 270 82
268 0.47716842855615205 0.5526878988774889 -0.09152894431957437 -0.03894609790916492 105 156 323
269 0.47755762495170906 0.537982866725227 -0.1029277879940893 0.13712750223521253 238 326 156
270 0.33014914216158503 0.9779787144364285 0.39624175032288617 0.08569209434920733 27 242 533
271 0.9176681200891662 0.5975432271742912 0.9940455715615366 0.17344359044694016 516 277 505
272 0.8873155091089878 0.5510397249886989 0.12296106076154119 -0.366772682689441 225 254 516
273 0.9177632496935426 0.5975569627775277 -0.24989648636259287 -0.09178790129490358 277 178 430
274 0.7972187808382037 0.036348105029267226 0.23895905141776974 0.15734387270741404 44 373 344
275 0.7538072356288913 0.08305207297318402 0.1493323451007278 0.07775368335294353 489 44 123
276 0.11633399959900326 0.5773903495508296 -0.000669520631968977 0.30004364697010577 94 68 353
277 0.05271510292851759 0.8796993102986204 -0.0076399105791713495 0.051653945357110764 150 374 578
278 0.06675771476312731 0.7873121623185827 0.06304581579019697 -0.06339044150704964 563 175 374
279 0.27008651855280363 0.7928354480281321 0.01692269506220912 0.20456094917465673 32 208 544
280 0.2702418695087385 0.7927892691330722 -0.445438085836013 -0.22387089587048947 544 598 142
281 0.7136747083509908 0.7079300287595839 0.17478713875557217 -0.0704539071180732 559 463 492
282 -0.0047068664733551325 0.7185388609068969 0.5292477039072255 -0.4546424271385514 576 495 234
283 -0.004602323015723079 0.7186073689936812 -0.6116243698572194 -0.5696521752516972 234 122 563
284 0.24101786830063104 0.10524412505124858 -0.6143047617384332 -0.5535205562876163 389 198 59
285 0.1862622091107888 0.10197112380586724 -0.8922091202374611 0.6840881580281143 216 169 389
286 0.38117417804101816 0.5294219973510222 -0.15284229962393703 -0.25194233301169267 263 249 199
287 0.24265898615324166 0.28212038196398986 -0.3375732426230682 -0.2560803239598508 273 356 84
288 0.3553512900601053 0.27071776566300376 0.20410822546002017 -0.28845554694845177 84 113 207
289 0.2905775380878722 0.14375330981497778 0.0484265367389769 -0.1768052457912228 442 223 244
290 0.27079431772312906 0.14938075130007886 0.0539978117775064 -0.16679260958496478 451 428 442
291 0.22858161452248496 0.26236903897292574 0.0052814318890481715 0.2573479072204288 566 451 356
292 0.544005328384267 0.49849659678266733 0.036787793644688094 0.01806002916659999 326 3 355
293 0.7808250867436809 0.6964836612504126 -0.11204886254945201 -0.08669728754351347 501 139 74
294 0.7834570372557167 0.6591504464529053 -0.10767684868739913 -0.07579492727893822 466 31 139
295 0.7329775739275332 0.710370748595051 0.39853940288927625 -1.7631248858784159 417 351 501
296 0.7138597341419777 0.6987891914315175 0.0688647992796998 0.04061401102581352 377 64 351
297 0.8504462852949926 0.5514478620511083 0.10064043036439596 -0.160967152801339 302 37 570
298 0.15849580503285626 0.5839037971414859 -0.10777321075502999 -0.17066537098472945 314 20 524
299 0.15570464206281026 0.57857151522821 -0.015130779702082764 0.0014069330769861388 353 214 20
300 0.6463811794265397 0.5782731162366478 -0.03233234235899829 -0.0250687227920654 416 519 283
301 0.659554257340404 0.4382789440812743 -1.631670374174451 -1.4947725637039786 367 42 268
302 0.6462034985554272 0.5562866140051577 -0.027820864015315472 -0.010166035721570488 519 538 488
303 0.43109135888662337 0.571254835002746 -2.1771948006553323 1.3471313938846632 160 595 298
304 0.6142799830598641 0.5951689952910699 0.020294309982515912 -0.05207994625833212 155 416 545
305 0.43160000895905737 0.5710520472927388 0.8953967578804534 -0.3513591423506216 46 119 105
306 0.43131909302149857 0.5711396841550698 -2.4903104297736953 -0.34055754214931677 376 55 46
307 0.431362306283933 0.5711250303587708 2.566576889125732 -1.4131495100402207 595 7 55
308 0.5897736304279304 0.5774986301460006 0.05830105183346479 -0.013468120715898202 177 305 155
309 0.5401355853526582 0.5983482097605727 0.021177756770462963 0.021537092248502532 556 323 177
310 0.2087501433538379 0.7419201308703346 0.034269365470351865 0.06192113193720372 493 41 189
311 0.9656557155194362 0.6847927159893394 -0.019067991196414225 -0.008014378743981254 317 496 548
312 -0.004717286572477708 0.7184830248262963 -0.25963689259401446 -0.07638196808851033 495 548 388
313 0.9668463484053819 0.68098125206087 -0.1394390291436804 -0.044311125631918934 496 491 130
314 0.2412290986857239 0.10542087013641761 0.542271089601304 0.8694618814128446 59 271 428
315 0.18613322409881455 0.1019234846527614 -1.0487019936079585 -0.2954219147197241 287 432 216
316 0.1864514001963352 0.10188773904750818 2.8495626256500883 -0.5599095559183408 432 437 169
317 0.18631975322263042 0.10184070273698544 -0.8403051537421174 0.24047014171037737 437 394 529
318 0.21098986126122993 0.26958999692823804 -0.06184580451928934 0.29125029887833165 86 566 593
319 0.1241607430835179 0.765272156843208 0.060641968405378624 -0.09662940390875972 175 479 266
320 0.14248490788344967 0.7768161181837688 0.2208601383648246 -0.24966968575847096 266 0 274
321 0.16206484983349173 0.47224913601526686 0.20815977572555006 -0.2942836023315815 9 47 100
322 0.13113913495422388 0.4585904722507137 0.6884944427618979 0.019641062981210454 396 586 9
323 0.1310529866445888 0.45855302586610663 -0.6496816077101335 0.09505434048516026 586 508 115
324 0.17460489224232234 0.7175425239874322 0.07665484635932529 0.22808617772263062 414 224 99
325 0.10310201031801551 0.44574440775234875 -0.34873343497611364 1.4571047138480082 109 357 508
326 0.10313433387216972 0.44558156098722085 1.3943845320139174 -0.2729255033480588 278 547 357
327 0.10300327187790208 0.44564278838106575 -0.9697939914418999 -0.9261576779475734 361 278 109
328 0.1406257966078514 0.24514330555626118 -0.2550910553102137 0.19481679498778437 30 185 86
329 0.13538985617572558 0.2506666489620451 -0.12917390134967177 0.05534162052234226 530 30 253
330 0.24110009906450858 0.10522010631247199 -0.8179944239458192 -1.1669705892654922 271 378 210
331 0.15348700996010775 0.8090292441238532 -0.58399655358983 0.08070528134673793 589 387 372
332 0.253073757259013 0.8464295174041444 -0.5632177082245775 0.6902449347522985 565 32 22
333 0.8343150842481997 0.32837820866292444 -0.0953187330118583 -0.12330214459047376 306 464 536
334 0.9913214020671268 0.33773037237882186 0.2436164409092001 0.09326003233556257 51 514 539
335 1.0280818285705264 0.3629347308264304 0.008992222483121537 0.1103234164640714 423 539 480
336 0.15118690613050345 0.7809641658701652 0.012353068047643578 -0.0029008646179606856 296 493 387
337 1.0343340882252379 0.23425707879838523 0.20622026926538345 -0.3776473415722462 573 264 399
338 0.0343293205981158 0.23427134090803417 -0.041291448030418045 0.3767528306827328 264 494 36
339 0.27938266637358666 0.09463662723925073 -0.05252573931358029 -0.0756872342577708 210 43 62
340 0.892492591455815 -0.05284922669219732 -0.11811512844184247 -0.1471121006263454 481 551 168
341 0.8994670667008422 -0.08246969623215421 -0.30295366894121917 0.08121387752569025 551 89 557
342 0.899599456896696 0.9175112908294747 -0.7802586399983371 0.9856070069005863 557 95 18
343 0.28414735265519414 0.06221130433733105 -0.12795072080031086 0.004776103327392388 43 334 21
344 0.330134861697332 -0.02203294747881983 -0.1338489517409714 -0.34768523406744717 533 158 276
345 0.3263888766637236 0.03931252724852942 0.041562711779186134 -0.010060188793126201 21 276 246
346 0.3316422105827868 0.042438247558282176 -0.08976299434651502 -0.0910797878957148 564 246 446
347 0.361732755974727 0.021088872180699565 -0.17145207129032336 -0.03156182259989038 446 474 237
348 0.21001213814954406 0.29269451343170205 -0.03628964212465391 -0.032918786967151004 288 593 424
349 1.0226880823610556 0.2356443936454372 0.18344664849678782 -0.015923710267040647 514 135 573
350 1.0047608037039544 0.2061597897121335 -1.009520785008925 0.681207002458051 78 143 135
351 0.0049499705220258546 0.20603494234557435 1.2533480549069405 -0.8110123362696497 143 502 494
352 0.8293809735938591 0.42438941318050044 1.6378501205195644 -0.652749509397424 436 536 368
353 0.5979461174160648 0.5301667968724758 1.39427989230529 0.6006174460227918 81 515 440
354 0.08556282101848635 0.24034749478432232 0.30477904694846814 1.7172085788500304 549 571 530
355 0.5977254971788512 0.5302670568567399 -1.5669200632163336 0.40527156989717883 305 362 114
356 0.7195013376369219 0.6215179888608595 0.8542695170666529 0.40068890713534056 283 69 38
357 0.7121108694099182 0.699834425859933 0.1794536159862442 -0.02688331267666766 463 161 377
358 0.8639418723215037 0.5424135998656887 0.03780660940561065 -0.09392155690332582 570 191 225
359 0.719613182895104 0.6215170751828965 -0.6191002760089475 -0.2566015102955848 98 69 39
360 0.72660904530406 0.5711814434934528 -0.020763142594137918 0.17514383485184304 39 583 48
361 0.8348017723775359 0.5396443730715634 0.3822129508723737 0.0429805899204716 48 195 37
362 0.7249148904124025 0.3673992542712669 -0.04826867590655226 -0.35443547763427624 132 443 470
363 0.8052032967698538 0.9727384161283175 0.22127393364324877 1.3037577950328576 393 257 422
364 0.7196155979793524 0.6216824023376945 -1.012959996663106 -0.6515018668160674 64 38 197
365 0.7976770865465385 0.009346137124602461 0.9559898074090701 0.30052968888157666 373 174 258
366 0.5980043480698852 0.5301576764205335 1.441939043088868 -0.7613621199657424 114 440 538
367 0.6746667306105099 0.5382293633142129 -0.1483260500534378 0.08247882515854954 488 342 583
368 0.7976400222387701 0.009330769224540875 -0.7715332935736857 -0.28069295749484285 258 393 434
369 1.0202691770705141 0.5280212943178708 0.068811547605796 0.059530492861614714 456 188 149
370 0.7596138439699771 0.3618573916297163 -0.0862452812291914 -0.16075340416449313 470 112 467
371 0.6598154175989605 0.4385407546718251 1.2411933753274937 2.415695105672318 268 315 342
372 0.8337446791908201 0.9510272387554064 -0.07187384875901193 -0.42689068649372913 422 167 481
373 0.5367793606479709 0.6349734933543816 0.025879225845626408 0.011652995235422736 415 556 127
374 0.8290789497327651 0.424520590375752 -1.522782036770631 0.7200046379314978 467 436 4
375 0.47369142266906755 0.973533203758095 -0.06786881265319344 -0.07435171263392437 282 118 597
376 0.40298227453952773 0.03627706989879582 -0.15325602037430386 -0.009915109011604528 237 282 590
377 0.719774495837087 0.6216643895218181 0.8391477694774641 0.5119835047305327 197 98 466
378 0.868751254760704 0.5327237844627276 0.08818913047742294 0.15615512051828095 346 385 319
379 0.8634417347237414 0.5351750612957717 0.06322031292568808 0.1722307066930051 191 534 385
380 0.8873988248594126 0.5509008780110668 -0.23385018840793842 0.22638042847093232 254 346 582
381 0.8434575100988952 0.5262900946159115 0.23162340899440803 0.25498618945463125 195 4 534
382 0.659748277650669 0.4381934998779197 -0.980956901483216 -1.8309302721793586 315 229 132
383 0.5977160980762172 0.5301035596413022 -1.1753301456949228 -0.2612256495168022 362 355 81
384 0.7249223576154775 0.3674189420132716 0.15770588070382882 0.18317116923919122 294 341 443
385 0.9545670953527574 0.9216360075382845 -0.1088043162132072 0.5283130138336762 226 307 150
386 0.0855122321405974 0.24006106781345446 -0.2714798874324021 -1.5404039491295871 36 312 571
387 0.5670924285337767 0.9943115844171126 0.5397952710753146 0.12217219345699937 597 560 337
388 0.9394639365923008 0.0020437823387959853 0.013459727776776731 -0.09787104529590529 454 168 104
389 1.0339571326558743 0.48256705378782894 0.13164154488709556 -0.04299536490726119 366 154 188
390 0.03057680402472116 0.5378127300950307 0.014467411817153941 0.018994435711794377 149 128 581
391 0.06749451783691611 0.25137013000155844 0.0953819315197002 0.006131454025060101 399 549 186
392 0.5754453505799175 0.6610844525453901 -0.011083914341902812 -0.016899319443819394 336 127 50
393 0.6117417619787962 0.642559232370416 0.03131359477270834 -0.04831954628081725 50 545 161
394 0.6406197276546614 0.0745970156677002 -0.008410585422558015 0.0954379665574212 8 280 489
395 0.5671759875915496 0.9942593654506255 0.4003949911126356 0.08438997172778312 560 420 500
396 0.5911143673864446 -0.006552107218589422 -0.08663259831731551 -0.03071660356623873 513 347 280
397 0.5671501895209473 -0.00569827987132705 -0.6736907875553839 -0.005768864536461263 552 500 513
398 -0.001818278203237542 0.6372929687222846 0.13703748325308945 1.4779034173558976 272 509 499
399 -0.007301046371029007 0.67099048565027 -0.02333704410273363 0.03530894396308604 130 272 24
