1998
0 0.0007803040297029232 0.6373630697770849 -0.2862765965255809 0.07928080058769438 111 66 359
1 -0.0017410704529384122 0.6372262806795973 -0.30212567706964716 -0.17702465804543022 499 526 111
2 0.754908824240567 0.8354066009065203 -0.09199255385228255 0.036669076108886145 85 11 327
3 0.888862847978115 0.9063317092376245 -0.1422798690848973 0.42558580892271614 558 371 384
4 0.8991331166458839 0.9171419925558097 -0.05073479253630674 0.6753111980614636 468 384 182
5 0.8994280746834165 0.9172680266555482 -0.7543471489492893 0.17206711934729563 386 182 307
6 0.8994469592269063 0.9172540094366298 2.007629416400994 -1.5593370444758146 34 386 95
7 0.010178527956109025 0.6840414648591869 -0.31455088442787493 -0.03938718418257381 517 359 452
8 0.008256352501437116 0.6847869951613514 -0.18176721369375648 -0.09247647456828156 522 24 517
9 0.028519010579460824 0.5912405673549437 -0.19939958330328356 -0.03815456145472851 66 462 309
10 0.3491963411930554 -0.04596866791210926 1.1319943465042506 0.14761102808005885 163 404 151
11 0.3436242905285096 0.9630804285343755 -0.14383184268173393 -0.04839303931539196 54 379 397
12 0.34900305645300567 0.9540000119434915 -1.4589312017821592 -0.20765936886035394 379 193 163
13 0.8668222846589329 0.21235421945195604 -0.06464237617409552 -0.005338401942722726 10 137 134
14 1.0048589828300278 0.2058046698649319 0.3217419828119555 -1.1808802699358676 591 35 78
15 0.9846531537939214 0.1871001915097446 0.1347450349215018 -0.033072746624673854 134 370 591
16 0.020611702818975897 0.08502582472987683 -0.14507614155140347 0.08239240453095098 133 482 599
17 0.13884012477334895 0.08752158452617478 0.09731467151205542 0.14202952793897217 400 45 394
18 0.613282232282699 0.45093610691541897 0.17618432233967862 0.11637222140786774 338 447 433
19 0.6366750099989671 0.3980554063922995 0.15672013166379006 0.09315645182333965 447 25 202
20 0.7820178763653804 0.12193716274014009 -0.13014001430319833 -0.12354175781340015 243 269 137
21 0.5307415847823758 0.20367898971718884 0.09979235953208598 -0.3173956230652364 181 6 260
22 0.6091358112733747 0.341146624442532 0.0521721096879979 -0.08701272063982302 486 103 25
23 0.5621879526824474 0.19983929900292702 -0.05634337475746154 -0.27706122188164706 260 318 26
24 0.5292502470229216 0.19803827497109852 0.1535563613763724 -0.10829511089965882 349 250 6
25 0.5624765463713818 0.14399930587924645 0.11101859449108575 0.2942677847922459 448 23 523
26 0.4741596736506468 0.15533418086821257 0.07915441618128183 0.2451755741136874 328 23 190
27 0.47243237109805736 0.16876699896445277 0.12281604778313637 -0.08508642436455549 162 190 349
28 0.9562972350336486 0.6866213044894056 -0.15599477670973777 -0.5534488173606972 510 70 317
29 0.934214300380777 0.6877813613686434 0.20706707355711007 0.002865400278162511 402 518 281
30 0.8996435371175606 0.6219651427600472 0.09253745929249657 -0.17014718106667104 201 77 518
31 0.956279422067758 0.6865726171174457 0.21236572567476503 0.5307351107913545 281 88 70
32 0.9667221437343408 0.6809506177804799 0.05893443423164377 0.12428866799142103 88 49 491
33 0.9729752998865229 0.6450367219579287 0.026255123075635822 0.038990691231255425 56 136 49
34 0.8887527659883394 0.90643830121247 0.42319282755843773 -0.11813693011580688 218 558 251
35 0.7925874801931128 0.8926450659627855 0.2993687992191825 1.5854987866101786 483 458 218
36 0.8337872079035147 0.95101609912633 0.16334480692012246 0.42335415747325134 459 284 167
37 0.024294532603288746 0.9758280989771625 0.008240007114135306 -0.09149730747365359 104 299 227
38 0.12425534923963247 0.7651245177696144 0.006661016730595895 0.35587511195843585 452 410 479
39 0.18221878069926808 0.9144711348340956 0.04159264460623646 -0.18186703532041548 596 232 427
40 0.35019505694999364 0.9359327012276564 -0.14327023413127082 0.13702136335280724 193 80 13
41 0.33534192120135004 0.7995163076645578 -0.11392974029467151 0.031165982988801133 184 240 79
42 0.359768725192705 0.9395893600499853 -0.32412820552552013 0.16822280183431682 404 292 87
43 0.3536683309812142 0.93382454566626 -0.2632448590708658 0.21492051827456948 13 79 292
44 0.556877436147524 0.7732157875097679 0.09388142120121809 0.5097356439686653 540 587 183
45 0.5535435344969691 0.8051867854541281 -1.2020679723235905 0.35223623512464175 304 72 67
46 0.4862369771755617 0.660300061861876 -0.04095905142831313 0.033105547470047014 255 415 567
47 0.9409995567793489 0.5543843380851485 0.33851956876226363 0.2218008473758924 301 335 550
48 0.9431787564431763 0.5547752683389862 -0.041809073306827045 -0.4939115058757255 267 153 408
49 0.9431813676085541 0.5547500826208123 -0.14623115073431753 0.5194793002417887 550 456 153
50 0.6156418624427984 -0.06449672056811462 -0.13392579570971386 0.4471455716699164 347 29 507
51 0.6158028217593965 0.9353766537262707 -0.46549412861362616 -1.2639645233128265 507 297 531
52 0.3745707718156832 0.22108363981525903 0.2025896533863758 -0.32890006100572133 113 82 572
53 0.5564530189479595 0.8561753115287016 0.20985419570693567 -0.11304058755397857 121 304 460
54 0.19842501657389033 0.5817048772951063 -0.1086376315295734 -0.16151425058508195 524 125 471
55 0.4741310854891673 0.34744357057182607 0.0709271127941058 -0.224214995875327 207 473 497
56 -0.0047521730328510745 0.718245311284656 0.2926042962884002 0.9965621486449777 122 388 522
57 0.8277810950393854 0.31407751651079974 -0.1809165854751776 0.2805355737723605 236 10 262
58 0.5036118757791995 0.3211179437397439 -0.023464631626612942 -0.1130253571290929 473 96 486
59 0.48642026600640126 0.25727624121245063 -0.01772285790346828 -0.20844560660870926 173 181 96
60 1.001122962258359 0.5899100204187625 0.00999683946734109 0.10965313587685266 265 408 219
61 0.020353159714852964 0.5822411107076183 -0.032226285182068715 0.13655557171143862 219 581 462
62 0.49063405468479093 0.4468906325340251 0.10314120876819821 0.2579005606295759 233 497 421
63 0.5448400443667645 0.475005503014867 0.021715387474308123 0.20727796770647622 421 338 3
64 0.2703119345655479 0.7927920759959329 0.41250418426522867 0.23082902890264514 598 252 1
65 0.3719350278181414 0.6162305954357897 0.21900428553989215 -0.06686413367429367 117 308 476
66 0.24954836187597212 0.6412872793822777 -0.003100930623389786 -0.0160575483465486 159 471 117
67 0.4056459484776165 0.644058036144262 0.14518002078300896 -0.1210641031867965 476 332 311
68 0.4093338863692479 0.7337833866080679 0.11345123347716868 -0.005164489669251537 108 311 63
69 0.284059804803937 0.062239244555044405 0.23487738952669873 0.2166156339613841 124 403 334
70 0.6754673993258232 0.360608429016908 0.035131706571656096 -0.022615856409835544 90 120 294
71 0.6596085627216619 0.4381083362395958 1.627832631472155 -0.692556626117973 42 343 229
72 0.6454825184256949 0.3987517847067531 -0.045185594502172854 0.07769829692833019 202 90 343
73 0.5662468317293236 0.16899988739432198 -0.2717641375969053 -0.11912525206340038 318 503 146
74 0.5662903506931125 0.16901644716468167 0.2167586124844719 0.07340793962846891 250 14 503
75 0.5678521653394533 0.15527638990600295 0.46041879706319644 0.042319879976142165 14 448 290
76 0.5672250121542689 -0.005477717741672402 -0.928810428948209 1.8578606834359452 337 552 192
77 0.5722142297163091 0.13337559707436472 0.10203572187476515 0.320376181172418 523 192 116
78 0.5679289056772183 0.15526779334881863 -0.512888189823377 0.03879223339309321 290 329 230
79 0.5729385758483141 0.1338947348091451 -0.05602821608356387 0.20714420529343788 329 116 203
80 0.6414367769977012 0.18791948185211274 0.24774736377263396 -0.16921674468280742 83 392 506
81 0.5706429909749313 0.1651783794303931 -0.06007993460371841 -0.00044736879131757057 146 230 83
82 0.67340251205499 0.21529565788132887 -0.12383354029699145 0.16319796555808175 222 204 574
83 0.6415415185600001 0.1878095917766005 -0.3706499320004419 0.4779536700390188 392 484 204
84 0.7253964787125599 0.20924719347081924 -0.1941068139554858 0.20123711169661718 200 574 407
85 0.7748838403782577 0.12288158314948995 0.028339754935130523 -0.14848776097586835 407 123 243
86 0.6118508152767769 0.12659291087909108 -0.06121606693776371 0.20926300831058953 203 8 484
87 0.7974576476793978 0.03627217337994776 -0.198109896101307 0.5252211501220044 106 61 165
88 0.7973868534507869 0.03643462404906541 -0.12618656203495018 -0.9673388268898776 269 12 106
89 0.7973779487094316 0.036030094070406304 0.32320719369033596 -1.4507661257388935 239 434 61
90 0.7973587522179519 0.03641249760286296 0.3376000894915736 2.6226694585361083 344 239 12
91 0.6493539745980272 0.26404955131095775 0.042606384739740655 -0.11025186093943651 26 101 364
92 0.6492282110454364 0.2876535453282718 -0.34645015197198564 -0.16250903635603833 562 380 120
93 0.6491984468052757 0.28764905409145114 0.39757885959818384 -0.04838388954894399 103 364 562
94 0.4052330612884658 0.1009666239218839 -0.15434485078902327 0.05096298869022853 126 590 328
95 0.3642129188649361 0.1205613463967122 0.04490601224205193 -0.011534502519783274 478 383 126
96 1.004991344130438 0.1379109543901302 0.6885570079425275 0.15266075648078836 370 295 504
97 1.0096184659051162 0.08881095742048097 0.11726627550945334 -0.010058092553277831 561 133 295
98 0.9313904155425984 0.6959626789082786 0.2384068860730726 -0.07743392099399116 455 402 375
99 0.8748245013475809 0.7819586028270918 -0.009436836034826257 -0.22517037817637586 19 568 371
100 0.9380128185950741 0.7000440247643177 0.14030534711481635 -0.13164934012724339 176 375 510
101 0.9415141056707175 0.7187358118282519 0.09002621113862741 -0.3057056326832841 568 176 576
102 0.917668176863187 0.5976818343209995 0.7324304353013671 -0.5720692066704582 77 505 350
103 0.9177816343375594 0.5976301173138114 -0.733079387266937 0.34825137403140344 350 430 56
104 0.8989474641102093 0.917195292533689 -0.046367027963433935 1.0824539427750939 251 221 511
105 0.8989283639387979 0.9172618225640888 -0.31719630425941847 0.24249318248661858 284 511 438
106 0.8992194542743511 0.9172762858712101 0.7827818249552063 -1.8811111767309254 438 588 89
107 0.8991395723961609 0.9170417913963517 0.5387475810467776 -2.26038725861528 235 221 468
108 0.899141634791766 0.9173925868889015 -1.4552518781625654 2.383220680155472 588 235 34
109 0.034300361138227306 0.9639972245309839 -0.20063582722301687 0.13655427396480624 469 261 439
110 0.08264739738867972 0.47394611586410995 -0.7031073067311648 -0.12575353814774917 57 53 340
111 0.0651063560644586 0.528276334343228 0.06821332318440732 0.00599586977290123 128 340 68
112 0.028369863478252953 0.36277270972356157 1.6351157527400961 -0.6188757918569772 194 480 196
113 0.12965657115353454 0.336686547442691 0.022210098167617202 -0.2081746251428188 97 275 286
114 0.39316921912938574 0.5713249646650042 0.20112890519730087 -0.03222960440196765 308 179 527
115 0.3910042443875259 0.21520691881705778 0.02851122411079432 -0.25834188399631586 572 444 173
116 0.22952261587463246 0.4736822818196628 -0.2399269029979001 0.1451308070249402 205 405 475
117 0.21303496393417948 0.5226018824360055 -0.3625899502467025 -0.21354299076627517 585 75 164
118 0.12959186205334322 0.33647269557383436 0.08257137144168647 -0.010353138596539031 535 485 275
119 0.9901744498863887 0.41828809152521423 0.13531687090284628 -0.07542946545147089 211 390 366
120 0.3913199094630522 0.20949524188247504 0.0225034190066975 -0.028150681525423993 444 220 162
121 0.1643383472812833 0.8582099084497837 0.014656425552372898 -0.24938917736472277 395 449 232
122 0.6168941763031985 0.4544676388307368 -0.024845134456719098 -0.08543586107676027 515 433 367
123 0.43194482385146465 0.5211413414155908 -0.09364979194957743 0.13195020616505598 382 592 238
124 0.341284663918225 0.9627513534213967 0.13036832550994415 -0.019083058614213777 242 528 54
125 0.46481548561063146 0.9450538278120645 0.015393858410206462 0.20704335884635938 87 121 118
126 0.3710050514028949 0.7649287324241187 0.7263720079291199 1.098090239130291 240 92 333
127 0.4230980049399104 0.7392701771729365 0.20968961406922937 -0.602821105852953 333 256 520
128 0.3709020281649405 0.7647699219840047 -0.6924481172970124 -1.0894483857664663 73 108 92
129 0.42309060410132265 0.7392291469033319 -0.04121521858611171 0.5958445853767236 63 170 256
130 0.6156373543158271 0.9354223093746779 -0.05053393722932438 -0.23785918520729218 577 279 29
131 0.5565025856918804 0.8561847016663182 -0.03821560142717572 -0.16259201231883608 460 285 217
132 0.596460157493163 0.9361851818438973 0.10244984860463546 -0.04033612506504358 420 217 577
133 0.5677150886546841 0.7657325569389147 -0.08376225340504112 0.3145385061133557 587 336 107
134 0.6630829196504521 0.7709832635411519 0.07471101376443912 0.06948512876192581 320 559 247
135 0.5685314773346014 0.7666450919168832 -0.29197243804537226 0.08188313904960304 215 107 320
136 0.3062940576362116 0.7915843034858909 -0.09293960638796002 -0.5887327804437884 381 5 184
137 0.33205969168054783 0.9291942239994708 -0.15534754587852478 -1.1818999396984469 391 354 80
138 0.5442435291156842 0.7756172192951739 0.1680214968392368 0.022524895411878652 401 166 72
139 0.4405055496582184 0.7386315304635765 -0.10567340302363717 1.3837909523966065 520 411 401
140 0.5443266796174818 0.775557641775468 0.17507921347501704 0.03393223039653342 166 537 248
141 0.5444049217351025 0.7745908174184893 0.15399477845245285 0.2334216337362624 322 540 537
142 0.6992283839757605 0.8432808753086368 0.4714268737209849 0.40542583381740666 426 180 141
143 0.6990378035350491 0.8431972009220816 0.5414742105673597 -0.6047208485018438 300 358 426
144 0.699216120773358 0.8431642748256457 -0.751807596483401 -0.14776345273769842 180 554 85
145 0.6990835480140017 0.8431116335273269 -0.056281328756528984 0.47961156176114583 358 247 554
146 0.6258490448584347 0.8715883080341276 -0.029869981488239716 0.032700518681760826 110 419 300
147 0.7925421280010774 0.8925438695687918 -0.4348071687475339 -0.8233753615792234 293 483 316
148 0.8195767113329602 0.9498468036850114 0.03913250348763775 0.022118949380423025 245 316 459
149 0.8051713241799817 0.9725219122980693 -1.2447168577596934 -0.9791774681964345 445 245 257
150 0.7983038698790351 0.9755660136830961 0.1544558117690109 -0.04716190198789105 412 445 174
151 0.7309931224762396 0.9165960632647773 0.11689680508297773 -0.11528876256439169 531 330 412
152 0.7924591092856683 0.8923168319968379 -0.3411652013088524 -2.031363586432603 580 327 458
153 0.7924739278610503 0.8926173625108786 0.3458529970333697 1.5570161989065947 140 580 293
154 0.7385251466716292 0.896535286451738 0.05174954804954002 0.0564246357970255 330 141 140
155 0.3062866711704172 0.7914750721263972 -0.005061199584975064 0.6558555462555984 5 1 73
156 0.27345914204904287 0.7965395411559643 -0.04306702095641102 0.025139675150637197 594 142 381
157 0.5495822887085925 0.7781164058679189 0.07978780041176248 -0.00666784856495628 93 248 429
158 0.20973911512996807 0.48985714446382894 -0.06502985337719647 0.013639213716776233 231 205 498
159 0.16209200402837776 0.47217308997024476 -0.29205311044447174 0.3059219169220667 47 259 231
160 0.30525329835186715 0.5113840447274588 -0.3088696242572122 1.3624111636628344 164 363 289
161 0.3053168000836157 0.5111396854486829 0.3525968494398114 -1.1732089975161153 363 475 331
162 0.3812519512190193 0.5294737979934064 0.1541897930379876 0.5939768554070156 331 369 249
163 0.8276068944725063 0.3141330357122091 0.011758851157324043 0.21908158406175066 490 406 236
164 0.7391440060047136 0.2734076678548045 -0.0301323591078706 0.013429725560787364 512 58 418
165 0.7443845785989408 0.2691741343991267 -0.20012619200704407 0.15044773725436666 58 200 406
166 0.9412522379956695 0.3656791950983973 0.19729845743277075 0.14945111190267646 409 51 172
167 0.8342226319654908 0.32825377773267755 -0.2819913291098036 0.002690214687844396 464 262 409
168 0.955033580788654 0.4155445078057249 0.148985950659819 -0.07256915762754446 345 172 211
169 0.36132298075819796 0.18826743345148106 0.0058183864464714935 0.10092437855487718 270 478 220
170 0.8271992632619192 0.7340381175029145 0.012854740882861648 0.0162675938691903 91 74 455
171 0.8545387656262328 0.6102216590395387 0.07561095638486393 -0.17992081643991575 31 302 201
172 0.9981726645072767 0.6370714213529495 0.41554786930258003 0.8382949427340486 241 265 526
173 0.9980923960046907 0.6372707819689151 0.189086735739787 -0.4580559802037096 136 241 509
174 0.4313423515098498 0.5712110162682187 1.3750924322792442 -0.22156362339709623 298 376 398
175 0.43362914657904583 0.6285968370219466 -0.06109343864135752 0.0006529971008362168 332 398 255
176 0.22523023229878872 0.9151536927124422 0.03878847937288654 -0.19066746445584037 427 15 525
177 0.20875770482141004 0.7342835573061347 0.03769018352625664 0.2073636888068331 99 129 41
178 0.21812630295152755 0.7307079015765688 -0.019523675731658585 0.22547047336812787 129 159 325
179 0.23895737837146944 0.7595101809166477 0.7634811919097562 -0.8377964720682629 40 325 252
180 0.027221581815531706 0.09246302842221708 -0.10495503580815191 0.11726128401612357 209 599 425
181 0.13793884214858979 0.08878020585691641 0.19025548328617525 0.014542622770070956 425 400 171
182 0.6670257461469398 0.23117342916229858 0.18804445511572815 0.057189024295269814 16 506 584
183 0.6583300684058804 0.25866521413571214 0.24678292418487194 0.16274232741313785 101 16 465
184 0.6672383240537676 0.2311650426160878 -0.3825120064606096 0.0694966930411909 584 222 352
185 0.67180067075771 0.248260938547902 -0.10441203318611869 0.00280986553469198 313 352 512
186 0.6584504345484458 0.25875476070720255 -0.31990808103694174 -0.2658553433605368 380 465 313
187 0.29642001500034487 0.10895281729640781 -0.004051648599956437 -0.035518318841631924 223 62 477
188 0.32913016133704154 0.09561011152518283 -0.06561449925057694 -0.04169496831130104 477 564 383
189 0.9342875590763096 0.0189481993434006 0.033065376825458515 -0.15132575852117025 165 454 561
190 0.7327999564472758 0.71050547609962 -0.029071195171742788 -0.3547814337966212 492 417 365
191 0.7813925409290966 0.7642350304397288 -0.06608145836084489 -0.10517282877930967 11 365 348
192 0.8247048352014746 0.7505679821753413 0.04304884018702104 -0.1570736717776411 348 91 19
193 0.4814806073077883 0.7205450047851389 -0.07801246870720036 0.057576016176952294 541 567 322
194 0.44050843970793163 0.7384408089299354 -0.03596881387028274 -1.3677686943794733 411 170 541
195 0.034560658521051946 -0.01646069915743973 -0.12436859441605774 -0.194447664046693 482 227 65
196 0.04179692177458036 0.9783258480151419 -0.30250691361588533 -0.06825988732583887 65 439 228
197 0.11216577927442661 0.9952047006546925 -0.039500198945052745 -0.02782774011222955 228 596 45
198 0.02613615524618114 0.9656507384255377 1.3877317191104792 0.35478355622537305 360 303 299
199 1.0259802317272915 0.9656221271220785 -0.9392461950558095 1.1743718014429854 213 553 360
200 0.02610324754447918 0.9655187022990523 -0.4859678147769346 -1.2642386036751818 303 553 469
201 0.29007771849490893 0.9888860820819353 0.22174489744397619 -0.020349479740167098 403 525 27
202 0.2129634106421423 0.522550648611009 0.0336424206120187 0.6507821660197126 157 498 75
203 0.08291442168292866 0.47389144373846237 1.3385868062235464 0.22895893530308326 53 102 396
204 0.2129310362907868 0.5226930464096127 -0.14247197923375823 -0.4922375427347716 125 2 585
205 0.21288047776982896 0.5226380425002847 0.12682701706608154 -0.08783271194775025 575 157 2
206 0.1897336750411085 0.5227329309893631 -0.002420992920026954 -0.026265157757054958 214 100 575
207 0.1363797088499826 0.7645103588274231 0.08686387911044369 0.16765573807725476 410 414 339
208 0.14252567639434138 0.7767250044357733 -0.29855073744688815 0.21864984801021892 0 339 296
209 0.08699636176745082 0.38173254997064676 -0.022200953575524096 -0.05921874518532988 461 97 547
210 0.0282631382972068 0.36302412448166266 -0.41331403758421037 -0.3601678310439062 131 194 461
211 0.0827201520536148 0.47380716585269783 -1.361370023525779 -0.383420452847302 17 361 102
212 0.08258107757607962 0.4739262107189669 0.9727618304779511 0.29632877383443595 154 17 57
213 0.14689367157534972 0.321308418468541 -0.3049931377195397 0.02513898248639526 28 543 288
214 0.1971788597535316 0.3902769351751105 -0.37655087693766465 0.0375613106590178 521 206 405
215 0.17817829400014262 0.3916287099870443 0.03079857549548315 0.015694601174232048 152 487 521
216 0.14108913611426044 0.336956427699196 -0.08974795785016143 -0.13262545280751104 286 28 487
217 0.07686655885375702 0.3197869385789442 0.07006115063101781 -0.026608850539622253 196 186 535
218 0.14671354680192128 0.3212047685448691 -0.03963942652308698 0.17721366855514772 485 253 543
219 0.24105762249423476 0.10504140770528159 -0.03436257706059941 0.2039886435033786 529 124 60
220 0.4310858477792296 0.571025827454938 0.9533514973579559 -0.08557819004763496 527 291 160
221 0.431282234252329 0.5711121674051076 -1.1721818731356601 1.6040305469351461 7 542 119
222 0.43110429858856714 0.5709104395843593 -0.2863482807016456 -0.8621918155203014 291 138 542
223 0.37753238454208937 0.5322329512678667 0.22631638481665495 0.07048366872791645 289 263 179
224 0.25318124350106114 0.8464165353790137 -0.14907738523525196 -0.06200289533371279 71 22 579
225 0.2531075256196687 0.8464596252662976 -0.7274102869533731 -0.20023153321751652 453 71 144
226 0.7605481787853329 0.35527607752798884 -0.12605807283433412 0.07106153044472707 112 431 145
227 0.7489288594889881 0.348774063418374 -0.049039462247935095 0.105914762550674 341 418 431
228 0.14992904022456635 0.4553457168994051 0.007147237662818995 0.06511878848647346 115 152 259
229 0.8270136210948398 0.3237727118994385 0.006595920858110116 -0.041556538418752176 145 490 306
230 1.0282930683534417 0.3630283987323712 0.2983996659914668 -0.4255872428932529 390 423 131
231 0.9409125782450395 0.5544454841916477 -0.30762250791929907 -0.15866623211553124 582 301 321
232 0.9411232447657999 0.5547906722737374 0.05044999020864353 0.012346951347615154 178 321 267
233 0.11639950654806507 0.5774611452548182 0.1985587832500045 -0.38951642444807166 309 94 450
234 0.15051323075641962 0.5931268647563066 -0.07630546160208862 -0.2012110532009781 450 314 224
235 0.9544479067450534 0.9218178948288082 -0.1561740557514367 1.4444141785486846 18 226 213
236 0.24108250122235267 0.10511775671348585 -0.28199057205479466 -0.9108995067968637 198 60 378
237 0.3438874064911791 0.9637714827068875 -0.0560704443961532 -0.4874347385951366 158 397 148
238 0.3439710859125779 -0.03617356709746366 -0.20954541526973547 0.3312912499344421 148 151 474
239 0.004899093975314904 0.137890438411539 -0.5359502747331911 -0.12183075931421336 504 209 310
240 0.004869994522220568 0.2058613527331442 0.1517684435699447 0.9282157978303179 35 310 502
241 0.15404263811080898 0.10984203417741828 0.11762831576833666 -0.06108543428029467 472 171 287
242 0.1257795074027177 0.22078124837262855 -0.14223797036028163 0.32666767658950935 312 472 185
243 0.8828954175237111 0.4844191358826361 0.053542770564463105 0.15057874773460878 319 368 33
244 0.9068858378226922 0.482888536301759 0.013981039242993987 0.15287735834201843 33 345 335
245 0.43190865618099833 0.5210413074518995 -0.026122888829296573 0.320211349395718 369 233 592
246 0.23888509273918565 0.7595914081431471 -0.8427178668134411 0.981645100205401 189 40 208
247 0.17382176668799965 0.8462171992667252 -0.10236371264515931 -0.08932917894971526 372 532 449
248 0.2529993698276089 0.8464282451263332 0.9690184958372101 0.16280756736796081 532 565 453
249 0.2213676250545495 0.3002298638083576 -0.34032637836328705 -0.24679020424467346 206 424 273
250 0.41935216103271705 0.5343259621625747 0.004377249604448075 0.10536658455462256 138 199 382
251 0.33212153881599715 0.9293027542297209 1.5196709617147468 0.618277930776131 528 413 391
252 0.3319387383024607 0.9292402694110374 -0.8481006681578538 1.146273441028872 147 354 413
253 0.2532136881543351 0.8464422352229457 -0.46052047355241893 0.48338517006821885 546 579 594
254 0.25326932483257664 0.846722274491214 -0.11981960847497804 0.40310775772337426 187 546 147
255 0.6157363491589958 0.9353072109019072 0.40382084721480094 0.8639820018517237 279 110 297
256 0.5706936650227338 0.8311399762288385 -2.233798385126813 1.044802557921635 285 52 76
257 0.5711040172873778 0.8309616770759657 2.0672839318538507 -0.8766591044753264 76 555 419
258 0.5568686652369393 0.7731834583846979 -0.10878755916796579 -0.2340578767435976 429 183 435
259 0.5625004863616865 0.7741996695730726 -0.2124902414614438 0.03493486212119423 441 435 215
260 0.5708696135548627 0.8308586174209952 -1.4386841332787639 0.4394135889678428 324 441 555
261 0.5537837982688452 0.8051103259927004 1.355499874868457 -0.4622534310009537 67 93 569
262 0.5708872293269178 0.8308733360776173 1.2118601440381203 -0.9688698256388791 52 569 324
263 0.25321105050467774 0.8467066651185226 0.38208389420034056 -0.7512011380371137 15 144 187
264 0.1492534058267563 0.8512697945747605 0.07641385614542973 -0.21254583093544 212 457 395
265 0.15331948702753204 0.8090255127409051 -1.4052283425503844 0.24647414559217068 457 274 589
266 0.06021018349651243 0.8861330244137837 -0.14627267244660125 -0.06359446962089788 261 578 212
267 0.3611648444659848 0.18836425014155392 0.38814068209762786 -0.1330665333780165 244 270 82
268 0.4770768036909917 0.5526490886470428 -0.09175378096193398 -0.038811001461247496 105 156 323
269 0.4774541631587913 0.538121638155095 -0.10345206757217396 0.13893344322224443 238 326 156
270 0.33024054645510825 0.9778162052734674 0.4034693466532877 0.09249021586587788 27 242 533
271 0.9176995750220794 0.5975306757591996 -0.46898647805711496 0.9021715358914473 516 277 505
272 0.8872319921878101 0.5510165578417706 -0.9090367098914752 1.3490337520832039 225 254 516
273 0.9178534138258246 0.5974274063493793 0.5641575881150731 -0.9375236939955663 277 178 430
274 0.7972147451131623 0.036202301392580155 -0.16703313433189415 -1.1365156256398388 44 373 344
275 0.7539550644099132 0.08312860344556001 0.14762811667567988 0.07648222610789901 489 44 123
276 0.11644415522719226 0.5773065849918596 -0.0014749399753844275 0.30334781371663033 94 68 353
277 0.05270774481748739 0.8797512485462293 -0.007139088105401203 0.05214517029977772 150 374 578
278 0.06682043906422763 0.7872492252909099 0.062402964740027045 -0.060158512199537384 563 175 374
279 0.2700808837550727 0.7929065664736104 0.016649998006300522 0.20254553849017795 32 208 544
280 0.2702377631396581 0.7928602639155351 -0.44383407448816925 -0.22148392775708922 544 598 142
281 0.7138485821383901 0.7078655533858286 0.173642191077239 -0.06326902318026795 559 463 492
282 -0.004902162722909616 0.7183593694490378 0.023983983465166066 1.72738790275807 576 495 234
283 -0.004672558109402782 0.7184904773423701 0.011403441700034295 -1.1572019830438998 234 122 563
284 0.24117185279575515 0.10528612117967447 0.7807597960736619 0.8459923443063873 389 198 59
285 0.18633817458780788 0.10196476377417038 -0.7546949668947958 -0.0539663178307872 216 169 389
286 0.3812613687173939 0.5295350454220022 0.036710614195333176 -0.28725571083582613 263 249 199
287 0.2423211412822044 0.28186472694555 -0.33806615423737085 -0.2553077239203505 273 356 84
288 0.35555498705867944 0.27042956426671416 0.20335855430153593 -0.2879947759437673 84 113 207
289 0.29062576144803837 0.14357648738952608 0.04754121957217805 -0.17601616206230908 442 223 244
290 0.2708477062359411 0.14921447418810377 0.05371147762667228 -0.16640981544135958 451 428 442
291 0.2285868666254389 0.2626261339009114 0.0052279292006574 0.2568887776110973 566 451 356
292 0.544041795808486 0.49851524923939927 0.03647823154651064 0.018677538682343453 326 3 355
293 0.780712544284232 0.6963950686686003 -0.11260118878975156 -0.08896145833880986 501 139 74
294 0.7833492159650015 0.6590749547438408 -0.10795661933848955 -0.07521622491513114 466 31 139
295 0.7328511482435627 0.7103366699481402 -0.18491016557829146 0.15887008108800976 417 351 501
296 0.7139300448642525 0.6988253080074845 0.07087895136266564 0.03527893773554863 377 64 351
297 0.8505471862469612 0.5512873087298107 0.10110815865105316 -0.16022365899315272 302 37 570
298 0.15838831493295374 0.5837332715948339 -0.10724282304211408 -0.17041680471299725 314 20 524
299 0.15568933479905514 0.5785727117545167 -0.015406631352632427 -0.0007376986174700839 353 214 20
300 0.6463490763967565 0.5782478776399491 -0.031988827212114934 -0.025253341431885623 416 519 283
301 0.6593589790621246 0.43831877647503953 -2.2389725638717777 1.0216583966888149 367 42 268
302 0.6461762072224839 0.5562756732202478 -0.027662697826835725 -0.010085971294260254 519 538 488
303 0.4310493548049744 0.5712143626654042 -2.1784733790676394 1.3433182522527884 160 595 298
304 0.6143002984315754 0.5951170564319882 0.020332371203357624 -0.051824902702612974 155 416 545
305 0.4315580735512321 0.5710120861853063 0.8906963068453801 -0.34842571113729864 46 119 105
306 0.43127785775617705 0.5710997265054759 -2.4896284214786415 -0.3422639528253266 376 55 46
307 0.4313174779852791 0.571086614087597 2.5712947938384687 -1.406813718258593 595 7 55
308 0.589830316059605 0.5774848884950932 0.05784178067069767 -0.013543572513485813 177 305 155
309 0.5401566737511162 0.5983696751002173 0.0210152013846443 0.021407350891955446 556 323 177
310 0.20878288140445037 0.7419842926670608 0.033566588224231975 0.062436593048498246 493 41 189
311 0.9656329328712896 0.6847844019156435 -0.01726482776187588 -0.004269169132792294 317 496 548
312 -0.004920762809073784 0.7180471386919919 -0.9033785057250415 -2.5447750644599267 495 548 388
313 0.9668095784510166 0.6810225305748422 -0.1385392610418583 -0.04611085548220269 496 491 130
314 0.24115914464973554 0.10522874330843661 -0.7659000180818958 -0.5650728291971193 59 271 428
315 0.18625145231081733 0.10191654394731894 -0.6807012724441134 -0.9726301074735938 287 432 216
316 0.18639766744687347 0.10198385458287842 2.3723870471549025 1.7345513833984465 432 437 169
317 0.18624773792624766 0.10182488945120993 -0.8693262051515626 -0.6459680290047927 437 394 529
318 0.21092829837786242 0.2698809092468129 -0.06132589193408311 0.2906363628929487 86 566 593
319 0.12420990947355899 0.7653776144916483 0.08840660286084032 -0.09478335366466632 175 479 266
320 0.14241013068768527 0.7768283086507373 0.22336020252063019 -0.2564726008473647 266 0 274
321 0.1620162944919874 0.4722633481731178 0.2087551082192475 -0.293705461928734 9 47 100
322 0.13113471494717713 0.458658457538667 0.5420145795647378 -0.11061328270163799 396 586 9
323 0.13109542267112811 0.45860060126889757 -0.5036427718979413 0.22559716365507831 586 508 115
324 0.17468108061480825 0.7177704847710153 0.07581524782973581 0.22786475484259938 414 224 99
325 0.10312807995051185 0.4458302048959677 -0.3472413123044912 1.455589948635874 109 357 508
326 0.10316041875547201 0.4456674774734526 1.3943700579935194 -0.27262984358673686 278 547 357
327 0.1030295237854184 0.4457288133269532 -0.9680799947483012 -0.9243460027453555 361 278 109
328 0.1403709238952028 0.2453378413827279 -0.25470586455939026 0.19429410831953153 30 185 86
329 0.13525999428571675 0.25072383170568946 -0.13018616740190225 0.05677253025332396 530 30 253
330 0.24128005629746688 0.10528406572162728 0.5343348775037571 0.1625442285736273 271 378 210
331 0.15349625359581012 0.8089896270776382 1.3857053087273983 -0.3179290650393691 589 387 372
332 0.25316799568450465 0.8463666047235653 0.09487157340718551 -0.26999142491415035 565 32 22
333 0.8342218839763361 0.3282567438465015 -0.0871176450558753 -0.11292990300285445 306 464 536
334 0.9915650794579617 0.3378231734514816 0.24482952748483555 0.0908161136570218 51 514 539
335 1.0281128635385972 0.36291527982565974 -1.2131783488478871 1.3054834700393956 423 539 480
336 0.151196026691997 0.7809614382549134 0.007977664188973943 -0.00570291591728278 296 493 387
337 1.0344163862816833 0.23425570876414223 0.20571492581898707 -0.37759006432750436 573 264 399
338 0.03441255452764739 0.234267420326535 -0.040684011196024605 0.3776254048446382 264 494 36
339 0.27933124707431684 0.094560780902713 -0.04867008913944648 -0.07432427902298588 210 43 62
340 0.8923748459782457 -0.05299560364383337 -0.11802172746044892 -0.1459180869883836 481 551 168
341 0.8993218616347403 -0.08247491922997201 -0.222307808145643 1.0098815619012267 551 89 557
342 0.8994082224072161 0.9174261221876253 -0.9893411535594632 0.28180214131981723 557 95 18
343 0.2841901102599055 0.062316273605221975 -0.13276269792187287 0.0026466821816855182 43 334 21
344 0.3303036699190618 -0.02213229901256733 -0.1441986047440776 -0.35400921425787335 533 158 276
345 0.32643219449226657 0.0393029561710832 0.04470063564090965 -0.008372462532296732 21 276 246
346 0.33155263717440003 0.042347344863466245 -0.08942445985093972 -0.09074846187007157 564 246 446
347 0.36156149735688436 0.021057377833777497 -0.17084451006676993 -0.03151785776811522 446 474 237
348 0.20997609275610318 0.2926619264581657 -0.03576620527523389 -0.03214753862418318 288 593 424
349 1.022870441242957 0.23563284303979165 0.18370819795943127 -0.015480543930079804 514 135 573
350 1.0049513772828436 0.20614040917998838 -0.22302863580210466 1.3621033184392852 78 143 135
351 0.0050232187344187145 0.20605276858371374 0.2596992733789596 -1.2450753853593919 143 502 494
352 0.8293646366524967 0.4244551104132087 -0.20103500790067882 0.1459633579368319 436 536 368
353 0.597897204214538 0.5301738081416377 0.5249602294424109 0.9982897955144011 81 515 440
354 0.08555318016151703 0.2402866835133737 -0.042340216826564164 -0.25636141152423514 549 571 530
355 0.5977460747362342 0.5303119784839859 -1.535189841203038 0.9486615106397414 305 362 114
356 0.7195837679493603 0.6215361861363188 0.6426300944319508 0.2631479443311775 283 69 38
357 0.7122901468682588 0.6998074305108324 0.17908078232126146 -0.027154327202592865 463 161 377
358 0.8639802999944831 0.5423176709520305 0.03917669955805225 -0.0982403965468781 570 191 225
359 0.7196178611965703 0.6215018458849116 -0.5865309060567583 0.06090941959786475 98 69 39
360 0.7265875204454284 0.571356334447047 -0.020854556276317382 0.17486407738465104 39 583 48
361 0.8351835498055751 0.5396873502746443 0.38141882326148124 0.042973938990664706 48 195 37
362 0.7250077232469662 0.3674131990990769 -0.049237869445724336 -0.3626758446621976 132 443 470
363 0.8053949879631198 0.9726815531396659 1.4508543524277604 0.8965665832423857 393 257 422
364 0.7196665987938796 0.6216752925052155 0.24495846615501474 -0.42749772744796233 64 38 197
365 0.7976831984823392 0.009339137205384034 -0.9952181236343345 -0.14301910590606806 373 174 258
366 0.5980186485067815 0.5301111053505065 1.3339011080334826 -1.2050832434601388 114 440 538
367 0.6745186326358622 0.5383116657244471 -0.14853487745325467 0.0822516256493433 488 342 583
368 0.7978196033488927 0.00935808048060979 1.177657810780611 0.16316205983280288 258 393 434
369 1.0203375927193548 0.5280796731944822 0.06829504357874772 0.05802672994881242 456 188 149
370 0.7595269839451274 0.36170066021951364 -0.08688458008609956 -0.15399819267014614 470 112 467
371 0.6596774651580639 0.43827022232961493 1.3246821781046167 -0.5025326731499902 268 315 342
372 0.8337795568554672 0.9509873034740869 -0.07242944810334864 -0.427704411529162 422 167 481
373 0.5368051570231458 0.6349850217904346 0.025728086328058453 0.011427291057852784 415 556 127
374 0.8292097754345923 0.4245224186683391 0.31518917960359544 -0.07829080763950644 467 436 4
375 0.47362346824687407 0.9734587861441144 -0.06816204545234683 -0.07385811441606993 282 118 597
376 0.40282908108847815 0.036267029283997894 -0.1531426041534445 -0.010143278578178538 237 282 590
377 0.719700050538447 0.6216731752378999 -0.2373978625429241 0.10786725453007603 197 98 466
378 0.8688383280628835 0.5328810350275106 0.08566496643991339 0.15864402378579223 346 385 319
379 0.8635042731902389 0.5353472041229174 0.06200113070523039 0.17208393052539628 191 534 385
380 0.8873722876701166 0.5507833666337394 0.8000952085277402 -1.4897673226832018 254 346 582
381 0.8436878199365895 0.5265453664709199 0.22991889850332292 0.2554093662260337 195 4 534
382 0.6596569195065574 0.4381539433619576 -1.1555234122849478 -0.1594853822465582 315 229 132
383 0.5978243661852284 0.5300824001605279 -0.23000962816370701 -0.7583846464611753 362 355 81
384 0.7249384542712237 0.36723335435387117 0.1593683815611594 0.19220553468582943 294 341 443
385 0.9544565561980097 0.9215629226608476 -0.06527215598597338 -1.4736082465606666 226 307 150
386 0.08555486576471524 0.24029644739853406 0.07619420570013652 0.43241313252162666 36 312 571
387 0.5671541789842741 0.9942191480169026 0.6511144402045502 -0.8472103215804646 597 560 337
388 0.9394771213792783 0.0019463203823392727 0.012962537293548237 -0.09712479674683916 454 168 104
389 1.034088572644004 0.48252397956294757 0.13117663136275048 -0.04369853298658022 366 154 188
390 0.03059128038157053 0.5378314714397742 0.014484007222759221 0.018532168161167206 149 128 581
391 0.06759159935883478 0.2513809760062778 0.0968463503836503 0.008866657408290735 399 549 186
392 0.575433954932922 0.6610674601106391 -0.011659582327405715 -0.01706923144495498 336 127 50
393 0.6117731277825699 0.6425107835730115 0.03140773474630265 -0.04855505372769464 50 545 161
394 0.6406113884822532 0.07469235068646844 -0.008281560853751202 0.09524917660153065 8 280 489
395 0.5672723988677767 0.99416334747637 -0.04571481766269328 0.8676529028182802 560 420 500
396 0.5910273154335415 -0.006582190153031544 -0.08745136594046077 -0.026781352482907472 513 347 280
397 0.5674018824245732 -0.005834004911428207 0.8313852888133788 -2.0295620984028067 552 500 513
398 -0.0018647817269192178 0.6373523000631377 -0.3569605326291512 0.12352720121067791 272 509 499
399 -0.007323288462183985 0.6710257089007321 -0.022162856272434084 0.03589701487449748 130 272 24
