212
0 0.049530860797742764 0.6283663048811676 -0.23233478699952181 0.041189575535061085 111 66 359
1 0.034474480038361385 0.6274235402300317 -0.7254854954633072 0.01649866632202901 499 526 111
2 0.7801780129466394 0.8137235222646271 -0.23600023497938327 0.2086189516276038 85 11 327
3 0.8926017297669513 0.8325700809389007 -0.18363266150733804 0.6552954233060571 558 371 384
4 0.910946796015194 0.8679498107188646 -0.21997545521235118 0.6352266039566512 468 384 182
5 0.9394091119678641 0.8930911562518093 -0.4087171871780537 0.3758058794711694 386 182 307
6 0.9194384236937649 0.9180212710318709 0.17083193817879483 -0.11348276138245517 34 386 95
7 0.06763208943434951 0.6958703510324453 -0.322106196576355 -0.17830398928164737 517 359 452
8 0.049013564888210855 0.7021686884803556 -0.33572730775977 -0.17559828799362798 522 24 517
9 0.06996746184490546 0.5935819117405365 -0.3327164984495701 0.11645809490368197 66 462 309
10 0.4007642253067809 -0.008153810587182692 -0.4538063702597128 -0.789953259403009 163 404 151
11 0.34732709637548037 0.9703593217388644 0.13854932826018462 0.010323053523109138 54 379 397
12 0.3736372617880993 0.9555645943490371 -0.03733406188366484 0.32019508502956207 379 193 163
13 0.8784200329371382 0.21699365213297278 -0.08507211046726582 -0.013192865550015753 10 137 134
14 0.9293476302602175 0.213702949595926 0.7607369654355489 -0.08335997205011214 591 35 78
15 0.9205501735944293 0.20936406829444654 0.4302697514252385 -0.23535712944527942 134 370 591
16 0.0467689228137437 0.061814258458116035 -0.0560398269455753 0.059686423858895665 133 482 599
17 0.1291398323862005 0.05183894666153428 0.08223882130842242 0.044496532847215775 400 45 394
18 0.5845871226651699 0.42552149332041805 0.21178643214159187 0.12163928683750491 338 447 433
19 0.6179970901202809 0.3868873710282697 -0.09534483619288991 0.01982898220620477 447 25 202
20 0.8097127858903954 0.13933274822002853 -0.0918561959134534 -0.0631321914884575 243 269 137
21 0.5042848377664091 0.2677400428982168 0.18018163315536295 -0.39921007020937704 181 6 260
22 0.599028805144407 0.3466238840788621 0.06673036637150354 -0.035374242424168756 486 103 25
23 0.5922653315451003 0.24766495787072895 -0.14833071437792 -0.28857269594728674 260 318 26
24 0.49149544878644963 0.20480305550008154 0.24407727020059333 -0.03471804996268979 349 250 6
25 0.5376374781261706 0.09171864789931372 -0.17634971712088277 0.5123446715493696 448 23 523
26 0.4594906289937975 0.11921330216020284 0.1727159165687553 0.12843706653775655 328 23 190
27 0.4644508101934947 0.1872131573547173 -0.20653318014152156 -0.21436726005408246 162 190 349
28 0.9637302702949466 0.7093172752200125 -0.14167010134458202 -0.270100905877535 510 70 317
29 0.9024147779822767 0.67652362483241 0.16465013970290432 -0.015292882238338024 402 518 281
30 0.8870275896044626 0.6545504837875532 0.12416961590877573 -0.255185039071959 201 77 518
31 0.9428608217382844 0.6697698419927159 0.04985683463298862 0.22773612370907692 281 88 70
32 0.9524813376871283 0.6558900482851846 0.20569718706120454 0.053608692832107785 88 49 491
33 0.9461571302860993 0.625290902578626 0.19369201034735717 0.20398097828888684 56 136 49
34 0.8542616421938586 0.8784736013579387 0.20214931326090202 0.1073818138574989 218 558 251
35 0.8287104862509636 0.8796614680496051 -0.47531712177306673 0.11933318326551312 483 458 218
36 0.8320711224610206 0.9409688231846937 0.05213361686795537 0.04230046313224989 459 284 167
37 0.033040477175047336 0.9901795743067507 -0.23086285695639308 -0.034500101386836235 104 299 227
38 0.10530785430899414 0.7157937343169498 0.15721271715007923 0.27347897522955744 452 410 479
39 0.18469208615398106 0.9477790738836102 -0.16289413359849014 -0.20970221670246758 596 232 427
40 0.3880019306673186 0.8961828643208074 -0.48207610941347623 0.38573768398192376 193 80 13
41 0.3760655734085058 0.8400214696821274 -0.36245054665928755 -0.3642029136607938 184 240 79
42 0.41529416707354705 0.8968179876967253 -0.028956231162835522 0.43473561035789476 404 292 87
43 0.3980744420268737 0.8873266480421369 -0.29723197791931 0.2363685771417101 13 79 292
44 0.5467287154180355 0.7093995886799536 0.2682531793918308 0.3763479279952908 540 587 183
45 0.4953111614762393 0.8467142351002832 0.5527918633257967 -0.4783556838833247 304 72 67
46 0.48237888631967396 0.6584005268044335 0.08212477711766475 -0.12501066223857826 255 415 567
47 0.9352309668467697 0.5399172743502052 0.14812356688431727 0.06502774152483681 301 335 550
48 0.9693252298676078 0.5684544346347234 -0.3664292907296085 -0.3536910299362095 267 153 408
49 0.9653177480365464 0.5469756398181909 -0.24025811548589182 -0.08107179233496353 550 456 153
50 0.6275301763239657 -0.008029768802100023 -0.18117557940011686 -0.634058201429144 347 29 507
51 0.6591161334706155 0.956588528886155 -0.20568685296651346 -0.24286309283083618 507 297 531
52 0.32867414747832696 0.29055736055418635 0.21971803612630403 -0.44960702660912233 113 82 572
53 0.49096380038105464 0.86353232975623 0.4418454459947929 -0.01391519469096103 121 304 460
54 0.2313646158800463 0.6088123802054431 -0.2908307900062468 -0.13331061046728543 524 125 471
55 0.4747235058020255 0.37864287742067004 -0.1325098383450629 -0.13662192644564586 207 473 497
56 0.036893541292781475 0.7203105355344831 -0.5001992205849737 0.2154006174814871 122 388 522
57 0.8560275005888237 0.2673620165317284 -0.04996481162838906 0.2761105380791329 236 10 262
58 0.504688666432717 0.33124445941963077 0.1696489893010522 0.047575376971309424 473 96 486
59 0.491133355215968 0.28547654965635205 -0.10768354090362475 -0.006295391638544423 173 181 96
60 0.9846912097701779 0.5793333567463816 0.17402866231419623 -0.03231848157148054 265 408 219
61 0.023142852796115054 0.5599770862903176 -0.022088746109982793 0.03399707876328151 219 581 462
62 0.47924711661804303 0.3928588983560052 -0.0022677196925835474 0.39622429729574415 233 497 421
63 0.5370549262995786 0.4277684904217405 0.22860016796188987 0.43270545410645234 421 338 3
64 0.29372900053723655 0.7475948493945395 -0.41822275434477696 0.2806289606943624 598 252 1
65 0.3440044795261647 0.6281079768947032 0.025159301725308225 -0.01702441035367208 117 308 476
66 0.26042522518749156 0.6467246288272064 -0.04191975828959915 -0.09928293985550507 159 471 117
67 0.37160852070742156 0.6565521116459521 0.29835491022200955 0.11121602944141884 476 332 311
68 0.3720335713271541 0.7025250423432783 0.2706666241830691 0.2368712625350211 108 311 63
69 0.23629521635776626 0.012111719041861202 0.34562327652643 0.4853136378879519 124 403 334
70 0.6773457256149824 0.3612096690597992 -0.048354089829394375 -0.14108806380142003 90 120 294
71 0.6610241521202576 0.4251274700602066 0.18165159237915063 0.38121178158601055 42 343 229
72 0.6505325030934751 0.3924414842881819 -0.02874485718895592 0.025397094843837564 202 90 343
73 0.5900212961311084 0.19963987065230235 -0.3211208625397699 -0.32503884792034476 318 503 146
74 0.5455313664306648 0.1760984892435265 0.32704755917323247 -0.008415648213022653 250 14 503
75 0.5501820756039792 0.16261303882385544 0.43212471552422915 -0.40320580103891945 14 448 290
76 0.5353451604917776 0.0217750168611064 0.5433472012594809 -0.11647680875359612 337 552 192
77 0.5480230716814203 0.07764469874517983 0.14181766039289556 0.1180036329068157 523 192 116
78 0.5613308350768716 0.15826743013673317 0.4550500093056242 -0.3511430441555108 290 329 230
79 0.5913349916648307 0.09073257909844959 -0.3855845975841987 0.4191391803076705 329 116 203
80 0.6402407882229428 0.1558740296192841 -0.022968078480789522 0.4329854136689293 83 392 506
81 0.6090908330403767 0.16804375490543633 -0.5654141814470659 0.2926319978002745 146 230 83
82 0.7187880881137595 0.1723501636607105 -0.36846067447138253 0.33191970144619276 222 204 574
83 0.6479442277003561 0.14324998035303868 0.10985000964414127 0.2777811987375589 392 484 204
84 0.7759455352816048 0.1610546042460506 -0.5403075882537411 0.3778289767858434 200 574 407
85 0.7895670955050231 0.142609800970222 -0.3652658144698284 -0.008667765463710175 407 123 243
86 0.6292653843998036 0.08273687303890687 -0.1421352306685275 0.321292714655641 203 8 484
87 0.8457542053857432 0.07281438391222585 -0.42010322165442204 -0.33310346911341604 106 61 165
88 0.8183132805238321 0.1033167025662015 -0.06414394015941127 -0.6364655628920968 269 12 106
89 0.7998335136310069 0.024403349956672434 -0.25946495334217 0.44185700411036866 239 434 61
90 0.7823472149506638 0.04108359259853158 0.31251887917804755 -0.2364963551382271 344 239 12
91 0.618305893118319 0.26222879481175865 0.3903229784524287 0.11584643973272524 26 101 364
92 0.6546088674001236 0.3085728958218914 -0.004760770597189712 -0.07024669838873177 562 380 120
93 0.6327992627899428 0.30468419032535804 0.03354007800659975 0.008578165261452497 103 364 562
94 0.43799045958048455 0.10553458528872119 -0.2621912485734068 -0.17740297633683788 126 590 328
95 0.3575000934751459 0.12861199770214096 0.1155873733532653 -0.08014219669838507 478 383 126
96 0.9759616546614602 0.1177755961983093 0.2879149429285688 0.32206376628096667 370 295 504
97 0.9734522185069645 0.08683912002916157 0.27201532692977537 0.018376681773513148 561 133 295
98 0.8924103650266169 0.7155672158107439 -0.0334064276241719 -0.15610292711243368 455 402 375
99 0.8925573632187732 0.8173221894093397 -0.1678288294795771 -0.07179795490780405 19 568 371
100 0.9273980972522249 0.7499652748249087 0.04625234570343473 -0.4513038290299143 176 375 510
101 0.9305015819631567 0.7832598555240529 0.16164634492055185 -0.267858232816387 568 176 576
102 0.9032450350680911 0.6282665250180779 0.2838248976122504 -0.481357952455963 77 505 350
103 0.9298247282518324 0.6186273782193847 -0.5184426360438366 -0.14491354470569373 350 430 56
104 0.8702260642635271 0.9020663703003917 0.2554140971638974 -0.014376454887665702 251 221 511
105 0.8671030741394101 0.9201873804283135 0.24538327307588315 -0.12288699433038452 284 511 438
106 0.8859897222132342 0.9273026078331432 0.1613160865304719 -0.1454745632983867 438 588 89
107 0.8931020192316708 0.8981052454671592 -0.13949526117551514 0.2522560063611401 235 221 468
108 0.8988851722198731 0.9142230691763207 -0.05588870963246784 -0.04760736561915113 588 235 34
109 0.06942024964724379 0.9201642261092815 -0.1697193732774771 0.541894893194006 469 261 439
110 0.08647083472318683 0.5077339134610328 -0.3956064722338004 -0.39653436680053833 57 53 340
111 0.08579693679960983 0.5271699968242005 -0.4391139542259115 -0.2439444844043459 128 340 68
112 0.04705648292789593 0.32943133852429735 -0.28563880115350937 0.5344244956295707 194 480 196
113 0.12282526863043332 0.36077040027563523 0.027994583734480827 -0.04896736419124359 97 275 286
114 0.3571644435886472 0.5870396844350521 0.16469263886681462 -0.1879491177275705 308 179 527
115 0.37449719994755787 0.2662858225330847 0.2481922965757999 -0.35918563401349246 572 444 173
116 0.28200053096942623 0.42428031269689714 -0.3528364773963677 0.3411672735986748 205 405 475
117 0.26097090982217097 0.5343125050703867 -0.5305428558283198 -0.04023894828453223 585 75 164
118 0.11816754639336619 0.3347966547406413 0.020156848759556034 -0.08728227654519749 535 485 275
119 0.9652228073091187 0.4353329262939969 0.21962600904590346 -0.11635987694214034 211 390 366
120 0.3831570566450285 0.20712428632515617 0.07405493648859895 0.09317083007887028 444 220 162
121 0.1795554745510558 0.9339759013024946 -0.3226225965199947 -0.6675585497578629 395 449 232
122 0.6198442133455822 0.4781973617401383 0.04229704954339386 -0.24412799767836724 515 433 367
123 0.45194884175457206 0.4903338361368001 -0.10355410487439265 0.26920779702677144 382 592 238
124 0.29952688187686977 0.943541363943001 0.29438100741796536 0.06324945185653963 242 528 54
125 0.45532352039430757 0.8939480894924271 0.11292905360837935 0.3592000738517065 87 121 118
126 0.38518483423896893 0.788384387195156 -0.2200260224016759 -0.3261489127381889 240 92 333
127 0.41618909439630336 0.7594654364785592 -0.2623916819932681 -0.21730327121050053 333 256 520
128 0.3361092484223506 0.7486941762419678 0.4424375667916314 0.15384645155047671 73 108 92
129 0.3845904085867863 0.7088146268372333 0.6345909499272384 0.4472623067047765 63 170 256
130 0.5874043822816684 0.9297817224763011 0.41889550404794473 0.20080418924872667 577 279 29
131 0.5461684835235109 0.8812260876549629 0.28126813308992915 -0.060628472381418774 460 285 217
132 0.5704069358779407 0.9273662718204341 0.06302338824426545 0.142772206557229 420 217 577
133 0.556962639316199 0.7021787408840516 0.4242575669249904 0.19790195662783283 587 336 107
134 0.6538192894720196 0.7544894116734796 0.04319772213545736 0.12491459186469989 320 559 247
135 0.6387818911052225 0.754547012035219 -0.5929748381552913 0.11837376981405079 215 107 320
136 0.31008820280284166 0.8203195028898427 0.09926682115191099 -0.3933014604967644 381 5 184
137 0.340551828047763 0.8996900368647042 -0.743892024368531 0.12527103382398153 391 354 80
138 0.4906408224478607 0.7950303234464184 0.3977191007087377 -0.1547340547358722 401 166 72
139 0.4605431763978147 0.7571936897478 -0.06258732490604935 -0.1148631759151364 520 411 401
140 0.5392528297409619 0.7757816697901031 -0.47604748337759517 -0.13592367092973845 166 537 248
141 0.5051263396356516 0.7118631351535811 0.5716719438109141 0.38345038984310964 322 540 537
142 0.7059834714739324 0.8729294589471266 -0.019657176927867503 -0.28264635458519205 426 180 141
143 0.6546108038672696 0.8658334339772105 0.24026299387525096 -0.35432808596913556 300 358 426
144 0.7255414476015827 0.8215855219681075 -0.17785546785331618 0.20807812972645223 180 554 85
145 0.6647407228203719 0.7778550771136794 0.27400188506998546 0.6715903309167937 358 247 554
146 0.6337114617287416 0.8779797517474373 -0.114552909172283 -0.15450962974339344 110 419 300
147 0.8016101243528383 0.9103353179416674 0.038416522046835766 -0.43152040066218866 293 483 316
148 0.8034992759118873 0.9268366509632382 0.16065629833417194 0.23312837181543866 245 316 459
149 0.7750998776578342 0.9626051910857856 0.3848204380152431 0.1755837794603643 445 245 257
150 0.7419071048360666 0.9719176399263186 0.3821948132975983 0.08865885456343925 412 445 174
151 0.7128130566127734 0.9489321150442538 -0.018142660290765278 -0.22115140205225536 531 330 412
152 0.7925855421695106 0.853704917908737 0.07852042835376771 0.5274591596826639 580 327 458
153 0.7762884063875465 0.88714810704349 0.18532733681020375 -0.07904726734286882 140 580 293
154 0.7231305437199803 0.8949189858184743 0.1873007492159129 0.049419050449084345 330 141 140
155 0.31591275080372033 0.7553807086199331 -0.08366353443367558 0.3504366810624937 5 1 73
156 0.2930903020729921 0.8259959135771541 -0.17903639924765624 -0.30495092354088094 594 142 381
157 0.5683292470015948 0.7876601672987725 -0.2644878201868428 -0.04160361846694549 93 248 429
158 0.21249379487230058 0.4707148494664207 0.013607928325831686 0.25060262996701166 231 205 498
159 0.18839440545901504 0.4662965036850346 -0.3909856948619561 0.14560213416892065 47 259 231
160 0.278573217441509 0.5307734041538343 0.2349398807444114 -0.2099696753271596 164 363 289
161 0.30785218022088023 0.45582333256784524 -0.02985904197505551 0.4104762817841445 363 475 331
162 0.337009973883093 0.46343069653802266 0.5376357446046365 0.4510683791758563 331 369 249
163 0.8451740095238348 0.27101202769667654 -0.41967437164336374 0.3929939771177282 490 406 236
164 0.7379056295336923 0.27193276700579194 0.041259552371886166 0.03903131637339463 512 58 418
165 0.7617139606344786 0.2530882500022923 0.3475074186742866 -0.1582350445117342 58 200 406
166 0.9052595148977772 0.3323045344054984 0.19800835485139778 0.23893644250649881 409 51 172
167 0.8894592011769326 0.32665289412144727 -0.3645194208978797 0.04574353673625353 464 262 409
168 0.9288960693110477 0.43576832438081 0.1412933665900784 -0.215430678851547 345 172 211
169 0.34693688262363415 0.17541257291190568 0.093048338478674 0.15921578014332916 270 478 220
170 0.8247661401607267 0.7231727373470708 0.10868746111447614 0.13694431977295807 91 74 455
171 0.8375760299634706 0.6432430483247897 0.1906019030106787 -0.17877880356675924 31 302 201
172 0.9864508594672152 0.5974157820282734 0.2265001228241026 0.38545693581415463 241 265 526
173 0.9776815268091057 0.6116322102841436 0.2670047939690168 0.29843228409320854 136 241 509
174 0.44944686240095943 0.6064471704937493 -0.3015185318436253 -0.6265823453838193 298 376 398
175 0.4553216116665181 0.6419784142841913 -0.29375032961631575 -0.2966752274402573 332 398 255
176 0.21701090327559433 0.9521449055216292 4.087251370687994e-05 -0.3064946525743739 427 15 525
177 0.18207373414972855 0.6956498804253234 0.3257852487781321 0.19286105906735074 99 129 41
178 0.2523306404301901 0.6647383653469069 -0.28854229422448086 0.4668000493091018 129 159 325
179 0.26277613930490085 0.7117587928661626 -0.29322064637460343 0.4640961684398981 40 325 252
180 0.07154262377217814 0.08738291577807202 -0.3559490837495849 0.08243697079135526 209 599 425
181 0.09819569572283394 0.08864897698889894 0.11690978012068864 0.06848533649905786 425 400 171
182 0.6685452481971725 0.2231628844342747 0.08078727652127693 0.007842456545281706 16 506 584
183 0.651860800652244 0.2500081459459722 0.20486833202104648 0.28138668062283045 101 16 465
184 0.6940204640356944 0.22521707864597618 -0.06631610850738046 -0.1238243660384164 584 222 352
185 0.7173218053029953 0.2649974057978385 -0.5014441945005998 -0.2111146431282851 313 352 512
186 0.675185240880095 0.2798457760800996 -0.2558168447908127 -0.30781806478752394 380 465 313
187 0.31593378368116404 0.1109752817861782 -0.31197795978543663 0.01795254118974743 223 62 477
188 0.34403831046868705 0.11183418429358742 -0.09498309673505734 -0.21146486783862883 477 564 383
189 0.9237119098198932 0.043696299560570015 0.06458055010899466 0.03658045793358822 165 454 561
190 0.7531591257711289 0.7418199486081938 -0.09449267687755558 -0.42597647249842385 492 417 365
191 0.7932847790578639 0.7882524109386408 -0.16066758617983012 -0.17553731697372843 11 365 348
192 0.8125839160988626 0.7820025384526814 0.1663003568186383 -0.2674139513991758 348 91 19
193 0.48852246592872584 0.7037402834821337 -0.057315403811930565 0.01909750135808963 541 567 322
194 0.4751218409353067 0.713057048372139 -0.49199724606874273 0.3316837599715017 411 170 541
195 0.057288908690794144 0.00863105298367841 -0.05463610674993902 0.020889959206904507 482 227 65
196 0.10047020405399068 0.992232721471829 -0.4065536789166213 -0.18200112007760172 65 439 228
197 0.11582161971261612 0.9985747651563914 0.12353373081419594 -0.005187405019424496 228 596 45
198 0.03117863682973806 0.9699649136537337 -0.24634737097462 -0.5784608680947656 360 303 299
199 1.0069899575325536 0.9485499922866083 0.7549116498584141 0.09977571061026147 213 553 360
200 0.04577023321382829 0.9376272594376911 -0.5692378252791785 0.5885356476470482 303 553 469
201 0.23668278333030515 0.975545386174624 0.33910755904698053 0.11859809592729142 403 525 27
202 0.2182138330837602 0.5047594979558478 0.05638884428837976 0.3819796569326517 157 498 75
203 0.10165296964811177 0.48079608397410334 -0.25653061723474035 -0.16131016036813328 53 102 396
204 0.23616826802323954 0.5604568813569656 -0.24774228987722857 -0.2770672830054721 125 2 585
205 0.19606916111850645 0.5342308767224291 0.4382509754402575 -0.224936283835242 575 157 2
206 0.17159540199101814 0.534911056298203 0.18876719111438067 -0.23394840717450016 214 100 575
207 0.13477136498857434 0.7079836866197027 -0.015610999298809602 0.4423227274036323 410 414 339
208 0.1564668460750828 0.7750891844884759 -0.29815212278239134 -0.10766321931199307 0 339 296
209 0.07955025803308821 0.39831228035060734 0.19818794452786115 -0.09309965472159565 461 97 547
210 0.04762177509355155 0.3857666640435912 0.00013304496393473642 -0.24523887365290875 131 194 461
211 0.07445002066440869 0.4538356422849776 0.2554322378611751 0.1748625428482642 17 361 102
212 0.02731571786451186 0.4712900678195242 0.7901214092720377 0.215697509159396 154 17 57
213 0.20429047863071076 0.31337716925743253 -0.5880095358540283 -0.02856904157688689 28 543 288
214 0.2744007409326844 0.3758485797860482 -0.5277430450978393 0.17501268351205468 521 206 405
215 0.15997303410904756 0.39183815367336217 0.25632970676592315 -0.03295653576429469 152 487 521
216 0.1459643817492152 0.3675113264001906 0.27261699148128926 -0.09341146467445327 286 28 487
217 0.06412915666670375 0.31021855503997825 0.0073799934913187926 0.19074133071617094 196 186 535
218 0.16891215621668362 0.2905736109531328 -0.09759313704393868 0.21598131408340215 485 253 543
219 0.21323954692394162 0.05596303039722507 0.24400508211175342 0.27392801360548447 529 124 60
220 0.3859363150911104 0.5789654410545777 0.7193259120297224 -0.2982710831794799 527 291 160
221 0.44321321684097614 0.5647235892910409 0.07545692560367856 0.39061411483826136 7 542 119
222 0.42571688941632807 0.537651733150609 -0.16398994211186402 0.5607312284633403 291 138 542
223 0.3503057421407273 0.5749345008910454 -0.047338758087100974 -0.6048737150043948 289 263 179
224 0.25644782750378625 0.8393439246797307 -0.38239780716931016 0.18744364359279952 71 22 579
225 0.23932585768172704 0.8627128249640448 0.18972524593041662 -0.5624385651659125 453 71 144
226 0.7935802801771759 0.3389749512036351 -0.3110348367751925 0.08622413165404463 112 431 145
227 0.7445490575622965 0.30368349727926164 0.06821129841516615 0.4482266183214456 341 418 431
228 0.15179747839874594 0.4256044039584405 0.023760368325631553 0.2459177486646702 115 152 259
229 0.8187312358667196 0.3336164343671272 0.20589572304052783 -0.10550735285441704 145 490 306
230 0.9776229738574539 0.4153332457163991 0.4884696279405798 -0.5348301763269392 390 423 131
231 0.9230307268092994 0.5566417823061298 0.0939922070730681 -0.00011601379579229132 582 301 321
232 0.9310783862545149 0.5704546055012664 0.09755322903648445 0.002213636912662409 178 321 267
233 0.09851041516152913 0.588872432214486 0.047022775603866585 0.10676044770452364 309 94 450
234 0.15125657036023094 0.6661618541215852 0.04010222952322007 -0.7146872205154864 450 314 224
235 0.973512645295428 0.9383441723700968 0.05875347292016997 -0.20586692350832436 18 226 213
236 0.24990690477353683 0.0952672983992751 -0.12570441944304012 0.321534123284839 198 60 378
237 0.35060100317599485 0.9936748998783144 0.05537574600256168 -0.07330461029853019 158 397 148
238 0.40066220523630564 0.007975990369470217 -0.4918484512034249 -0.3888515905103862 148 151 474
239 0.02332484087174329 0.14248920492767336 -0.09635455558432149 -0.22437093155636134 504 209 310
240 0.028017781688888542 0.17819039899519756 -0.45928113898835443 0.13710510834291645 35 310 502
241 0.12263491310123166 0.13420137233698964 0.3320907125681227 -0.19494876754566626 472 171 287
242 0.12026216719016858 0.14996225558265305 0.2672889021226865 0.25153189288362743 312 472 185
243 0.8860077278394949 0.4532076644985622 -0.08957120288533016 0.18817524587155798 319 368 33
244 0.9142026057788184 0.45360603650181597 -0.12755548527143556 0.18580172019000418 33 345 335
245 0.44307442896173366 0.44706581452060856 -0.23296156878571672 0.29989661518015076 369 233 592
246 0.21892681822479348 0.7528285344422969 0.3823042996758952 -0.0334157354564546 189 40 208
247 0.19040944595044995 0.8442457273010826 0.12529811146966274 0.25811001704012515 372 532 449
248 0.21872021463944916 0.8420779278715935 0.45507356494223217 0.1186453161411416 532 565 453
249 0.282549515392326 0.35066968468692694 -0.3599768995041219 -0.33232707072339274 206 424 273
250 0.42543086776006694 0.5152497126998666 -0.2584743009903523 0.3461992401088132 138 199 382
251 0.30455482689752894 0.9252283124931819 0.42361579244420966 -0.6061357415987345 528 413 391
252 0.29908897364938913 0.8827184050745216 0.37573335449903045 0.6345978884741976 147 354 413
253 0.2843314167784864 0.8391268969903967 -0.45606032041123346 0.17589794724937047 546 579 594
254 0.28404501325882126 0.8663621167081237 -0.2686716370214892 0.027608369757015083 187 546 147
255 0.6277893580770737 0.9065262348369483 -0.13322164517381996 0.3676330958407581 279 110 297
256 0.5783534722128258 0.8543826296840006 0.3102190480192002 -0.12856466169441916 285 52 76
257 0.6151560445769707 0.8628861043716097 -0.5901698518773202 -0.51458991998099 76 555 419
258 0.580626334082098 0.7768787021330152 -0.2159598645745664 -0.061931594227959685 429 183 435
259 0.6079974451389325 0.7816875774920897 -0.3228344567368646 0.16298006937087717 441 435 215
260 0.6032602747584752 0.8349370065349923 -0.49356583577131463 -0.30496964814608063 324 441 555
261 0.5662195058230786 0.810963695371049 -0.1861786346618599 0.24242923848949438 67 93 569
262 0.5809304164395885 0.8297407645999817 0.25346102126844183 0.4357907881780143 52 569 324
263 0.24435559611205038 0.8784334625048739 0.3046060362277281 -0.30614068294299024 15 144 187
264 0.10531091460166972 0.8765413817985711 0.4764267820533963 0.0031570558667315396 212 457 395
265 0.14412504875032445 0.8343113265643264 0.08882973384638504 -0.4016596007183626 457 274 589
266 0.07933348448888865 0.8798754164985604 0.0017484597103489818 0.1844311370291507 261 578 212
267 0.2952118965837806 0.2033944429896654 0.3706745368980968 -0.04021022056988066 244 270 82
268 0.4873574066842386 0.562517654394318 -0.013303585316704059 -0.11468709489037554 105 156 323
269 0.48690706005330825 0.5141934410427281 0.1706022038916455 0.2731766840513572 238 326 156
270 0.2523156867343963 0.9737201875152477 0.7219432617694421 0.06644565002378311 27 242 533
271 0.9001015410766233 0.6045389879785942 0.316815102971435 0.08852452312857473 516 277 505
272 0.8685905042205507 0.5789239648718201 0.39206618732828824 -0.2565226977016555 225 254 516
273 0.9185638101547803 0.5993090738889546 -0.05995723570406675 0.21861865200090147 277 178 430
274 0.7444845330026744 0.024007175876438906 0.4613865695751729 0.11560871635007963 44 373 344
275 0.6984196811963319 0.06408823402866222 0.5131755284604189 0.03770379911061106 489 44 123
276 0.1101687259497171 0.56698334061359 0.007906060181528396 0.016449959103215228 94 68 353
277 0.05261232478460535 0.8564168457226505 -0.08260321419928385 0.1526484168234976 150 374 578
278 0.05366708175203899 0.8277504468653336 0.02858261058391598 -0.42863795811365346 563 175 374
279 0.24292738366256147 0.781234830536319 0.23813106417303054 0.17185320146106964 32 208 544
280 0.26111485771457155 0.7801755688973526 0.28223112388814364 0.1720083978029585 544 598 142
281 0.676709960832075 0.7255141328631455 0.2832946113806578 -0.003309560958619784 559 463 492
282 -1.5933000406412288e-05 0.7873849501457748 0.02502700199857877 -0.5997736196583503 576 495 234
283 0.03214781145020885 0.8036528379907025 -0.16900367980077213 -0.7039057711710761 234 122 563
284 0.2261475629059145 0.14485157860009443 0.045501900511335513 -0.5367267096045847 389 198 59
285 0.2000960850688365 0.1291194816222307 -0.5388679294449084 -0.5230792115423766 216 169 389
286 0.36931782719008727 0.5169701209541939 0.17168904353770387 0.06318343348521438 263 249 199
287 0.2906015451209563 0.34334764604274504 -0.17982128182325585 -0.463910570201731 273 356 84
288 0.3134469089923284 0.3380416203827998 0.3013151204239728 -0.48170251086554483 84 113 207
289 0.254695035614829 0.1801063208115697 0.5315165521255216 -0.210078515174017 442 223 244
290 0.23988040887106551 0.18070483635814633 0.32844595793113385 -0.17958510130366978 451 428 442
291 0.2264555257876268 0.20239804597334776 0.025054054924450453 0.46225533010743614 566 451 356
292 0.5436304608036446 0.5047783274384848 -0.2666081185681568 -0.2412491761916158 326 3 355
293 0.8023174422007244 0.6991566421112656 -0.1710850374564421 0.16452881036743694 501 139 74
294 0.8038019269213137 0.6684362492313443 -0.15721247637046076 -0.012906238230914191 466 31 139
295 0.7582265295049482 0.720298002969988 -0.2733680570105035 0.2161511865328425 417 351 501
296 0.6874107590099809 0.6959112970568947 0.4233699918421152 -0.1772219109311135 377 64 351
297 0.8384951657990468 0.5889375504458618 0.016831076116163857 -0.2054347563590353 302 37 570
298 0.18033725615709129 0.6123017082601494 -0.07708716373566737 0.01222729764660535 314 20 524
299 0.14603079932934207 0.5665242785759405 0.22928862211668566 0.03558263197978029 353 214 20
300 0.6499576565208824 0.5839188648984517 0.06296752598500266 0.04376544612827438 416 519 283
301 0.6401302338605379 0.47050472867684595 0.4660488658186912 -0.3694352070787721 367 42 268
302 0.6486073555877445 0.5566830716917688 0.05021285262585273 0.05493957476454536 519 538 488
303 0.42473923924188983 0.5849445491174523 0.5779611410988705 -0.07962914667924981 160 595 298
304 0.6160541008385566 0.610167996556622 -0.08396001602295478 -0.1080775892392527 155 416 545
305 0.46766122218737327 0.5721337586077537 -0.6060177602795758 0.10742745304437307 46 119 105
306 0.45311791874110763 0.5943223549186981 -0.29032908230308685 -0.7161475515035653 376 55 46
307 0.4398308339933337 0.574105786938162 0.07573610107114437 0.4798743052231158 595 7 55
308 0.5599317689016761 0.5781384085066719 0.3693952015798585 -0.008615282098833887 177 305 155
309 0.5380741251236111 0.5878398605104378 -0.08156469735731697 0.14278046280014056 556 323 177
310 0.20275510566360333 0.7509791762797282 -0.07315520376971474 -0.12524023935978068 493 41 189
311 0.991811632141684 0.7056094378649239 -0.23033944474004642 -0.1785093614592448 317 496 548
312 0.008681923519647364 0.7216828918069318 0.14377488123662463 0.25342128118222007 495 548 388
313 0.9933285426027414 0.6647361318630308 -0.15376248330145614 0.27905569018743526 496 491 130
314 0.237851865010099 0.16683170325740862 0.18162152094769457 -0.7557197057375675 59 271 428
315 0.1561574832192519 0.12357838765595044 0.7802078899610265 -0.24347452803885616 287 432 216
316 0.1858351890899063 0.09670103253823956 -0.22449384157186003 0.5932872994968141 432 437 169
317 0.18922323299684005 0.06733341157827069 -0.17942433996886997 0.3158174863987506 437 394 529
318 0.2227719830042727 0.20401593905904222 -0.020081043772268714 0.47920471948209586 86 566 593
319 0.10978468351380209 0.7754561834899683 0.10227172338173052 0.10314766679675458 175 479 266
320 0.1332599110249899 0.7862602642001861 0.21395995877804275 0.12497420563695183 266 0 274
321 0.16351960813244326 0.49128237486395426 0.028836446425151152 -0.23822901082382053 9 47 100
322 0.12964627692579064 0.4710494301296143 0.026216480028540268 -0.1515933458623442 396 586 9
323 0.13365179703067562 0.4353808759793656 -0.19803803527618236 0.2608024504691109 586 508 115
324 0.15375093720679822 0.6853753334304591 0.16829306490051543 0.1150117629605818 414 224 99
325 0.10487963912518315 0.42767763120882013 -0.8532645159875507 -0.05370147833361205 109 357 508
326 0.08673534680425297 0.4161607988720062 0.45924661642993136 0.6076426820045278 278 547 357
327 0.086552143016473 0.4318807151485186 0.5037160775295257 -0.34767791735890174 361 278 109
328 0.19879648989046125 0.20118375827825036 -0.49406974067522924 0.3315778401846714 30 185 86
329 0.16054411390989762 0.24599682179714566 -0.15060072841577288 0.046330907166325375 530 30 253
330 0.2774256915859437 0.0994595636705242 -0.5759096883412029 0.3182930780054605 271 378 210
331 0.17357440987949635 0.829496497737905 -0.28455519295034204 -0.17808382685169377 589 387 372
332 0.23788905813140349 0.8249712999460062 0.1592958792651089 0.2836065826627987 565 32 22
333 0.848124036721863 0.3560851743913211 0.15396114036447806 -0.19622924049556012 306 464 536
334 0.9513693503197468 0.31222180623050566 0.05951388132308111 0.1846669768490461 51 514 539
335 0.9839785666762666 0.34792689526886345 0.19118504349102672 -0.02513539029691536 423 539 480
336 0.17119290493894404 0.7817322571569014 -0.14512905738284232 -0.11076386231823054 296 493 387
337 1.0094470650463805 0.2590904235873477 0.41858000052186206 -0.26701299019049607 573 264 399
338 0.05257958399448055 0.19661426477260308 -0.4750683867127403 0.330746540572191 264 494 36
339 0.29847288026542085 0.09045141504806567 -0.17992411449618828 0.1593283813910995 210 43 62
340 0.9165020512357498 0.01472353088571466 -0.16464695041379374 -0.5825101422052281 481 551 168
341 0.9186219176293283 0.0032596208449543057 -0.11742015953303264 -0.8238506203628315 551 89 557
342 0.9430692180740023 0.9559888057271999 -0.12289957593281109 -0.46275551307539686 557 95 18
343 0.3012047323358814 0.06075351232984655 -0.082685255864412 -0.1923301705397673 43 334 21
344 0.3254569989921419 0.014717342731999188 0.007993684880691632 -0.13722558020456965 533 158 276
345 0.32845538112428707 0.0409602943287157 -0.017513410860425793 0.020302290404394796 21 276 246
346 0.36026499496883546 0.05593999501588403 -0.30448780233283124 0.05859275425956767 564 246 446
347 0.41128730847200434 0.028300012148563276 -0.39570741926231445 -0.0894183161542772 446 474 237
348 0.22881276577616771 0.30921778345091827 -0.251737656414841 -0.2208372266304659 288 593 424
349 0.9678748151055815 0.2602872796203401 0.41501668334581465 -0.03440306477198174 514 135 573
350 0.9641407671333823 0.24758346198709208 0.3420078636962032 -0.36839949528466587 78 143 135
351 0.03636051513770032 0.18895528161981018 -0.48517232089512197 0.26701275183949047 143 502 494
352 0.8568825450028562 0.421476655091606 -0.4563548434977083 -0.2986108055269554 436 536 368
353 0.6110593663806456 0.5027769128160622 -0.15269711328702584 0.28328045569014915 81 515 440
354 0.09094095382128341 0.23355712120437544 0.07634675738832364 0.139044056823856 549 571 530
355 0.5682245350693912 0.5599396757545394 0.4620225549367696 -0.24307600689221776 305 362 114
356 0.6844363065038929 0.6003394748150528 0.31578401560317104 0.17237712507389702 283 69 38
357 0.6749143187322311 0.7017128946216615 0.21115955615991222 -0.06080902760496887 463 161 377
358 0.8544544552506329 0.5775688250554649 0.1411634789963423 -0.3239904795837578 570 191 225
359 0.7366614577482832 0.5804178312095679 -0.39719013703032324 0.4374806107654283 98 69 39
360 0.7547733978244798 0.5403786570758711 -0.31582651702222186 0.16879724840102028 39 583 48
361 0.7722126212387084 0.5358412241299929 0.2857529483868415 -0.004113218099455196 48 195 37
362 0.740450007883469 0.40266314708887163 -0.28591538303590625 -0.08021807974822881 132 443 470
363 0.8038686591177214 0.989915690128405 -0.22549608638677832 -0.1842238653293471 393 257 422
364 0.7022253410335862 0.6602924791950188 0.24361125061655997 -0.44458516243461865 64 38 197
365 0.7495046104546423 0.00829389275635904 0.49126890229456155 -0.04597007670359421 373 174 258
366 0.6346702583415587 0.5492100423345182 -0.5594426911309514 -0.25951210347319176 114 440 538
367 0.7179180505653444 0.5196274659857444 -0.450071594576551 0.06352828887945527 488 342 583
368 0.7959247388919858 0.0073975899165015695 -0.3622778306511254 0.08371778062454815 258 393 434
369 0.9999865399154051 0.49439301994380563 0.169074456518592 0.5628168899679542 456 188 149
370 0.7596006194602433 0.4015521686841145 0.1555881527781633 -0.0839295129922979 470 112 467
371 0.6993475816366816 0.481630298650022 -0.4276007908865509 -0.27924105042154146 268 315 342
372 0.8351598683825555 0.976002949646634 -0.0991123627613888 -0.15946885062456673 422 167 481
373 0.5348937845978813 0.6193664812876443 -0.022125302284736748 0.33562604292991516 415 556 127
374 0.7746038594988075 0.417890873775417 0.5203656595897943 0.28785002055553566 467 436 4
375 0.488968453376415 0.984138919241743 -0.1614041195835414 -0.05027738989027419 282 118 597
376 0.4275256626564571 0.033796941662958054 -0.024709467111305727 0.04044508755685072 237 282 590
377 0.7443762713889343 0.6414166585240311 -0.12707976337900107 -0.16957754228608124 197 98 466
378 0.8793999878247709 0.4677799938963846 -0.2852441487871671 0.6998825602400061 346 385 319
379 0.8509354523483534 0.4899552300441541 -0.15626015828495987 0.5581233468443525 191 534 385
380 0.8873493388318432 0.5546227995680114 0.2969448537754049 -0.1482854818102286 254 346 582
381 0.7912309524937848 0.5004017953325195 0.3140945434298992 -0.27280388850692283 195 4 534
382 0.7036148985863615 0.44509689432822686 -0.3656289632170129 -0.18711311250418916 315 229 132
383 0.5637062936585664 0.5195306776050672 0.24750609166346305 0.06787162741550556 362 355 81
384 0.7074180768663931 0.36176772191350925 0.16740618856425638 -0.0835806139576345 294 341 443
385 0.972289403428922 0.9018422223732355 -0.06258498996825068 0.24947775026373797 226 307 150
386 0.07332926768471282 0.19525833453842711 0.13938409385017003 0.2791721378375689 36 312 571
387 0.5093273880589999 0.989576895767228 0.577585830205396 0.11724792074729873 597 560 337
388 0.927062084312131 0.030490187108740657 0.13249340374832386 -0.21723517290572758 454 168 104
389 1.0006984775583856 0.4723066696661242 0.27485702290552805 0.2400525344475879 366 154 188
390 0.025437524498678733 0.5212991103451479 0.24992913155719165 0.3691544368800148 149 128 581
391 0.05915947632527656 0.28996719103829793 -0.12092768834903733 -0.4278270175628318 399 549 186
392 0.5743950717788356 0.6619826546460726 -0.1018685601150704 -0.031013369650167988 336 127 50
393 0.6157967423893439 0.6528851093593613 -0.2001602876500197 -0.14866757894194116 50 545 161
394 0.6397110789765217 0.06652527995440598 0.10093802148281039 -0.13565540947502175 8 280 489
395 0.5465981550894418 0.9731818447068824 0.27771672531096137 0.19710751295032303 560 420 500
396 0.6201006303313084 0.015205985720924495 -0.3126455247470794 -0.2466884790192081 513 347 280
397 0.5820799922307672 0.006300813399409255 -0.7076699434782618 -0.13964783496245303 552 500 513
398 0.005582975181684654 0.6434028723204228 0.06256341833488221 -0.24709774261444384 272 509 499
399 0.0031815234172596187 0.6589082452938378 0.019812593059220784 0.20755757616092163 130 272 24
