293
0 0.0476050896387278 0.6287012494058526 -0.242480716408644 0.04194330403828328 111 66 359
1 0.02873840886708494 0.6275835396009191 -0.6904027724519146 0.02320574531144981 499 526 111
2 0.7783062635103626 0.8153336657666282 -0.22677583005892288 0.19144706445151094 85 11 327
3 0.8911121290169628 0.8378670566168611 -0.18421768034626584 0.6525978368809859 558 371 384
4 0.909132225917958 0.8729804794838971 -0.22681826208903466 0.6073590026745013 468 384 182
5 0.9362223877301434 0.8961051654268612 -0.3792106181149668 0.37134034319707965 386 182 307
6 0.9206385870404206 0.9171800463806826 0.12682218469839412 -0.09644260390295756 34 386 95
7 0.06498083039689895 0.6945256350518292 -0.33145190134198366 -0.1555901459754372 517 359 452
8 0.04636836354691055 0.7008181070224002 -0.31916666046183373 -0.15925650208303832 522 24 517
9 0.06739001391985064 0.5944724543779812 -0.3051255900721195 0.10210412515476719 66 462 309
10 0.397038945716316 -0.014357542777327776 -0.4647255042594667 -0.7400064561124964 163 404 151
11 0.3484499435130064 0.9705843357466034 0.13773961242413701 0.041098201924993916 54 379 397
12 0.37324941669514783 0.9578056159222803 -0.05377990899835261 0.2365492923067647 379 193 163
13 0.8777923186513796 0.21683264239437544 -0.07123664991226519 -0.02515013128312482 10 137 134
14 0.9354335984013291 0.21303650095180776 0.7425016297982201 -0.08155674573184779 591 35 78
15 0.9241052120850489 0.20753995581019102 0.4465361710601079 -0.21650083427415812 134 370 591
16 0.04618063874103809 0.06245054802123782 -0.08714230864681483 0.0944113807965774 133 482 599
17 0.12980811151164082 0.05237275352323374 0.08199593920510395 0.08582727167860682 400 45 394
18 0.5862060555944819 0.4265724256911289 0.1896967825876228 0.13689661279570053 338 447 433
19 0.6174649331708022 0.3871073547889911 -0.03938518469692731 0.03342582530208027 447 25 202
20 0.8088914813244419 0.1388209154761669 -0.10870701040721631 -0.06335486267550205 243 269 137
21 0.5057454595177346 0.2645248753208334 0.1803573027037153 -0.3945473347338746 181 6 260
22 0.5994728670256316 0.34640563390107065 0.045581612789780124 -0.019711589305249078 486 103 25
23 0.5909189571854606 0.24539601371490627 -0.18097983181530886 -0.2731529176458469 260 318 26
24 0.493450217533181 0.20461006448087432 0.23961196915500693 -0.015485833448902753 349 250 6
25 0.5365476840534782 0.09572858026120207 -0.0946857085792896 0.4769484647504374 448 23 523
26 0.4607799883160585 0.12032598852956453 0.14723374394676192 0.14547191194702602 328 23 190
27 0.4630169462109474 0.18553689491607103 -0.1503815905135042 -0.19846177271021226 162 190 349
28 0.9625680378322454 0.7072356162175129 -0.1445507699648907 -0.2459501342172432 510 70 317
29 0.9037098589224046 0.6764572284977299 0.1560580675102896 -0.0011569686181323036 402 518 281
30 0.8879457518860496 0.6525892020842239 0.10414312641426893 -0.2310650806108816 201 77 518
31 0.9433216124141428 0.6714640631947968 0.06352224163341802 0.19287756600205874 281 88 70
32 0.9540257927792444 0.6565086487454153 0.17806540998643872 0.09604092070236714 88 49 491
33 0.9478244196681078 0.6269378303393214 0.2145894555799499 0.20222881980114238 56 136 49
34 0.856001950984997 0.8792930373555715 0.22440398393663852 0.09790275604104615 218 558 251
35 0.8248674599796906 0.8806654302653287 -0.47385252666121147 0.12830313027289986 483 458 218
36 0.8323250763086592 0.9413973013137126 0.014438810216899078 0.06216992684549005 459 284 167
37 0.03126634583012329 0.9898350720168262 -0.20713781904990736 -0.04969333833315659 104 299 227
38 0.10663766322132145 0.7180197066815429 0.16913142830699002 0.27657434328864916 452 410 479
39 0.18348389884964675 0.9460698080586555 -0.136119790092315 -0.2111591387854439 596 232 427
40 0.3843082410412135 0.8991980562444802 -0.43178762960949246 0.3605435444989369 193 80 13
41 0.37313666897112047 0.8370625519376941 -0.36016705451391573 -0.3666950548764092 184 240 79
42 0.4148757306222255 0.9002013368291106 -0.07484776513855262 0.4022755604321526 404 292 87
43 0.3957253898700893 0.8892393708387789 -0.283183735662329 0.23640521883833143 13 79 292
44 0.548728212719984 0.7124086858152727 0.2264828597234314 0.3684175083062957 540 587 183
45 0.49973835510783055 0.8429699398167702 0.5396082188718898 -0.44661591161454517 304 72 67
46 0.4830050780969938 0.6575547761033634 0.07334334806152754 -0.08613586163774833 255 415 567
47 0.9362554727536854 0.5403716629095188 0.1079533590991888 0.051180992777233314 301 335 550
48 0.9665413882319934 0.5658111843369165 -0.3210597669667248 -0.301433747754154 267 153 408
49 0.9635365618984132 0.5465790601003413 -0.20212946039155355 -0.019927807667907693 550 456 153
50 0.6261899425968425 -0.013074298508589688 -0.15124631859431137 -0.6124935988949254 347 29 507
51 0.6572191710921873 0.9546235120002113 -0.2601378987221459 -0.24149243924020958 507 297 531
52 0.3305146471450268 0.2869755271615928 0.2336708347649985 -0.435772092716169 113 82 572
53 0.494551259383973 0.8634539844357212 0.4431743506894126 -0.0057764300287477255 121 304 460
54 0.2291187160004331 0.6077579016597814 -0.26558433854906305 -0.1277546173017452 524 125 471
55 0.47375662852515465 0.3775767816606824 -0.10786766549419902 -0.1279971430928617 207 473 497
56 0.03287142227188481 0.7220778075929701 -0.49138516935998133 0.2209174745915199 122 388 522
57 0.8554797948103153 0.2695808219459723 -0.08320572217335176 0.2717818812017492 236 10 262
58 0.5057673907923464 0.3315498981629562 0.10248456805417305 0.028631687992719534 473 96 486
59 0.4904145190288309 0.28527062676643167 -0.07327050008387737 -0.04286032743994195 173 181 96
60 0.986062717630515 0.5791231001513301 0.16500745492198376 -0.019620854246893416 265 408 219
61 0.0231105078623004 0.5603927317312303 0.010302186881361308 0.06688151352185479 219 581 462
62 0.4792311481647646 0.39594805442955283 -0.0012058701259753946 0.36822676158232426 233 497 421
63 0.5386942953135208 0.43111631361297864 0.1777768515731637 0.3952626920211699 421 338 3
64 0.2905541612773442 0.7500186037914469 -0.3673379725399606 0.3158174805006908 598 252 1
65 0.34431129448772674 0.6279002789862479 0.049017009201568484 -0.03304072085374976 117 308 476
66 0.2600162040109798 0.646024334018224 -0.05784347410775492 -0.07526464521068199 159 471 117
67 0.37391967144321137 0.6573191807792332 0.27397245930260716 0.07845875546474979 476 332 311
68 0.37424720608832573 0.7045246460457399 0.27469034685756455 0.256430594813839 108 311 63
69 0.23904618937041863 0.01589279438156227 0.33405184937662646 0.44906285634471743 124 403 334
70 0.6770165022836079 0.36018296058871063 -0.03504037407453531 -0.11333332397556184 90 120 294
71 0.6624665304874883 0.4280508092559911 0.17503874877311532 0.3416616115026194 42 343 229
72 0.6503095130583576 0.39257778720484365 -0.02613328858869224 0.010230667701893736 202 90 343
73 0.5876032442987327 0.19703879997797 -0.27939537211585375 -0.31729353797138593 318 503 146
74 0.5480987633223462 0.17599589424942902 0.3077425637237896 -0.016382841958040295 250 14 503
75 0.5534637202866417 0.15959113894906035 0.3793489938841432 -0.3423022388107655 14 448 290
76 0.539353007515826 0.020650420813154168 0.44960401374138925 -0.16412636180684892 337 552 192
77 0.5492727089737801 0.07882213996973476 0.16384917971012936 0.17117901367214028 523 192 116
78 0.5646284906510531 0.15575025614007879 0.3570748549272529 -0.27155884745749814 290 329 230
79 0.5884913396780305 0.09388774620998722 -0.31689694410252933 0.36333782510444834 329 116 203
80 0.6401145853115231 0.15908369010903434 -0.00769588004434496 0.3619950963984486 83 392 506
81 0.6046777554623546 0.17008999121229096 -0.522303563593729 0.2120428707619304 146 230 83
82 0.7158780119226279 0.17497716073815056 -0.3510745388846104 0.3175347457196054 222 204 574
83 0.648628216479982 0.145589360064201 0.062036522446851095 0.2989336004427523 392 484 204
84 0.7717490805186507 0.16407418333136495 -0.4960754595301209 0.3676144711556306 200 574 407
85 0.7867987871340484 0.14248414019947472 -0.319626099892778 -0.02243635624510354 407 123 243
86 0.6281766798778874 0.08529350654138035 -0.12795878662208438 0.30976090477363716 203 8 484
87 0.8423027555603564 0.0704582685017441 -0.4326949784583256 -0.2528578582627894 106 61 165
88 0.817881002671846 0.09812573975889326 -0.04473417955508374 -0.6445495880080809 269 12 106
89 0.7977603253150557 0.02776505640436478 -0.25181824750419857 0.3905259390174498 239 434 61
90 0.7848423492589975 0.03944700277646609 0.3044029587423447 -0.17257821907645798 344 239 12
91 0.6213378511958744 0.2632184325909144 0.35930560540742285 0.12682434685773458 26 101 364
92 0.6543281012348411 0.30793176341222916 -0.05904989344718281 -0.08699639099385426 562 380 120
93 0.6332772639988693 0.3045995423438519 0.08122776722074843 -0.02651748091941908 103 364 562
94 0.4359543889635864 0.10419004552516754 -0.24176954327437272 -0.15462794655807244 126 590 328
95 0.3583452071842984 0.1279717867284618 0.09436081430114207 -0.07796036906315695 478 383 126
96 0.9783300956633227 0.1202039443031308 0.2951551149321663 0.27982915984381407 370 295 504
97 0.9756045454350377 0.08701333497659504 0.26126851376817584 0.023975482016380667 561 133 295
98 0.8924353844056854 0.7143687402232223 0.035504110762474284 -0.1402620228296847 455 402 375
99 0.8912340716047094 0.816664123822126 -0.15954737184187273 -0.09076742482627687 19 568 371
100 0.9277379682504449 0.7464150539654619 0.038170785976454624 -0.42632073427029127 176 375 510
101 0.9317020494675181 0.7809272434934384 0.13627203393484777 -0.30558477831510444 568 176 576
102 0.9055136519490058 0.6244122467705091 0.27923303461130367 -0.4705379617192529 77 505 350
103 0.9258281723145645 0.6173515152274267 -0.47074598663598977 -0.16874490797735842 350 430 56
104 0.8722131239718645 0.9022366468591823 0.238331552063209 0.04953361817938706 251 221 511
105 0.8691428834548605 0.9192262703509904 0.25708543280322793 -0.11630243018645459 284 511 438
106 0.8871950158300564 0.9260131757068282 0.136898803404506 -0.17103445673627427 438 588 89
107 0.892290421181707 0.8998662680756424 -0.06863485526448221 0.18935412682274944 235 221 468
108 0.8983064169690481 0.9138897477093827 -0.08049377327873364 -0.03612721354712134 588 235 34
109 0.06801229280526126 0.9243907849702006 -0.17683530334489106 0.5035901640138007 469 261 439
110 0.08343375219768216 0.5045915674952026 -0.3562775990895162 -0.3810419247490815 57 53 340
111 0.08241296520375481 0.525410660470758 -0.3982137636998617 -0.19033940708290675 128 340 68
112 0.044855327299572915 0.33356457485575514 -0.2576773145551714 0.4877615113890732 194 480 196
113 0.12310446294608603 0.3602837091409848 0.03899200302914796 -0.06883598968610016 97 275 286
114 0.35850181085632243 0.585526281753024 0.16605978744865801 -0.1851787671119931 308 179 527
115 0.3764057443885867 0.26342736742928835 0.22373220290305973 -0.3468243088555756 572 444 173
116 0.2791939914881947 0.4270019196417776 -0.3411537517761243 0.3317061014751488 205 405 475
117 0.25668675946617225 0.5339900133842181 -0.5277701196210183 -0.03961972833144145 585 75 164
118 0.11833360662469589 0.33425965767570137 0.02201005142032919 -0.04782379769974199 535 485 275
119 0.9669172149019976 0.43439835468358406 0.19946567765549705 -0.11440404977525187 211 390 366
120 0.38376046673733766 0.2077737161819228 0.07453167250037751 0.06842969593745529 444 220 162
121 0.177109580162364 0.9286200075109865 -0.2824186648431315 -0.654167957303553 395 449 232
122 0.6201619520553001 0.4762834847475911 0.035454717287053406 -0.22852528931693872 515 433 367
123 0.45106287247031596 0.49241081715751284 -0.1135656776951599 0.24475868970474934 382 592 238
124 0.3018880535437373 0.9441602653206479 0.2886955861869378 0.0890105301964983 242 528 54
125 0.45617858735015915 0.8968781872846718 0.09901590797278814 0.3632204849390863 87 121 118
126 0.3833596267113519 0.7857414113391379 -0.22972470939408574 -0.32605673438990124 240 92 333
127 0.41423556328456645 0.7576216576803791 -0.22015980080669628 -0.23954394579028815 333 256 520
128 0.33965303657180773 0.7499626519458525 0.4328756943172696 0.15955463963934768 73 108 92
129 0.3895590866819992 0.7124790223943105 0.5919748448379725 0.45704766603316127 63 170 256
130 0.5907337063978222 0.93133125153175 0.403403638965516 0.18260305802153542 577 279 29
131 0.5482874436916735 0.8807820869965707 0.24450677663101494 -0.05083907184122438 460 285 217
132 0.5711651275483944 0.928512630786174 0.1193704819019148 0.1399956959385884 420 217 577
133 0.5600229166618482 0.7038814698490468 0.3356321819428243 0.22349764643159187 587 336 107
134 0.6542056153270412 0.7555373654386686 0.0506428895347133 0.13196849481256212 320 559 247
135 0.6341618241826299 0.7554984515641345 -0.5504874531908621 0.1148043101556473 215 107 320
136 0.3108102683849594 0.8171959540310433 0.07939558940850411 -0.3781290953963623 381 5 184
137 0.3345572959729391 0.9009382933512121 -0.736758517388969 0.1774365168683012 391 354 80
138 0.4937254768484504 0.7937384322929197 0.3669125607508317 -0.16550021145200766 401 166 72
139 0.46003996845895523 0.7559828070005343 -0.0635754691946655 -0.18023121953203436 520 411 401
140 0.5357468521744333 0.7747314063254339 -0.389895911390159 -0.12236417296085378 166 537 248
141 0.5095148990947499 0.7150046901146145 0.511952354120826 0.39107718174946626 322 540 537
142 0.7058115019029887 0.8706102213846425 -0.022628507401201148 -0.28968812106067166 426 180 141
143 0.6566019472458835 0.863029119262288 0.2514628050925838 -0.338519089843059 300 358 426
144 0.7240556726857057 0.8232954338893291 -0.18888096156577383 0.21349046697149987 180 554 85
145 0.6669540660721749 0.7832374946036161 0.27195215246411664 0.6577406640173589 358 247 554
146 0.6328529047988509 0.8767807157274518 -0.0990816224205604 -0.14131973577469203 110 419 300
147 0.8018955568202913 0.9069259837089958 0.03211885687970373 -0.4114122167941936 293 483 316
148 0.8048380580760088 0.9286899449005815 0.16897651299030425 0.22520533701775314 245 316 459
149 0.7780337055572742 0.9639975273414506 0.341296906708477 0.169804804939222 445 245 257
150 0.7451251615825623 0.9726806133517297 0.4104124914916518 0.09835277869907344 412 445 174
151 0.7128018341629984 0.9471373761246206 0.013539541016127643 -0.22192064644266374 531 330 412
152 0.7929820117053927 0.8579507789433695 0.025306968326477275 0.520614649307527 580 327 458
153 0.7780133481658492 0.8865249148835302 0.23674858046218716 -0.07626492840029364 140 580 293
154 0.7245354805279138 0.8951941238082963 0.16114291394309088 0.020182890081432703 330 141 140
155 0.3152615069370739 0.7582540291069946 -0.07727592246653536 0.35899551976970034 5 1 73
156 0.29174362566645784 0.823535712129765 -0.15541188266854356 -0.30288012375923046 594 142 381
157 0.566339811659436 0.7873501831378633 -0.22917082571904945 -0.035585601479426465 93 248 429
158 0.212597705916306 0.47266517814209824 0.011590300247332763 0.2318610487633821 231 205 498
159 0.18534812163777808 0.46743547365392923 -0.361457172526336 0.13579325996992964 47 259 231
160 0.2805079823621101 0.52903369292761 0.24211968714660248 -0.21954645566812925 164 363 289
161 0.3075287197381068 0.4591538702940449 -0.04847980142330677 0.41256199082018163 363 475 331
162 0.3412711307157217 0.46713385281530617 0.5145846845855395 0.46206302950491107 331 369 249
163 0.8420150069528819 0.2740263912907924 -0.3606316453796943 0.3524981665933846 490 406 236
164 0.7382363970430461 0.272202603586337 0.040284497265785646 0.028220528691669244 512 58 418
165 0.7641695069669283 0.2520025772029573 0.26026129307243906 -0.11016593123858165 58 200 406
166 0.9068486132592866 0.3341931087348171 0.19484113038259476 0.22815040585932866 409 51 172
167 0.8866078651536695 0.3270227011445762 -0.34118348389566844 0.04515389728787511 464 262 409
168 0.9300672803030928 0.43414201704291416 0.14661375655200537 -0.1884006558400264 345 172 211
169 0.34767411051375824 0.17665275425806556 0.08895732275804313 0.14675492349125463 270 478 220
170 0.8254807651755849 0.7242707257447039 0.07133839144413123 0.13289671169092188 91 74 455
171 0.839001710707903 0.6417261096664234 0.16339351330274532 -0.19362225087138363 31 302 201
172 0.9881946857948933 0.6006249852308643 0.20519316558387235 0.4068678682161986 241 265 526
173 0.9799383654205138 0.6138665572265911 0.28969327874051043 0.25547789422181166 136 241 509
174 0.44704323627284337 0.6012301059273191 -0.29077056994814 -0.6626689176558731 298 376 398
175 0.4530380308486741 0.63972385494275 -0.27092166635100945 -0.26011510306789276 332 398 255
176 0.21709574282018532 0.949810985954297 0.0203629106632075 -0.2725196651676143 427 15 525
177 0.18458675314925532 0.697241511332083 0.295633170027676 0.1996347774591012 99 129 41
178 0.2499826399272737 0.6685129678885461 -0.2908090251246831 0.4651091338458979 129 159 325
179 0.26045106753804703 0.7155415181721384 -0.2813938207446576 0.4693351006446189 40 325 252
180 0.06879147555172611 0.08788289425846003 -0.32624700684047436 0.04451083147893886 209 599 425
181 0.09928341354541688 0.08912921593035993 0.14977309149843965 0.05001272590510197 425 400 171
182 0.6692927979823369 0.22325246464429535 0.1001862245941787 0.013904933801600627 16 506 584
183 0.6533133571693255 0.2521018809118606 0.15925795335269832 0.23949748642615454 101 16 465
184 0.6932475225429737 0.22443986969638202 -0.12108409483402305 -0.07201075812035551 584 222 352
185 0.7134227952574387 0.26326917948643885 -0.462915909771322 -0.21387879280132527 313 352 512
186 0.6733335740179629 0.27751174845316445 -0.20687126803253797 -0.2724918714280822 380 465 313
187 0.3135405679822506 0.11099554191128357 -0.2805135887462562 -0.008000392709428539 223 62 477
188 0.34328712259577515 0.11026643546151375 -0.09101640066622174 -0.1794051591313961 477 564 383
189 0.9242261256311444 0.0437712838975388 0.06296001116290473 -0.01439838821087891 165 454 561
190 0.7522665478932009 0.7385585273942646 -0.12216057783398515 -0.3816578199311582 492 417 365
191 0.7921577220077805 0.7868337974246202 -0.12153287577698624 -0.17461232910964686 11 365 348
192 0.8138846964071216 0.7799226691189778 0.15447488808939536 -0.247016523555188 348 91 19
193 0.48813475390287336 0.7039773106304242 -0.03938490020227725 0.03925964553452843 541 567 322
194 0.4713039720357401 0.7158080413532626 -0.45151777559870876 0.34694017311820424 411 170 541
195 0.05673604512329797 0.00865309497305796 -0.08061570855311118 -0.013916448549089466 482 227 65
196 0.09725691654104476 0.99089690973484 -0.3875566981920153 -0.14966468134258726 65 439 228
197 0.11669133600885429 0.9985097339728628 0.09239601687915933 -0.01060015408782533 228 596 45
198 0.029403901309874768 0.9652417845314809 -0.1908171471526332 -0.5868992136032203 360 303 299
199 1.0130459944120644 0.9494940039436472 0.7401332467044108 0.13417867754383916 213 553 360
200 0.04107944271665199 0.9423810198741298 -0.5921672412839696 0.5812969064433737 303 553 469
201 0.23943931682659356 0.9764824887727822 0.34058734166286797 0.11304044297832938 403 525 27
202 0.21862086181559048 0.5078177106686399 0.045021777278497765 0.3732520133248318 157 498 75
203 0.09948017948133087 0.4793965926490888 -0.2779979104555741 -0.18391563758046736 53 102 396
204 0.2342449982180188 0.5580054405840191 -0.2269064505733276 -0.32603987842882987 125 2 585
205 0.19953452775687305 0.5325961992477622 0.41761241027782336 -0.18099241202995664 575 157 2
206 0.17312714277776164 0.5331516394197304 0.1883915790729107 -0.2020324210011415 214 100 575
207 0.1345377394887604 0.7114296314843664 -0.038553817083286646 0.4113451922832523 410 414 339
208 0.15437076962538201 0.7745263277035106 -0.22346014691421168 -0.0381689971296062 0 339 296
209 0.08111100268792368 0.3974898413349318 0.18629961948124496 -0.108055204020574 461 97 547
210 0.04742021596284625 0.38380251347882904 -0.04835264758029645 -0.24088079794704065 131 194 461
211 0.07645379971560072 0.45543248078324794 0.23910208153676837 0.217496174889642 17 361 102
212 0.0336369082717679 0.4729547621815697 0.7705760994569655 0.19669974572755766 154 17 57
213 0.1996798316083771 0.3131257752024844 -0.5505287951207416 -0.030576684240113394 28 543 288
214 0.27021752091105367 0.3772220346469322 -0.5062703169883553 0.16399932800670314 521 206 405
215 0.16195203554524512 0.3915456007820055 0.23299515337915633 -0.03823685014447964 152 487 521
216 0.14794594142934195 0.36673713809072334 0.2187669125713887 -0.10007372187870178 286 28 487
217 0.06428419745756918 0.31163940877020563 0.029640149015741635 0.1614767847213372 196 186 535
218 0.16804296619797396 0.292308257470323 -0.1155777550054804 0.21230740776534418 485 253 543
219 0.21512316482413904 0.05821622729444649 0.22219966769321253 0.283257221844746 529 124 60
220 0.3916938403809727 0.5766797231806111 0.7014746575273456 -0.2671041034185695 527 291 160
221 0.4437305884017598 0.5679687874344962 0.056918566734842635 0.40733452565805406 7 542 119
222 0.4245118219621012 0.5420615087012299 -0.1349917701926051 0.5300872941982337 291 138 542
223 0.35005338614308384 0.5701945879955499 -0.015543561229791614 -0.5658587164808493 289 263 179
224 0.25356911458720155 0.8406284650976534 -0.3313377631292136 0.13593149349178102 71 22 579
225 0.24068900902689683 0.8583602332863387 0.14957221780576013 -0.5129740035525465 453 71 144
226 0.7911477315023587 0.33967989916520264 -0.2902422108208569 0.08800023904020904 112 431 145
227 0.745095240615179 0.30721639136639983 0.06615725051117849 0.42428772439873086 341 418 431
228 0.151958853125279 0.4276131585903092 0.015926090307649687 0.2511808375876834 115 152 259
229 0.8202648713370397 0.332765587409897 0.1726911908611628 -0.10407435122039566 145 490 306
230 0.9814672980258637 0.41101802280871597 0.46165893399785496 -0.5303621937458036 390 423 131
231 0.9238843075755073 0.5565700459190909 0.1139628787172331 -0.016928664720028408 582 301 321
232 0.9317936526747393 0.5701449703017725 0.07940961846419903 -0.07474172010468738 178 321 267
233 0.09893317007774192 0.5895570213872334 0.057978857478935275 0.06464573147624275 309 94 450
234 0.15159129753076073 0.6605248998316773 0.041865936759033495 -0.6773243164254206 450 314 224
235 0.973726336144541 0.9365381111518788 -0.0014994692987269076 -0.236354930766014 18 226 213
236 0.24889705565244075 0.09778058841957714 -0.12355938217023521 0.30121590673115595 198 60 378
237 0.35111596006278 0.9929280110215115 0.07068287934119954 -0.10886764927053871 158 397 148
238 0.39666262093189764 0.004938871719771639 -0.4949772848539258 -0.36326070519676623 148 151 474
239 0.022156705307631964 0.14086667969905609 -0.18340775911895868 -0.17934600124447364 504 209 310
240 0.024460381067899516 0.17945759508872364 -0.4235198339599955 0.17448703697187096 35 310 502
241 0.12518606223744538 0.13276922489506726 0.2992769043003163 -0.16226190183155076 472 171 287
242 0.12230360021897013 0.1521160523712096 0.23712130800546127 0.27976256762596297 312 472 185
243 0.8853696635410144 0.45472368303343724 -0.06925781441402545 0.1858660798187417 319 368 33
244 0.9132297514090818 0.45505895124214013 -0.11249274220470618 0.17453788726806696 33 345 335
245 0.4413797587128807 0.44962113512891366 -0.18846855118215267 0.3300855679067016 369 233 592
246 0.22184875009680655 0.7525673792585341 0.34182295743923063 -0.032138610175924676 189 40 208
247 0.19126470891402547 0.8461306485524223 0.08602643319921555 0.2096661389644483 372 532 449
248 0.22258580252600677 0.8428621065626033 0.498354005631918 0.07531695059292964 532 565 453
249 0.2796635446401411 0.348029853529386 -0.35349348656565915 -0.3205754876833833 206 424 273
250 0.42348557291038436 0.5179203324704035 -0.22378561781444262 0.31313585127645815 138 199 382
251 0.3078738866721186 0.9203249439502834 0.3950419328463406 -0.6032939172534446 528 413 391
252 0.3022479953478195 0.8878716334632535 0.4057107982902153 0.6380012053386341 147 354 413
253 0.2807827933978208 0.8405088595820158 -0.4224973731981052 0.16390341549266108 546 579 594
254 0.2816992135314389 0.8664179023534282 -0.30747001680819785 -0.011667794161396294 187 546 147
255 0.6267874309476513 0.90948867264413 -0.1141496723533475 0.36410065379355316 279 110 297
256 0.5808996025863429 0.8532093058698159 0.3156183227964737 -0.16123833448955516 285 52 76
257 0.6103515925567191 0.8588462181436671 -0.5975425557136482 -0.4827116470429438 76 555 419
258 0.5789008490623362 0.7765408171478514 -0.20972246751738144 -0.02659994655096476 429 183 435
259 0.6052129049287864 0.7826528342047395 -0.36106125624046914 0.08350234323439842 441 435 215
260 0.5992667506246965 0.833258011761675 -0.48551075694514 -0.11338122316018051 324 441 555
261 0.564761861086082 0.812615169977145 -0.17326907894577026 0.1675557699531982 67 93 569
262 0.5829017335043487 0.832675980689991 0.23194388389102816 0.29083584811295804 52 569 324
263 0.2466851212341582 0.876044825659958 0.2712247870739759 -0.2842893254140222 15 144 187
264 0.10897921769968696 0.8764906513782904 0.4321224659348255 -0.014968848036089888 212 457 395
265 0.14507468321954475 0.8313991942466759 0.14031621420329543 -0.3241743432719213 457 274 589
266 0.07925452080253513 0.8812418638159408 -0.019969131209718327 0.1550568139163655 261 578 212
267 0.29830004457346887 0.20296567798248605 0.3905742333720763 -0.06355225234955242 244 270 82
268 0.48725996975342317 0.5616361940176495 -0.011409465733303037 -0.10373070423452813 105 156 323
269 0.4880506746910191 0.516189751672518 0.11350792111786134 0.22221959689039394 238 326 156
270 0.258057115006408 0.9742242658943203 0.6959243667448156 0.05889863353980562 27 242 533
271 0.902863474315301 0.6051388872888906 0.36053673015817855 0.0655056883736016 516 277 505
272 0.8716189299735342 0.5769268004798473 0.35753140413541384 -0.23820158519261003 225 254 516
273 0.9178533453959854 0.601184189228205 -0.11420340888246283 0.23959825755370812 277 178 430
274 0.7482502421866668 0.02475549348535904 0.46751194547611785 0.07249364095129884 44 373 344
275 0.7024821419293522 0.0644161548372943 0.48998782670173213 0.04394725625078699 489 44 123
276 0.11018308257616033 0.5672520481965109 -0.003289679639806309 0.047042007442210654 94 68 353
277 0.052066952675986024 0.8576683935885497 -0.05410086614809906 0.15672764475116452 150 374 578
278 0.053954592984395644 0.8243914381098846 0.042307275738284744 -0.40089336711401913 563 175 374
279 0.24494871806929083 0.7824948792143209 0.2581179912169995 0.14064352564513438 32 208 544
280 0.26314749848530566 0.7814056226847215 0.2218138350079668 0.13428777950741377 544 598 142
281 0.6788918873932048 0.7253150133511904 0.25858860712435483 -0.043145135381061905 559 463 492
282 0.00029510490037616135 0.7826809139164832 0.05151269411030057 -0.5634003284737954 576 495 234
283 0.030642784096562854 0.7979701905750884 -0.20171974438043527 -0.6996835714978555 234 122 563
284 0.22672090042396645 0.14068659297592787 0.09516348924154538 -0.4948896646650436 389 198 59
285 0.19571538131703833 0.12478586226226934 -0.5475042846175837 -0.5407282451658224 216 169 389
286 0.3705556734573808 0.5175321558873709 0.13519641378634262 0.07446964295221292 263 249 199
287 0.28909106883518904 0.3396677665127448 -0.19250874470910784 -0.4460572043674116 273 356 84
288 0.31580736930443615 0.3341123534834502 0.2831333681396764 -0.4857451378625921 84 113 207
289 0.25879489921785176 0.17845756658292147 0.4817370800880294 -0.19938097457761206 442 223 244
290 0.2424790441385217 0.17927439953691418 0.31327467737984893 -0.17401920841819685 451 428 442
291 0.22661444569581485 0.20606066438977683 0.01573537489543697 0.4433331431998033 566 451 356
292 0.5417520756524037 0.5030651670478533 -0.19873072631959587 -0.18419472683217641 326 3 355
293 0.8010690451058237 0.7003512648292014 -0.1409886318803899 0.13234992130017886 501 139 74
294 0.8025878952812345 0.6683053336497742 -0.14318456767470344 -0.019401099476956674 466 31 139
295 0.7561273132569989 0.7218181247683217 -0.2465541888707623 0.16136903445429507 417 351 501
296 0.6905791996337213 0.6946692253327249 0.36225781454429784 -0.1307338031233951 377 64 351
297 0.8387068478101676 0.5872431411705084 0.034058530648528595 -0.21239977589238013 302 37 570
298 0.17969195224213508 0.6121736089169332 -0.08279235283459307 -0.04096043018653184 314 20 524
299 0.14767663023964941 0.5667895906803099 0.18038599086667162 0.031987753418283305 353 214 20
300 0.650365124660355 0.5841617897519489 0.039632231871311596 0.017698229687335143 416 519 283
301 0.6438893104332994 0.4676186074167393 0.4614564449306746 -0.34340546725686316 367 42 268
302 0.6489696059459273 0.5570655876280555 0.03900143992485727 0.0400750325285637 519 538 488
303 0.429483642370137 0.5844516685319228 0.589473938064633 -0.044227718883071976 160 595 298
304 0.6154164205094602 0.60934645740998 -0.07378266955737622 -0.09628923144933133 155 416 545
305 0.46255085820823216 0.5730517119450205 -0.6571849255759821 0.11948866583677553 46 119 105
306 0.45059598411004875 0.5889801930798484 -0.3318617309774896 -0.5975032388999546 376 55 46
307 0.4406132438254474 0.5774357571189584 0.12025358469419656 0.3416251377272306 595 7 55
308 0.5628357194426816 0.5780694103140611 0.34716257958644636 -0.007958659078988184 177 305 155
309 0.5375609079831933 0.5889230368626611 -0.0484179366738724 0.12492606393799122 556 323 177
310 0.20226472369565418 0.7499684047176192 -0.048878993560985684 -0.12470481695892044 493 41 189
311 0.9899683971056228 0.7041345227302114 -0.2236320423981697 -0.18501073555110548 317 496 548
312 0.009776657320167807 0.7235971595863957 0.12631684830066714 0.2212070887575024 495 548 388
313 0.9920916033584459 0.6668433060414223 -0.15226159048864485 0.24309022798180147 496 491 130
314 0.23917494287354832 0.1608013856844956 0.14661864881915232 -0.734084270107016 59 271 428
315 0.1624481971661942 0.12143030925659357 0.7749494372599752 -0.2843203457392196 287 432 216
316 0.1842018496664369 0.1014616808607389 -0.17911451835606051 0.5798899034570315 432 437 169
317 0.18787471114119977 0.06987541215483153 -0.15389489647910093 0.3113901910628547 437 394 529
318 0.2225717537448846 0.2078129452432949 -0.029294658018819142 0.46013684052229054 86 566 593
319 0.11053941657530113 0.7761097258501286 0.08616272209605036 0.05816505437017394 175 479 266
320 0.13475445479789627 0.7868759277579944 0.15886409930609968 0.03597000093613634 266 0 274
321 0.16381287282650003 0.4893645815074378 0.04277790587037256 -0.23576504186439973 9 47 100
322 0.12971531258010185 0.4696583741572939 -0.006115472711565317 -0.18947060795304616 396 586 9
323 0.1322846302482523 0.4374908010308803 -0.1438168674428031 0.25922674874723217 586 508 115
324 0.15511924129325722 0.6863665756991078 0.16829636538540083 0.12811492804132296 414 224 99
325 0.09810828445416227 0.4271746439407169 -0.8095994021017905 -0.0768468346248885 109 357 508
326 0.09042461731153738 0.42131456790214206 0.4495311661106838 0.6736106070506787 278 547 357
327 0.09056560025512335 0.4290398882818216 0.48158621066690666 -0.35768172156752653 361 278 109
328 0.19490610816955692 0.20386048089354442 -0.46686785062921565 0.32772565217165095 30 185 86
329 0.15930182230427056 0.2463647181773807 -0.15608972794844966 0.04443469828196989 530 30 253
330 0.2728215367248631 0.10198904799835316 -0.5606590261497679 0.3053874680913893 271 378 210
331 0.17128248545560326 0.8279649635889588 -0.2810129892671931 -0.19684124503982492 589 387 372
332 0.23908678197917826 0.8275860058176845 0.1383811804728241 0.3561679451369315 565 32 22
333 0.8490435820645804 0.3545018206540322 0.0774770546330128 -0.19538476739300314 306 464 536
334 0.952116253913165 0.313718902330026 0.1195262250286433 0.18477023175367258 51 514 539
335 0.9855912905012368 0.34801901180895367 0.20752737306395375 0.04448259816047795 423 539 480
336 0.16990173804068445 0.7809793907362721 -0.17178571759535188 -0.07638051198466389 296 493 387
337 1.0126570348629995 0.25705496773813075 0.37461682991790646 -0.2392566235409621 573 264 399
338 0.04892093088643708 0.1992902396937336 -0.42831940390286594 0.33071191098132946 264 494 36
339 0.2970743874854724 0.0917308952943666 -0.1655659418592359 0.15542296512294218 210 43 62
340 0.9151844795752591 0.010085397389242585 -0.16055847259360823 -0.5626957502377627 481 551 168
341 0.9177412740294103 -0.003363576538812016 -0.10098021654969536 -0.8112436609628015 551 89 557
342 0.9421396104140555 0.9523986858647627 -0.11038505942639887 -0.4269438802495529 557 95 18
343 0.3005133023713134 0.059432969855691575 -0.08811697899124837 -0.13646843308179335 43 334 21
344 0.3255383654791275 0.013607960180204253 0.010758433727220407 -0.13745020330246938 533 158 276
345 0.3282108204531977 0.04108748840305124 -0.039634999796089865 0.011596505006261637 21 276 246
346 0.35788709949275543 0.05623398067968304 -0.28258971412897793 0.016816035369737747 564 246 446
347 0.40817574168364495 0.027631326783254823 -0.3748854938284696 -0.07628705479822973 446 474 237
348 0.22686713128570435 0.3075640413018288 -0.22930563732537212 -0.19061719910840047 288 593 424
349 0.9711497891429571 0.25978658043728786 0.39590104319864317 -0.08521407572625872 514 135 573
350 0.9668937316723881 0.24456675232907765 0.3384043684162563 -0.3762258775352745 78 143 135
351 0.03256759100058727 0.1910822954374909 -0.4539950283766192 0.2598681200782771 143 502 494
352 0.8534274909828877 0.41927388135423344 -0.3987422350637537 -0.24534277109911073 436 536 368
353 0.6097563600462184 0.5050706606124151 -0.16806736245766896 0.2837229281377196 81 515 440
354 0.09137872141491686 0.23454890360571934 0.03423185276907326 0.1065635552022215 549 571 530
355 0.5717952118200557 0.5579191825059606 0.4225220916198591 -0.25534994951836865 305 362 114
356 0.687054902442243 0.6017092312039221 0.33111066874425 0.1658094495038398 283 69 38
357 0.6766410679489687 0.701247992426119 0.21454268847587166 -0.05347410882150516 463 161 377
358 0.8554858489339221 0.575066753109098 0.11396225421678174 -0.2959335106827998 570 191 225
359 0.7335908911433457 0.58392588476853 -0.36291418134548614 0.42838171898651467 98 69 39
360 0.7522486194250753 0.5417187917045225 -0.3071292303813422 0.16297679317212044 39 583 48
361 0.7744816103705678 0.5358052811208688 0.27712276605418307 -0.004223140587233942 48 195 37
362 0.7382494373764381 0.4018687572279311 -0.2581290570180528 -0.11447026070088295 132 443 470
363 0.8021336252974944 0.9883748644458745 -0.20397481759193425 -0.19680581435366218 393 257 422
364 0.7043493993434493 0.6568372143042156 0.27628460630424456 -0.4115757790135177 64 38 197
365 0.7534184923107874 0.008033879537174422 0.4764641427928984 -0.019278526691701714 373 174 258
366 0.6302292398370551 0.5471446960493764 -0.5374372009925299 -0.25012943521973696 114 440 538
367 0.7144182746924883 0.5201875476436021 -0.4156417598988327 0.07473654195511159 488 342 583
368 0.7930480982088627 0.008001710114014505 -0.3481565299945366 0.06625498413792563 258 393 434
369 1.0013112492332719 0.4986472324963528 0.15780427797817964 0.4898241708073403 456 188 149
370 0.7607514575517338 0.4007462348608601 0.12977424239390967 -0.11428919234612867 470 112 467
371 0.6958643543933756 0.47928928065417814 -0.4312632709280173 -0.2994784135956774 268 315 342
372 0.8344874327510731 0.9745336703103815 -0.06967084270614876 -0.20093905220286423 422 167 481
373 0.534650233476458 0.6218825475001044 -0.03470187331933161 0.2868426308977323 415 556 127
374 0.7787666674527771 0.42003141461183896 0.5068393080231992 0.2415689651785735 467 436 4
375 0.48774383309304065 0.9837260546522133 -0.14204368133097223 -0.05153738720509171 282 118 597
376 0.42720187260481146 0.034085614592962506 -0.05398188597516285 0.031634989766660127 237 282 590
377 0.7431173793457548 0.6400784479645133 -0.1811672208085202 -0.1604548348355106 197 98 466
378 0.877248149757559 0.47335600793036015 -0.24756879740683857 0.6751582168340597 346 385 319
379 0.8497701018096468 0.49412389771389187 -0.12902460419517148 0.47531886759877295 191 534 385
380 0.8895087155176381 0.5535882227696829 0.23754288328015072 -0.10888965597255496 254 346 582
381 0.7939158280134722 0.4985981604156835 0.34427174652740256 -0.1764826680628051 195 4 534
382 0.7005651020681857 0.4437981944055547 -0.3867692680015189 -0.13501141801763872 315 229 132
383 0.5658688492867483 0.5201528358796883 0.28439345531316995 0.0846084344946485 362 355 81
384 0.7086903994851136 0.3612178678453295 0.14783360785530775 -0.05339083689048785 294 341 443
385 0.9718289970629734 0.9040039609867675 -0.052163537378469016 0.2813421315361886 226 307 150
386 0.07447622467711529 0.19755829443707107 0.1428377076340137 0.2882591703529114 36 312 571
387 0.5140444192940912 0.9904822358152611 0.5860994248957363 0.1072638360077871 597 560 337
388 0.9280769902244631 0.028773381839716755 0.11918512982100893 -0.20768122274000822 454 168 104
389 1.0028814820853227 0.47415540620484187 0.2645311452526 0.21759237189833414 366 154 188
390 0.027149338168242478 0.5240813252638069 0.17727758774843672 0.317086059492544 149 128 581
391 0.05837362429269698 0.28655829435853636 -0.07552828362733521 -0.4134363754126902 399 549 186
392 0.5738303098227456 0.6618449767013334 -0.042512840470187996 -0.0064580091274635265 336 127 50
393 0.6143346530772924 0.651731009832513 -0.16225389365409626 -0.13543049112718641 50 545 161
394 0.6404125679367406 0.06562913878466319 0.07404428528645646 -0.08848887941836914 8 280 489
395 0.5485569694980342 0.9749619055869679 0.2085993607015002 0.24162163034247008 560 420 500
396 0.6177200206281561 0.013281647564636432 -0.27739926744541066 -0.23012915705000747 513 347 280
397 0.5766797655626359 0.0051036854436160685 -0.6256598301945804 -0.1512676039983063 552 500 513
398 0.005953138861115311 0.641376535042381 0.029393967468371862 -0.25407538711830213 272 509 499
399 0.0032608168415514784 0.6605028057040601 0.0003405447798754402 0.1867409617564708 130 272 24
