300
0 0.04743505908426534 0.6287306785485516 -0.24321303547514272 0.04211730859904339 111 66 359
1 0.0282564340614979 0.6276000414704774 -0.6871295150923107 0.023851304958855124 499 526 111
2 0.7781477899916799 0.8154673064364087 -0.22610418329294113 0.1905262329848778 85 11 327
3 0.8909831538667154 0.8383237758595987 -0.18427445160063005 0.652349192373225 558 371 384
4 0.908973319752579 0.8734046838406775 -0.2271479865312287 0.6049931458584901 468 384 182
5 0.9359578943215103 0.8963652195679643 -0.3768282783034316 0.37164108457332645 386 182 307
6 0.9207259257230954 0.9171129236035545 0.1232349493285323 -0.09548476037624098 34 386 95
7 0.06474858550431078 0.6944173515601075 -0.33201888911815747 -0.1540232458935309 517 359 452
8 0.046145377373669146 0.7007070856092263 -0.3180961022364315 -0.15811538849053175 522 24 517
9 0.06717726775895425 0.5945432982879557 -0.30302692091699335 0.10052699159213141 66 462 309
10 0.3967133707790283 -0.014873543533513573 -0.4653883008132187 -0.7349801309231019 163 404 151
11 0.348546234419019 0.9706137774927972 0.13741757315388625 0.04276044067441642 54 379 397
12 0.3732116541478573 0.9579685443015407 -0.05404920608298447 0.22991996397048187 379 193 163
13 0.8777428139994047 0.21681474732977862 -0.07034001575645377 -0.02586944408689007 10 137 134
14 0.9359527503173514 0.21297943890552176 0.7410051317338628 -0.08148931286700023 591 35 78
15 0.9244182679046149 0.20738893441598139 0.4477331116969907 -0.21518376056711697 134 370 591
16 0.0461187387318919 0.06251757676358602 -0.08938429926774738 0.0967507081395258 133 482 599
17 0.1298654208921459 0.05243415304883643 0.08177254914865095 0.08912198271038285 400 45 394
18 0.5863382317875975 0.42666869636658816 0.1881756347965613 0.1379993543049185 338 447 433
19 0.6174390198344644 0.38713113093663903 -0.03525918931823746 0.034366304246802315 447 25 202
20 0.808814997768599 0.13877654214039722 -0.10967010494189466 -0.0634185350067984 243 269 137
21 0.5058716988506454 0.26424886428729083 0.18032901630271603 -0.3941170848009712 181 6 260
22 0.5995042903187658 0.3463922739146896 0.04438447873122975 -0.018621547359654045 486 103 25
23 0.5907914164033584 0.24520521068076995 -0.18310382099429034 -0.2721490074963917 260 318 26
24 0.493617878974925 0.2045996680879611 0.23944786917140526 -0.014386269953092778 349 250 6
25 0.5364841112487494 0.09606109333338275 -0.0879256993602251 0.47356519504437866 448 23 523
26 0.4608822981179042 0.12042834809975941 0.14535531771275867 0.1467922013109746 328 23 190
27 0.4629134024972054 0.18539862819029393 -0.14608365697665882 -0.1968172652633271 162 190 349
28 0.962466832059282 0.7070641046544013 -0.14459672868782913 -0.2443254518841309 510 70 317
29 0.9038188909838742 0.6764569138300284 0.1555413967763153 8.083811398051921e-05 402 518 281
30 0.8880181048485252 0.652428127994845 0.10278297067622955 -0.22939358641782537 201 77 518
31 0.943366523038147 0.6715980735245743 0.0646330551579144 0.1903788664908701 281 88 70
32 0.9541496934097637 0.6565770778395426 0.17621279990720495 0.09902835461372828 88 49 491
33 0.9479750399237854 0.6270792847921947 0.2155934111791602 0.20196243046000095 56 136 49
34 0.8561595281763964 0.8793615048359026 0.2256282029267087 0.09775228126951419 218 558 251
35 0.8245357925240727 0.8807555553852998 -0.4737798028897622 0.1290870861592186 483 458 218
36 0.8323342192293157 0.9414413947223936 0.012044324912419135 0.06360026151563947 459 284 167
37 0.031122211168243888 0.989799833302484 -0.20498049993489253 -0.050822917055382 104 299 227
38 0.10675628454679204 0.7182134576645781 0.1696962518421552 0.2769481748099434 452 410 479
39 0.1833895002982405 0.9459220553167391 -0.13390891624720513 -0.21100799302287143 596 232 427
40 0.38400760367083314 0.8994497145657976 -0.4277588078888117 0.35874524705048483 193 80 13
41 0.3728846904706942 0.8368057489497223 -0.3598181440300774 -0.3669873169243054 184 240 79
42 0.41482164548786826 0.9004819164410854 -0.07908208983498088 0.3997463290938974 404 292 87
43 0.39552761853782686 0.8894049148908739 -0.28204239534146414 0.23655990829402063 13 79 292
44 0.5488853689944535 0.7126664709391276 0.22303267965123608 0.36815751280894204 540 587 183
45 0.5001155366523351 0.842658396646342 0.538243618772305 -0.4438968338738025 304 72 67
46 0.4830561840357108 0.657495640411187 0.07276015207002828 -0.08324636188716816 255 415 567
47 0.9363299016757733 0.5404073966701568 0.1051182644401516 0.05096716902686094 301 335 550
48 0.9663182416872792 0.565601779781103 -0.3170722732981357 -0.2974486251056119 267 153 408
49 0.9633961656897267 0.5465669655169857 -0.19940528013517866 -0.015305711559276958 550 456 153
50 0.6260849821866182 -0.013502376386006243 -0.1489731053794241 -0.6108287754075237 347 29 507
51 0.6570353891826355 0.9544545998208983 -0.2643410754177289 -0.24115706098726264 507 297 531
52 0.33067861172548146 0.2866708835944839 0.2346542030129406 -0.4347838519769276 113 82 572
53 0.49486144994377346 0.8634501935592542 0.44309175738221906 -0.005146684814438807 121 304 460
54 0.22893352366500797 0.6076685977146398 -0.2638000748400593 -0.12744762328820158 524 125 471
55 0.473681840041797 0.3774873516232098 -0.10607674981455428 -0.12758370020182763 207 473 497
56 0.03252790756961108 0.7222326188848117 -0.490241877995623 0.22133669966284408 122 388 522
57 0.8554205750558331 0.26977091823194177 -0.08563598666994077 0.2714042608709111 236 10 262
58 0.5058373057025966 0.33156934323600795 0.09794795322037864 0.027141929676011145 473 96 486
59 0.49036412201768326 0.2852394979527383 -0.07105334792756324 -0.04566889609536329 173 181 96
60 0.9861779455691295 0.5791098153818304 0.16431646078507445 -0.01849611609705537 265 408 219
61 0.023118482816886 0.5604405353706106 0.01219204390223716 0.06933914067919211 219 581 462
62 0.47923039051419036 0.3962049872580033 -0.0009871787415294264 0.36616951831769384 233 497 421
63 0.538817098004176 0.4313918017247459 0.17368173149678867 0.39227910295092094 421 338 3
64 0.290298663783939 0.7502407291916035 -0.36324791403974377 0.3184419318513765 598 252 1
65 0.34434630686718076 0.6278766983912019 0.050762626740974426 -0.03416611160655947 117 308 476
66 0.2599752684913183 0.6459723400668923 -0.058950910819532965 -0.07354358927402771 159 471 117
67 0.3741107419659484 0.6573729685188427 0.2722028998036752 0.07562648562942087 476 332 311
68 0.3744395118093953 0.704704804523494 0.27474098898694344 0.25807229582508473 108 311 63
69 0.23927965422772632 0.016205925441671265 0.3331247167004392 0.4460332235500797 124 403 334
70 0.6769922448866834 0.36010452777103946 -0.034371756829632005 -0.11108511749347016 90 120 294
71 0.6625888743887481 0.42828867464483517 0.17458278225856994 0.3384219439406255 42 343 229
72 0.6502913320055138 0.39258459959847897 -0.025851566026746653 0.009366062092563965 202 90 343
73 0.5874088134526566 0.19681696603300666 -0.2765447343344718 -0.31661405719418667 318 503 146
74 0.5483135761121938 0.17598419356477174 0.30622776675537366 -0.016962571278145155 250 14 503
75 0.5537275080306683 0.15935375888843487 0.3749624635090987 -0.33671903720139396 14 448 290
76 0.5396647118154198 0.020533548984064686 0.44206874619256986 -0.16909884326121727 337 552 192
77 0.5493878948342132 0.07894369523992446 0.16506394445725547 0.17549651662451815 523 192 116
78 0.5648747356105457 0.1555628677192221 0.3477930235473714 -0.26480796791461536 290 329 230
79 0.5882719057333351 0.09414043165207145 -0.31091494170909506 0.35922412891520317 329 116 203
80 0.6401097882458964 0.15933479873369194 -0.006218431672366798 0.3562840605875195 83 392 506
81 0.6043139014248301 0.17023553810106828 -0.517893114504453 0.20483722842912222 146 230 83
82 0.7156327746038423 0.17519900414214468 -0.34979234508902834 0.3164608949890457 222 204 574
83 0.6486702331597007 0.1457992691289838 0.058526354942967096 0.30056771793685044 392 484 204
84 0.7714033732172192 0.16433112606328235 -0.49221256133435975 0.3666435755694808 200 574 407
85 0.7865765474399702 0.1424679435476772 -0.3158835443217711 -0.023664251114219326 407 123 243
86 0.6280874862442278 0.08550991445942424 -0.1270206287373732 0.3086988251826961 203 8 484
87 0.8419993649656261 0.07028369727558882 -0.43395796262002406 -0.24680363863716082 106 61 165
88 0.8178501789387662 0.09767434263234086 -0.04351645641054169 -0.6450767475740804 269 12 106
89 0.797584393923101 0.028036855265352163 -0.2509603296008134 0.38661645135329437 239 434 61
90 0.7850552065680678 0.03932795204458924 0.30384168583919013 -0.16821891900276054 344 239 12
91 0.621588366443726 0.263307432302612 0.35681367721585033 0.12737332855117245 26 101 364
92 0.65428537307404 0.3078703697286894 -0.06251006101631873 -0.08823323634221669 562 380 120
93 0.6333354974591106 0.3045800176866831 0.08464886604164779 -0.028911649810337003 103 364 562
94 0.4357857571192994 0.10408260657402903 -0.24025743512734454 -0.15262677996452645 126 590 328
95 0.35841063247975746 0.12791728917882902 0.09279816637342009 -0.0777736517548755 478 383 126
96 0.9785368038690139 0.12039854712677794 0.29539822116175785 0.27664446844433144 370 295 504
97 0.9757872233302096 0.08703025050807058 0.2607501527196465 0.024304162155042164 561 133 295
98 0.8924622859513986 0.7142710663094736 0.04060867822563985 -0.1389914523752811 455 402 375
99 0.8911226225956601 0.8165999052713364 -0.15896436562912175 -0.09247140796142528 19 568 371
100 0.9277644501529491 0.7461174183250919 0.03757879493693217 -0.424352444156062 176 375 510
101 0.9317966814138944 0.7807122421433123 0.13438149620847994 -0.3083038047080322 568 176 576
102 0.9057092418720134 0.6240832331722681 0.2795637481928237 -0.46963113224662845 77 505 350
103 0.9255000969260072 0.6172326797255365 -0.4671411407003445 -0.17052468881395555 350 430 56
104 0.8723796365315077 0.9022729018795916 0.23754392550201509 0.053456109330718427 251 221 511
105 0.8693231552924223 0.9191449183018654 0.257862120545127 -0.11616019396365473 284 511 438
106 0.8872900570706632 0.9258927344433378 0.134934298803846 -0.17281828260107268 438 588 89
107 0.8922441547659045 0.8999972778321405 -0.06422045395471088 0.18554182721480794 235 221 468
108 0.8982498061164106 0.9138647046067737 -0.0811328199068484 -0.035521338648258904 588 235 34
109 0.06788834725192654 0.9247420991410106 -0.17723474216024826 0.5005970540872262 469 261 439
110 0.08318557053485719 0.5043252077243656 -0.35325254318929744 -0.3801276769049844 57 53 340
111 0.08213550670882537 0.5252793301004988 -0.39499144580124046 -0.1855714984455581 128 340 68
112 0.04467596243251675 0.33390450732646887 -0.2551532006511703 0.48401623820026884 194 480 196
113 0.12313197201419974 0.360235026965784 0.039522152217585926 -0.070071412908157 97 275 286
114 0.3586181518548241 0.5853968059028785 0.16630979857157335 -0.18480349195382217 308 179 527
115 0.37656155101056593 0.26318500790364546 0.22171952607230594 -0.3457813875507032 572 444 173
116 0.278955501708395 0.42723386440926736 -0.3403631196330359 0.3310862542460491 205 405 475
117 0.25631737021198775 0.5339622796053682 -0.5276477098997701 -0.039620570713161385 585 75 164
118 0.11834918485104368 0.334227332787241 0.022442056199500904 -0.04495556357730912 535 485 275
119 0.9670561955004857 0.4343183391588225 0.19785514997205933 -0.11423596513182588 211 390 366
120 0.3838126163475928 0.20782086423474583 0.07447348987499325 0.0665536417643331 444 220 162
121 0.17691320905465602 0.9281626472418502 -0.2791176536426354 -0.6527695169122882 395 449 232
122 0.6201864626870188 0.4761240689465798 0.03468282848417825 -0.22714476757834667 515 433 367
123 0.45098317305456836 0.49258138647361477 -0.11406832214899687 0.2428583695257558 382 592 238
124 0.3020899416261002 0.9442234299082014 0.28819815492409084 0.09115091043065959 242 528 54
125 0.45624748438747054 0.8971324767565123 0.09798410555150738 0.36330300365317036 87 121 118
126 0.3831985653208773 0.7855132115594402 -0.2303558961636032 -0.3259552905365837 240 92 333
127 0.4140829539898513 0.7574530314007034 -0.21640021510838103 -0.24191512335014487 333 256 520
128 0.33995573676505203 0.7500745642203693 0.43209446645708915 0.16011598297227536 73 108 92
129 0.3899719088639935 0.7127992511979929 0.5880693019350014 0.45778340493352054 63 170 256
130 0.5910155613587901 0.9314585029942768 0.40208534349273073 0.18117924348304282 577 279 29
131 0.5484575395555258 0.8807466616771567 0.24186956951166572 -0.050442995613853014 460 285 217
132 0.5712502052315567 0.9286104989985279 0.1231440286547647 0.13967204823273072 420 217 577
133 0.5602551407248308 0.7040389179191839 0.32885539517218954 0.22600086090757143 587 336 107
134 0.6542411835453077 0.7556298134357038 0.05093232953445881 0.13213577350346117 320 559 247
135 0.6337777260343078 0.7555785219220132 -0.5473913222003857 0.1140656048781441 215 107 320
136 0.3108651714052492 0.8169317797616042 0.07771155351166126 -0.3768400671372296 381 5 184
137 0.3340417735241123 0.9010637852638375 -0.7362384694953317 0.1806240261525982 391 354 80
138 0.49398150892510134 0.7936220793071319 0.3649079267920019 -0.16676257319492294 401 166 72
139 0.4599952392933755 0.7558546947476448 -0.0641504731280218 -0.18509227761587255 520 411 401
140 0.5354769766327969 0.7746463414095588 -0.38226430493226715 -0.12088335818449814 166 537 248
141 0.5098711347642895 0.7152785910738544 0.506622336790552 0.39143792998630467 322 540 537
142 0.7057955728984149 0.8704072206515094 -0.022850494760251472 -0.29023443752496103 426 180 141
143 0.6567783814576726 0.8627926767936283 0.2524896347555483 -0.3372183293021136 300 358 426
144 0.7239230743661591 0.8234450111614946 -0.1898350004969629 0.21382313558637733 180 554 85
145 0.6671443034205145 0.783697449864474 0.2716263842322819 0.6565832606775235 358 247 554
146 0.6327839436623967 0.8766822902662676 -0.09809768761193105 -0.14007155435535878 110 419 300
147 0.8019178187470034 0.9066385956795453 0.03156534408854661 -0.4099162217996444 293 483 316
148 0.8049565446376821 0.9288473759205033 0.16947976667902598 0.22467625190869533 245 316 459
149 0.7782712356481484 0.9641163356491564 0.3378596569181269 0.16967321922467526 445 245 257
150 0.7454132576451934 0.9727496772320389 0.41242214782188924 0.09889019186859471 412 445 174
151 0.7128122580377478 0.9469820112589257 0.015897356347993608 -0.22197136559376496 531 330 412
152 0.7929984110793349 0.858314939376636 0.022042969533009327 0.5199389849219749 580 327 458
153 0.778180520913959 0.8864714830097089 0.2403537230355468 -0.07638799592868395 140 580 293
154 0.7246475056137536 0.8952073766170774 0.15921243941285912 0.018001837867598347 330 141 140
155 0.3152076296200564 0.7585056259712051 -0.07673651609974019 0.359745390768329 5 1 73
156 0.29163548129033007 0.8233237434950025 -0.1538112064797259 -0.3027616154310797 594 142 381
157 0.5661804171950726 0.7873254193633601 -0.22661697067494213 -0.03522358515972712 93 248 429
158 0.2126057040451319 0.4728268978634626 0.011300724939156126 0.23040648763905658 231 205 498
159 0.18509612465730796 0.4675302033725819 -0.3589002272458286 0.1349808233935823 47 259 231
160 0.2806776531272215 0.5288796738001582 0.24258376869756848 -0.22038800367996103 164 363 289
161 0.3074942763904883 0.45944280080668515 -0.049741349233967114 0.41290737079480166 363 475 331
162 0.3416305143580116 0.467457574620571 0.5125183222265406 0.46275296650133413 331 369 249
163 0.8417646370982417 0.27427182408186224 -0.3554507826963871 0.34921388836206546 490 406 236
164 0.7382645470019378 0.2722220379256138 0.04016062586653657 0.027423432968909367 512 58 418
165 0.7643487289813103 0.25192713507929804 0.25286369664812014 -0.10598184899124341 58 200 406
166 0.906984937238926 0.3343525050664717 0.19468130614541668 0.22738107785524875 409 51 172
167 0.8863696941705603 0.32705424128809396 -0.33954814099290687 0.04498214439818682 464 262 409
168 0.9301699867918927 0.43401088745943783 0.14680205211170527 -0.18653141774238602 345 172 211
169 0.34773623398477843 0.17675501494270793 0.08859068825750605 0.1455841003306091 270 478 220
170 0.8255297152159254 0.7243634938124454 0.06888527318005266 0.13224312131465688 91 74 455
171 0.8391153104670164 0.6415902546067215 0.16146226577973266 -0.19441199830549927 31 302 201
172 0.9883376623650599 0.6009105547148615 0.20354960442864334 0.4087741201086459 241 265 526
173 0.9801419043165811 0.6140440811848676 0.2915753681900779 0.25221036283745724 136 241 509
174 0.44684023231380127 0.6007648081105325 -0.28942006187471225 -0.6662552268568711 298 376 398
175 0.4528491307499165 0.6395430563409656 -0.26906002495441506 -0.2569109529282354 332 398 255
176 0.21711065632117502 0.9496211686823964 0.02200818347009026 -0.2701640529345628 427 15 525
177 0.18479271537972042 0.6973814446608269 0.2931843358366937 0.20010476192711124 99 129 41
178 0.2497790334969469 0.6688384729536008 -0.2909073901907755 0.46493000664671325 129 159 325
179 0.26025446161636523 0.7158701769607948 -0.2804714842319367 0.4696423062944266 40 325 252
180 0.06856387062921278 0.08791303241081573 -0.32433998299608024 0.041975323911147555 209 599 425
181 0.09938923493286823 0.08916357787143024 0.1522154222111105 0.04839702631709297 425 400 171
182 0.6693632812102717 0.22326238683035424 0.10105518609415665 0.014376541276894805 16 506 584
183 0.6534237482260379 0.2522684029439962 0.15655710547402002 0.2366957269073211 101 16 465
184 0.6931611628418821 0.22439092232564212 -0.1250705580768674 -0.0683764184161717 584 222 352
185 0.7130999587467893 0.2631195311223216 -0.45991158034719426 -0.21370474626025704 313 352 512
186 0.6731899593292799 0.2773218856265927 -0.20390776983569836 -0.2703026899530947 380 465 313
187 0.31334518737576533 0.11098947852381784 -0.2780707043098518 -0.009140154258457933 223 62 477
188 0.3432234944632901 0.11014164670860636 -0.09081106734643019 -0.17743075272913522 477 564 383
189 0.9242701922300212 0.04375975765589364 0.06294844125120935 -0.01800059701989598 165 454 561
190 0.7521804330797612 0.7382927177675245 -0.12364827182975713 -0.37828954378704704 492 417 365
191 0.7920736640109673 0.7867116201837959 -0.11901099411515403 -0.17448246805717993 11 365 348
192 0.8139923667122239 0.779750393283471 0.1533172665213467 -0.24543112472907858 348 91 19
193 0.4881077258576201 0.7040054955833374 -0.038035559771221195 0.04101776696074921 541 567 322
194 0.47098927511711186 0.7160513829800075 -0.44810569248265875 0.34814685197226414 411 170 541
195 0.056678819360211435 0.008642268724479783 -0.08259663369925008 -0.016621759524326762 482 227 65
196 0.09698622876638449 0.9907931102724814 -0.3860553678819434 -0.14725829895756437 65 439 228
197 0.11675502362299506 0.9985021497302193 0.08992689475018079 -0.011009098146996799 228 596 45
198 0.02927244989362967 0.9648307514296899 -0.18550249669679886 -0.587402305615714 360 303 299
199 1.0135635152708011 0.9495892679032847 0.7386973997769442 0.13753523077364438 213 553 360
200 0.04066377717522086 0.9427872597237019 -0.5950569724466614 0.5796048602874082 303 553 469
201 0.23967769609004022 0.9765614438524786 0.34050441737043524 0.11260831572768026 403 525 27
202 0.21865205870118615 0.5080786862371566 0.044229212306512444 0.3724999302068266 157 498 75
203 0.09928501480208696 0.47926709244238486 -0.27940434757511845 -0.1858109048569201 53 102 396
204 0.23408692449147994 0.55777568507912 -0.22500345753240225 -0.32985016037989645 125 2 585
205 0.1998261438353455 0.5324708404641654 0.41583145017620726 -0.17766215443248967 575 157 2
206 0.17325890468896982 0.5330112027671803 0.18810698727833586 -0.19957309659035527 214 100 575
207 0.1345102755427125 0.7117167325109648 -0.03972998076362533 0.40925353314569257 410 414 339
208 0.15421656016077442 0.7745014067536931 -0.21795169696803285 -0.03370490414544847 0 339 296
209 0.08124087621468304 0.3974138649317075 0.18494943285207732 -0.10888991548718696 461 97 547
210 0.047384797175429386 0.3836339463228315 -0.05227650534678219 -0.2407612942345594 131 194 461
211 0.07662053232030268 0.45558603595758773 0.2374960637874235 0.2207540403947883 17 361 102
212 0.03417559712282874 0.47309191498988157 0.7687875072659445 0.19536360029714928 154 17 57
213 0.19929578710204188 0.31310455933227793 -0.5472138939893734 -0.030097901948522576 28 543 288
214 0.26986378306769626 0.37733642924093797 -0.5046467528579957 0.16298592649122146 521 206 405
215 0.16211437137221352 0.39151875125329405 0.2310959285045655 -0.03844130361252418 152 487 521
216 0.14809735708071323 0.36666664657375947 0.21447047332534552 -0.10118057190700025 286 28 487
217 0.06430561493747682 0.3117515447194124 0.03130861091216186 0.1592388419041635 196 186 535
218 0.16796156496145873 0.292456743643333 -0.11681346515080016 0.2119851752468982 485 253 543
219 0.21527802590698517 0.05841491488651991 0.22050564499331848 0.28427914709749924 529 124 60
220 0.3921841435363404 0.5764937597459598 0.699645569257612 -0.26458472288104495 527 291 160
221 0.4437702663761901 0.5682541626599433 0.05653299061519901 0.40791813434026825 7 542 119
222 0.4244182380993587 0.542431676811283 -0.1327184445676366 0.5278631996785688 291 138 542
223 0.3500435835940683 0.5697998438910974 -0.01285008176254987 -0.5624660150832517 289 263 179
224 0.25333869213368804 0.8407223725926279 -0.3275668850749591 0.1328437866654486 71 22 579
225 0.24079255639861552 0.8580028495307634 0.1467020026291177 -0.508730003956348 453 71 144
226 0.7909452379822124 0.33974157584084436 -0.2885545722502991 0.08819191280040606 112 431 145
227 0.745141428902818 0.3075125551035455 0.06585045217444296 0.4221930791081796 341 418 431
228 0.15196969586899575 0.42778926126289246 0.015159824437449565 0.2518731376244254 115 152 259
229 0.820384569701524 0.3326928405508048 0.1697271222872443 -0.1038084045806853 145 490 306
230 0.9817895912365249 0.4106469573310659 0.4594917373673679 -0.5298905647599383 390 423 131
231 0.9239645326171172 0.5565576852915 0.11508042643826322 -0.01819913525435979 582 301 321
232 0.9318486211920467 0.5700903225734162 0.07786437293544335 -0.08054354370956585 178 321 267
233 0.09897419590648308 0.589600989503881 0.05908208852711816 0.06144308950517541 309 94 450
234 0.1516206006937471 0.6600520920092697 0.04185557143931984 -0.6740251863590618 450 314 224
235 0.97372357583506 0.9363719347069132 -0.005758499233010639 -0.2381600527900929 18 226 213
236 0.24881064856175683 0.09799093805027702 -0.12334779517231276 0.29997247949498096 198 60 378
237 0.351165869850541 0.9928507585317244 0.07175684491045331 -0.11147124126531516 158 397 148
238 0.3963160944127863 0.0046852859126271205 -0.49508046932877914 -0.3615279554891604 148 151 474
239 0.022026062340631914 0.14074245130703833 -0.18901633799806028 -0.1760722387333935 504 209 310
240 0.02416477234449712 0.1795809252584636 -0.42139836949756093 0.17745339069702437 35 310 502
241 0.12539453450207017 0.13265645330720072 0.2967291565236785 -0.16024773070999476 472 171 287
242 0.12246854685969122 0.1523128406281841 0.23452652424260645 0.28214709318907794 312 472 185
243 0.8853217770182464 0.4548536845836218 -0.06777867711527108 0.1856037254444054 319 368 33
244 0.9131515445197145 0.45518086969278776 -0.11114847826843022 0.1738977829790489 33 345 335
245 0.44124912185106646 0.4498531738370226 -0.18525286443749067 0.3325288572275653 369 233 592
246 0.22208685199271455 0.7525448264430161 0.338899226390299 -0.03228228621920959 189 40 208
247 0.1913235419868834 0.8462759156194088 0.082562123110419 0.20592646927941605 372 532 449
248 0.222936084066412 0.8429133250266565 0.5019340870021649 0.07155987226392657 532 565 453
249 0.27941625083226196 0.3478057660010958 -0.35311716588964925 -0.3197912018526594 206 424 273
250 0.42332997244786963 0.5181383474266306 -0.22116894322909975 0.31018489478340516 138 199 382
251 0.3081492852213618 0.9199028894354049 0.3922053140592574 -0.602655869305635 528 413 391
252 0.30253323204076515 0.8883183849242523 0.40882115193152657 0.6383803395626497 147 354 413
253 0.2804880058891119 0.8406230413043916 -0.42010589243468566 0.16252233413227568 546 579 594
254 0.2814829139286962 0.8664085457453705 -0.31013234029486636 -0.014632443867679257 187 546 147
255 0.6267081997851871 0.9097434410359297 -0.11246603995318516 0.3638462246768892 279 110 297
256 0.5811204035199213 0.8530952605497533 0.3152688908547585 -0.1641867523882734 285 52 76
257 0.6099329166769205 0.8585094815195269 -0.598538227661316 -0.47980492877408576 76 555 419
258 0.5787543084429748 0.7765229797626714 -0.20905697520334776 -0.024661899952760358 429 183 435
259 0.60495919553727 0.7827092409949504 -0.3634564833127074 0.07842264823643141 441 435 215
260 0.5989278885931367 0.833184976575651 -0.4829883638868271 -0.09758380561941671 324 441 555
261 0.5646410731331784 0.8127300028986846 -0.17201653539078432 0.16142254616324792 67 93 569
262 0.5830631798142458 0.8328747131673752 0.2296505225568568 0.27872930977168586 52 569 324
263 0.24687386358437935 0.8758465350334701 0.26844074255127914 -0.2825123485844516 15 144 187
264 0.10928040755951043 0.8764795968733052 0.4288951676451047 -0.01640719886342179 212 457 395
265 0.14517419901768153 0.8311743626124977 0.1435277209582697 -0.3189770225731081 457 274 589
266 0.079239895621573 0.8813495596028127 -0.021580855852354475 0.152954950094486 261 578 212
267 0.2985740249911277 0.2029205699128454 0.39201422871726344 -0.06509670233412201 244 270 82
268 0.48725197849205526 0.5615638959317285 -0.011425072693471705 -0.10295034061358344 105 156 323
269 0.4881282822370337 0.5163437547478102 0.10889642867994986 0.21835582231233275 238 326 156
270 0.2585433523092252 0.9742653119765827 0.6936493462950111 0.058444920431055536 27 242 533
271 0.9031169385151205 0.6051844946012445 0.36323613804289945 0.06491399865554692 516 277 505
272 0.8718681438193787 0.5767605567133167 0.35489189816051425 -0.2369646093930422 225 254 516
273 0.9177716198738718 0.6013521839217432 -0.11865333559429869 0.24026663245774182 277 178 430
274 0.7485776344385865 0.024805042326222652 0.4678434459282066 0.06951722461567833 44 373 344
275 0.7028243116229035 0.06444720630827212 0.4879324125295348 0.04467134578911569 489 44 123
276 0.11018048966683558 0.5672858002462423 -0.00401004437988739 0.04908855683050106 94 68 353
277 0.05202990449347809 0.8577782809767663 -0.05205210221181922 0.15717418547223083 150 374 578
278 0.05398467364464998 0.8241117854978449 0.043469289973119274 -0.3984615401519953 563 175 374
279 0.24512983509427963 0.7825923532200627 0.25919219791281645 0.13820764810379416 32 208 544
280 0.2633008420805232 0.7814985363215753 0.2170087203684501 0.13157913578143443 544 598 142
281 0.6790723113230637 0.7252836578135449 0.257129505881748 -0.046019140234609957 559 463 492
282 0.0003320796580068092 0.7822876598291335 0.05380167908408673 -0.5605920790074936 576 495 234
283 0.030500499309346625 0.797480516418657 -0.20441965620232594 -0.6994247098157658 234 122 563
284 0.22678916873108493 0.14034136985226367 0.09929192121282959 -0.491899850019184 389 198 59
285 0.19533134150937512 0.12440737303727323 -0.5494958481289114 -0.5406426903387107 216 169 389
286 0.3706491397146146 0.5175845645714301 0.13227386200242996 0.07516292727105522 263 249 199
287 0.28895592138577686 0.3393560424016376 -0.19348482208775275 -0.44477114768959325 273 356 84
288 0.316005067733626 0.3337724413042133 0.2819019646188581 -0.48546149114536696 84 113 207
289 0.2591304346700523 0.178318162797219 0.4775385805538823 -0.1989822112635764 442 223 244
290 0.24269781297240342 0.1791527355230854 0.3119671829893145 -0.17364853166501604 451 428 442
291 0.22662527068649302 0.20637043481114803 0.015266304539962583 0.4419297737652539 566 451 356
292 0.5416152146144844 0.5029380048054852 -0.19311201943095213 -0.17977170169158896 326 3 355
293 0.8009710631511211 0.7004429459310784 -0.13922784522502063 0.12994716344638668 501 139 74
294 0.8024880942801601 0.6682915314195127 -0.142117821677612 -0.0199536512313081 466 31 139
295 0.7559555107934239 0.7219293529630668 -0.2445987534044347 0.15705295917933793 417 351 501
296 0.6908309291786385 0.6945792303095727 0.3576438279209726 -0.12694330326495917 377 64 351
297 0.8387311611745798 0.5870942608814045 0.03523298978957978 -0.2128993720901251 302 37 570
298 0.1796337394660078 0.6121433344741194 -0.08344046356634216 -0.0449531314949958 314 20 524
299 0.14780148665048468 0.5668120463089859 0.17686556108564844 0.0321560326976833 353 214 20
300 0.6503922282329357 0.5841733957925912 0.03804255487016572 0.015747354462081198 416 519 283
301 0.6442120912471128 0.4673791328944784 0.46085498021930515 -0.3411318075241532 367 42 268
302 0.648996490040392 0.557093169647016 0.03795853388555148 0.0389013977281083 519 538 488
303 0.4298961823065328 0.5844216816104352 0.5892084500858097 -0.04181799889008131 160 595 298
304 0.6153651111302842 0.6092793242617034 -0.072936770512122 -0.09562265562701455 155 416 545
305 0.46208886841472785 0.5731358338528281 -0.6620930737694097 0.12069469521036602 46 119 105
306 0.4503622860561888 0.5885667744619846 -0.33534137914431605 -0.5853812552747417 376 55 46
307 0.44069926962710315 0.5776699398047884 0.12488459953663433 0.32923970876008735 595 7 55
308 0.5630779016902363 0.5780639064604036 0.34508176802172663 -0.007788755404525283 177 305 155
309 0.5375278877783244 0.5890098854332184 -0.04624907887218477 0.1234290506607616 556 323 177
310 0.2022312796525637 0.7498810943808463 -0.046954421947797975 -0.12474879844404096 493 41 189
311 0.9898121987992851 0.7040048587391048 -0.22276739411464241 -0.18539774333803383 317 496 548
312 0.009864447374074829 0.7237510523623488 0.12473759247733085 0.21883500914143816 495 548 388
313 0.9919850110992426 0.6670123700944399 -0.15228756884005934 0.24034966204788955 496 491 130
314 0.2392764893934564 0.1602882063361047 0.1439091949773097 -0.7323895840488648 59 271 428
315 0.16299067303458672 0.1212300667987701 0.7749882374730177 -0.2873582417156628 287 432 216
316 0.18407806554202796 0.1018668569427301 -0.17512273922659638 0.5780044505521165 432 437 169
317 0.18776786998347325 0.07009319738520212 -0.15168105695073653 0.31092024337098234 437 394 529
318 0.2225509277601631 0.20813452418757564 -0.03009363739106541 0.4588502144214912 86 566 593
319 0.11059935510378192 0.7761488590714101 0.08523240620228467 0.054211340971832556 175 479 266
320 0.1348641313226681 0.7868988088321478 0.15506741862791884 0.03026189437926874 266 0 274
321 0.1638432309861667 0.4891995864848279 0.043808127611622005 -0.2356660214197781 9 47 100
322 0.12971018411987592 0.4695246292939152 -0.008221007208319975 -0.19224979039278445 396 586 9
323 0.13218548518751463 0.4376720824762561 -0.14001498502280718 0.25877384124406433 586 508 115
324 0.15523693269994693 0.6864565775023748 0.16800166362240798 0.12891336054199343 414 224 99
325 0.09754460835786843 0.4271192757334322 -0.8018147399507791 -0.0808408047101028 109 357 508
326 0.09073859505326008 0.4217898102373406 0.4477554783541282 0.6830479214355034 278 547 357
327 0.09090095859942958 0.4287884436681148 0.47708813141408846 -0.3604407574492319 361 278 109
328 0.19458023494257767 0.2040896103051691 -0.46453300789339735 0.32702422957109345 30 185 86
329 0.15919237168972675 0.24639574414951937 -0.15655870488906487 0.04423798619090924 530 30 253
330 0.2724296521564908 0.10220226522347885 -0.5592142218041607 0.30399701540784196 271 378 210
331 0.17108593107547027 0.8278268329787797 -0.28062518524218927 -0.19768026139621586 589 387 372
332 0.23918309065819615 0.8278373313488002 0.13699319283133615 0.36116303211986 565 32 22
333 0.849095542031812 0.35436502689437915 0.07181252884014278 -0.19544712168140244 306 464 536
334 0.952201529781615 0.31384822480338104 0.12352232084400505 0.18472769633404162 51 514 539
335 0.9857371927636613 0.3480522844401317 0.2091130789361184 0.049804679130849294 423 539 480
336 0.1697807306236118 0.7809270111933122 -0.17367066396101194 -0.07367024178195347 296 493 387
337 1.0129177541417351 0.256888117679986 0.3708360458987148 -0.2376979564566728 573 264 399
338 0.04862276988551341 0.19952181404159092 -0.42416176716797427 0.33090615907116483 264 494 36
339 0.29695897819442496 0.09183943952148002 -0.16435008319548583 0.15478818296554842 210 43 62
340 0.9150722477760924 0.009692210574070305 -0.16015977225003475 -0.5609454985580631 481 551 168
341 0.9176710819922103 -0.00393096538206468 -0.09974845914528796 -0.8100367489619065 551 89 557
342 0.9420624223486717 0.9521007850529662 -0.11019735610129366 -0.42455714152622726 557 95 18
343 0.3004514220667524 0.05933915381922439 -0.08861313280372762 -0.1322007968374006 43 334 21
344 0.3255458789896357 0.01351165814743242 0.010711276657304758 -0.13767157205912817 533 158 276
345 0.3281826002899776 0.04109535058395755 -0.04081097994268479 0.010960942917193073 21 276 246
346 0.35769006926298497 0.05624454240818871 -0.2806328752713583 0.013804012100049334 564 246 446
347 0.407913845062519 0.02757833086483726 -0.3735860662490431 -0.07527732708012547 446 474 237
348 0.22670735443159595 0.30743140301904115 -0.22746494375558424 -0.1886426695407728 288 593 424
349 0.9714264636184051 0.2597255136842447 0.3947701547601934 -0.08874000666236892 514 135 573
350 0.9671305558115415 0.24430314112208257 0.3382605615748213 -0.3768574487195142 78 143 135
351 0.032250641284687395 0.191264099173567 -0.45188957697311904 0.2596133011692481 143 502 494
352 0.8531502213733934 0.419104035151645 -0.394125530822631 -0.24060684555848866 436 536 368
353 0.6096382537859604 0.505269345374981 -0.16921210092835093 0.28392260174869843 81 515 440
354 0.09140143346937622 0.23462241614531665 0.031117042276207485 0.10386159085551405 549 571 530
355 0.5720898413173134 0.5577400336296022 0.4196921535998266 -0.2563597924221117 305 362 114
356 0.6872872564214945 0.6018250611575368 0.33255360826212055 0.16521743834152502 283 69 38
357 0.6767913156840382 0.7012108735609847 0.21471107964493585 -0.052688849810911265 463 161 377
358 0.855564710414497 0.5748603965650927 0.11168502268843472 -0.2939491414166717 570 191 225
359 0.7333378821219038 0.5842253977593973 -0.3603445632160973 0.42749471879099943 98 69 39
360 0.7520339805796281 0.5418327533911727 -0.3062482007570866 0.16267527741531396 39 583 48
361 0.77467554378833 0.5358023705094641 0.27700256463591977 -0.00410721422150484 48 195 37
362 0.7380696696878906 0.4017875543472268 -0.255824554942774 -0.11714846349930585 132 443 470
363 0.8019915078457638 0.9882366012703826 -0.202316315436879 -0.19805568365893755 393 257 422
364 0.7045435106922495 0.6565499950164871 0.2780448531136681 -0.40937847348154754 64 38 197
365 0.7537516216897306 0.008021227264333892 0.4754809969365059 -0.01717648696886176 373 174 258
366 0.629853789104468 0.5469699767333822 -0.5355491338593366 -0.2491986113989375 114 440 538
367 0.7141283977951414 0.5202402560518651 -0.4129669189945062 0.07571826568519846 488 342 583
368 0.7928048754821813 0.008047544071650693 -0.34693980327515916 0.06489653883723356 258 393 434
369 1.0014213143536577 0.4989877314624935 0.15681171604275956 0.48388779615160527 456 188 149
370 0.7608414943335834 0.4006652330211452 0.12776536426062357 -0.11678433324557869 470 112 467
371 0.6955624603082282 0.4790788502951376 -0.43128191920538406 -0.3014718905069991 268 315 342
372 0.8344394384993058 0.9743917700404444 -0.06774451763447153 -0.20403676942448712 422 167 481
373 0.534625808596631 0.6220817201890017 -0.035022789529604026 0.28280401839775315 415 556 127
374 0.7791209034348868 0.4201989464238385 0.5054561269535185 0.23765470529013566 467 436 4
375 0.48764498419223984 0.9836899458155981 -0.14059413390443698 -0.0516185667126523 282 118 597
376 0.42716317037366935 0.034107525127703216 -0.056263707581827305 0.031053589560903205 237 282 590
377 0.7429888948890697 0.6399664878471556 -0.18532494011624934 -0.15955785651056154 197 98 466
378 0.8770760482460103 0.47382755259267034 -0.24458252263770408 0.672482302829791 346 385 319
379 0.8496810003199882 0.49445408824387926 -0.12597281690007733 0.4690049994204859 191 534 385
380 0.8896730156175521 0.5535132272124184 0.23259839436462482 -0.10582917008006287 254 346 582
381 0.7941574438973003 0.4984776645849397 0.3458160834080015 -0.1688928455423344 195 4 534
382 0.7002936750866006 0.44370539303556333 -0.3884879890003745 -0.13075082197500087 315 229 132
383 0.5660690376229687 0.5202125430283231 0.2871677801802308 0.08580645326217162 362 355 81
384 0.708793295975539 0.3611814503044022 0.14637084252977495 -0.0510053783930875 294 341 443
385 0.9717927403273041 0.9042017568413931 -0.05152498566696195 0.28347223943181454 226 307 150
386 0.07457623639897082 0.19776036370522948 0.14289644988119132 0.2889783121129419 36 312 571
387 0.5144548980552115 0.9905570612800091 0.5866188510644799 0.10662004265582503 597 560 337
388 0.9281600486336586 0.028628252011474842 0.1182612180058995 -0.20706705343431775 454 168 104
389 1.003066314204308 0.47430703782897365 0.26368218684902356 0.21588971582664485 366 154 188
390 0.02727129418852501 0.5243013765530805 0.17195081261633938 0.31231156202848886 149 128 581
391 0.05832213047969863 0.2862694458244173 -0.07209844180011693 -0.41204143812201277 399 549 186
392 0.5738021598761358 0.6618409936665286 -0.03851365892870717 -0.005128297092538148 336 127 50
393 0.6142222843638611 0.651636760072572 -0.15923705340425975 -0.1340480032530067 50 545 161
394 0.6404636185541543 0.06556858914318191 0.07210097414944716 -0.08501972806329583 8 280 489
395 0.5487007937630318 0.975132541676601 0.20312198520389124 0.24537054124640356 560 420 500
396 0.6175268718640554 0.013120998370862256 -0.27483218929813535 -0.229030856432888 513 347 280
397 0.5762447588563545 0.004997838559303147 -0.6182651279829088 -0.15114665768978242 552 500 513
398 0.005972586332283477 0.6411983455295485 0.02657438470665685 -0.2549220192576973 272 509 499
399 0.0032604140157752705 0.6606328406965907 -0.0012610478633545696 0.18503386444573833 130 272 24
