351
0 0.046181827530801765 0.6289494455414062 -0.2480060063564382 0.04373459476514352 111 66 359
1 0.024816164903301782 0.6277341682865891 -0.6621634716236224 0.02867333558087548 499 526 111
2 0.7770065889505833 0.8164249818932617 -0.22162410726056514 0.18560499456810042 85 11 327
3 0.8900423773233118 0.8416458170416355 -0.18462994258450216 0.6504110992844314 558 371 384
4 0.9078098259402421 0.876446015566271 -0.22893539980417543 0.5881399672835741 468 384 182
5 0.9340802258295016 0.8982699264682916 -0.35998508236823046 0.37569415217708624 386 182 307
6 0.9212883963422387 0.9166406028461184 0.09814136864294554 -0.09033635298139053 34 386 95
7 0.06304612592034342 0.6936590057768196 -0.33532229701260796 -0.14391729405427434 517 359 452
8 0.044541435939936765 0.6999208631786633 -0.3112964851170741 -0.15055410945707948 522 24 517
9 0.06566945405235433 0.5950246487509165 -0.28887078770689634 0.08830378928070814 66 462 309
10 0.39432911171832374 -0.01852001096131441 -0.4692781125498202 -0.6947217804503802 163 404 151
11 0.3492391217691881 0.9708558234048954 0.13409418991860989 0.05088144940101902 54 379 397
12 0.3729388967588907 0.9590194399851744 -0.05181527637510008 0.18365014821386527 379 193 163
13 0.8773989200549724 0.21667116959979565 -0.06493965365450549 -0.030074118889666934 10 137 134
14 0.9397040993545396 0.21256446292399286 0.730403994231299 -0.0813481617137346 591 35 78
15 0.9267227696101545 0.20631431029552794 0.45559708141545974 -0.20671345069694924 134 370 591
16 0.04562373979921555 0.06305075072294383 -0.10395202962310002 0.11138764077767149 133 482 599
17 0.13027680504777558 0.052948599756639195 0.07939672183598923 0.1117871004097104 400 45 394
18 0.5872719538618397 0.42739149786586644 0.1785951976585043 0.1450217543275123 338 447 433
19 0.6173318530207773 0.3873224734830297 -0.008123722528008415 0.040294403230722864 447 25 202
20 0.8082404093810356 0.13845137115917952 -0.11513865937062828 -0.06416784083251859 243 269 137
21 0.5067903091913565 0.2622469615762931 0.17983628960993592 -0.39101989909862134 181 6 260
22 0.5997125159798544 0.3463159999199999 0.038058548673669534 -0.011715660386268922 486 103 25
23 0.5898221492588956 0.24383406700522625 -0.1960522619248728 -0.26599268065918835 260 318 26
24 0.4948370003240747 0.2045437561753613 0.23878338403782173 -0.008131482986950545 349 250 6
25 0.5361604258189706 0.09841005779805678 -0.04049714660836479 0.44781415069194974 448 23 523
26 0.4615902548503778 0.12120095399478412 0.13284565114624058 0.15585340656931734 328 23 190
27 0.4622459107247951 0.18442690319246588 -0.11682551939729002 -0.18441001434221782 162 190 349
28 0.9617303081100568 0.7058454858024966 -0.14397022428391804 -0.23424807302219186 510 70 317
29 0.9046041683946795 0.6764806185868313 0.1527377561233445 0.009005384979388076 402 518 281
30 0.8885195253876428 0.6512873862717837 0.09447062958301 -0.2185151427858134 201 77 518
31 0.9437164443877861 0.6725259454506731 0.07231633243620639 0.17445830578777244 281 88 70
32 0.9550169943675869 0.6571336731465051 0.1646658025211689 0.11812700886904004 88 49 491
33 0.9490881584941584 0.6281035026547999 0.22006035882427 0.199631013456103 56 136 49
34 0.8573294094565446 0.8798607622880539 0.23247543334825593 0.09849282084362088 218 558 251
35 0.8221207724204193 0.8814294793130738 -0.473299646003289 0.13520187122639804 483 458 218
36 0.8323560838953656 0.9417906986293039 -0.0023542400667819763 0.07288035591690445 459 284 167
37 0.03011885256742182 0.9895207099626959 -0.18861218836763172 -0.05826514860862719 104 299 227
38 0.10762940906093948 0.7196334141991891 0.17222489476220737 0.27988747153262494 452 410 479
39 0.1827474964151293 0.9448502928216669 -0.11831608678902761 -0.20912757810187532 596 232 427
40 0.38190017226440043 0.9012477447113509 -0.39954643864248407 0.3469409492334874 193 80 13
41 0.37105722906557587 0.8349282233031708 -0.35675155954373317 -0.369293284147032 184 240 79
42 0.4143362928894441 0.9024739630190207 -0.11088888522692297 0.3819480717814905 404 292 87
43 0.39411008649536805 0.8906157282966104 -0.274124099808315 0.2384523599407995 13 79 292
44 0.5499591697091715 0.7145419086271921 0.1988184814699645 0.3677021525802515 540 587 183
45 0.5028333062322067 0.8404456260858777 0.5275617921685072 -0.42431772158402215 304 72 67
46 0.48341716415928127 0.65712249422897 0.06900161483858192 -0.06395726240282507 255 415 567
47 0.9368161513017538 0.540669885907898 0.08647397728434036 0.0528705645236327 301 335 550
48 0.9647760351535171 0.5641553541544004 -0.28844510772951804 -0.27107264939651987 267 153 408
49 0.9624263964499196 0.5465706308795133 -0.18189567040083343 0.015241094150630907 550 456 153
50 0.6253656915167101 -0.01658768871610542 -0.13379374795563503 -0.5995649199341813 347 29 507
51 0.6556114579616459 0.9532324958894425 -0.2929296763487521 -0.23795754880429065 507 297 531
52 0.3318924922851621 0.28447074639081105 0.24103801940511538 -0.42835448937905696 113 82 572
53 0.49711823876174877 0.8634351439270538 0.44174367774818535 -0.0009559353308929985 121 304 460
54 0.22761924072960837 0.6070230201610024 -0.25222199884211705 -0.12596356666061403 524 125 471
55 0.47317252316798236 0.3768421523076383 -0.09420977366281225 -0.1258134502829522 207 473 497
56 0.03005137095424657 0.7233677951926963 -0.48085673221009984 0.22350220216238448 122 388 522
57 0.8549411896351677 0.2711479243259701 -0.10153879785590458 0.26865446881019217 236 10 262
58 0.506259621446916 0.3316806782413896 0.06948610228874053 0.01689092962720018 473 96 486
59 0.4900388738529282 0.2849563964669773 -0.057455532345707105 -0.06452050976823998 173 181 96
60 0.987003712069239 0.5790367600969883 0.1597308608297654 -0.010334810784939918 265 408 219
61 0.023209518265648654 0.5608373014914021 0.022278217465254713 0.0854083088974722 219 581 462
62 0.47923043889843836 0.3980362988433657 0.0011045598463654827 0.35268043381553316 233 497 421
63 0.5396284178459713 0.4333382025694116 0.14554608976369288 0.3717805840963706 421 338 3
64 0.2885204992803121 0.751911340146316 -0.33512080263586874 0.3358836226513562 598 252 1
65 0.34463630078307533 0.6276828723929643 0.062454659499611154 -0.04145080320649974 117 308 476
66 0.2596555807237407 0.6456271954286061 -0.0659927765211954 -0.062424282756823324 159 471 117
67 0.375467543547105 0.6577056488530263 0.26040045189579253 0.055360071388177445 476 332 311
68 0.375839658234169 0.7060517263012867 0.2740639118425925 0.2698512736182268 108 311 63
69 0.24096158142808785 0.018424427455849768 0.32666560983996007 0.42457487595126686 124 403 334
70 0.6768266390161388 0.359579424597735 -0.031047653337168413 -0.09532295647263211 90 120 294
71 0.6634713636497208 0.42995518749782874 0.17165850130229643 0.3158752925891406 42 343 229
72 0.6501652220882826 0.39261885271333735 -0.023590746717205846 0.0045658636593781665 202 90 343
73 0.5860474347296749 0.19521545895182021 -0.2583851563264794 -0.31145550791200627 318 503 146
74 0.5498476110563015 0.17588743339499935 0.29569949093477543 -0.020800147715327455 250 14 503
75 0.5555587804884579 0.15774347204160127 0.34414013895534 -0.295471381042689 14 448 290
76 0.5417806244161756 0.01957243207245164 0.38935617854840565 -0.20760171151601448 337 552 192
77 0.550247653174083 0.07991744544778691 0.17122910277167502 0.20527037118689417 523 192 116
78 0.566468662695726 0.15433721339568524 0.2782232066261825 -0.21735642487252793 290 329 230
79 0.5867977666414291 0.09589967778375988 -0.2684125678664717 0.3319725633277315 329 116 203
80 0.6401067989531599 0.16104704633711675 0.0049174924549033605 0.3164918115777793 83 392 506
81 0.6017611845733528 0.17114578889636234 -0.4831859232168334 0.15365398571554056 146 230 83
82 0.7138712106690517 0.1767938835131449 -0.34147661365224735 0.3093098270567918 222 204 574
83 0.6489066275758257 0.14736123965697226 0.03527859011864809 0.3114569199769157 392 484 204
84 0.7689656543996153 0.1661816818080358 -0.46443708982824017 0.3590690474120084 200 574 407
85 0.7850349794238491 0.142324131346363 -0.28939402992034235 -0.03252456984292884 407 123 243
86 0.6274553860221677 0.08706419136719262 -0.12127827075936182 0.30099937681216105 203 8 484
87 0.8397613732527038 0.06913247279463632 -0.4436080731917702 -0.20654820562238108 106 61 165
88 0.8176486340397323 0.09437596016088477 -0.036035147782387256 -0.6481151976212018 269 12 106
89 0.7963225251112811 0.029940187482273818 -0.24374455075831802 0.3612193674382147 239 434 61
90 0.7865940178653252 0.03854270808372764 0.2996090864987311 -0.1417714355633759 344 239 12
91 0.6233628106313531 0.263964651388779 0.3396866017635336 0.1299069705973377 26 101 364
92 0.653909181871684 0.3073982319811802 -0.08344929712522653 -0.09657743493818316 562 380 120
93 0.6338268639612501 0.3043914896626576 0.106846922628967 -0.04410758529249659 103 364 562
94 0.43458723985591363 0.1033418446605185 -0.23022189224453093 -0.13821363289978628 126 590 328
95 0.35885634266677946 0.12752417638824529 0.08249328893594754 -0.07641217485143681 478 383 126
96 0.9800459582072473 0.12175256012669361 0.2961522367617153 0.25527722713469814 370 295 504
97 0.977109552777677 0.0871593106490476 0.2581752929498027 0.02610871380204216 561 133 295
98 0.892759751343925 0.7135849261524906 0.07443921104521856 -0.13047862790216413 455 402 375
99 0.8903221080380321 0.8160959149397153 -0.15515653033204568 -0.10492451109345158 19 568 371
100 0.927945673987846 0.7439890525758237 0.033682418659752855 -0.4107847936807296 176 375 510
101 0.932448254438804 0.7790924696634184 0.12168127130895989 -0.3259454692261521 568 176 576
102 0.9071462029718109 0.6217051216601797 0.2845572260462559 -0.46310257260928633 77 505 350
103 0.9231811549145544 0.6163311981896069 -0.4434784060813879 -0.18249629116923183 350 430 56
104 0.8735799885000938 0.9026086594601841 0.23376637917071896 0.07618112148055634 251 221 511
105 0.8706518437685059 0.9185528750107719 0.26294590324549283 -0.11631873901574163 284 511 438
106 0.8879433119985404 0.9249809498794108 0.12189606633100647 -0.1840191584182027 438 588 89
107 0.891989550759398 0.9008832381356113 -0.037635491251242215 0.16401875396060417 235 221 468
108 0.8978318387357914 0.9136916763196586 -0.0817458245191971 -0.032877835003108924 588 235 34
109 0.0669776588216348 0.9272396806310375 -0.17976640800942967 0.47938841299388635 469 261 439
110 0.08143902240803856 0.5024000973534929 -0.3323839245505944 -0.375501973265413 57 53 340
111 0.0801801072292669 0.5244226789293538 -0.37255821448700654 -0.15121285716623856 128 340 68
112 0.04342266398495875 0.3363044467518884 -0.2367069838749014 0.45802271766981484 194 480 196
113 0.12334137306722488 0.3598565326109677 0.04224358501891956 -0.07791979943216898 97 275 286
114 0.35947179232501 0.584462077663034 0.16850488539221775 -0.1817354090133394 308 179 527
115 0.37765500186917395 0.26144093500199056 0.2074878061031349 -0.33837259383329155 572 444 173
116 0.27723321650199917 0.42891209237475214 -0.3353403263406385 0.3273251773794339 205 405 475
117 0.2536279165457927 0.5337598862219268 -0.5271585744315299 -0.03978785668989904 585 75 164
118 0.11847312656269449 0.3340482022004189 0.02625190481664319 -0.026288026269694065 535 485 275
119 0.9680358580616282 0.4337388363985649 0.186714444253 -0.1130571147117676 211 390 366
120 0.38419070596991156 0.20812696432037164 0.07372529531313177 0.054071470911853936 444 220 162
121 0.17555072869712668 0.9248619841652106 -0.25588155448674765 -0.6415273739318605 395 449 232
122 0.6203478353949923 0.47499205871949585 0.028606288171584282 -0.21694194808630218 515 433 367
123 0.45039392009529455 0.49378547662377065 -0.11669043509243693 0.22981408928646196 382 592 238
124 0.30355014862093294 0.944727692576455 0.28446894458078464 0.10610578249359293 242 528 54
125 0.4567289339329791 0.8989849065069386 0.09114352605976705 0.36285236898470075 87 121 118
126 0.382013279203358 0.7838533158631303 -0.23416845337798087 -0.3249286020801101 240 92 333
127 0.4130518662153151 0.7561718794781676 -0.18827338438276442 -0.26045614762160163 333 256 520
128 0.34214487254881093 0.7509022492258677 0.4265322352259293 0.16444791361980293 73 108 92
129 0.3928951207119582 0.7151467025870993 0.5585579762601434 0.46249587423718985 63 170 256
130 0.5930415172680401 0.9323566086272643 0.3926435371282011 0.17136917405957686 577 279 29
131 0.5496446349121231 0.8804935622621193 0.22448903083671645 -0.04933268377138589 460 285 217
132 0.571941464875769 0.9293160538293032 0.14626127080308304 0.13697236816989644 420 217 577
133 0.5618113090952628 0.7052400593075842 0.2834252974676099 0.2447770807226246 587 336 107
134 0.6545043274588069 0.7563041308154501 0.05195334266960838 0.13192555416152718 320 559 247
135 0.631040445983108 0.7561439141110524 -0.5270712383903531 0.10748120171655273 215 107 320
136 0.311229882176312 0.8150337742078733 0.06559692476704182 -0.367747836349519 381 5 184
137 0.3302965010550447 0.9020343718464354 -0.732583712789725 0.19793146600888267 391 354 80
138 0.4958089286256632 0.7927460261237329 0.3525963278294686 -0.17678297575818291 401 166 72
139 0.45965389168167126 0.7548240389803164 -0.07006722216318373 -0.21766699345726614 520 411 401
140 0.5336726559604114 0.7740599262670721 -0.3263688069798931 -0.10903344685453398 166 537 248
141 0.5123531993466272 0.7172792462288002 0.4674338770216391 0.39272304540316494 322 540 537
142 0.7056750598317708 0.8689171638101932 -0.024346998722668545 -0.2939554884229256 426 180 141
143 0.6580859897414075 0.8610969442161821 0.26021702015377457 -0.32803981822593364 300 358 426
144 0.7229368899799916 0.8245410776972913 -0.196758290216259 0.21587081636131877 180 554 85
145 0.6685223803426394 0.7870242936700529 0.2687004375945268 0.648248388995798 358 247 554
146 0.6323001696864481 0.8759924133409596 -0.09203037221183763 -0.13053211254943076 110 419 300
147 0.802068176100516 0.904574319753518 0.02745502922230081 -0.40011218643831725 293 483 316
148 0.8058288621738042 0.9299841350021258 0.17231975360521012 0.2213049191818195 245 316 459
149 0.7799319635353368 0.9649812083163551 0.3142995388255576 0.1697580787746178 445 245 257
150 0.7475514814821411 0.9732625281301767 0.42536823785521705 0.10194424818199543 412 445 174
151 0.7129351471782781 0.945849124753625 0.0315617053325834 -0.22227042359435067 531 330 412
152 0.7930578590235752 0.8609535296693525 0.0029115147792690976 0.5148764834622677 580 327 458
153 0.7794684413081808 0.8860770504137144 0.2633458784373488 -0.07860974718387759 140 580 293
154 0.7254255124305714 0.8952604530817591 0.14652732291398074 0.003480189053606253 330 141 140
155 0.31482643277284356 0.760354442084707 -0.07283765535159858 0.3651545340405127 5 1 73
156 0.2908779149578521 0.8217819992865218 -0.14398777864466084 -0.3018262265119809 594 142 381
157 0.5650698886783225 0.7871513911663337 -0.20966374400521737 -0.03324680981908745 93 248 429
158 0.21265722278215143 0.47397549066547784 0.008867004006041235 0.22037493080384607 231 205 498
159 0.1833137870599008 0.4682038428208328 -0.3404976522958236 0.1294059824574756 47 259 231
160 0.2819223269789156 0.5277397937777728 0.24527101391558226 -0.22648943172332014 164 363 289
161 0.30721937149303125 0.46155604086747387 -0.057511997941794846 0.4158722165248374 363 475 331
162 0.3442042623723067 0.46982922156204465 0.4969402132848355 0.46702194125836094 331 369 249
163 0.8400497111368477 0.2759928706839002 -0.31790155403943476 0.32652641146491135 490 406 236
164 0.7384666747387427 0.2723479181683017 0.03907332929431462 0.02221204990771053 512 58 418
165 0.7655002825933602 0.25146521965401364 0.20013454782308315 -0.07590298181647803 58 200 406
166 0.9079755861975902 0.33549866921055244 0.19393966987912847 0.22235021740479866 409 51 172
167 0.8846658235155415 0.3272793172868702 -0.3293180513008753 0.04315163747159456 464 262 409
168 0.9309209959595248 0.43309218828981727 0.1475381112420182 -0.17437564378552928 345 172 211
169 0.34818114146653706 0.1774748749284951 0.08594705502851241 0.13683488855886772 270 478 220
170 0.8258395256440706 0.7250241087769131 0.053614224865272675 0.12675104230086554 91 74 455
171 0.8399050826396072 0.6405869718943269 0.14891840954822655 -0.19850217580774654 31 302 201
172 0.9893456543077521 0.6030319232933881 0.19210118808177246 0.42293697398443353 241 265 526
173 0.9816638321249951 0.6152717306770356 0.30487713222060453 0.2301367761289863 136 241 509
174 0.4453950987723221 0.5972936244678395 -0.2765795027032114 -0.6953679358018272 298 376 398
175 0.4515120173634456 0.638292972485854 -0.255551490385697 -0.23388925102230118 332 398 255
176 0.2172526706212863 0.9482841516227609 0.03323475314398472 -0.2549987505873208 427 15 525
177 0.18624299192676963 0.6984099616895246 0.2761112498361751 0.20304144129901225 99 129 41
178 0.2482942442709677 0.6712058983951893 -0.2912532916232724 0.463448345672246 129 159 325
179 0.258840756149161 0.7182698750824665 -0.2741644702930479 0.4711829731940398 40 325 252
180 0.06694114270880853 0.0880837095662801 -0.3129364017917524 0.025929661195966958 209 599 425
181 0.10020872517044706 0.08938068656238606 0.16837543373449115 0.03713551410822191 425 400 171
182 0.669890693950038 0.2233446317709691 0.10511134185264837 0.017817285147270212 16 506 584
183 0.6541791908196576 0.2534272280292266 0.14115597787855982 0.2187500517530916 101 16 465
184 0.6924536676396666 0.22410523545755623 -0.15098102004729164 -0.044958827979946214 584 222 352
185 0.7108085313277643 0.26203537135345145 -0.43951997631686 -0.21117266199577323 313 352 512
186 0.6721973170148233 0.2759798371734956 -0.18697160347747044 -0.2569277762765054 380 465 313
187 0.3119717992341503 0.11092738734915074 -0.2610530475816164 -0.014287964214543258 223 62 477
188 0.34276314877567887 0.10926985133177995 -0.08989136830728217 -0.16526248043657876 477 564 383
189 0.9245916461128565 0.043605711905120206 0.06318807803384896 -0.0410690086105614 165 454 561
190 0.7515283737343367 0.7364240293190292 -0.13093336276304157 -0.3554470256322828 492 417 365
191 0.7915089243993989 0.7858247475374673 -0.10354490355413137 -0.17325557620517795 11 365 348
192 0.8147515682517065 0.7785272323087775 0.1444781475012924 -0.23467883886185703 348 91 19
193 0.48793777018253115 0.7042480048083997 -0.029019770267368905 0.05382996305647314 541 567 322
194 0.46876791901235837 0.717849028101482 -0.423594320037024 0.35653539842694926 411 170 541
195 0.05622238325081694 0.008508720021341919 -0.09577395126969535 -0.0350148410266371 482 227 65
196 0.09504440163861014 0.9900846093547901 -0.3758685272747808 -0.13136043815198395 65 439 228
197 0.11716874789044435 0.99843880662373 0.07293977574707178 -0.013691387260039711 228 596 45
198 0.028432683155502812 0.9618281308820052 -0.14365443661013 -0.5895703057701152 360 303 299
199 1.0173015339393214 0.9503579681828255 0.7270362353817283 0.16398203975254155 213 553 360
200 0.03756706769481483 0.9457027049735729 -0.6199904999115713 0.5627093190713195 303 553 469
201 0.24141161861553054 0.9771279146479583 0.3393456685790719 0.10964844344985014 403 525 27
202 0.21886377459166495 0.5099641898038726 0.0390585272458388 0.3670194655136516 157 498 75
203 0.09783659720154142 0.4782849217807784 -0.2879921644910466 -0.1988373150157985 53 102 396
204 0.2329756608340665 0.5560245304166971 -0.21105795340592426 -0.35587531081737733 125 2 585
205 0.2019134493627592 0.5316243137952638 0.4030318509484765 -0.1552758858991421 575 157 2
206 0.17421148833964473 0.5320378414239182 0.18533057102865236 -0.18278081548306346 214 100 575
207 0.13429050033943324 0.7137677303392402 -0.04561944259851014 0.39579882253615306 410 414 339
208 0.15320031377081786 0.7744035995815053 -0.18267891886691867 -0.006673090205411292 0 339 296
209 0.08215308271609498 0.39684686630976496 0.17161363649598194 -0.11257237260420272 461 97 547
210 0.047046172931714605 0.3824070765397734 -0.07962283263274195 -0.2405096337365631 131 194 461
211 0.07779485607923169 0.4567675138764548 0.22123329765366684 0.24068179983738336 17 361 102
212 0.038061425954070575 0.4740652599061798 0.7551337111166845 0.18682294947169886 154 17 57
213 0.19656793209811213 0.31296308933211897 -0.5230119518029319 -0.02511038391106446 28 543 288
214 0.26731901282296006 0.37814810524401427 -0.4937895078938048 0.15542067771656676 521 206 405
215 0.163258006271217 0.39132061028608406 0.21780128950377176 -0.03898959211046105 152 487 521
216 0.14911216255543544 0.36612749777030995 0.18443615731889018 -0.11032086320861278 286 28 487
217 0.06449506608391413 0.3125237877067124 0.04249674744050136 0.1442831285003443 196 186 535
218 0.1673447434749322 0.29353190838966386 -0.1245774691738255 0.20971829758908989 485 253 543
219 0.21637135829289625 0.05988507914313858 0.20858705804260858 0.2922210896871835 529 124 60
220 0.39571526018979225 0.5751903321966642 0.6850183448259273 -0.24720548039147694 527 291 160
221 0.4440618148959262 0.5703380788126211 0.05940664436071552 0.4080850313920026 7 542 119
222 0.42378384696421423 0.5450846581932572 -0.11640406416546512 0.5132342537073065 291 138 542
223 0.35002850219099746 0.5669955634673902 0.006462582899380287 -0.5377413399981767 289 263 179
224 0.25173417241784596 0.8413496312264119 -0.30295803192526005 0.11464065009791913 71 22 579
225 0.24149121509558785 0.8554881318372387 0.12838368215750684 -0.47815563834763264 453 71 144
226 0.7895046423889447 0.34019508815503985 -0.27676115982311345 0.08963576270115681 112 431 145
227 0.7454706383716703 0.3096259060203808 0.06319010592559238 0.4068535043588728 341 418 431
228 0.15203150563078374 0.4290872453731206 0.00903655067441278 0.257000507680738 115 152 259
229 0.8211941637852064 0.3321695593834492 0.14825057917389195 -0.10128618221916241 145 490 306
230 0.9840930199455467 0.40795396881041307 0.44427162400328957 -0.5261833097708335 390 423 131
231 0.9245691578557778 0.5564433200013106 0.12142823951205584 -0.02607133484794355 582 301 321
232 0.9322166300890137 0.5695772288302461 0.06671114442108328 -0.11873417943286668 178 321 267
233 0.09929682770324781 0.5898561299230551 0.06730844250013579 0.03938241677214904 309 94 450
234 0.15183285302317473 0.6566774139614293 0.04125014219091838 -0.6498117335884679 450 314 224
235 0.9736198926695343 0.9351283858365771 -0.033440918437155354 -0.2485579752437017 18 226 213
236 0.24818569372543803 0.09950103950561738 -0.1217537702602467 0.2929197977924458 198 60 378
237 0.3515500682196321 0.9922363469070911 0.07844994202865774 -0.1286327232230544 158 397 148
238 0.39379022765540195 0.002871075440671996 -0.4953118186434846 -0.35061096456678875 148 151 474
239 0.02096840278951111 0.13990266798915307 -0.22329173093860177 -0.15423117644131068 504 209 310
240 0.0220501863455558 0.18053948161891317 -0.4088637510155091 0.19764097702185124 35 310 502
241 0.12686191918371587 0.13187188400167071 0.2794077021833763 -0.1484431098874861 472 171 287
242 0.12361591624859952 0.1537962756742354 0.2158697592208325 0.2991428021958953 312 472 185
243 0.8850019773651676 0.455795158532423 -0.05814516264301961 0.18363323882331084 319 368 33
244 0.9126096519121927 0.4560573336411505 -0.10164982085225649 0.1701175197238447 33 345 335
245 0.4403608352982805 0.4515939058034407 -0.16415176509743112 0.3495512594653416 369 233 592
246 0.22376420032821936 0.7523760451420314 0.31990462084907634 -0.034060219575304806 189 40 208
247 0.19167882558466803 0.847258364478203 0.05725680901624841 0.1802997074557 372 532 449
248 0.22556202703632164 0.8432079855180106 0.5270699734299944 0.04471251528748166 532 565 453
249 0.27762156463748433 0.34618829441038595 -0.35084657002554254 -0.3148026641447421 206 424 273
250 0.422249099934502 0.5196643544910924 -0.20339961243065474 0.2886956864539547 138 199 382
251 0.31009165246118847 0.916845644544755 0.3692244586461779 -0.595672265679692 528 413 391
252 0.30468231598587286 0.8915824489754155 0.4343327371369998 0.6417832182359362 147 354 413
253 0.27838702542790866 0.8414244576995826 -0.40466393950999713 0.1518323387156295 546 579 594
254 0.2798560749241105 0.8662807799533272 -0.3267311365906522 -0.03463405708059586 187 546 147
255 0.6261662284434928 0.9115944718449073 -0.10037424641451409 0.36211109388784024 279 110 297
256 0.5827139417671816 0.8522013264205328 0.3085767880800505 -0.18603931450922317 285 52 76
257 0.6068598385820088 0.8561186074560411 -0.6066204823185206 -0.45805848211677436 76 555 419
258 0.5777016938423878 0.7764276240642992 -0.2037026398254982 -0.01379981476312686 429 183 435
259 0.6030683737762663 0.7830244986395585 -0.37651474264766005 0.04745099764502658 441 435 215
260 0.5965236813721907 0.8329716509588099 -0.4588784680362168 0.009088628287468037 324 441 555
261 0.5637878411895731 0.8134398912945635 -0.1627595152403627 0.11827024914978779 67 93 569
262 0.5841891927478344 0.8340791612420373 0.21219797030624932 0.19751988603738946 52 569 324
263 0.24819164441782654 0.8744382499835062 0.24896705981547473 -0.27018546011614575 15 144 187
264 0.11141123378351928 0.8763695184005096 0.4078207466173822 -0.026448335188611338 212 457 395
265 0.14595807403917155 0.8296356327929642 0.16220998502736172 -0.2865903570015149 457 274 589
266 0.07910121225917487 0.8820927180691407 -0.03231696854566479 0.1391667725503254 261 578 212
267 0.3005982181578913 0.20256272040351503 0.40124180783474017 -0.07455198125505547 244 270 82
268 0.48719190856836725 0.5610525713668861 -0.012337178847965369 -0.09780351493959838 105 156 323
269 0.488599790416201 0.5173892235204055 0.07720680414435854 0.19292756212041517 238 326 156
270 0.2620376219795388 0.9745561206545897 0.6769411645818346 0.05584161813509958 27 242 533
271 0.9050125389112685 0.6055131270459736 0.3786483708176358 0.06518338386413136 516 277 505
272 0.8736300595644513 0.5755731911742318 0.33667230635303635 -0.22914742811575017 225 254 516
273 0.9170856196232741 0.6025825063686853 -0.14917644411416298 0.24108998200600418 277 178 430
274 0.7509688281523164 0.025108858428464102 0.4696989713837141 0.05082627617392088 44 373 344
275 0.7052735115835226 0.06468980366061779 0.4727937631676671 0.05049207510432474 489 44 123
276 0.11014822126294915 0.5675714405657297 -0.008290616110295801 0.06219139751795222 94 68 353
277 0.05180065769915263 0.8585887989934969 -0.038483366493480275 0.1606668013909296 150 374 578
278 0.054227510335614015 0.8221255538702712 0.05145030443354237 -0.3808420682982483 563 175 374
279 0.2464678785601668 0.7832530288423986 0.26483290248291436 0.12150076014738609 32 208 544
280 0.2643206046424514 0.78212227624743 0.1841925469786565 0.113958661604463 544 598 142
281 0.6803598382354061 0.7249984583493259 0.24846895062269336 -0.06488046350172638 559 463 492
282 0.0006494492637413946 0.7794791512337941 0.07025720630271515 -0.5415646597839441 576 495 234
283 0.029407717777069083 0.793917637051496 -0.22361604998244466 -0.697915408104377 234 122 563
284 0.22737112616197594 0.13788638123167654 0.12792452513954444 -0.47159158592102735 389 198 59
285 0.1924819742644123 0.12166503990242711 -0.5689243361139962 -0.5328136869209299 216 169 389
286 0.3712705819414593 0.5179784737249894 0.11217868509105777 0.07883854263868173 263 249 199
287 0.2879514542830879 0.33711082528474234 -0.2001804373305549 -0.43604002162439537 273 356 84
288 0.31742152908811944 0.3313053783059479 0.27402226425443654 -0.48163150342950267 84 113 207
289 0.2614874883428838 0.17730802577794538 0.4475728770242382 -0.19756600418141534 442 223 244
290 0.24426459919899565 0.17827299802939897 0.3027337505678851 -0.17156983472821352 451 428 442
291 0.22669606872226902 0.2085989006033843 0.01279322984354403 0.4323286178706254 566 451 356
292 0.5407335737403934 0.5021001521553089 -0.15394823471570618 -0.15014292378823235 326 3 355
293 0.8002893241466361 0.7010625915857959 -0.12902020840588335 0.11371395561288189 501 139 74
294 0.8017820134025052 0.6681798389614525 -0.1351498600532519 -0.023673523558143117 466 31 139
295 0.7547419589918579 0.7226521268564937 -0.23202774215858035 0.12751998970661482 417 351 501
296 0.6925724320128706 0.6940011598193124 0.32663591970072403 -0.10066477998393886 377 64 351
297 0.8389306775278444 0.5859995216714606 0.04250678108108641 -0.2162749829920374 302 37 570
298 0.17919495866674384 0.6118432047771215 -0.08865686240699944 -0.07150270583955454 314 20 524
299 0.14864197544612948 0.5669818660871561 0.15394876137775348 0.03474292659122469 353 214 20
300 0.6505589080777578 0.5842189259839443 0.027915450159787802 0.0026837965877435366 416 519 283
301 0.6465492026946429 0.4656825692993818 0.45547050610272866 -0.32449415862667585 367 42 268
302 0.6491702232652812 0.5572703722139762 0.03032837973815372 0.030911795692589727 519 538 488
303 0.4328804225774726 0.5842445733884752 0.5785168332231305 -0.02952672429473724 160 595 298
304 0.6150090813832808 0.6088018590673772 -0.06680762401622964 -0.09203662346135566 155 416 545
305 0.4586172974326385 0.5737776667554523 -0.6987225287941046 0.1315247501187944 46 119 105
306 0.4485902011891998 0.5858237913887192 -0.3582918168751337 -0.4905444167188633 376 55 46
307 0.4414260115548859 0.5791182624422686 0.1594116358014097 0.24162110784375912 595 7 55
308 0.564797870561383 0.5780280412902993 0.3296675949587824 -0.006221591991595332 177 305 155
309 0.537328903295545 0.5896119715333266 -0.03263611117465537 0.113052291486615 556 323 177
310 0.2020269299130033 0.7492435035893636 -0.03364666462113419 -0.12534792821761176 493 41 189
311 0.9886938765798028 0.7030535823883927 -0.21574915708144626 -0.18737424736792185 317 496 548
312 0.01047093830970747 0.7248253587548057 0.11339478037108996 0.2032550860259219 495 548 388
313 0.9912067164626395 0.6681888652854483 -0.1530753759859671 0.22176907810145252 496 491 130
314 0.23996165747399226 0.15658337240108622 0.12552238276564154 -0.720987446134469 59 271 428
315 0.16694806597959547 0.11970945499063332 0.777566216622616 -0.30824769334247826 287 432 216
316 0.18326122634237998 0.10477123839574312 -0.14567844708324174 0.5599881197637657 432 437 169
317 0.18703651663014367 0.07167011988167335 -0.1353969873718608 0.30759703673055583 437 394 529
318 0.22238249287955414 0.21045211572784375 -0.035811672724483934 0.45041577672461086 86 566 593
319 0.11101929324342578 0.7763516814834002 0.07996014753097747 0.0261363892334332 175 479 266
320 0.13559249131186474 0.7869580500910255 0.13247490361634195 -0.0045060739861657595 266 0 274
321 0.16408471346753906 0.4879987497374276 0.05053870794080595 -0.23537410007157256 9 47 100
322 0.12963340247237756 0.46849495459611795 -0.020883432136353797 -0.21067512318007076 396 586 9
323 0.1315386903105518 0.4389779851749428 -0.11459457688323127 0.25212287466103156 586 508 115
324 0.15608664416245804 0.6871275390956396 0.16507927767805963 0.13390255362843995 414 224 99
325 0.09375920719720834 0.4265981429807 -0.6179443474171702 -0.13439392022212074 109 357 508
326 0.09295451597822252 0.42556475925929427 0.40874553583394174 0.8347895580742073 278 547 357
327 0.0931376493605284 0.42682305429041684 0.35073162597950774 -0.4356588594977943 361 278 109
328 0.19225494329223744 0.20574254905479356 -0.4477514761735968 0.3211075749048886 30 185 86
329 0.15838531441350975 0.2466172592681285 -0.15981604303827446 0.04260262420618943 530 30 253
330 0.2696061871691931 0.10372434620348313 -0.5480605455576715 0.2928349968761568 271 378 210
331 0.16966240558014206 0.8268083632514753 -0.2776404561116719 -0.20084088281357992 589 387 372
332 0.23985798827040206 0.8297647600201196 0.12818433849093314 0.3927250059876375 565 32 22
333 0.8493622422980586 0.3533668190135118 0.03468973927556185 -0.19599395717495582 306 464 536
334 0.952898996235651 0.3147892698404844 0.14832342021264822 0.18428626333277798 51 514 539
335 0.9868347136564402 0.34840140721873514 0.22118545814353574 0.08553191419014006 423 539 480
336 0.16886248241475302 0.7805999332407083 -0.18571942560219323 -0.055385511801842036 296 493 387
337 1.014737628672253 0.2556999951962553 0.3434227069387674 -0.22915627312380948 573 264 399
338 0.04653853974991591 0.20121470632506477 -0.3937779251977913 0.3331686072860496 264 494 36
339 0.2961432392330802 0.0926150281346744 -0.15581722023760847 0.14922138420747633 210 43 62
340 0.9142632832928268 0.0068643045003330475 -0.1571011069498307 -0.5483413731757758 481 551 168
341 0.9171843981908778 -0.008038290456840527 -0.09146367933865474 -0.8007080588845472 551 89 557
342 0.9414983424471334 0.9499761270759817 -0.11176905165277695 -0.40959150168773384 557 95 18
343 0.29999012408083153 0.05874119253651322 -0.09220244012730916 -0.10355661814176464 43 334 21
344 0.32559854086095774 0.012803799964772971 0.009843945450449532 -0.14010178468748524 533 158 276
345 0.32795684804485076 0.041140331607203956 -0.04694124602910854 0.006932182605723369 21 276 246
346 0.35629590740112593 0.0562621849605383 -0.2664031856225435 -0.005866864632997348 564 246 446
347 0.40603016885757165 0.027212475905627493 -0.3656807072427437 -0.06848998243547122 446 474 237
348 0.22558138679996376 0.30650341529286473 -0.21446142361991605 -0.1759641248683108 288 593 424
349 0.973421852338077 0.2592120024339867 0.3883574913043919 -0.11135513657001272 514 135 573
350 0.9688542651462521 0.2423696768107892 0.3379064507369467 -0.381201206711701 78 143 135
351 0.029981669324369895 0.19258484266178846 -0.4387769245162154 0.25852324430503115 143 502 494
352 0.8512244598679931 0.4179670192908757 -0.3621973082568175 -0.20594607408330745 436 536 368
353 0.6087546476238328 0.5067221558460732 -0.17699804608084513 0.2859124041687533 81 515 440
354 0.09150516531117302 0.23510214175059851 0.010572225733751495 0.084843031211701 549 571 530
355 0.5741801431924805 0.5564133045021394 0.40088673630700455 -0.26382631981847204 305 362 114
356 0.6890110999250622 0.6026563427849593 0.34330280562766546 0.1608474638203905 283 69 38
357 0.6778892084381088 0.7009579751530579 0.21578598560778595 -0.04648166157528166 463 161 377
358 0.8560925232830477 0.5733960103851372 0.09585280971724508 -0.280981843348016 570 191 225
359 0.7315459993302436 0.5863883685144708 -0.34310456142883083 0.4208093061508489 98 69 39
360 0.7504894501724457 0.5426579792377533 -0.2995009993483899 0.16115491059676135 39 583 48
361 0.7760898642895651 0.5357842743633896 0.27815108515072406 -0.002926355338606079 48 195 37
362 0.7368077960078647 0.4011416647269322 -0.23947695146353531 -0.1354306292111751 132 443 470
363 0.8009897010135514 0.9872022446163741 -0.19098369864745113 -0.2074484653502573 393 257 422
364 0.7059876904239545 0.6544994604665516 0.28709384869429755 -0.3956419920847498 64 38 197
365 0.7561600124112018 0.0079716110297061 0.46940627530800416 -0.002850564229106567 373 174 258
366 0.6271581825332471 0.5457176888893349 -0.5218308878757183 -0.24188575031836024 114 440 538
367 0.7120707210839684 0.520644792758845 -0.3946526765108427 0.08273731075258972 488 342 583
368 0.7910583542003468 0.008353846496012552 -0.33817383407463986 0.055563147832726756 258 393 434
369 1.0022033365167253 0.501346465562095 0.15019903862323325 0.44245362963712953 456 188 149
370 0.7614565202367406 0.40002372262526426 0.11390691792567686 -0.1342277556465321 470 112 467
371 0.6933647133374975 0.4775018203054853 -0.4302831688174358 -0.31692711857655986 268 315 342
372 0.834126043256077 0.9732960548112704 -0.056027353589893636 -0.22472251698379964 422 167 481
373 0.53444557682851 0.623449256932917 -0.03504929194098061 0.2543304740421082 415 556 127
374 0.781670895275973 0.4213376197507166 0.4945085875507349 0.2095663011181248 467 436 4
375 0.48695367301275777 0.983425320637682 -0.13095921430616997 -0.05212335493776088 282 118 597
376 0.42683509731043945 0.034256156474412665 -0.07176403499231654 0.027488388995577928 237 282 590
377 0.7419690454761637 0.6391700963654362 -0.2134475277082437 -0.15284988344466122 197 98 466
378 0.8758832828388383 0.47720260855491203 -0.22386426185017072 0.6509187210068657 346 385 319
379 0.8491006430679408 0.496733199126121 -0.101516028916393 0.42663745730697755 191 534 385
380 0.890767834433505 0.5530286274522378 0.19780138846292594 -0.08504878572235253 254 346 582
381 0.795943272439567 0.4977542771665704 0.35334933728981 -0.11670426430798742 195 4 534
382 0.6982808129256234 0.44311687117126575 -0.40047933858033957 -0.10101511849214262 315 229 132
383 0.5675832305012387 0.5206709491572816 0.30583852533849765 0.0935243202326852 362 355 81
384 0.7095138934178109 0.3609647621077108 0.136680772255815 -0.034557160605297454 294 341 443
385 0.9715398320699814 0.905684055510896 -0.04806674711033132 0.29703422603499785 226 307 150
386 0.07530446508670469 0.19924769472444293 0.14245218095398915 0.2941890911434264 36 312 571
387 0.5174553321607576 0.9910901893786904 0.5898074549592902 0.10275559500505516 597 560 337
388 0.928747129538018 0.027582694717258993 0.11229261895340237 -0.20318514787343034 454 168 104
389 1.004395068023296 0.47537766705917517 0.25752341752116603 0.2044653824723186 366 154 188
390 0.02805436119025282 0.5258035224687216 0.13686841104920688 0.2775162821766486 149 128 581
391 0.058015604492571246 0.2841953602522383 -0.0491307248356998 -0.40141092533252376 399 549 186
392 0.5736727912540015 0.661835044931413 -0.013995107850384159 0.0019625384650723277 336 127 50
393 0.6134651322920575 0.6509803955567084 -0.13843317395179078 -0.12343178978913016 50 545 161
394 0.6407973361773773 0.06519615554456808 0.05943211860148789 -0.06215665065978371 8 280 489
395 0.5496371776159882 0.976453351802386 0.1654908710069236 0.2717821807884935 560 420 500
396 0.6161702486881055 0.011972255566857024 -0.2580424887654864 -0.2217787918590286 513 347 280
397 0.573234086591599 0.004236105919144373 -0.5631454622068155 -0.14673694065381326 552 500 513
398 0.006055174581474362 0.639880497101595 0.006286725307003138 -0.26198373505315065 272 509 499
399 0.003224155823510694 0.6615449940360142 -0.012660273350506568 0.17303638712856673 130 272 24
