388
0 0.045258449137263145 0.6291139757968333 -0.2509740987949316 0.04519131457936254 111 66 359
1 0.0224024764368793 0.6278468888522134 -0.6429044265704453 0.032141937722496294 499 526 111
2 0.7761921614935118 0.817107471888544 -0.2187254488639212 0.18353387490344097 85 11 327
3 0.8893589091861215 0.8440494154828887 -0.18479216490341344 0.6488511748725667 558 371 384
4 0.9069610609197187 0.8785997645498737 -0.2297880986185108 0.5764507558791987 468 384 182
5 0.9327706487222598 0.899667869495462 -0.3482831439916012 0.3799584709363035 386 182 307
6 0.9216188563684569 0.9163107606677215 0.08111500811314176 -0.08819814670268933 34 386 95
7 0.061802124867792074 0.693138537905345 -0.33697686793732196 -0.1377155459114654 517 359 452
8 0.04339761849761254 0.6993731712305501 -0.307188356002408 -0.14569994932767116 522 24 517
9 0.06461826431515424 0.5953337716939234 -0.27973598715202996 0.07901283377576007 66 462 309
10 0.3925889528066343 -0.021028338565548105 -0.47117134430174623 -0.6614658969866793 163 404 151
11 0.3497291032594654 0.9710488427258731 0.13072852002304902 0.05290819796166524 54 379 397
12 0.37275648275623774 0.9596381498726639 -0.04650737538136607 0.15185808652229404 379 193 163
13 0.8771643195839783 0.21655561539289808 -0.062079053703145703 -0.03222434749594605 10 137 134
14 0.9423924599982045 0.21226308687785997 0.7230001276489761 -0.08159753931563651 591 35 78
15 0.9284179127999992 0.20555940262264452 0.460455967625506 -0.20161147959441017 134 370 591
16 0.04522188980669764 0.0634793450644888 -0.11280638159694156 0.11978572578286162 133 482 599
17 0.1305661747706118 0.053391078026427355 0.07700561993617683 0.12678689279010946 400 45 394
18 0.5879219160919879 0.42793600120044 0.1730609364147817 0.14905282771926487 338 447 433
19 0.6173344215937011 0.3874782359043935 0.008689372138492857 0.043694263485161144 447 25 202
20 0.8078090720119839 0.13821242538306275 -0.11779458866656434 -0.06500781683793644 243 269 137
21 0.5074545259648833 0.2608043235437523 0.17917833640412884 -0.38885727728088515 181 6 260
22 0.5998483259860121 0.34628049520111276 0.03568690343236369 -0.007713192584635209 486 103 25
23 0.589082805253433 0.2428566026085115 -0.20311585954835287 -0.2625887077223332 260 318 26
24 0.49572020683998336 0.20451976687224788 0.23866117623838612 -0.005090997762247085 349 250 6
25 0.5360723243615908 0.10003004434754603 -0.008329695613817911 0.42830584773279057 448 23 523
26 0.46206639072395334 0.12178913490626017 0.12487978429120972 0.16183849885220702 328 23 190
27 0.46185067100939453 0.18376190104453435 -0.09759459351776911 -0.17531301063633542 162 190 349
28 0.9612001518618494 0.7049899295539072 -0.14250482460731462 -0.22856746703658892 510 70 317
29 0.9051670209398763 0.6765259743149632 0.15165941523453963 0.015312705617387401 402 518 281
30 0.8888602885732635 0.6504920319032377 0.0900570746448226 -0.2117134179774327 201 77 518
31 0.9439938099338381 0.6731533609782956 0.07740215968166098 0.1652414434449856 281 88 70
32 0.9556133009699472 0.6575928447785766 0.15805202251140127 0.12945224059368599 88 49 491
33 0.9499042726592946 0.6288383336690319 0.22076295201622909 0.19758741379161116 56 136 49
34 0.858196240507025 0.8802286003411612 0.23582028760293916 0.10043142116555881 218 558 251
35 0.8203702999127458 0.8819389370824822 -0.472894943689961 0.14011258854529363 483 458 218
36 0.8323321603835139 0.9420713161834631 -0.010034833033967239 0.07851359389021706 459 284 167
37 0.029444938173236804 0.9892962289345895 -0.17586912447187242 -0.0628401296276504 104 299 227
38 0.10826775063342231 0.7206732144967545 0.17264394081006884 0.28210585291399415 452 410 479
39 0.18233025668403066 0.9440801198420736 -0.10759351500022607 -0.20717554720384168 596 232 427
40 0.3804590803192497 0.9025169371303259 -0.3800593149222431 0.33941841698359454 193 80 13
41 0.36974224891171276 0.8335584943976644 -0.3540674309299163 -0.3710564376591119 184 240 79
42 0.41388075210799335 0.9038632981109238 -0.13479671163996176 0.36940849129640796 404 292 87
43 0.39310603443578335 0.8915019164163027 -0.2688090708358182 0.24061283070142547 13 79 292
44 0.5506631909830887 0.7159038207371196 0.1823360075772773 0.3685754923488105 540 587 183
45 0.5047695410314711 0.8389020600038081 0.5192141695753438 -0.41047962320850395 304 72 67
46 0.48366794719577133 0.6569095774990286 0.06666213483996764 -0.05168849098735606 255 415 567
47 0.9371133599058703 0.5408732302653614 0.07470712520829537 0.05727585593306994 301 335 550
48 0.9637468224917196 0.5631839882080759 -0.26859001515944225 -0.2548258444534657 267 153 408
49 0.9617737508961044 0.5466637418326968 -0.17145385007577563 0.034145911792515804 550 456 153
50 0.6248892543984802 -0.018791999696588547 -0.12418348502296617 -0.5922656656776049 347 29 507
51 0.6544915367725964 0.9523575754214233 -0.3116687213866598 -0.23497640014302767 507 297 531
52 0.3327919315895869 0.2828934893639503 0.24495121070389203 -0.42441330519449316 113 82 572
53 0.4987496737393463 0.863436634009486 0.4400735907628128 0.0016254740609067397 121 304 460
54 0.22669979942970697 0.6065577408349628 -0.24512414389943338 -0.1256464203513996 524 125 471
55 0.47283852811036453 0.3763771522409921 -0.08665889325576437 -0.12568324610218173 207 473 497
56 0.028286594895833274 0.724195795295137 -0.47318620757796914 0.22387086559549907 122 388 522
57 0.8545465126411649 0.2721381928241792 -0.11130993383956511 0.2666853900906707 236 10 262
58 0.5064845533170597 0.33173005086057705 0.05305895722784726 0.010061523142423923 473 96 486
59 0.4898412081225473 0.28469440917234096 -0.04986830531850117 -0.07655300317266356 173 181 96
60 0.98758912644375 0.5790095243941982 0.15684179233144135 -0.004578087561823985 265 408 219
61 0.02329994276700753 0.5611722647768442 0.026053716822849182 0.09512999415983714 219 581 462
62 0.47923820908813836 0.39932509531443744 0.0031023593416446005 0.34438344086173966 233 497 421
63 0.5401314053358939 0.4346877668321847 0.12712411609494545 0.35826731442645254 421 338 3
64 0.28731620688880755 0.7531753900425984 -0.31661792770920627 0.3468739937645404 598 252 1
65 0.34488198683763166 0.6275208594131269 0.07003671809169276 -0.045901972500761445 117 308 476
66 0.25940333509081775 0.645409245508064 -0.07012095314118394 -0.055744797319845496 159 471 117
67 0.3764163486589439 0.6578834686626671 0.25278424978236735 0.04123584806947633 476 332 311
68 0.37685118272798757 0.7070661325712768 0.27263198469629213 0.2782296840836418 108 311 63
69 0.24216184355819 0.01996697979920853 0.3222839987937487 0.4097470612807186 124 403 334
70 0.6767141737023409 0.35924740808255123 -0.029916947391628312 -0.08452248762003123 90 120 294
71 0.6641030953096905 0.4310949163298346 0.169913193931448 0.3007894440465453 42 343 229
72 0.6500813653477728 0.39263134282991724 -0.021764699764670326 0.0023989740749463806 202 90 343
73 0.5851127131656364 0.19407076273803067 -0.24741156033625256 -0.30734473230320525 318 503 146
74 0.5509279589302052 0.17580579961491638 0.28852284762737046 -0.023213172703484553 250 14 503
75 0.5567919572927751 0.15670711477336952 0.32322883813939995 -0.26560565379030177 14 448 290
76 0.543152330490458 0.01874898190752151 0.35339652315613534 -0.23676612198597624 337 552 192
77 0.550885483443413 0.08071467942911804 0.17318149067580002 0.22483946093831975 523 192 116
78 0.5674011606985165 0.15359412551768425 0.2273237389993632 -0.18561378944265128 290 329 230
79 0.5858600056295303 0.09709482342274237 -0.23963084849754068 0.314857688532566 329 116 203
80 0.6401407400983323 0.16216643107382533 0.013220081973575049 0.2895817068776507 83 392 506
81 0.6000243412294489 0.17164816338319916 -0.45625561245765667 0.1193361885004629 146 230 83
82 0.7126174315485964 0.177929540385992 -0.33652012981777446 0.30476142859336974 222 204 574
83 0.6490087814210697 0.14852680011276256 0.020611496884259672 0.31823766469263326 392 484 204
84 0.7672844422361724 0.16749896402495298 -0.44497249947206274 0.35307583592936176 200 574 407
85 0.7839994054942199 0.14219185114328706 -0.270983517222656 -0.03877949072972342 407 123 243
86 0.6270128418132844 0.0881675551205765 -0.11814934239295916 0.29559538289314347 203 8 484
87 0.8381061909767424 0.06841721147439474 -0.45091527525742414 -0.18128266804362525 106 61 165
88 0.8175236650264003 0.09197513991459759 -0.03176163984597302 -0.6494743881590992 269 12 106
89 0.7954324350018164 0.031247658101961874 -0.23739517591297998 0.346452033728184 239 434 61
90 0.7876958128732978 0.03804542296644161 0.295930902179109 -0.12814546056227893 344 239 12
91 0.6245979199999528 0.2644465479868908 0.32840400468470143 0.13040079294146523 26 101 364
92 0.653577858855994 0.3070303505311203 -0.09489707214482834 -0.10206311247540345 562 380 120
93 0.634248432055329 0.3042107765184865 0.1203320998399704 -0.05308320102925812 103 364 562
94 0.43374765177955965 0.10284982771257074 -0.2239046212326734 -0.12806953136879073 126 590 328
95 0.35914907959647624 0.12724337044589243 0.07604613189160503 -0.0753953448284772 478 383 126
96 0.9811414533614214 0.12267065092861767 0.29593488701240567 0.2415951855239129 370 295 504
97 0.978062887040806 0.0872574760912115 0.25726939537062954 0.026864908908574847 561 133 295
98 0.893076381616551 0.713112415645658 0.09572102763200085 -0.12520623912659623 455 402 375
99 0.8897526246597305 0.8156906676005575 -0.15278285026010252 -0.11386060046192359 19 568 371
100 0.9280656006568582 0.7424865824489691 0.03126010353349251 -0.4017054626437311 176 375 510
101 0.9328826233069697 0.7778656826537318 0.11345681130703333 -0.3366216604072658 568 176 576
102 0.9082098335216273 0.6200006828230444 0.2904928155661457 -0.4583234234842304 77 505 350
103 0.9215681632701543 0.6156408512713656 -0.42919812790614964 -0.1903665978325586 350 430 56
104 0.8744423465154203 0.902913244367237 0.23257064746262657 0.08756320928754446 251 221 511
105 0.8716310031219474 0.9181207089021786 0.2661942510168158 -0.11735259500267325 284 511 438
106 0.8883789364370587 0.9242875435617515 0.11402095274892776 -0.19040350164589714 438 588 89
107 0.891878962280832 0.90146969966561 -0.02307481410807055 0.1538925696945026 235 221 468
108 0.8975334588252896 0.9135709257978555 -0.07934106410062425 -0.032593946465431234 588 235 34
109 0.06630931282211876 0.9289845300590356 -0.18145821165105325 0.46416097215784546 469 261 439
110 0.08023639710817236 0.5010134780953976 -0.31816327489275764 -0.3743617429941004 57 53 340
111 0.07883094005448128 0.5239090229085113 -0.35725815847320597 -0.12727418320646056 128 340 68
112 0.042571995396263766 0.33796561014955884 -0.22352260875546648 0.44057154313659197 194 480 196
113 0.12349976679802989 0.35955866787697865 0.043220894224704764 -0.08290726473403343 97 275 286
114 0.36009878025391195 0.5837942484308069 0.17038693095328128 -0.1793046995601788 308 179 527
115 0.37840383381763726 0.26019878572952265 0.1976143658433127 -0.3332334443106877 572 444 173
116 0.27599829843239 0.4301191902170589 -0.33233916521546725 0.3253016640780704 205 405 475
117 0.2516775100129847 0.5336122295427167 -0.527156495885861 -0.040032387821353765 585 75 164
118 0.11857628330563386 0.3339729955171768 0.02945987481739465 -0.014956621705031203 535 485 275
119 0.9687123497661573 0.43332206384553335 0.1792390541544009 -0.11225410948001446 211 390 366
120 0.3844620006808439 0.20831185756795895 0.07291242332119197 0.04624649552198434 444 220 162
121 0.17463453826738862 0.9225056120734554 -0.23991192435457442 -0.6322947127684886 395 449 232
122 0.620444756491349 0.47420363710032415 0.023882368305194746 -0.20942371760368506 515 433 367
123 0.4499599268559624 0.4946191138533648 -0.11778652289629044 0.22113785871913372 382 592 238
124 0.3045972526224943 0.9451395527307344 0.28157564925523904 0.11612202935329385 242 528 54
125 0.4570578290564761 0.9003251118000014 0.08683774810336331 0.361484830957437 87 121 118
126 0.3811428547618066 0.782652891555257 -0.23618128078273237 -0.3239503325314086 240 92 333
127 0.41239550412063974 0.7551810575126517 -0.16695708635050543 -0.27482026168645923 333 256 520
128 0.34371553533357485 0.7515170510643341 0.4225896944876073 0.16781401858401157 73 108 92
129 0.39491920648480167 0.716863144851705 0.5359909287239173 0.4651208106165594 63 170 256
130 0.5944816299653619 0.9329780643163262 0.38600845436720377 0.16480097703164276 577 279 29
131 0.550453890728787 0.8803096690274517 0.21341658787421558 -0.05026732641244536 460 285 217
132 0.5725075000017967 0.9298185691823477 0.15883682043249525 0.13467660597843434 420 217 577
133 0.5628040184586034 0.7061719001155727 0.25448406749950525 0.2585266075869064 587 336 107
134 0.6546964362991359 0.756789936018113 0.051792536578942894 0.130573528725475 320 559 247
135 0.6291147870727929 0.7565310437756972 -0.5144251111893761 0.10185276996810266 215 107 320
136 0.31145620507732247 0.8136850274570611 0.057002262979222174 -0.36152783440546177 381 5 184
137 0.32759114847128523 0.9027797650852685 -0.7297868361705317 0.20385291232827285 391 354 80
138 0.497100077379201 0.7920773881416676 0.34576537466524115 -0.18444080013280129 401 166 72
139 0.4593838662265505 0.7539781441217825 -0.07592348971741103 -0.2386844943913502 520 411 401
140 0.5325419071534624 0.7736743018196284 -0.28602201579408515 -0.09957880978128664 166 537 248
141 0.514028582837456 0.7187318281318942 0.43898376947404394 0.39229032557097643 322 540 537
142 0.7055830999852276 0.867824823201047 -0.025320821134267035 -0.29640011695031276 426 180 141
143 0.6590598672436947 0.8598953504428812 0.2660793810976836 -0.32168126946896525 300 358 426
144 0.7221994184111098 0.8253421482729286 -0.20173196932371518 0.21708089839589384 180 554 85
145 0.6695116734095503 0.7894114269716375 0.26605943906354845 0.6422596017519044 358 247 554
146 0.6319664424963989 0.8755232821002302 -0.08856395790346472 -0.12320125059028797 110 419 300
147 0.8021639391173376 0.9031055163868765 0.02437797741450254 -0.3941527264295086 293 483 316
148 0.806469048672756 0.9307989782384143 0.1735940377556311 0.2192484183788368 245 316 459
149 0.7810650315592913 0.9656107549539881 0.2988104319534557 0.17058958377835776 445 245 257
150 0.7491404587156126 0.9736427810895744 0.4331206393537457 0.10348426421336043 412 445 174
151 0.7130710527978141 0.9450264562260192 0.041443083687031645 -0.2223979313209501 531 330 412
152 0.7930492576134008 0.8628515781421896 -0.006798575591382416 0.5112102491322545 580 327 458
153 0.780469238727146 0.8857811401418729 0.27685631773244346 -0.08140614779494904 140 580 293
154 0.7259524520019234 0.8952555092066581 0.13869353998607892 -0.005736745106732499 330 141 140
155 0.314562251129442 0.7617128182959427 -0.07004434220136968 0.36898342575808485 5 1 73
156 0.2903556459595257 0.820666860543162 -0.13870265873350274 -0.30093635812467046 594 142 381
157 0.5643150473455845 0.7870300417267051 -0.19882635780843483 -0.03244903235000152 93 248 429
158 0.21268625482694048 0.47477793986683564 0.006855257334015263 0.213631405274195 231 205 498
159 0.1820786845951189 0.4686756192630161 -0.32754437460924546 0.12576197479241547 47 259 231
160 0.2828323321277551 0.5268935170415503 0.2464919657274578 -0.23082126349160959 164 363 289
161 0.30699818500279663 0.4630994543477583 -0.061754330815677605 0.4183758166298457 363 475 331
162 0.34602043905558755 0.47156203944782193 0.4850075577267354 0.46950021578839873 331 369 249
163 0.8389242828711634 0.27717215329886336 -0.2912845745856041 0.3115448423546274 490 406 236
164 0.738609431517988 0.2724238958017225 0.03809374413132893 0.019018327190867268 512 58 418
165 0.7661707094564827 0.25122461338500784 0.1635095718544033 -0.05486354634487434 58 200 406
166 0.908692795914345 0.3363152946499756 0.19379321966606078 0.21921528897683729 409 51 172
167 0.883458616598888 0.3274354611325359 -0.32360362479944005 0.041223675514845404 464 262 409
168 0.9314671250918238 0.4324615855476402 0.1476204092992761 -0.16684933053234818 345 172 211
169 0.3484956107445853 0.1779689109640483 0.08409922966357009 0.13038418816835318 270 478 220
170 0.8260207354404749 0.7254846995407753 0.04485092713890637 0.12229930956841883 91 74 455
171 0.8404411474596408 0.6398493335208888 0.14122724864562564 -0.20000843273249025 31 302 201
172 0.990041336632815 0.6046167856534005 0.18419919946971453 0.43349715275753375 241 265 526
173 0.9828094660592762 0.6160955687527803 0.3140726878222977 0.2157772615099529 136 241 509
174 0.4443965104470461 0.5946739329814271 -0.26280876017081845 -0.7207037628145785 298 376 398
175 0.4505854314443424 0.6374583795463042 -0.24551337421407915 -0.21777988024052064 332 398 255
176 0.21738967889462393 0.9473585307056943 0.040503960602178424 -0.2458049271070184 427 15 525
177 0.18724244910087529 0.6991644916855773 0.26456440996303066 0.20471089962059708 99 129 41
178 0.2472167123110589 0.6729182800957224 -0.29115585394035026 0.46216835011825275 129 159 325
179 0.2578343358413052 0.7200141519511036 -0.2700165209479355 0.47155875038118467 40 325 252
180 0.06579511549061508 0.08816116873445691 -0.3069842831326941 0.016458161916643732 209 599 425
181 0.10085131182280778 0.0895037573658649 0.17848774194750838 0.0297048087516405 425 400 171
182 0.6702822951465082 0.22341537968491995 0.10636400371577537 0.020364111438797572 16 506 584
183 0.6546865806528619 0.25421533829158993 0.1337529236672408 0.20778538022125925 101 16 465
184 0.6918645351035088 0.22396644662410953 -0.16663612642520143 -0.030791033264754297 584 222 352
185 0.7092078133322491 0.2612592644748612 -0.4263030185802652 -0.20831016009359438 313 352 512
186 0.6715217918032557 0.275044123465 -0.17890083685301317 -0.24929570976994775 380 465 313
187 0.3110282469435449 0.11087165125216301 -0.24936914720663506 -0.015541106249128411 223 62 477
188 0.3424309786851135 0.10867220215420219 -0.08971962200954309 -0.1581681272067037 477 564 383
189 0.9248261617447359 0.04342704597355686 0.06358731804989581 -0.054752255854162435 165 454 561
190 0.7510393944096316 0.735137693501201 -0.13292945477000329 -0.3404757491567989 492 417 365
191 0.7911428346313847 0.7851858379773134 -0.09487588943646319 -0.17210065664241547 11 365 348
192 0.8152734420008176 0.7776723948725934 0.13776952460797798 -0.22769128110722292 348 91 19
193 0.48784149925137366 0.7044647888455444 -0.02327575042426755 0.0630923965849739 541 567 322
194 0.4672338152497929 0.7191791260963174 -0.4061700125540524 0.3622323888757828 411 170 541
195 0.055852081966597605 0.008356006216476218 -0.10398120142696143 -0.047036941008826716 482 227 65
196 0.09366633525146109 0.9896177778694817 -0.36932922622967546 -0.12146101902033024 65 439 228
197 0.11741694074778686 0.9983849883661016 0.061664415240691994 -0.015310487946895712 228 596 45
198 0.027965838265482705 0.959647336788137 -0.10887712571794328 -0.5888389019437223 360 303 299
199 1.0199727400804632 0.9510046887093495 0.7168397134563187 0.1852993267506542 213 553 360
200 0.03523137226401594 0.9477531492027023 -0.642643896257844 0.5453672022662226 303 553 469
201 0.24266487782458027 0.9775298469884239 0.33808151243819307 0.10769004472888088 403 525 27
202 0.21900201689714988 0.5113145908920808 0.03581145623099413 0.36303229380973967 157 498 75
203 0.09676114863734553 0.4775334541763508 -0.2931076197726368 -0.20690295692016303 53 102 396
204 0.23221379722460983 0.5546747980756646 -0.2010664908874693 -0.3730192602718896 125 2 585
205 0.20338748454125952 0.5310775944673984 0.39403660022363507 -0.1408735291613672 575 157 2
206 0.17489250319595773 0.531382889030314 0.18280499856915267 -0.1716867887441298 214 100 575
207 0.13411749892318503 0.7152162064511072 -0.04757328524174209 0.3875616896853451 410 414 339
208 0.15256459414078985 0.7744080119889585 -0.1621804027879259 0.008091341138771746 0 339 296
209 0.08275205508696379 0.3964330318557683 0.1523625010879659 -0.1110277654536862 461 97 547
210 0.046715932918323724 0.38151725840122647 -0.09822850657870141 -0.2404199325733991 131 194 461
211 0.07856522885615623 0.45767028301607193 0.198702258466521 0.24840730722397453 17 361 102
212 0.04083490657326538 0.47474580900797453 0.7441541265140739 0.18122287004374016 154 17 57
213 0.19466595211363108 0.3128787886315321 -0.5055941158793598 -0.020493408706134808 28 543 288
214 0.26550536509769446 0.37871251510404363 -0.48687090192789384 0.14980698209710042 521 206 405
215 0.16404639731786502 0.39117706142814473 0.20866238216454835 -0.03851007984723154 152 487 521
216 0.14975524612065425 0.36570566679738015 0.16389614075629222 -0.11753567633054907 286 28 487
217 0.06466617807758561 0.31303933331961403 0.04968367210700375 0.13483152372373297 196 186 535
218 0.16687511768389915 0.2943049018908857 -0.12899865550752843 0.2081703809331259 485 253 543
219 0.2171271476513549 0.0609778002089232 0.2001927096317857 0.2983005162326968 529 124 60
220 0.3982274243040245 0.5742976448698969 0.6730485981043532 -0.23581592026311604 527 291 160
221 0.4442957986522895 0.571840327130186 0.0677060357431869 0.40331568900570103 7 542 119
222 0.42337595986768517 0.5469657114665412 -0.10431798931620495 0.5039426296399308 291 138 542
223 0.35007842064096134 0.5650399071668435 0.020095421507382305 -0.5198700098879572 289 263 179
224 0.250642326138225 0.8417548423876169 -0.2880125292772928 0.10506851569336284 71 22 579
225 0.2419453888327657 0.8537601082210782 0.11775453563622751 -0.456612601722195 453 71 144
226 0.7884960111747698 0.34052873603353195 -0.26873304276309185 0.09068174613990898 112 431 145
227 0.7457001739295921 0.3111100405819471 0.060905728377358415 0.395682142606546 341 418 431
228 0.1520552698212256 0.4300439802943034 0.0038524124862382436 0.2599178306611494 115 152 259
229 0.8217138081460116 0.3317992011016982 0.13314451000057126 -0.09890403773749057 145 490 306
230 0.9857167714871042 0.40601260125821076 0.4337880055160781 -0.5232539970756456 390 423 131
231 0.9250246615075541 0.5563387237317311 0.12453505483789318 -0.030118593209726985 582 301 321
232 0.9324484342101722 0.5690924579636025 0.058844673404834236 -0.14208001806320647 178 321 267
233 0.09955719115439392 0.5899732611343131 0.07324407816367007 0.024462970885097413 309 94 450
234 0.1519838722058201 0.6543066356304518 0.04035268785784751 -0.6321679874021768 450 314 224
235 0.9734631380262408 0.9341984657844346 -0.05045525802716 -0.25367536057863127 18 226 213
236 0.2477374160509434 0.10057826717705674 -0.12059431543642862 0.2896837984767142 198 60 378
237 0.3518475664429105 0.9917396581413153 0.08209482919852018 -0.13933517187258992 158 397 148
238 0.3919580137454703 0.0015862205853146537 -0.49502757518138374 -0.34427179822216214 148 151 474
239 0.02010480794602736 0.13935904007841016 -0.24230619663501152 -0.14023002203877866 504 209 310
240 0.020550665265385175 0.18129609971065175 -0.40212753665141987 0.21078727600182257 35 310 502
241 0.1278739125777656 0.13133455041088887 0.2680832986157178 -0.14248391043414355 472 171 287
242 0.12438949061136079 0.15492577154457574 0.20269146465412557 0.3110049769800005 312 472 185
243 0.8847982341900935 0.4564719160100156 -0.052291479826771514 0.1822302440890322 319 368 33
244 0.9122458655724253 0.4566827629561548 -0.09524362479251813 0.16808720838812352 33 345 335
245 0.43977892875373326 0.45290933977296943 -0.15101655273519476 0.3610693841138435 369 233 592
246 0.22492540247075077 0.7522466205099436 0.3083707653811496 -0.03590533842467991 189 40 208
247 0.19185590165292093 0.8478927275245314 0.03897985059730935 0.16325825344387646 372 532 449
248 0.2275450389446125 0.8433379735861672 0.5442090767610042 0.02623230695164569 532 565 453
249 0.2763259461190064 0.3450293621237552 -0.34956112796025174 -0.31179918612289637 206 424 273
250 0.42151914248036726 0.5207032296457097 -0.1916155702857969 0.27331999649660155 138 199 382
251 0.3114208638109261 0.9146563462655617 0.3492420564549237 -0.5874290703172802 528 413 391
252 0.30633045299000305 0.8939632196731186 0.45654700402131265 0.645190198836354 147 354 413
253 0.2769078924050742 0.8419710351473638 -0.3953575342108273 0.1438328241232245 546 579 594
254 0.2786288446317217 0.8661276262812909 -0.33603385733715907 -0.04760391490721272 187 546 147
255 0.6258110058135015 0.9129320223883555 -0.0919204629079573 0.3609270209092852 279 110 297
256 0.5838393868435854 0.85148244654442 0.29948264146373305 -0.20212597047486458 285 52 76
257 0.604603514480701 0.8544547346780116 -0.6128465630805824 -0.44169136820260135 76 555 419
258 0.5769560795876053 0.7763870591465896 -0.19940514656147101 -0.008561118827743464 429 183 435
259 0.6016648207569721 0.7831663409122082 -0.3814353780745572 0.030314274007681163 441 435 215
260 0.594865431901207 0.833133240946676 -0.43781983143087455 0.07463272309188307 324 441 555
261 0.5631981556970886 0.8138209906716194 -0.1562184617776019 0.08880388785437177 67 93 569
262 0.5849513993707561 0.8347144143964919 0.2004203710978536 0.14878143769075924 52 569 324
263 0.24908759324167318 0.8734543402161654 0.23582994133908297 -0.26199098619728023 15 144 187
264 0.11289506111681494 0.8762584154666427 0.394897762406865 -0.033383212166837595 212 457 395
265 0.14657678765631693 0.8286114210066442 0.1714645030126416 -0.2681575229229738 457 274 589
266 0.07896838697645779 0.8825909418814165 -0.03918372223910005 0.13054301736814544 261 578 212
267 0.3020933489664955 0.20227667630739726 0.4066140320280187 -0.07971582699495272 244 270 82
268 0.4871437684160167 0.5606972555644112 -0.01373023361672665 -0.09435550674119497 105 156 323
269 0.48884545638716975 0.5180728616780863 0.056473316994987144 0.17742820199173615 238 326 156
270 0.264519034703448 0.9747602247739594 0.6646744068333765 0.05459704355281758 27 242 533
271 0.9064280312046458 0.6057612665545672 0.3857847281213411 0.06927970436915176 516 277 505
272 0.8748519241062185 0.5747343199570885 0.32420554123280265 -0.22455065584736644 225 254 516
273 0.9164954984698899 0.6034695379063345 -0.1689141562732921 0.23803032808689117 277 178 430
274 0.7527085466357912 0.025275860088152684 0.47062199658165493 0.04008046637637985 44 373 344
275 0.70700179327531 0.06488536366568239 0.4617051005406658 0.055133039800203676 489 44 123
276 0.11011318504041484 0.5678170579048363 -0.010472674463746223 0.07018657564861197 94 68 353
277 0.051674928998438154 0.8591883563700208 -0.029859361511119786 0.1633584781335351 150 374 578
278 0.054427860039246934 0.8207403288201195 0.05661472818330182 -0.36831570363049515 563 175 374
279 0.24745236519640754 0.7836812472530256 0.2670453833758524 0.11040025074682269 32 208 544
280 0.2649609480781927 0.7825229857274719 0.16286667639531238 0.10318369353390366 544 598 142
281 0.6812699337420358 0.7247356393689279 0.2437762991469583 -0.07662574082190066 559 463 492
282 0.0009315044861833516 0.7774991935054678 0.08183044693244046 -0.5292057667083405 576 495 234
283 0.028554592379520523 0.7913368572408058 -0.23711741008181075 -0.6971628531415863 234 122 563
284 0.22788113029933524 0.13616797747880735 0.14699811749785407 -0.457699311437465 389 198 59
285 0.19034175368275055 0.11971797217907373 -0.5881333553850454 -0.5187733296760366 216 169 389
286 0.37166017523727796 0.5182728152609951 0.09896445260504372 0.08003273668788502 263 249 199
287 0.2872021656228382 0.3355086893058061 -0.20467692974507345 -0.43018830823970955 273 356 84
288 0.3184261656247889 0.32953098303207573 0.2692676859261667 -0.47746450404506646 84 113 207
289 0.26310342002544473 0.1765769690980308 0.42658090983194175 -0.1977238660993974 442 223 244
290 0.2453726070888785 0.17763994815791714 0.2964159057095017 -0.1707324420729961 451 428 442
291 0.22674129070577934 0.2101861264736607 0.01176391362794904 0.42586124687424287 566 451 356
292 0.5402143033643203 0.5015807663941038 -0.12778486047082538 -0.131505368400342 326 3 355
293 0.799822258950603 0.7014628490290269 -0.12384463385362032 0.10306371242552181 501 139 74
294 0.8012901184027729 0.6680878193633306 -0.13097215395552197 -0.02593795941918664 466 31 139
295 0.7538980244163539 0.7230865785926945 -0.22456215220678644 0.10811818974831855 417 351 501
296 0.6937424326680499 0.6936624435996916 0.3066564498860336 -0.08311115684556114 377 64 351
297 0.8390959231375403 0.5851950194550881 0.04655108971907129 -0.21850500055153876 302 37 570
298 0.17885909299626002 0.6115462867058112 -0.09281594520738068 -0.08820697922073961 314 20 524
299 0.14918434486668533 0.5671158047387147 0.13993076974916363 0.03769146453280747 353 214 20
300 0.6506504073031762 0.5842126759322184 0.021861384924548588 -0.0056974855389135826 416 519 283
301 0.6482252039082196 0.46450497713303307 0.450456563022561 -0.312363419505135 367 42 268
302 0.6492720876234447 0.5573747559480635 0.024908503731824183 0.025739088291287793 519 538 488
303 0.43498696184597907 0.5841417476852625 0.5587567601314514 -0.026978170218627806 160 595 298
304 0.61477034628083 0.608464339212465 -0.06235530841669501 -0.09058358854674431 155 416 545
305 0.4559819491176149 0.5742853846526731 -0.7248843665944027 0.1433687188065469 46 119 105
306 0.44723967352129834 0.5841457249550208 -0.37059744691439467 -0.41849856392828233 376 55 46
307 0.4420605976180192 0.5799028247543562 0.18237670115425764 0.18548325210823724 595 7 55
308 0.5659962689176623 0.578007609381149 0.3184296052533009 -0.004835481667853081 177 305 155
309 0.5372237536429836 0.590017047796762 -0.024636233678099195 0.10619212245654985 556 323 177
310 0.20191958161015228 0.7487785159355661 -0.02471696736172646 -0.1260020497662051 493 41 189
311 0.9879061222528244 0.7023589448941661 -0.21017313028837137 -0.18798632407668325 317 496 548
312 0.010875469737056501 0.7255588496918912 0.10555357317365566 0.19372326624800262 495 548 388
313 0.990638338874936 0.6689859675358685 -0.15418995819721504 0.209587075125639 496 491 130
314 0.24040286842815298 0.15392975249661295 0.11344894225440161 -0.7137350592489877 59 271 428
315 0.16983313093521382 0.11854145974597943 0.7822436431242918 -0.3226705413278408 287 432 216
316 0.1827633789954908 0.10680909926740861 -0.1239859003659971 0.5411080451767081 432 437 169
317 0.18655826746105733 0.07280411838045739 -0.12342037322699007 0.3054885192033119 437 394 529
318 0.2222423662098854 0.2121082577939864 -0.039798261561307946 0.4450185266298423 86 566 593
319 0.1113101263152179 0.7764116062036552 0.07747567344618123 0.006970869714795214 175 479 266
320 0.13606020264597146 0.7869034594357307 0.12132550311627632 -0.023791133299533307 266 0 274
321 0.16427970604611591 0.4871276119152022 0.054653846032204356 -0.23555345694814545 9 47 100
322 0.1295433309536965 0.46769299741483067 -0.027249376713389672 -0.2222726898370997 396 586 9
323 0.13115023509457183 0.4398862821158669 -0.09707602881270372 0.24179078773889362 586 508 115
324 0.15669243789336618 0.6876288279668513 0.16239380742910647 0.13692342884508157 414 224 99
325 0.09347763327181824 0.42668656129303345 -0.5550922484509677 -0.06607880304672527 109 357 508
326 0.09347108887588011 0.4266516550939425 0.30997642040523665 0.8649713641059554 278 547 357
327 0.09349151692233179 0.4266800107684688 0.4197503016811744 -0.5101629760594127 361 278 109
328 0.19062084365031737 0.2069215892411101 -0.43592235862699447 0.31629762420326557 30 185 86
329 0.15778990696405457 0.2467722644579926 -0.16192644239354514 0.04119126983948007 530 30 253
330 0.2675948875672217 0.10479091781062765 -0.5392673339127407 0.28382951995642447 271 378 210
331 0.1686394281601813 0.8260655017055176 -0.2753722323084462 -0.2003786522125628 589 387 372
332 0.24032184112232918 0.8312536028809395 0.12279253013697256 0.4109669127574933 565 32 22
333 0.8494464398322117 0.35264113803598046 0.011994619880661972 -0.19621179819795387 306 464 536
334 0.9534753688580583 0.3154703764796981 0.16236984395900933 0.18388405242930617 51 514 539
335 0.9876704247791749 0.3487619224459897 0.23034327015225564 0.10830642285797332 423 539 480
336 0.1681614058186706 0.7804175650900231 -0.19284518114337512 -0.04372765760596309 296 493 387
337 1.0159708543796389 0.25485981226427823 0.3237574291992118 -0.22537637103803299 573 264 399
338 0.04512323271494441 0.20245193279557494 -0.3718885813880357 0.3356402562132432 264 494 36
339 0.29557780561388314 0.09315811791598047 -0.15003946904346144 0.14437925195676105 210 43 62
340 0.9136864260698827 0.004852364806423877 -0.15476542582215647 -0.5394821152304718 481 551 168
341 0.9168562750014777 -0.010987136798707789 -0.0861334378821077 -0.7933874869581192 551 89 557
342 0.94107836709153 0.9484776845356553 -0.11543709391159673 -0.4008635159924445 557 95 18
343 0.29964418523472075 0.058393352521943664 -0.09470291911783946 -0.08529317738203979 43 334 21
344 0.3256333768274303 0.012280751164008657 0.009009988241603928 -0.14265906823907049 533 158 276
345 0.32777830562781934 0.04116146699956383 -0.04925427773971869 0.0046369463824191826 21 276 246
346 0.355329504902406 0.05621697535628361 -0.25629641672852976 -0.0179704730263186 564 246 446
347 0.40468583402248803 0.026967476906275562 -0.36125461372327194 -0.06413260200677229 446 474 237
348 0.2248051244690905 0.3058675458249169 -0.20543791702520853 -0.16810697799074514 288 593 424
349 0.974852663173202 0.2587734438622022 0.3853279501031537 -0.12500537098503184 514 135 573
350 0.9701051640576155 0.2409537378863464 0.33833078977307807 -0.384050389753976 78 143 135
351 0.028372787738600067 0.19354058850226158 -0.4313474528949701 0.2581253447098142 143 502 494
352 0.8499253320351831 0.417252610917167 -0.34085995137544955 -0.18094749865138482 436 536 368
353 0.6080898524794128 0.5077835611367458 -0.1821499909238078 0.2878231854241964 81 515 440
354 0.0915195052696298 0.2353911716768411 -0.002198776577477801 0.071861298162057 549 571 530
355 0.5756401114947406 0.5554264656934491 0.3887919375333837 -0.26949060934200464 305 362 114
356 0.6902962804872421 0.6032453947021335 0.35116880375829496 0.1576430937177964 283 69 38
357 0.67868903531454 0.7007951960564671 0.216538038194658 -0.04160056778224064 463 161 377
358 0.8564269994413807 0.5723719693530271 0.08538549485515023 -0.2729394810857544 570 191 225
359 0.7302979264303537 0.5879359577622648 -0.33200695248591927 0.4158580771407294 98 69 39
360 0.7493909777132371 0.5432531474979847 -0.29438759277522486 0.16064006340410497 39 583 48
361 0.7771234998525396 0.5357755081385953 0.2806964636420384 -0.001816249928232594 48 195 37
362 0.7359434801820792 0.40061746556219713 -0.2280947371952058 -0.14742760970354318 132 443 470
363 0.8002974212604801 0.986421591548421 -0.18352626016127083 -0.21432758970374444 393 257 422
364 0.7070567456796636 0.6530510784266924 0.29028723036450543 -0.38772979202295055 64 38 197
365 0.7578901475140594 0.007979044170857303 0.46602041982313214 0.006467829744005726 373 174 258
366 0.625246253152008 0.5448336969901056 -0.5119185186863717 -0.23603326307353178 114 440 538
367 0.7106338620352816 0.5209602222322193 -0.38250081713098183 0.08759367328692313 488 342 583
368 0.7898189865643973 0.008547485164584468 -0.3319418531710916 0.04934698136227489 258 393 434
369 1.0027513709627092 0.5029297561856332 0.14627462990857154 0.41442369570765525 456 188 149
370 0.7618600783029068 0.3995043969951259 0.10457435299648932 -0.14605229352315785 470 112 467
371 0.6917758499095882 0.47630641329238604 -0.42847369541298974 -0.32902223306985334 268 315 342
372 0.8339312576373662 0.9724391103609047 -0.04970380287905307 -0.2379000940688769 422 167 481
373 0.5343190145015025 0.6243528865826348 -0.03321160221836372 0.2348146822817032 415 556 127
374 0.7834840420993838 0.4220751782565144 0.48569589426727955 0.1897351772223166 467 436 4
375 0.4864808764210194 0.9832318874286483 -0.12488992687242906 -0.05241944933676024 282 118 597
376 0.4265501523895864 0.034353993597017525 -0.0818291229914836 0.025526752933657804 237 282 590
377 0.7411441606181748 0.638613882869411 -0.231655003513076 -0.1479453420882848 197 98 466
378 0.8750818901884385 0.4795780555235883 -0.20982557670523594 0.6333455749435446 346 385 319
379 0.8487617013431151 0.49825959481124626 -0.08204936244315952 0.39967844728261426 191 534 385
380 0.891454196642552 0.5527400729160349 0.1740726611465515 -0.07148869621276255 254 346 582
381 0.7972554833483191 0.4973890488181725 0.355502750848391 -0.08209341609277665 195 4 534
382 0.6967834609858236 0.44278164188561564 -0.4086005533920911 -0.0809486901121037 315 229 132
383 0.5687381200094312 0.5210259711259104 0.31791385218804535 0.09812637230544041 362 355 81
384 0.7100078597805549 0.36085802156026825 0.13061745782194656 -0.023560497997010543 294 341 443
385 0.9713646850725897 0.9067989861319867 -0.04681055751354357 0.30522070669503076 226 307 150
386 0.07582958136591439 0.20034346617288235 0.14132661568799776 0.2980308853872682 36 312 571
387 0.5196412576946033 0.9914663763878727 0.5916791348536954 0.10074377859714545 597 560 337
388 0.9291555589883828 0.026835474018366945 0.10866509150830872 -0.20083006542492843 454 168 104
389 1.0053394435243248 0.4761200206442372 0.25307374251770653 0.19712051400888608 366 154 188
390 0.028518473042119498 0.5267833853616297 0.11506133407168662 0.25295879002573685 149 128 581
391 0.05786212349198887 0.2827254334516467 -0.03449259246279812 -0.3933222195856567 399 549 186
392 0.573647381692949 0.6618483707357619 -0.0006605854752095297 0.0049122837741943925 336 127 50
393 0.6129795552463323 0.6505388302951309 -0.12458435949547209 -0.1154584344797982 50 545 161
394 0.641002134587136 0.06499380739986975 0.05165673236384727 -0.04790193137982346 8 280 489
395 0.5502017567365953 0.977493253135 0.1407174037015846 0.2896280514030902 560 420 500
396 0.6152355495724987 0.01116086099921124 -0.24771469320228334 -0.21697870722370283 513 347 280
397 0.5712279268471603 0.003703928489312125 -0.5223203938808929 -0.1408146765857765 552 500 513
398 0.006050956211307298 0.6389001554081114 -0.008131982587311626 -0.26785003867657586 272 509 499
399 0.003162021392854525 0.6621694638283488 -0.020676840621625114 0.16480105856364613 130 272 24
