473
0 0.04310001354433126 0.6295139847355484 -0.25658387983740205 0.0489215241233909 111 66 359
1 0.017137706976056502 0.6281512414052866 -0.5959144245767933 0.03902819629975074 499 526 111
2 0.774359184188712 0.8186572626258842 -0.21276065353958984 0.18166705362254731 85 11 327
3 0.8877878685412878 0.8495475865370243 -0.18476693994240456 0.6447734963999086 558 371 384
4 0.9050021631616532 0.8833913961861697 -0.2309628308050371 0.5518533113119117 468 384 182
5 0.9299198548705999 0.9029450582806323 -0.3232696799485013 0.39110551811050165 386 182 307
6 0.922153318052429 0.9155713406065344 0.04601771030204871 -0.0863207876705685 34 386 95
7 0.058927227601641874 0.692021014694882 -0.33911638115668996 -0.12581907495035072 517 359 452
8 0.04082115377909474 0.6981780030504667 -0.299464151740092 -0.13589668106106512 522 24 517
9 0.06232014526433169 0.5959132827598635 -0.26189948820753983 0.0577006942226177 66 462 309
10 0.388575209204152 -0.02628176032222303 -0.47246166423597913 -0.5731162891486896 163 404 151
11 0.3507984816105791 0.9714856609589863 0.12046842030877247 0.047975259875876475 54 379 397
12 0.3724376029151636 0.9606293436068372 -0.027765150595326915 0.08315374465384107 379 193 163
13 0.8766563766226059 0.21626704516976442 -0.057977232043038285 -0.03528154574050646 10 137 134
14 0.9484672586268836 0.21156371052299272 0.7067039588942725 -0.08316425291476914 591 35 78
15 0.9323722642995094 0.20388753411576183 0.46940701430020493 -0.19238928714027104 134 370 591
16 0.04419045584130768 0.06456263804997778 -0.12878220469192403 0.13390388936551645 133 482 599
17 0.1311923392177796 0.05460248062167712 0.07016815531390996 0.15692690480406668 400 45 394
18 0.5893497990968082 0.42923273193531325 0.1636896125589704 0.1553517939290039 338 447 433
19 0.6175492649851811 0.3878753316551195 0.03995885775043284 0.04918935397890678 447 25 202
20 0.8067908549292517 0.13764899313984033 -0.12125030320053742 -0.06768299046222559 243 269 137
21 0.5089684139821906 0.25751926494104066 0.17690359871425088 -0.384231686051395 181 6 260
22 0.6001456598664456 0.34624562839514256 0.035256976504971504 -0.0011164257018858592 486 103 25
23 0.5873054957179857 0.2406496195469997 -0.21382470100084205 -0.25727232566552516 260 318 26
24 0.49774905755609317 0.20449570028061165 0.23874451235417204 -0.0012096407209227777 349 250 6
25 0.5362927644066975 0.1034755752537933 0.057479390691561605 0.3830621188305461 448 23 523
26 0.463058648293119 0.12321760671890244 0.10935861868843766 0.1736832018484069 328 23 190
27 0.4611930626690431 0.18235873893927754 -0.05875250980169611 -0.15539003903053406 162 190 349
28 0.9600128775463561 0.7030903545402667 -0.13632308233646473 -0.21922813946140263 510 70 317
29 0.906453901845117 0.6767161513642452 0.15165083980250849 0.0291041628297517 402 518 281
30 0.8895969717438058 0.6487521963262058 0.08428220898970551 -0.19820100075063074 201 77 518
31 0.9446964599116929 0.6744882163598029 0.08741735425810138 0.1503513265277423 281 88 70
32 0.956904778679549 0.6587841806671614 0.146691474592342 0.1494017166925321 88 49 491
33 0.9517689258568369 0.6304948050667547 0.21701896182890756 0.19206457813059075 56 136 49
34 0.8602241903293317 0.8811094580203203 0.24085732817924477 0.10710539607994285 218 558 251
35 0.8163566596432656 0.8831827081013686 -0.4713229671132746 0.15263500706408362 483 458 218
36 0.8321927394030935 0.9427849831022879 -0.021387665596894756 0.08872616669153288 459 284 167
37 0.028089847529305448 0.9887252817257034 -0.14189103850204 -0.07080804206860414 104 299 227
38 0.10972848298565152 0.7230921775890865 0.1704674588987043 0.2868892713669968 452 410 479
39 0.18151510497810383 0.9423414887801058 -0.0849403568314866 -0.20186426731572116 596 232 427
40 0.3774148251618122 0.9053319732417275 -0.33700602065922514 0.32306188939290603 193 80 13
41 0.36676250763847534 0.8303874558688213 -0.3469563379654428 -0.3749515503637113 184 240 79
42 0.41249397296525786 0.906879884076493 -0.19096856006262097 0.3406538433281536 404 292 87
43 0.39086937791436704 0.8935754187249754 -0.25788357976841425 0.24759423851439255 13 79 292
44 0.552062216946968 0.7190526846058513 0.1480934451458804 0.3725860314718332 540 587 183
45 0.5090972231691908 0.835543861312215 0.4992086213156943 -0.3805373835485959 304 72 67
46 0.48421403124597273 0.6565755489124325 0.06202471730665238 -0.028221805448147563 255 415 567
47 0.9376459469238994 0.5414245693046459 0.05170742341242818 0.07329670828615242 301 335 550
48 0.9616450255024566 0.5611497694283336 -0.22763400747694007 -0.22603478117000364 267 153 408
49 0.9604003099761174 0.5471106803867625 -0.15308446524309183 0.06874130015210866 550 456 153
50 0.623915797312915 -0.023762032093125364 -0.10589164128882445 -0.5778148064183863 347 29 507
51 0.6516750364669773 0.9503944062875005 -0.3494803266224089 -0.22680012867759558 507 297 531
52 0.3349067839496281 0.2793189338250931 0.2522224262779815 -0.4170984210793982 113 82 572
53 0.5024683478501067 0.8634708535120651 0.4346669052468499 0.006009446412713615 121 304 460
54 0.22467591894261718 0.6054860621092708 -0.23185056791108494 -0.12691741893555708 524 125 471
55 0.4721684004648025 0.3753008776790885 -0.07165163011524367 -0.1280614760068577 207 473 497
56 0.024346413074305802 0.7260878765076598 -0.45379672242162883 0.22033697297252353 122 388 522
57 0.8535192560511641 0.2743863017423348 -0.12924480582987563 0.2624060042172305 236 10 262
58 0.506807069678316 0.33175376457760875 0.02511729366161397 -0.003951822202807875 473 96 486
59 0.48947476515244753 0.2839398774913514 -0.03749191512802952 -0.09976684686718862 173 181 96
60 0.9888971994453319 0.5790239406061727 0.151193805739136 0.007511697514006599 265 408 219
61 0.02352953903136923 0.562058489950646 0.026298625777076978 0.11201822663897687 219 581 462
62 0.47928841588935484 0.40218370646025337 0.008890362751534653 0.32923818636676483 233 497 421
63 0.5410518026928344 0.437613426785583 0.09138283393883562 0.33137544583339285 421 338 3
64 0.284787563573967 0.7562174576846936 -0.28016691709653596 0.367726261940593 598 252 1
65 0.3455452683941161 0.6270933660204973 0.08544613419592118 -0.054199814081279385 117 308 476
66 0.25877488483315075 0.6449892229903947 -0.07715937541674656 -0.04397426034419283 159 471 117
67 0.378496902391644 0.6581024601585072 0.23734736467884154 0.01126601242851244 476 332 311
68 0.3791471910492329 0.7095125384899885 0.2672636674472262 0.2970989735479046 108 311 63
69 0.24486092050638272 0.023311894901399344 0.31309576667415406 0.3782824768705506 124 403 334
70 0.676462772854632 0.3586294808759953 -0.029634299875125336 -0.061556208741375684 90 120 294
71 0.6655334710046973 0.4335172325182661 0.16689621976095914 0.2705803039959598 42 343 229
72 0.6499157477457097 0.39264007764140246 -0.017188674789059277 0.00021577947761919347 202 90 343
73 0.5831038984177581 0.19150481414449758 -0.22617892177223542 -0.29606829626827036 318 503 146
74 0.5533132801627882 0.17558806471137184 0.27313710806997626 -0.02773684823487166 250 14 503
75 0.559350800477998 0.15473331713702826 0.28070482379488615 -0.20081100081392744 14 448 290
76 0.5458263488760646 0.016454233365883208 0.2786261780324262 -0.3012313613826034 337 552 192
77 0.5523569406100128 0.08279615948663362 0.17196315031664522 0.26285639706524755 523 192 116
78 0.568853703772358 0.15229348734453182 0.11849803100566492 -0.12383531422521799 290 329 230
79 0.5840746430979659 0.09962604867228367 -0.18377020530313537 0.2826404069122823 329 116 203
80 0.6403352667164791 0.16438281680464 0.03225681874385877 0.23404690754902369 83 392 506
81 0.596410159225635 0.17236740639990633 -0.395929952712315 0.05403840916406999 146 230 83
82 0.7097957758828107 0.1804803457558362 -0.32814647318857304 0.2958405062591929 222 204 574
83 0.6490576160677441 0.15128753155555527 -0.007667455559356995 0.33045590291935767 392 484 204
84 0.7636839552907098 0.17043722293880262 -0.40352788749364876 0.3382861907264001 200 574 407
85 0.781869645117275 0.14180290753090044 -0.23118520639520135 -0.05238871350621288 407 123 243
86 0.6260307801414748 0.09062987904914965 -0.11349929884829635 0.2841546074827672 203 8 484
87 0.8341998944603495 0.06708940670093617 -0.46805931352977836 -0.13401274118196582 106 61 165
88 0.8172878597541825 0.08644949747647478 -0.024246696317398175 -0.6501090003135923 269 12 106
89 0.7934897991751699 0.03408695724264906 -0.2190270926433202 0.3246536019185786 239 434 61
90 0.7901632656994203 0.03703809995547389 0.2838298618704216 -0.11239422430947554 344 239 12
91 0.6272895584064184 0.26554923960393506 0.30596808593685854 0.1284753206598488 26 101 364
92 0.6526853446575782 0.3061128852326994 -0.11343265389485158 -0.11342657715851523 562 380 120
93 0.6353820960264989 0.30368719759240353 0.14476862937595758 -0.06898041582381609 103 364 562
94 0.4318982567714519 0.1018568525690718 -0.21192765806143932 -0.10618696824615803 126 590 328
95 0.3597404301380662 0.12661328253956292 0.06375963021443276 -0.07282477329506598 478 383 126
96 0.9836504558847341 0.12460578973441244 0.2942511706516271 0.21512560691161475 370 295 504
97 0.9802467632336077 0.08748881467235016 0.2568750795406416 0.02730297515851632 561 133 295
98 0.8940718613261878 0.7120904154989248 0.13628850686897565 -0.11603897634437921 455 402 375
99 0.8884744194937834 0.8146372921750954 -0.14819815444266915 -0.13351473260314606 19 568 371
100 0.9283109778866432 0.7391549238388629 0.026757036170055315 -0.3828665127991737 176 375 510
101 0.9337738632477065 0.7749176274129728 0.09692588606724506 -0.35565670755688394 568 176 576
102 0.9107548970111577 0.616155359499049 0.3090500448436895 -0.446218313340796 77 505 350
103 0.9180313787377927 0.6139487897542245 -0.405252647932286 -0.20753790812635953 350 430 56
104 0.8764168517617728 0.903734314754247 0.2324671495232411 0.10361352418414294 251 221 511
105 0.8739228387103911 0.9171076147332591 0.272822894831215 -0.12122392169938712 284 511 438
106 0.8892874714399311 0.9226204029439035 0.10103966344154891 -0.20092238168373244 438 588 89
107 0.8917935861625907 0.9027154147645134 0.0009450308591230083 0.14122500616858824 235 221 468
108 0.8968951970093726 0.9132850643426541 -0.07059425231881189 -0.035201214165780925 588 235 34
109 0.06474844141201035 0.9327737635026513 -0.18603202381339834 0.42705829844669196 469 261 439
110 0.07766756408243229 0.49781965536019285 -0.2868057961263881 -0.3786571688146889 57 53 340
111 0.07593677350015211 0.5230465321813051 -0.32466140505171825 -0.07765706550033613 128 340 68
112 0.04079657820883086 0.3415529183738515 -0.19509497004022158 0.4049636938285861 194 480 196
113 0.12386930121002378 0.3588069855916391 0.04336611764133025 -0.09373128662115704 97 275 286
114 0.3615673451749361 0.582294406940081 0.17517814004941457 -0.1737003593044184 308 179 527
115 0.37999053700057756 0.25741432677278325 0.17628782600365156 -0.32226037324778467 572 444 173
116 0.2731983742461369 0.43286993324153 -0.32678563327559473 0.3222927931478825 205 405 475
117 0.24719415740395984 0.5332689168529823 -0.5278748788778431 -0.040757926547674295 585 75 164
118 0.11885982193813727 0.33393808407798586 0.037164167576708707 0.005278716352918877 535 485 275
119 0.9701677081560003 0.4323753519216785 0.16374571004673655 -0.11055105234025753 211 390 366
120 0.3850719709615872 0.2086392808712208 0.0705534165812427 0.03171247639488506 444 220 162
121 0.17274373405679028 0.9172322314858038 -0.20603255143636368 -0.608162144949409 395 449 232
122 0.6205998791651521 0.4724982313373269 0.012736944832170138 -0.19205973131319887 515 433 367
123 0.44895257916993236 0.49642041487309746 -0.11901793162127916 0.20339233422483893 382 592 238
124 0.30695784394463127 0.9462149774311374 0.2734493950717898 0.13587066957643223 242 528 54
125 0.4577591252564075 0.9033748323836408 0.07862053785778755 0.35557468358593525 87 121 118
126 0.37912198663015134 0.7799104564014967 -0.23887549438494915 -0.3212892084325514 240 92 333
127 0.41119765329211266 0.7526996137212328 -0.11472258074074482 -0.3086771088733897 333 256 520
128 0.34726892501576057 0.7529785805970101 0.41360498775899757 0.17609224980952298 73 108 92
129 0.39924010379034613 0.7208330376814864 0.48050312409508855 0.46821473920211076 63 170 256
130 0.5976999116727416 0.9343188928190329 0.37161654795059285 0.15115870083404204 577 279 29
131 0.5521684301438134 0.8798579553409266 0.19073450596707175 -0.05686008885952276 460 285 217
132 0.5739468407729502 0.9309378207488795 0.17755654689588507 0.12859083312055652 420 217 577
133 0.5647178567186095 0.7085010602143222 0.19877414957070183 0.288687355270989 587 336 107
134 0.6551290148442033 0.7578784750691283 0.04970620755273547 0.12522651665625162 320 559 247
135 0.6248503290428631 0.757338025954382 -0.49022093641382103 0.08816399520161777 215 107 320
136 0.31185838711110986 0.8106693119940855 0.03805753524821487 -0.3484929896740985 381 5 184
137 0.3214271285372627 0.9044852315926611 -0.7186978120271581 0.18952651878456628 391 354 80
138 0.49998907326491465 0.7904372425708511 0.3352012840907026 -0.20076634452137476 401 166 72
139 0.4586683062604439 0.7517629534781569 -0.09296451108919968 -0.28077791897063165 520 411 401
140 0.5304979967647464 0.7729254295452974 -0.19716483654064199 -0.07682363495353783 166 537 248
141 0.5174849085506958 0.7220500544802044 0.37572093283810837 0.38782198147346847 322 540 537
142 0.7053591870635513 0.8652835052558682 -0.02728484591041358 -0.30136172030070796 426 180 141
143 0.661381954585966 0.8572211660570055 0.2802929069400939 -0.3078706518888641 300 358 426
144 0.7204363367512763 0.8271980014963878 -0.2129147740059789 0.2195248961778251 180 554 85
145 0.6717427737391058 0.7948114871083968 0.2587321919211849 0.6284851791771295 358 247 554
146 0.6312412056374289 0.8745515820187906 -0.08251475683285214 -0.10547389836523813 110 419 300
147 0.8023396827057003 0.8998028072218336 0.0169841300745599 -0.3838235836800541 293 483 316
148 0.8079506193087231 0.9326446329605593 0.1746104195260445 0.21517573382812127 245 316 459
149 0.783468461168755 0.9670724775258246 0.2682043087620656 0.17339428504126175 445 245 257
150 0.7528844784417361 0.9745334853269545 0.44681037481009156 0.10586905449527784 412 445 174
151 0.713507800344831 0.9431359604160523 0.060280767183451545 -0.2223379091947919 531 330 412
152 0.7929276822283985 0.8671627913885198 -0.01983329750432361 0.5035091617949794 580 327 458
153 0.7829283258698457 0.8850528932242074 0.2997724478370767 -0.09029730851928264 140 580 293
154 0.727066124177097 0.8951269281097771 0.12426945444898863 -0.023630046530609405 330 141 140
155 0.31399393328512926 0.7648856831071393 -0.06379981647153254 0.37737514328728405 5 1 73
156 0.2892122562990739 0.8181210185132299 -0.13145180811913182 -0.29786993809011175 594 142 381
157 0.5627206417120224 0.7867567873051498 -0.1772572831570951 -0.032163176288957374 93 248 429
158 0.2127233269316321 0.47653189096713156 0.0018755504094247755 0.1995280066169336 231 205 498
159 0.17941631590367296 0.46971245294543373 -0.2997390186748605 0.11851989910327543 47 259 231
160 0.2849323968877629 0.524890612698893 0.24715233401528813 -0.24017452332492084 164 363 289
161 0.3064436746888113 0.466682631824432 -0.06788313106076416 0.42476258066415085 363 475 331
162 0.35001816798140173 0.47557303634827175 0.45550060459587094 0.4739834066902482 331 369 249
163 0.8366987777806714 0.27968901071585595 -0.23414917643682642 0.2821935848190682 490 406 236
164 0.7389217966554938 0.27255907926406336 0.03532709472175988 0.013164936502052527 512 58 418
165 0.7672208090266289 0.2509534790583508 0.08621331426539314 -0.010493984153869818 58 200 406
166 0.9103417167386368 0.3381516070383389 0.19436026260644113 0.21315281067968428 409 51 172
167 0.88074914489151 0.3277614804960902 -0.3149539622160358 0.03524343941685437 464 262 409
168 0.932720364597121 0.431107529552395 0.1471680347031601 -0.15252148918842856 345 172 211
169 0.349193330528409 0.17901420902535123 0.08020485248172449 0.11586322318235531 270 478 220
170 0.8263332643425383 0.7264789224753114 0.029880280194571895 0.11177027289810404 91 74 455
171 0.8415769938084923 0.6381452467965198 0.12686776768022767 -0.20035032799459174 31 302 201
172 0.9915313780263144 0.6084082179360261 0.1667200261526447 0.4584325178150217 241 265 526
173 0.9855652646777464 0.6178018033780864 0.33380289348600156 0.186871839530367 136 241 509
174 0.4423724713383509 0.5882290280484118 -0.2069013405915643 -0.8015165297962923 298 376 398
175 0.448605398202948 0.6357575664544809 -0.21985200465701737 -0.18351180297582204 332 398 255
176 0.21779672377714612 0.9453456208239315 0.054503195706656626 -0.22886205500172174 427 15 525
177 0.18938580875993782 0.7009174257860902 0.24062644307654146 0.20751572682442543 99 129 41
178 0.24474569310094235 0.6768317889303923 -0.29010769897475086 0.45853790972549824 129 159 325
179 0.2555758937905015 0.7240189293899411 -0.2617732725029853 0.4702911692022749 40 325 252
180 0.06322588227648564 0.08822470492524466 -0.29871297171912836 -0.0002983609886930694 209 599 425
181 0.10245407748528897 0.08969172760197729 0.19752439753273343 0.015314734203020208 425 400 171
182 0.6711903633691376 0.2236140116131171 0.10700996443124833 0.026301598052280717 16 506 584
183 0.655778180446891 0.25588772096730167 0.12470878114900774 0.18676108229365163 101 16 465
184 0.6903218859599435 0.2238219134434427 -0.19424022737468682 -0.0048578023548184746 584 222 352
185 0.7056995515039824 0.2595232967343319 -0.4004690627723573 -0.19995845604303675 313 352 512
186 0.6700488264785788 0.27298722124474983 -0.1695458731743038 -0.23550342925782175 380 465 313
187 0.3090188116988185 0.11074221260305837 -0.2240601985198376 -0.014237591661192539 223 62 477
188 0.3416670224164165 0.10738713557442213 -0.09015372753884421 -0.14487615204727966 477 564 383
189 0.9253716129324246 0.0428523141602007 0.06477308828189976 -0.07865226178682683 165 454 561
190 0.7499142326154444 0.7323776564985383 -0.1305973811732697 -0.3101838562044601 492 417 365
191 0.790403122034757 0.7837362639761679 -0.08038358173534377 -0.168923709742419 11 365 348
192 0.8163771187353354 0.7757985523491888 0.12210597324924244 -0.21385209679480877 348 91 19
193 0.48769345218634974 0.7050917379923785 -0.012114901790094557 0.0840991640910227 541 567 322
194 0.4639500155551285 0.7223108061477805 -0.36717805879105114 0.3742527999311962 411 170 541
195 0.05490082492686185 0.007849038036817434 -0.11874176364390365 -0.0712766609622939 482 227 65
196 0.09058268759257529 0.9886684286451455 -0.35698779626835986 -0.10305339359639731 65 439 228
197 0.11783984654514751 0.9982421702763167 0.03877867783830258 -0.018040673468999735 228 596 45
198 0.027472488029150734 0.9547038753059923 0.004148651908120193 -0.566010203203321 360 303 299
199 1.0259333403651485 0.9527992148232591 0.6819295403533154 0.23333415395156154 213 553 360
200 0.029469111844322014 0.9521547607204274 -0.7224357029267381 0.48594416021500997 303 553 469
201 0.2455235588369046 0.9784276113360437 0.33447330495539607 0.10370602675224827 403 525 27
202 0.21927773008942691 0.5143607269845092 0.029310532473347806 0.3537929973290721 157 498 75
203 0.09422434173752336 0.4757124341271186 -0.30346939648706606 -0.22023118884106907 53 102 396
204 0.2305995558447037 0.5513507154011662 -0.17936660247352965 -0.4076906458261309 125 2 585
205 0.20665226394776695 0.53000618878902 0.3747226445804941 -0.11256762154354671 575 157 2
206 0.17641914875516274 0.5300234798290653 0.17643113463250426 -0.14905141947074707 214 100 575
207 0.133710349593344 0.7184405014276743 -0.04736302045005303 0.37193282967362684 410 414 339
208 0.15134248486385302 0.7745874870279211 -0.1285587299809654 0.031990685100957705 0 339 296
209 0.08388587138808809 0.3954968750500124 0.11697946847299967 -0.10973132333336189 461 97 547
210 0.04571017162941844 0.3794768518536166 -0.1369467289569215 -0.2396863922615733 131 194 461
211 0.0800971927925929 0.4598772118030128 0.16158795725085273 0.26942446502975503 17 361 102
212 0.047038129316793624 0.47623679901297594 0.7148028377534921 0.17030561058617444 154 17 57
213 0.19053627293636255 0.31275425652808336 -0.46695079192193845 -0.008842284196508565 28 543 288
214 0.2614268495514314 0.37993013775411183 -0.47346085801924787 0.13686600880413735 521 206 405
215 0.16573364417644743 0.3908614544034635 0.18880365638962449 -0.03538663181923418 152 487 521
216 0.15095733816374837 0.36463519615150486 0.12025917969782363 -0.1339825004414985 286 28 487
217 0.06515135297607165 0.3141050950622914 0.06380053152454934 0.11697497970253323 196 186 535
218 0.16574580576655054 0.2960597440340808 -0.13595318412717994 0.2047942728594654 485 253 543
219 0.21874630320682056 0.06357428083422025 0.18097957923957075 0.31244965018051296 529 124 60
220 0.40381611908761017 0.5723939306080759 0.6412242042896921 -0.2128329613243496 527 291 160
221 0.44501196710369834 0.5751495917128707 0.10337073462832191 0.3684361657776969 7 542 119
222 0.42261870477998714 0.5511636800904074 -0.07319470723965438 0.4840690275703663 291 138 542
223 0.3503793703969452 0.5607956341570963 0.05002284871047369 -0.4794503735000566 289 263 179
224 0.24831595289706065 0.8425794915350402 -0.26125117520703345 0.0905853798222056 71 22 579
225 0.24286570518844147 0.8500797824201928 0.10050049299714647 -0.41099503505365176 453 71 144
226 0.7862859812566021 0.3413093048994643 -0.2518071619272977 0.09290044566956368 112 431 145
227 0.7461930893287838 0.3143633412309614 0.05504714739590355 0.3701667819488996 341 418 431
228 0.1520329589093576 0.4322738248114951 -0.009063655034835527 0.26417487121455085 115 152 259
229 0.8227057877407282 0.33098635436754037 0.10145784629100874 -0.09220140276267053 145 490 306
230 0.9893055551229953 0.40159595212644145 0.41123012842203543 -0.5159139615518171 390 423 131
231 0.9261032949472554 0.5560603049980203 0.12863824692954662 -0.03418732033577676 582 301 321
232 0.9328751123049033 0.5676967738253413 0.04211028817313611 -0.18305554901759669 178 321 267
233 0.10023548591815294 0.5900423016325271 0.08592236644400231 -0.0073240077197445075 309 94 450
234 0.15231465498192076 0.6491064353824006 0.037330814134373114 -0.5920415366289511 450 314 224
235 0.972891196375812 0.9320099266002508 -0.08222977784799745 -0.2602285064517984 18 226 213
236 0.24672325298082293 0.10302344962638692 -0.11810745818852109 0.2865138157975844 198 60 378
237 0.3525690093243178 0.9904649516400941 0.08674824053533925 -0.159398837532021 158 397 148
238 0.38775681565362646 -0.0012904509581578329 -0.49326340963162796 -0.3334906774343782 148 151 474
239 0.017901800133118085 0.1382895421180087 -0.2731927808974355 -0.11274891714707636 504 209 310
240 0.017184121555019076 0.18320386418848586 -0.390860712545793 0.23693778467004378 35 310 502
241 0.13005192101553542 0.13016183132623527 0.24535239742662363 -0.13472441634521104 472 171 287
242 0.12598682190748228 0.15768097990364197 0.17383942479964887 0.3365753974138297 312 472 185
243 0.884401457584078 0.4580081648244255 -0.04181856042007048 0.17937684740343407 319 368 33
244 0.9114932098664702 0.45809646334044574 -0.08246824820257181 0.16486779302882226 33 345 335
245 0.43860717341875 0.45608395543706715 -0.12604353186174144 0.38506527411108493 369 233 592
246 0.22745216599943818 0.7519203222203403 0.28760493327173453 -0.04091065403111216 189 40 208
247 0.19200972937417632 0.8491260434351795 -0.0019965064324001247 0.1282584857764668 372 532 449
248 0.23232862085510925 0.843395527634708 0.5801572241712072 -0.01074939200151892 532 565 453
249 0.2733650819915011 0.34240433959997785 -0.34725822876946477 -0.3061577942553573 206 424 273
250 0.4199996694471035 0.5228787853118828 -0.1665090156033333 0.2393161040864511 138 199 382
251 0.3141317827464573 0.9097972502724225 0.2826078281115141 -0.5508632452966289 528 413 391
252 0.31048728874562914 0.8994989583401816 0.5262668828498462 0.6593181691577632 147 354 413
253 0.2736233628802898 0.8431166582834774 -0.3786115546078328 0.12621306430538048 546 579 594
254 0.2757047458038925 0.8656085435485217 -0.3503290383483071 -0.07336631580034947 187 546 147
255 0.6251087047780497 0.9159883631720774 -0.07387867817509886 0.358233633035443 279 110 297
256 0.5862632423270796 0.8496047350465165 0.26979977470892313 -0.23933437506146182 285 52 76
257 0.5993361530656578 0.8508691275752888 -0.6258750424176229 -0.40183562744627865 76 555 419
258 0.5753057218647971 0.7763484492700095 -0.18897682863006082 -0.0015183812540620067 429 183 435
259 0.598413233409542 0.7832944608059306 -0.3814450540151615 0.0023315731290107777 441 435 215
260 0.5913488559763675 0.8342707716110965 -0.3918448203930891 0.18175799476605192 324 441 555
261 0.5619294278140232 0.8143076689742084 -0.14294617989296654 0.028197601198431954 67 93 569
262 0.5865716307706526 0.8356216717838862 0.18396571627166125 0.07405037182398044 52 569 324
263 0.2509734939519574 0.8712993081061802 0.20900902848730585 -0.24595609403321728 15 144 187
264 0.11614430029605763 0.8759081044921088 0.3711310508913712 -0.04878533757524117 212 457 395
265 0.1480933573115219 0.8264733100388539 0.18350333128025476 -0.23767101654803557 457 274 589
266 0.07857448187840442 0.8836261225319214 -0.052966960678579866 0.11383604961445748 261 578 212
267 0.30558992582892003 0.2015620366359298 0.415181411472787 -0.08752637642439609 244 270 82
268 0.4870091669597164 0.5599330308907284 -0.017967351217951233 -0.0849149674186922 105 156 323
269 0.4891456289518215 0.5194566880072379 0.016377393885491642 0.1503520703771688 238 326 156
270 0.27004606608188775 0.9752170384051869 0.6360296851692926 0.05318068416193533 27 242 533
271 0.9097442790446093 0.6064170805124725 0.39247405403744495 0.08611499742461337 516 277 505
272 0.8774881471305396 0.5728625066775397 0.2965252463710266 -0.21647620015996516 225 254 516
273 0.9148926017463875 0.605434947174785 -0.2058454998468684 0.2231268543192999 277 178 430
274 0.756715842272189 0.02553239495032516 0.47218924811853746 0.021695123475495848 44 373 344
275 0.7108168365483383 0.06540197532781207 0.4363105501892228 0.0663572724546313 489 44 123
276 0.11001046174446905 0.5684819398192216 -0.013187791483848521 0.08549303417981768 94 68 353
277 0.05149649817464139 0.8606038920757552 -0.012911203356447132 0.1696188994815273 150 374 578
278 0.05495315067717854 0.8177288981198274 0.06639541277886352 -0.34095116660526337 563 175 374
279 0.24973072474097666 0.7845191330268788 0.26831007034211485 0.08759571297478619 32 208 544
280 0.26616092129495716 0.7833103504470414 0.12176447419798286 0.08330340375839462 544 598 142
281 0.6833060644862536 0.7239844116862981 0.23592957275331283 -0.09889950525199254 559 463 492
282 0.0017360520693219888 0.7731099397141046 0.10675709864738092 -0.5046629086846721 576 495 234
283 0.026408901996961838 0.7854156010016242 -0.2672224910099663 -0.6962582635439141 234 122 563
284 0.2293015668846676 0.13241615921756758 0.18560627583485978 -0.42490607803091773 389 198 59
285 0.18510094433418142 0.11556442143669862 -0.6475230908756235 -0.44750699864509746 216 169 389
286 0.37238573543434034 0.5189506089158081 0.07311552960298506 0.07854464648127113 263 249 199
287 0.2854206083972572 0.33190692889874734 -0.21425882318348854 -0.4175824488278357 273 356 84
288 0.3206753884015679 0.3255223205021006 0.2604910211145839 -0.4654789970137685 84 113 207
289 0.2665305493116379 0.1748873405097738 0.3809580307462257 -0.20015766474812402 442 223 244
290 0.24783376116767905 0.17619065270652404 0.2830912188694912 -0.17067529091419065 451 428 442
291 0.22683626595924844 0.2137454438989605 0.010862944571643496 0.41197205464735265 566 451 356
292 0.5393599119487175 0.5006183232586378 -0.07578540919817023 -0.09725188085396574 326 3 355
293 0.7988046590094864 0.7022424188334313 -0.11654951032058491 0.08113336391613046 501 139 74
294 0.8002095613541429 0.6678502832531742 -0.12391128956235065 -0.029533141904236615 466 31 139
295 0.7520500087181762 0.7238339322197684 -0.2110865017501684 0.06952270027033025 417 351 501
296 0.6961733942249655 0.693113850863107 0.2671346619603776 -0.04743154584374576 377 64 351
297 0.8395213015183931 0.5833174846285535 0.052863504199085476 -0.22309500288808515 302 37 570
298 0.1780275461616757 0.610654998648633 -0.10273429329465955 -0.1196416750393059 314 20 524
299 0.1502573148187393 0.567471895581083 0.11416139561459815 0.046303381268097965 353 214 20
300 0.6507863150016748 0.5840908221195186 0.010807440012361447 -0.02220610847980531 416 519 283
301 0.6519929856243923 0.4619700578598978 0.4354626929881089 -0.2844079728669957 367 42 268
302 0.6494331037457555 0.557548969924607 0.013358665562623884 0.015818878151829807 519 538 488
303 0.4393728398449624 0.5839003759829324 0.4600562635709293 -0.02841276016546379 160 595 298
304 0.6142845652522326 0.6076999879904271 -0.05205735009727874 -0.0897538772470785 155 416 545
305 0.44958601934872333 0.5757034273160353 -0.7772557208095277 0.1981032479551892 46 119 105
306 0.4440497414527674 0.5812481939054635 -0.3712664822384977 -0.27328667566786646 376 55 46
307 0.443763516624767 0.5810661675658646 0.2101179946288785 0.10103711836368517 595 7 55
308 0.5685937460103465 0.5779813579422445 0.2932421180878997 -0.0013566418821664428 177 305 155
309 0.5370794741913684 0.5908595217461495 -0.01026999318920474 0.09273627560313358 556 323 177
310 0.20179080511478226 0.747699810106461 -0.006255500978324946 -0.12783662531323792 493 41 189
311 0.9861762181469589 0.7007616259777943 -0.1970388924937838 -0.18749345478963342 317 496 548
312 0.011701375013500024 0.7271285994023688 0.08944946883887583 0.1769601454953973 495 548 388
313 0.9893128144946955 0.6706577884227879 -0.1578476691369013 0.1847082117464871 496 491 130
314 0.2412571572675444 0.1479252556470545 0.08829460565462632 -0.6997984199064167 59 271 428
315 0.17657238436249684 0.11565206678500246 0.8079650069652 -0.3581906928180889 287 432 216
316 0.1819181013524025 0.11112596650396622 -0.0775864082182276 0.4655011805708431 432 437 169
317 0.18562805587642242 0.07538475064153624 -0.09589266741771851 0.3021195807417776 437 394 529
318 0.22186689359500206 0.21584203734007795 -0.04828102249596067 0.4338664217826138 86 566 593
319 0.11195475865918085 0.7762975689954377 0.07486264837208711 -0.032162217333819854 175 479 266
320 0.13702685190116082 0.7865533044420501 0.10890973782540225 -0.05596311192235248 266 0 274
321 0.16477846250908612 0.4851207437986525 0.062240577969330246 -0.23678106662872178 9 47 100
322 0.12927441002462967 0.4657050846395706 -0.034350658428827785 -0.244190787382359 396 586 9
323 0.1304634176088402 0.44186909949056713 -0.06591387678722693 0.22357266662997866 586 508 115
324 0.15804340880683798 0.6888193312482244 0.15545954037965437 0.14298820599778495 414 224 99
325 0.09417994956667684 0.42757377488990556 -1.0408461485549805 0.709952620341547 109 357 508
326 0.09400284362746436 0.42744824887562755 -0.3112646264081522 -1.0109814863685975 278 547 357
327 0.0940034180666638 0.427636869260979 1.5872343845019838 0.636048479719085 361 278 109
328 0.18702745836217258 0.20956078189656985 -0.4102728809463052 0.3047975816183879 30 185 86
329 0.15639632892622632 0.2471062815609274 -0.16564075042135862 0.03731210271307184 530 30 253
330 0.263105323952043 0.1071085560464685 -0.5168664260479794 0.26150680024206174 271 378 210
331 0.1663216656343871 0.8243890878294671 -0.2700255880005997 -0.19287950195345793 589 387 372
332 0.24131708226961898 0.8348856748050794 0.11162808438019978 0.44064359886603066 565 32 22
333 0.8493632411394154 0.35097605302326346 -0.02863334916392013 -0.1951669922894972 306 464 536
334 0.9549631349251375 0.3170291966951757 0.18563831652440577 0.18290794157049817 51 514 539
335 0.989720817044246 0.34987770911876814 0.2519068273421077 0.15179165147038987 423 539 480
336 0.1664654021434969 0.7801452439045955 -0.20526030181100552 -0.02162667718519362 296 493 387
337 1.0185324024754971 0.25296458843466885 0.2798245954394041 -0.22147107689440837 573 264 399
338 0.042173644441040506 0.2053360505037739 -0.3231499311195929 0.34325704778570554 264 494 36
339 0.29435498906877866 0.0943318890587275 -0.1381313983334076 0.13166372367368062 210 43 62
340 0.9123944890893259 0.0003501626774332703 -0.14927780192519613 -0.5203983435148052 481 551 168
341 0.9161704260982872 -0.017653469601738372 -0.07578394856100346 -0.7750507048653876 551 89 557
342 0.9400430735461234 0.9451408944140833 -0.12892951983811685 -0.3852983578023217 557 95 18
343 0.2988165067780461 0.0578250807588947 -0.09981368231937182 -0.050355481590047546 43 334 21
344 0.3257033830534201 0.011036094802802748 0.007699349144352219 -0.15051599619453349 533 158 276
345 0.3273526975943155 0.041183806561430863 -0.04999993682974768 0.0009952587365358312 21 276 246
346 0.3532463007123176 0.05596313955949205 -0.23451519684525302 -0.04036679532304355 564 246 446
347 0.40164992327354804 0.02646043039167408 -0.3536277673465982 -0.05557620301466226 446 474 237
348 0.223144151593428 0.3045075397464331 -0.18586779268470188 -0.15253091914524397 288 593 424
349 0.978110163868638 0.25759700547240694 0.3818503690328212 -0.15034134943914257 514 135 573
350 0.9729910612005739 0.23766453846913788 0.34102711141126285 -0.3895726893854423 78 143 135
351 0.024762667756720355 0.19573016352530778 -0.41924107414825773 0.2569124548518209 143 502 494
352 0.8472206760406682 0.41595537177474157 -0.29725085101683923 -0.1255527362631348 436 536 368
353 0.6064949984797149 0.5102523189479123 -0.19269900258800376 0.29317654484661837 81 515 440
354 0.09139388185497298 0.23588324064949284 -0.025871890740880588 0.044924775705057485 549 571 530
355 0.5788367117709907 0.5530762490992985 0.3642702504219608 -0.2835981345594707 305 362 114
356 0.6933571390462152 0.6045536272771814 0.36861118254960523 0.15026367372605876 283 69 38
357 0.680537766391897 0.7004916989294536 0.21849924890238182 -0.029894958383791526 463 161 377
358 0.8570619944242954 0.5701201324479941 0.0651936098855499 -0.2577708903966913 570 191 225
359 0.7275734737039462 0.5914226343616494 -0.31003278416763536 0.404792028368961 98 69 39
360 0.7469398715610246 0.5446177411715644 -0.2824883243990328 0.1606653421415416 39 583 48
361 0.7795462662577446 0.5357724288386551 0.2898505838122567 0.0011137271660466297 48 195 37
362 0.7341121221151832 0.39925774737058045 -0.20345389817322257 -0.17145526838568959 132 443 470
363 0.7988034497705934 0.9845341754352299 -0.16870466031104758 -0.22932716246815144 393 257 422
364 0.7095305521897196 0.6498172544742531 0.2904158975802762 -0.37428132815264803 64 38 197
365 0.7618263144416655 0.008115023269602157 0.460698389853631 0.02455382390464944 373 174 258
366 0.6209922548522427 0.5428903298418583 -0.4893478296186249 -0.2210824745496609 114 440 538
367 0.7074927796476173 0.5217493475379444 -0.3574804563477585 0.09770255368635183 488 342 583
368 0.7870576405547005 0.008910736985082702 -0.31804505001842287 0.03662270244009225 258 393 434
369 1.0039658846516326 0.5061971906211161 0.14022712678529725 0.3565883414935467 456 188 149
370 0.7626627836567256 0.3981548560622325 0.08489382183340943 -0.1706010117896728 470 112 467
371 0.6881610108688495 0.4733829216258572 -0.421587247056987 -0.3589359864886177 268 315 342
372 0.8335532402630883 0.9703029659409423 -0.04041854767544706 -0.2634070173784808 422 167 481
373 0.5340663109226068 0.6261694250228594 -0.025812199599961616 0.19407174894903179 415 556 127
374 0.7875177055094751 0.4234992602564073 0.46320548716116683 0.1464318701016598 467 436 4
375 0.48547101936338993 0.9827838612740697 -0.11337328853500139 -0.052967118191471485 282 118 597
376 0.42576659463493416 0.03455669547802693 -0.10155763868757717 0.022503661087358573 237 282 590
377 0.7390156159605601 0.6374036854853699 -0.26744778475196185 -0.1370516367060759 197 98 466
378 0.8734285451958235 0.48477288996366785 -0.18007119371998836 0.58868656650779 346 385 319
379 0.8482644317524364 0.5014272176287993 -0.03538014291259994 0.34866450560055995 191 534 385
380 0.8927171787602607 0.5522530660033556 0.12496816706453195 -0.04423164473577046 254 346 582
381 0.8002738349007664 0.49700076822785366 0.3533855513770945 -0.012283945388658069 195 4 534
382 0.6932360458630962 0.44227526737034534 -0.42548356470051285 -0.03984997089256925 315 229 132
383 0.5715469964638472 0.5218966357204288 0.3419321728537206 0.10608983205817601 362 355 81
384 0.7110668582132508 0.3607577138057352 0.11922798928698519 -0.0008692505049090471 294 341 443
385 0.9709668952476901 0.9094625455511574 -0.04760484575982993 0.3206877510070205 226 307 150
386 0.07701331930566718 0.2029160018767865 0.1368813215552045 0.30726234057087964 36 312 571
387 0.5246866427419605 0.9923097607481741 0.5953245608286695 0.0981660742277457 597 560 337
388 0.9300492347246433 0.025149043905795643 0.10204700071070327 -0.1961367762648436 454 168 104
389 1.0074471515088927 0.4777307282128789 0.2430389816482359 0.18252075302538362 366 154 188
390 0.029313503985837187 0.5287061066992597 0.07451479155928808 0.20135090886275187 149 128 581
391 0.05769493740319635 0.2794643463450079 -0.006365566407318113 -0.3741233843557179 399 549 186
392 0.5737363099216882 0.6619043281938041 0.019173665433136478 0.007467777785041818 336 127 50
393 0.6120450803784293 0.6496350598932116 -0.09644684773046919 -0.0976206844527372 50 545 161
394 0.641376139616721 0.06470743098357366 0.037204950578684226 -0.02101232382534235 8 280 489
395 0.5511814980862417 0.9801126503694628 0.09248928428684522 0.32477876811543016 560 420 500
396 0.6132160849500273 0.009362615596141075 -0.22864204279882117 -0.20627315897026044 513 347 280
397 0.5671872734842507 0.0025780558724398774 -0.43056807043362344 -0.12405445212748667 552 500 513
398 0.00584344659088298 0.6365621348585173 -0.03995524241323656 -0.2820983073872907 272 509 499
399 0.0029094331321825153 0.663493505540799 -0.03838176981102448 0.14724649746028495 130 272 24
