475
0 0.04304867939861231 0.6295237823001484 -0.25669962475105557 0.04900991071310479 111 66 359
1 0.017018694355464617 0.6281590667667392 -0.5947792737492907 0.039159524060916606 499 526 111
2 0.774316651898314 0.8186935943855683 -0.2126284093240116 0.18165614151799403 85 11 327
3 0.8877509163184784 0.849676525689435 -0.18475914409510352 0.644669823773869 558 371 384
4 0.9049559680245627 0.8835016864493765 -0.23097993136211858 0.5513174927002096 468 384 182
5 0.9298552836279936 0.9030233187011896 -0.3227185529225407 0.391367585561575 386 182 307
6 0.9221624083202209 0.9155540784989404 0.045262829248549075 -0.08630719212227023 34 386 95
7 0.05885940003186585 0.6919958884878641 -0.33914493366427045 -0.12556844695976732 517 359 452
8 0.04076128488022852 0.6981508556721284 -0.2993046810395583 -0.13568368581462487 522 24 517
9 0.06226782105311787 0.5959247492777376 -0.2615284225293557 0.057209947890157764 66 462 309
10 0.38848072097576464 -0.026396046158885373 -0.47243405715269304 -0.5708662775133488 163 404 151
11 0.35082253347475995 0.9714952190725924 0.12018948891689973 0.04772858289148196 54 379 397
12 0.3724321234168155 0.9606457429461195 -0.027274906291840928 0.08161133713269209 379 193 163
13 0.8766447907678997 0.21625998153619747 -0.05791339491301173 -0.035330305347969215 10 137 134
14 0.9486085434126641 0.2115470698022816 0.7063306151772197 -0.08321678311717928 591 35 78
15 0.9324661725004818 0.20384908362692727 0.4695855572445229 -0.19220694758015355 134 370 591
16 0.04416465235491149 0.06458945830432852 -0.12909563348872943 0.1341668325050005 133 482 599
17 0.13120634651060523 0.054633962166964437 0.06999252497030817 0.15756774704445142 400 45 394
18 0.5893825105809546 0.42926381801881225 0.1635134999622423 0.1554564761641064 338 447 433
19 0.6175573514820005 0.3878851839531247 0.04059000288658687 0.049285420883338205 447 25 202
20 0.8067665974535014 0.13763544561340632 -0.12129964116480707 -0.06775587937934979 243 269 137
21 0.509003785150893 0.2574424340889436 0.17683989411709788 -0.38412847278013196 181 6 260
22 0.6001527193216882 0.34624542276830755 0.03531090836395023 -0.000998835042453905 486 103 25
23 0.5872627043430284 0.24059817872033196 -0.21400067690136026 -0.2571815170548941 260 318 26
24 0.49779680684471345 0.20449546626072485 0.23874708043880588 -0.0011570390479054282 349 250 6
25 0.5363044713434368 0.10355203053284551 0.05888589789393439 0.38201460952902444 448 23 523
26 0.4630804712330325 0.12325238027092641 0.109033532202929 0.1739291516367203 328 23 190
27 0.46118143714155796 0.18232772752008106 -0.057919639917525245 -0.1549462239069932 162 190 349
28 0.9599856409421688 0.7030465347257884 -0.13613619120889098 -0.2190562006093577 510 70 317
29 0.9064842372067702 0.6767220190512759 0.15168558215039596 0.029416479668809004 402 518 281
30 0.8896138174434327 0.6487126002078772 0.08421081956755394 -0.19790719132939394 201 77 518
31 0.9447139745006388 0.6745182477329899 0.08762470055101446 0.15009235972140988 281 88 70
32 0.9569340839924476 0.6588141191477448 0.14647174063908697 0.14978902874995814 88 49 491
33 0.9518123068245092 0.6305331967314631 0.2168666090457405 0.19192286371261247 56 136 49
34 0.8602723757741673 0.8811309057823242 0.24095046097238892 0.10728333083021013 218 558 251
35 0.8162624027879241 0.8832132816308406 -0.4712713157217774 0.1529452391124675 483 458 218
36 0.8321884342246229 0.9428027586971381 -0.02157169859406949 0.08892844932661959 459 284 167
37 0.028061610517687643 0.9887110986604256 -0.1409487221382122 -0.07095089515907205 104 299 227
38 0.10976256270549628 0.7231495708797274 0.17037551508503057 0.2869921349180071 452 410 479
39 0.18149819179249485 0.9423011355229811 -0.08444124947881715 -0.20173361939268553 596 232 427
40 0.37734757381034534 0.9053965249557709 -0.33600701943026223 0.32265726375435566 193 80 13
41 0.3666931431459228 0.8303124527791795 -0.3467778036947422 -0.3750367141841515 184 240 79
42 0.4124555807186538 0.9069479124677813 -0.19229207740001364 0.33997129555984884 404 292 87
43 0.39081783659943575 0.8936249661711213 -0.2576476559879026 0.24778497344224437 13 79 292
44 0.5520917238537124 0.7191272183490911 0.1473484587816154 0.372696298822639 540 587 183
45 0.5091969938534399 0.8354678537109951 0.49873503590869284 -0.37987171533360176 304 72 67
46 0.484226421268106 0.6565699764006749 0.06192527601811548 -0.027743080749376148 255 415 567
47 0.9376562157460462 0.541439294629529 0.05122320727302121 0.07373675836586102 301 335 550
48 0.9615996298509653 0.5611046444585485 -0.2267600331465336 -0.22548867200516964 267 153 408
49 0.9603697461374698 0.5471245317029503 -0.15273103753932205 0.06942790821418132 550 456 153
50 0.6238946751593055 -0.023877549087151263 -0.10551734000441293 -0.5775084736814318 347 29 507
51 0.6516050184049346 0.9503490773992881 -0.35029337000502814 -0.2265925017064241 507 297 531
52 0.3349572505080603 0.27923553639959986 0.2523694996037218 -0.4169501077733173 113 82 572
53 0.5025552591723776 0.863472066909399 0.4345197850835758 0.006086064291421778 121 304 460
54 0.2246295895332111 0.6054606698834488 -0.23157934389561596 -0.12697579515608126 524 125 471
55 0.4721541185986267 0.3752752517214132 -0.07132865860459692 -0.12815267111387918 207 473 497
56 0.02425572565006901 0.7261319204325385 -0.45331717494351276 0.22018023671660503 122 388 522
57 0.853493353382647 0.27443876874176043 -0.12960263799655092 0.262311355622713 236 10 262
58 0.5068120141110959 0.3317529285647526 0.024590882108377343 -0.004256053842688345 473 96 486
59 0.4894673006208852 0.2839198519046764 -0.03726645103618864 -0.10024807026165483 173 181 96
60 0.988927420067101 0.5790254819536391 0.15107291216620578 0.007771645479937028 265 408 219
61 0.02353478325586833 0.5620809410435752 0.026194947599922358 0.11233425925571972 219 581 462
62 0.47929021689599033 0.40224950915268026 0.009043312626522138 0.32893875054340604 233 497 421
63 0.5410699693939639 0.4376796168575481 0.09065080422421268 0.3308089080444887 421 338 3
64 0.28473164417322516 0.7562910669100407 -0.27940739479037635 0.36815252409116983 598 252 1
65 0.34556240795950804 0.6270825006561251 0.08578163457340082 -0.05436907174471983 117 308 476
66 0.2587594332806827 0.6449804619840993 -0.07729044002036112 -0.0437487997217989 159 471 117
67 0.3785443214796752 0.658104614511245 0.23701155690836195 0.010607201228474139 476 332 311
68 0.37920062085432704 0.709572024149824 0.26711072763363486 0.29753805912136055 108 311 63
69 0.2449235092765216 0.023387447106863413 0.31289326893335634 0.3775873939904084 124 403 334
70 0.6764568434071434 0.3586172463006286 -0.029651612415415585 -0.061045208471499635 90 120 294
71 0.6655668418348937 0.43357125344523395 0.1668401809068465 0.2699463749755715 42 343 229
72 0.6499123268093283 0.392640118290345 -0.01707667271477753 0.0001991733167283627 202 90 343
73 0.5830587313090244 0.19144564549670376 -0.22572120145225583 -0.2957680853704625 318 503 146
74 0.5533678555925539 0.17558250382600854 0.27279054952422666 -0.02782688940383693 250 14 503
75 0.5594068062637363 0.15469336854436522 0.27980402474148125 -0.19938741872838062 14 448 290
76 0.5458818324996629 0.016393775392290488 0.27701605592733713 -0.3026421641072474 337 552 192
77 0.5523913183904963 0.08284884764647561 0.17186394356272228 0.263635168556986 523 192 116
78 0.5688770534546325 0.1522689094920876 0.11616626844485056 -0.12257462336795477 290 329 230
79 0.5840380564836721 0.09968247905515018 -0.18265482529256083 0.2819894671934886 329 116 203
80 0.6403417842048683 0.16442944614246152 0.03269760781576814 0.23284702811710023 83 392 506
81 0.5963311708111453 0.17237802030278793 -0.3946133357579651 0.052747481729675805 146 230 83
82 0.7097301694538407 0.18053948544342774 -0.3279941908351791 0.2956511493956704 222 204 574
83 0.6490559941761648 0.1513536580338761 -0.008256531569550418 0.33069103427818547 392 484 204
84 0.7636033865940649 0.1705048266040379 -0.40261560335652646 0.3379290236527055 200 574 407
85 0.7818235422518955 0.14179238382454964 -0.2302908627682676 -0.052695082325415754 407 123 243
86 0.6260080914338955 0.0906866722780888 -0.11342506794909113 0.28390339384953833 203 8 484
87 0.8341062216696447 0.06706274708374872 -0.4684655090930745 -0.13306042691285658 106 61 165
88 0.8172830326489738 0.08631947941363093 -0.024098561340890612 -0.6500839359879773 269 12 106
89 0.7934460679898303 0.03415184032446434 -0.21853197793020307 0.32433671390968977 239 434 61
90 0.7902199783450676 0.03701564257685224 0.2834740758100862 -0.11225188851354817 344 239 12
91 0.6273506810837198 0.265574921907233 0.3054953547076966 0.12839012075716028 26 101 364
92 0.6526626067340897 0.3060901623797946 -0.11377498838893718 -0.1136767662640592 562 380 120
93 0.635411122213092 0.30367335483348523 0.14525138800070003 -0.0692913813132856 103 364 562
94 0.43185590795477624 0.10183568843640319 -0.21168302111185255 -0.10569866717990983 126 590 328
95 0.35975314397735314 0.12659872742057784 0.06350583878211857 -0.07275918062488174 478 383 126
96 0.9837092985311839 0.12464873277207994 0.29420056252282833 0.2145786603957589 370 295 504
97 0.9802981394682632 0.08749427423112745 0.2568832480065453 0.027296009202926186 561 133 295
98 0.894099244384231 0.7120672330401944 0.13712380952934922 -0.11587023493464521 455 402 375
99 0.8884447943122393 0.8146105227190685 -0.14810186341196463 -0.13395804673854705 19 568 371
100 0.9283163157803813 0.7390784125807005 0.026667002633873338 -0.3824529873353022 176 375 510
101 0.9337931950057065 0.7748464407634116 0.09656986252326583 -0.35602516143540264 568 176 576
102 0.9108167813093905 0.6160661635125494 0.3095454764907857 -0.4459003005372053 77 505 350
103 0.9179503918959332 0.6139072206737983 -0.4048285634668247 -0.20794798426607142 350 430 56
104 0.8764633489227901 0.9037550768269331 0.23249209692849382 0.10387564263608651 251 221 511
105 0.8739774250780393 0.9170833540377058 0.2729681166865894 -0.12133003681608079 284 511 438
106 0.8893076453135271 0.9225801893745714 0.1008128762761129 -0.2011161676432338 438 588 89
107 0.8917938429061234 0.902743632216118 0.0013962622724683627 0.14104165110134792 235 221 468
108 0.896881111183152 0.9132780098284244 -0.07037410029719915 -0.035296438688492415 588 235 34
109 0.06471121486759383 0.9328590330472709 -0.1861664537805563 0.4261104191716214 469 261 439
110 0.0776103124497615 0.4977438918635012 -0.28607561632087997 -0.37887135061198673 57 53 340
111 0.07587195043157254 0.5230311600490228 -0.3239334637333835 -0.07659562498152361 128 340 68
112 0.040757653230382045 0.3416337967193307 -0.19446838930847754 0.40420135710705907 194 480 196
113 0.12387797155696419 0.358788202000984 0.04334686637408325 -0.09398017156159177 97 275 286
114 0.3616023984252385 0.5822596862053215 0.17529563668683412 -0.17357145443153144 308 179 527
115 0.38002572261423634 0.25734991127748436 0.17580823324925277 -0.3220165668837982 572 444 173
116 0.27313303425716196 0.4329343844032293 -0.32667143226583484 0.32224354920562526 205 405 475
117 0.24708857862907047 0.533260762586033 -0.5279002304736657 -0.040775803566983626 585 75 164
118 0.11886728163061905 0.33393919867237487 0.03734320491721732 0.005670767327936588 535 485 275
119 0.970200406420513 0.4323532474252508 0.16340661670999346 -0.11051296544550837 211 390 366
120 0.3850860725475278 0.20864557982806303 0.07049275399517718 0.03142240356801551 444 220 162
121 0.17270264010205816 0.9171106906048677 -0.20528235951389195 -0.6075516791048674 395 449 232
122 0.6206023873731684 0.4724598804394528 0.012475756538954386 -0.19165275547128324 515 433 367
123 0.44892877302641754 0.4964610358627944 -0.11903495134024666 0.20300928091354642 382 592 238
124 0.3070124980747418 0.9462422120819913 0.27321077830655405 0.1362738595578339 242 528 54
125 0.45777482394833724 0.9034459203688614 0.07845118235594306 0.35539486561986244 87 121 118
126 0.37907420626472327 0.7798462085982386 -0.23891050388025192 -0.3212222744741755 240 92 333
127 0.41117490165910453 0.7526377593847884 -0.1134364720212222 -0.30946981852131294 333 256 520
128 0.3473516141722548 0.7530138294462662 0.41339270617779533 0.17629493975768185 73 108 92
129 0.39933599955115745 0.7209266835626402 0.4791371369106123 0.4682340810219232 63 170 256
130 0.5977741865692179 0.934349079625733 0.3712938585059833 0.15085922060176227 577 279 29
131 0.5522065011663979 0.8798465507970895 0.1902287188881857 -0.05707713399139003 460 285 217
132 0.5739823976393944 0.9309635159334013 0.17785981507034698 0.12843759111813569 420 217 577
133 0.5647574383943591 0.7085588984702084 0.1976203305165125 0.2893590832220294 587 336 107
134 0.6551389458052568 0.7579034979295094 0.04963761485177187 0.12507683465334818 320 559 247
135 0.624752360765449 0.757355610890424 -0.4897150754357149 0.08784495075797594 215 107 320
136 0.31186593409418306 0.810599656346308 0.0376274407465349 -0.3482067315041526 381 5 184
137 0.3212834617312588 0.9045229803543471 -0.7182109715980767 0.1884788341025012 391 354 80
138 0.5000560873946462 0.7903970383796943 0.33502736834778446 -0.20110560439157155 401 166 72
139 0.4586496459505841 0.7517066621428833 -0.09341405773910516 -0.2816826376317305 520 411 401
140 0.5304588623621529 0.7729101449463637 -0.19517488042408715 -0.07628949832971799 166 537 248
141 0.5175598383195438 0.7221275962456436 0.3742917656368583 0.38767096824376956 322 540 537
142 0.7053537237391057 0.8652232167982392 -0.02732720022491364 -0.30146911147999056 426 180 141
143 0.6614380650810358 0.8571596389213275 0.2806390411724813 -0.3075573941357934 300 358 426
144 0.720393715066553 0.8272419148890322 -0.21317295220701915 0.21958098811447613 180 554 85
145 0.6717944916838243 0.7949371352436264 0.25854217516885214 0.6281591649615059 358 247 554
146 0.6312247204742638 0.8745305514563602 -0.08239624399442036 -0.10504574779468534 110 419 300
147 0.8023430526103335 0.8997260711040957 0.016804633032330152 -0.3836331148587835 293 483 316
148 0.8079855410869007 0.9326876546450381 0.1746082958775652 0.21508599831743247 245 316 459
149 0.7835220062450445 0.967107166570274 0.2675660481371578 0.1734621817711668 445 245 257
150 0.752973880167689 0.9745546657417377 0.44707452115377855 0.10591304847040739 412 445 174
151 0.7135199145608502 0.9430914940094538 0.06066765562140475 -0.22233004881577756 531 330 412
152 0.7929236875935326 0.8672634687571839 -0.02001941251661421 0.5033461522585547 580 327 458
153 0.7829883436858753 0.8850347980586332 0.30019421774774013 -0.0905354173574846 140 580 293
154 0.7270909348653926 0.8951221458093881 0.12398161525206675 -0.02400516452283341 330 141 140
155 0.3139811947768255 0.7649611866684938 -0.06365680205178137 0.37756533177724094 5 1 73
156 0.2891859809184873 0.8180614580724144 -0.13135217843962543 -0.2977795576092346 594 142 381
157 0.5626852595161339 0.7867503525342392 -0.17679570238349207 -0.032177483247353145 93 248 429
158 0.2127236840690767 0.47657174991070783 0.0017557295894921054 0.19921703037217853 231 205 498
159 0.17935646033299946 0.46973613372419526 -0.29912429685974296 0.11836527487318893 47 259 231
160 0.2849818245914984 0.5248425467111753 0.24713378704577238 -0.24038168816575833 164 363 289
161 0.30643008426821683 0.4667676079478615 -0.06797491111654175 0.42491998322735647 363 475 331
162 0.35010915884978333 0.47566784662220907 0.45477212967659497 0.4740739772968183 331 369 249
163 0.8366521366811124 0.2797453586865204 -0.2328913100563268 0.28158893515539685 490 406 236
164 0.7389288511929342 0.2725616946954071 0.035254525687644644 0.013047966179735582 512 58 418
165 0.7672377982393045 0.25095152510982005 0.0845241723834711 -0.009528652172852148 58 200 406
166 0.9103805925598102 0.3381942184149189 0.19438542442351547 0.21302495462061088 409 51 172
167 0.8806861751937206 0.3277685049933935 -0.3148135419017706 0.035082104582473406 464 262 409
168 0.9327497957775999 0.4310770697455654 0.14715184626368227 -0.1522250200891584 345 172 211
169 0.3492093587380019 0.17903733203698166 0.08011980592859125 0.11553239129269421 270 478 220
170 0.8263391976825382 0.7265012398159258 0.029595727257802906 0.11152553880400262 91 74 455
171 0.8416023233917842 0.6381051813817146 0.12657478121180787 -0.2003192001165388 31 302 201
172 0.9915646614380356 0.6084999934922085 0.1663160921483442 0.45902621443466574 241 265 526
173 0.9856320915333061 0.6178390842760039 0.3342446559112533 0.18624890085056078 136 241 509
174 0.4423313825529473 0.5880683522237353 -0.2049544330258446 -0.8040032749810633 298 376 398
175 0.448561528949024 0.6357209772386571 -0.21917732143106328 -0.18275771798692553 332 398 255
176 0.21780766748398964 0.9452998997479091 0.05479015990905722 -0.22852000985951193 427 15 525
177 0.18943385584472083 0.7009589369603104 0.2401052405509585 0.2075692152880837 99 129 41
178 0.24468767690090382 0.6769234819478767 -0.2900720663667755 0.4584407679864011 129 159 325
179 0.25552356505950036 0.7241129783105369 -0.26160053012702633 0.4702289661817627 40 325 252
180 0.06316615821322126 0.08822459633488573 -0.29858965994167264 -0.0006242527328392811 209 599 425
181 0.10249364047532579 0.08969474637533358 0.1979115919759078 0.015020407140298175 425 400 171
182 0.6712117656502655 0.22361929272685785 0.1070118799129105 0.02644021286635212 16 506 584
183 0.6558031048777783 0.25592500685511643 0.12459357504046586 0.18631906156807432 101 16 465
184 0.690282958706717 0.22382101997834913 -0.19476785843852706 -0.004337464762360632 584 222 352
185 0.7056195384815942 0.2594833371085153 -0.3999307107704908 -0.19974464651739687 313 352 512
186 0.6700149332815104 0.2729401630202799 -0.1694397032403483 -0.23522047330748475 380 465 313
187 0.3089740856044973 0.11073937590433523 -0.2234873106021773 -0.01416535673481878 223 62 477
188 0.34164898913956554 0.10735820242326942 -0.09017061368410406 -0.1445957138745957 477 564 383
189 0.9253845719784137 0.04283651494885178 0.06480261154073741 -0.0791103089287093 165 454 561
190 0.7498881328056831 0.7323157173921077 -0.13046607214711736 -0.3095329817112691 492 417 365
191 0.7903870863101339 0.7837024912430857 -0.0801105154435433 -0.16884363802927016 11 365 348
192 0.8164014849874417 0.7757558258369647 0.12173971275508677 -0.2135594985575029 348 91 19
193 0.4876910642721084 0.705108631031256 -0.0118812258642631 0.0845871761523398 541 567 322
194 0.46387671513495043 0.7223856965575222 -0.3662768401080374 0.37451839927926667 411 170 541
195 0.05487703442347511 0.007834703919868478 -0.1190225140668133 -0.07180175759513574 482 227 65
196 0.0905113271683389 0.9886478734474973 -0.3567403858428797 -0.10268374102395672 65 439 228
197 0.11784752850705438 0.9982385548268145 0.03828702251074123 -0.018089383116426383 228 596 45
198 0.02747395059936758 0.9545909171770871 0.008384692289434281 -0.5643720173489908 360 303 299
199 1.0260695284200054 0.9528459461541214 0.680604923201239 0.23375219646189216 213 553 360
200 0.029324161576474432 0.9522516901549236 -0.7255357432466719 0.48421518166613664 303 553 469
201 0.24559043967811703 0.9784483396141308 0.3343811536687946 0.10361987101692449 403 525 27
202 0.2192835708734639 0.5144314527400737 0.02916841421174432 0.35357403151137223 157 498 75
203 0.09416361123998279 0.4756683547750058 -0.3037112460829716 -0.22045366192269267 53 102 396
204 0.23056375497392884 0.5512690655053287 -0.17888372311203327 -0.4084355038208587 125 2 585
205 0.2067271442362645 0.5299837647436911 0.37429448325465575 -0.1119713381042553 575 157 2
206 0.17645441233860493 0.5299937430945668 0.17628019148563379 -0.14856124039286378 214 100 575
207 0.1337008859687031 0.7185148393850961 -0.04730299693611606 0.3716089193306349 410 414 339
208 0.1513168637248232 0.7745939516049893 -0.12795530156262114 0.03243326128499202 0 339 296
209 0.08390922730112502 0.39547490900790216 0.11699309299117999 -0.10995184762663257 461 97 547
210 0.04568265688823854 0.3794289168598645 -0.13778240701145528 -0.23967115167500275 131 194 461
211 0.08013032444081646 0.45993156502105026 0.1658054776809692 0.27202846260288016 17 361 102
212 0.04718097477510274 0.4762708265180257 0.7140365528013337 0.17008451591582485 154 17 57
213 0.19044301441108535 0.31275252974436735 -0.46607337850224084 -0.008564472395167222 28 543 288
214 0.261332199346813 0.37995746567514904 -0.47318120324768564 0.13656415442930836 521 206 405
215 0.16577133720781717 0.3908543920575471 0.18835237466929833 -0.035286679481161265 152 487 521
216 0.15098124447002323 0.36460834393612307 0.1192891941476093 -0.13435385165516678 286 28 487
217 0.06516415765241866 0.31412843559041276 0.06409754185754402 0.11661206167357108 196 186 535
218 0.16571859770394207 0.29610069106446524 -0.13606918751463137 0.2047154400858231 485 253 543
219 0.2187824307890658 0.06363682017868723 0.180524001303084 0.3127790512702511 529 124 60
220 0.4039442385209712 0.572351443803654 0.6403877223642995 -0.21230084426560047 527 291 160
221 0.44503278887272946 0.575223056774613 0.10435470213648879 0.36695100569250627 7 542 119
222 0.42260418837010744 0.5512604218379369 -0.07237742037646822 0.4835884762077747 291 138 542
223 0.35038947680408 0.5606998844031374 0.05070166196607939 -0.4785149755603957 289 263 179
224 0.24826378134279642 0.842597571866196 -0.2607269846202631 0.09034072899483103 71 22 579
225 0.2428857596524684 0.8499977311244523 0.10019660188348434 -0.41001069761570363 453 71 144
226 0.7862356760651313 0.3413278921741004 -0.25143230691915264 0.09294833028250515 112 431 145
227 0.7462040772768352 0.31443728544032806 0.054903928625726905 0.36957250176827827 341 418 431
228 0.15203109911710685 0.4323266675082412 -0.009376379533909684 0.2642284852721888 115 152 259
229 0.8227259769098841 0.3309679399370738 0.10077544423947593 -0.09202902745419905 145 490 306
230 0.9893877250159685 0.4014927965721346 0.41072266143693525 -0.5157323436366656 390 423 131
231 0.9261290314761357 0.5560534651611637 0.12869732675391266 -0.03420285860089578 582 301 321
232 0.9328834794432397 0.5676600470407417 0.041744274530131076 -0.18382602714334118 178 321 267
233 0.10025271181951799 0.5900407300546247 0.08619845774660018 -0.008035718965238026 309 94 450
234 0.15232210868978002 0.648988166580149 0.03724774377822371 -0.591111576353498 450 314 224
235 0.9728746541214748 0.9319578662225407 -0.08287135803974888 -0.26032629663053086 18 226 213
236 0.24669963984427268 0.10308074919366537 -0.1180517617688226 0.2864926726409145 198 60 378
237 0.3525863662279752 0.9904330109772365 0.08679638049957639 -0.15980457165887252 158 397 148
238 0.3876581718908503 -0.0013571188280976955 -0.4932038763505453 -0.3332890810558986 148 151 474
239 0.017847077151485858 0.13826707876426214 -0.27375509220606276 -0.11217297576915364 504 209 310
240 0.01710598244811542 0.18325133535367907 -0.390640597820735 0.23749497524844232 35 310 502
241 0.1301009183759752 0.13013490189338495 0.24486509764276576 -0.13462168949041065 472 171 287
242 0.1260214917950681 0.1577483808299752 0.17318620877670998 0.33714759491154656 312 472 185
243 0.884393124413015 0.45804403130119326 -0.04161510164246707 0.17931759514755452 319 368 33
244 0.9114767562635804 0.4581294283529363 -0.08220139846581986 0.1648108819557459 33 345 335
245 0.43858204217465036 0.45616104735498597 -0.1255273544831237 0.38559088422207566 369 233 592
246 0.22750962593354063 0.7519121217293943 0.2871981961277692 -0.04103305577263239 189 40 208
247 0.19200918915637527 0.8491515812789636 -0.002935834908512902 0.12749970385028675 372 532 449
248 0.23244477133547145 0.8433932648503557 0.5809506148715671 -0.0115015798968221 532 565 453
249 0.2732956373292929 0.34234312563101466 -0.3472116951591664 -0.30604057621452796 206 424 273
250 0.41996645379833036 0.5229265322814207 -0.16593467433434483 0.23854119408917018 138 199 382
251 0.31418797332286785 0.9096872793946712 0.2803971554943274 -0.5495153087772819 528 413 391
252 0.3105928601486724 0.8996309032122064 0.5283896950189493 0.6598611684838218 147 354 413
253 0.27354769025046083 0.8431418421708488 -0.37828055271527106 0.1258216683619473 546 579 594
254 0.27563464486047434 0.8655937883128426 -0.3505629214001216 -0.07391258681488377 187 546 147
255 0.6250939889954295 0.9160600002081029 -0.07347908878574394 0.35816902083096736 279 110 297
256 0.5863170866903878 0.8495567352332604 0.2690290887633062 -0.2402207230009501 285 52 76
257 0.5992109386138299 0.8507889085661451 -0.6261377770433452 -0.40084794546146885 76 555 419
258 0.5752679636109472 0.7763481616947334 -0.1887294241026405 -0.0014112187113335395 429 183 435
259 0.5983369654396857 0.7832948494458495 -0.3813043727984855 0.0018141745050659353 441 435 215
260 0.5912706262246025 0.8343073965229412 -0.39091752014261405 0.18357760459344896 324 441 555
261 0.5619008799498117 0.8143131144423126 -0.14267051637317785 0.026904459216048338 67 93 569
262 0.5866083988936692 0.8356363062208818 0.1837997742719366 0.07288150204870503 52 569 324
263 0.2510152094909319 0.8712501657448541 0.2084341282904134 -0.2456305891324062 15 144 187
264 0.11621845500176689 0.8758982936822359 0.37065463268093346 -0.049143612790292224 212 457 395
265 0.14813008390422644 0.8264258595709588 0.18367584814216187 -0.2371133043382878 457 274 589
266 0.07856384331594289 0.8836488368041207 -0.05326803373395528 0.11348325959503747 261 578 212
267 0.30567298370796675 0.20154451194270545 0.41532518396669715 -0.08765565218116222 244 270 82
268 0.4870055588120469 0.5599160904071986 -0.018065134110845094 -0.08463121731194789 105 156 323
269 0.4891487816876023 0.5194866820449081 0.015559580013313479 0.14984334259504628 238 326 156
270 0.2701731696722141 0.975227672156046 0.6353473389758557 0.05316482705464143 27 242 533
271 0.9098227779442989 0.6064343744237061 0.392500888561631 0.08658792207544286 516 277 505
272 0.8775473553209734 0.5728192348147454 0.29587952400655926 -0.2163204684824116 225 254 516
273 0.9148513231631624 0.6054795061936294 -0.2065748740467943 0.22268425983393292 277 178 430
274 0.7568102852833436 0.025536680562884433 0.47222366295063267 0.0213392671588597 44 373 344
275 0.7109040098995147 0.06541528680147153 0.43571885752213824 0.06662406251689568 489 44 123
276 0.11000781947958993 0.5684990867180182 -0.01321905571116666 0.08581485834435743 94 68 353
277 0.051493969768198845 0.8606378376137329 -0.012552439643265245 0.1697639424869113 150 374 578
278 0.05496645929742605 0.8176608002441557 0.06659221021831918 -0.3403355652853435 563 175 374
279 0.24978438430783598 0.7845365776754517 0.26829361406133234 0.08709922783012303 32 208 544
280 0.26618514826039097 0.7833269509113433 0.12092541759600728 0.08290218025952534 544 598 142
281 0.6833532276593774 0.7239645630715323 0.23577805957630815 -0.09935737059485472 559 463 492
282 0.0017574867058876647 0.7730090854325812 0.1073117476824148 -0.504141096230315 576 495 234
283 0.026355352948641282 0.7852763507273961 -0.26791945537119055 -0.696249117734804 234 122 563
284 0.2293388120760431 0.1323313023007965 0.18643220578429265 -0.42407705021230147 389 198 59
285 0.18497120395836025 0.1154753352085386 -0.6490945374075519 -0.44473220349450227 216 169 389
286 0.37240027872355214 0.5189663030583909 0.07258370987583973 0.07844584495875218 263 249 199
287 0.28537772418975266 0.3318234554688777 -0.21447508075089772 -0.4172954131548279 273 356 84
288 0.3207274598907717 0.32542927078534944 0.2603130155875988 -0.4651717129544597 84 113 207
289 0.2666065866320363 0.17484729721439288 0.37992963462796236 -0.20023613392372575 442 223 244
290 0.24789033495881693 0.17615651381144512 0.2827949235895133 -0.17070096204607754 451 428 442
291 0.2268384379529011 0.213827791096589 0.010859027479298566 0.41165733781836633 566 451 356
292 0.5393449175889359 0.5005989739546037 -0.07470112514673666 -0.09657853961009266 326 3 355
293 0.798781366343496 0.7022585732808638 -0.11643477987322015 0.08065198023321507 501 139 74
294 0.8001847983057255 0.6678443679740743 -0.12378335925711248 -0.029590712519178552 466 31 139
295 0.7520078329536635 0.7238477147110278 -0.21080969608844313 0.06870939008724042 417 351 501
296 0.6962266953348107 0.6931044794931422 0.26629615942908025 -0.046665553019020756 377 64 351
297 0.8395318905149824 0.5832728507172642 0.0529720128872313 -0.22319437374684892 302 37 570
298 0.1780069645920327 0.6106309748917603 -0.10296567487522168 -0.12027745396880896 314 20 524
299 0.15028006957889875 0.5674811894722952 0.11364490598575472 0.04652486382261678 353 214 20
300 0.6507884430353617 0.5840863285038307 0.010584531515145379 -0.022555265988266626 416 519 283
301 0.6520800167922898 0.46191327496068185 0.4350533461261463 -0.2837500061303455 367 42 268
302 0.6494357375008445 0.5575521034936362 0.01310555622358045 0.015617621432206796 519 538 488
303 0.4394643283508915 0.5838947330523825 0.4565652712666679 -0.028145560534986735 160 595 298
304 0.6142741901578379 0.6076820354837237 -0.05181484963312499 -0.08976551446604475 155 416 545
305 0.4494304062329101 0.5757433505611271 -0.778335079026915 0.20012457351004098 46 119 105
306 0.44397560663667324 0.5811939325102323 -0.3704712899844399 -0.27065248543864034 376 55 46
307 0.44380553659359256 0.5810862140800154 0.21008969597097366 0.09996892743409543 595 7 55
308 0.5686523080006383 0.5779810989561134 0.292665970624828 -0.0012743681110372052 177 305 155
309 0.5370774629945343 0.59087802736527 -0.009984824772546474 0.09245885237985085 556 323 177
310 0.20178961437342258 0.7476742359415919 -0.005853226930918609 -0.12788222633619561 493 41 189
311 0.9861368560391148 0.7007241325583141 -0.19673446309542708 -0.18745824406640743 317 496 548
312 0.011719213399702225 0.727163944083804 0.08910622465579943 0.17664477363482645 495 548 388
313 0.9892812303091162 0.6706946486495512 -0.15794536459973196 0.18416559579431668 496 491 130
314 0.24127473113254652 0.14778533992898052 0.08772760712316696 -0.6995054088049235 59 271 428
315 0.1767341367468481 0.1155802756829376 0.8090306279073811 -0.35921222775806005 287 432 216
316 0.18190270217057697 0.11121866477811841 -0.07680230037013236 0.4628160528430403 432 437 169
317 0.185608971662838 0.07544516650246144 -0.09526406746784843 0.30206596807191843 437 394 529
318 0.22185720930126185 0.21592877330235327 -0.048468234287168954 0.433617647083856 86 566 593
319 0.11196972834019646 0.7762910112183385 0.07484380129541002 -0.032997449217475605 175 479 266
320 0.13704861606021218 0.7865420199534634 0.10879169370925368 -0.05657511854828545 266 0 274
321 0.1647909337649197 0.48507338194556726 0.062394771641050006 -0.2368186875767453 9 47 100
322 0.1292675320500856 0.46565617983984686 -0.034403677476313455 -0.24463486375525534 396 586 9
323 0.1304501058631414 0.4419143148125051 -0.06657689954892021 0.22641077901397466 586 508 115
324 0.15807447544054798 0.6888479491056138 0.15529103697398128 0.143122961399067 414 224 99
325 0.09404344934599035 0.42755745761702674 -0.5378626380428918 -0.28800922618286834 109 357 508
326 0.09407721895931508 0.4276023997276679 0.2267484263760301 0.9166286273399097 278 547 357
327 0.0941119603435582 0.42756525171380444 0.5428942257029755 -0.297821215348911 361 278 109
328 0.186945489908065 0.2096217008516586 -0.4096988540092106 0.3045271874946298 30 185 86
329 0.1563631909179861 0.24711372893149486 -0.1657063833371275 0.037211739245535114 530 30 253
330 0.26300203496683094 0.1071607766062546 -0.5163042996608747 0.2609681151732879 271 378 210
331 0.1662676795694631 0.8243505510713075 -0.26989856807824175 -0.1926182838229984 589 387 372
332 0.24133936886982318 0.8349738805165815 0.11136794333954647 0.44115619785706217 565 32 22
333 0.8493573963746044 0.3509370280049077 -0.02942006360751037 -0.195110999579029 306 464 536
334 0.9550003270561791 0.3170657748565783 0.186067720953087 0.18288509734398772 51 514 539
335 0.989771274830251 0.3499082008250114 0.252416290646984 0.15268034475601766 423 539 480
336 0.16642431441073216 0.7801409860324504 -0.20549793637580915 -0.021177168005315217 296 493 387
337 1.0185882164388094 0.25292029983347963 0.27881834688270324 -0.22143380393191414 573 264 399
338 0.04210918127429149 0.20540473233274803 -0.32203795290175474 0.343459911206212 264 494 36
339 0.2943274015604592 0.09435817423050971 -0.1378730012102647 0.13134652185331497 210 43 62
340 0.9123646528589993 0.0002461469127859675 -0.1491489445837324 -0.5199724109616888 481 551 168
341 0.9161553014128943 -0.017808411655127268 -0.07557002870695051 -0.7745967093436557 551 89 557
342 0.9400172312496262 0.945063881384033 -0.1293056384188418 -0.38498758833660496 557 95 18
343 0.29879652796291606 0.057815117085605494 -0.09992081814735876 -0.04963970623439451 43 334 21
344 0.3257049209985039 0.011005959769479861 0.007686598232914399 -0.1507283155927075 533 158 276
345 0.3273427035989967 0.04118399607573789 -0.04995980885935669 0.0009317463467439779 21 276 246
346 0.3531994701032048 0.055954998628611245 -0.23403245209829837 -0.04081701157621076 564 246 446
347 0.4015792202845984 0.02644934226181535 -0.35347742059765874 -0.05539553503408623 446 474 237
348 0.22310704436447176 0.30447708415310804 -0.18542566371237967 -0.1521937388615502 288 593 424
349 0.978186528166544 0.2575668591899921 0.3818119979903667 -0.15086119228846506 514 135 573
350 0.973059279721198 0.2375866070566341 0.34111451580054464 -0.3896851168139204 78 143 135
351 0.024678852145376587 0.19578153951038857 -0.41902394297410606 0.25686900939625446 143 502 494
352 0.8471613670355306 0.41593044934471907 -0.29631006329133847 -0.1242988455218974 436 536 368
353 0.6064564245310963 0.5103109748453432 -0.19292657679748082 0.2933138343319541 81 515 440
354 0.09138863640339988 0.23589213802240072 -0.026345420289786148 0.044341088439869836 549 571 530
355 0.5789094855275949 0.5530194768781729 0.36373509620934996 -0.2839488314615446 305 362 114
356 0.6934309201563256 0.6045836539816376 0.3690035887959908 0.15009013962230533 283 69 38
357 0.6805814738633933 0.7004857615236089 0.21855007768800672 -0.029617725633146463 463 161 377
358 0.8570749720335951 0.5700686247544324 0.06478645536711625 -0.25746115760172383 570 191 225
359 0.727511537212802 0.5915035553352519 -0.30956585073127485 0.40454253627530967 98 69 39
360 0.7468834156598206 0.5446498764809085 -0.28220991377114757 0.16068032390736953 39 583 48
361 0.7796042742212467 0.5357726623912074 0.29010299856802035 0.0011857806403448024 48 195 37
362 0.7340715144999268 0.3992233795032437 -0.20289956693952949 -0.17196716967093906 132 443 470
363 0.7987697553802253 0.9844882603198744 -0.16839453199912757 -0.22965828232190955 393 257 422
364 0.7095886226030587 0.6497424360734727 0.2903305221235719 -0.37402911046147125 64 38 197
365 0.7619184403542585 0.008119989706135018 0.4606067319223861 0.024924761907185733 373 174 258
366 0.6208944641957674 0.5428461694352074 -0.4888217920717697 -0.220708476494913 114 440 538
367 0.7074213656215357 0.5217689208448086 -0.3569334994235618 0.09792111912987345 488 342 583
368 0.7869940795853656 0.008918020351527379 -0.3177248037583569 0.036348303880662236 258 393 434
369 1.003993915605267 0.5062683205706855 0.14013081181540876 0.3553373036785379 456 188 149
370 0.7626796966857932 0.39812065557909254 0.0844556730106305 -0.17113605810248345 470 112 467
371 0.6880767235543604 0.47331102456734214 -0.421386213422803 -0.3596684866602473 268 315 342
372 0.8335451785681656 0.9702502050031014 -0.0402720228692699 -0.2639369996865204 422 167 481
373 0.5340611792348932 0.6262081063698738 -0.025607110876180172 0.19318534688617106 415 556 127
374 0.7876102626486503 0.423528400372977 0.46264566830322984 0.14545700477430756 467 436 4
375 0.48544838007135166 0.9827732661652516 -0.11313763814690958 -0.05297834532180801 282 118 597
376 0.4257462213053483 0.0345611885561587 -0.10196946169382937 0.022452700809694193 237 282 590
377 0.7389620137190258 0.637376312248637 -0.2681986882580034 -0.13680440391627968 197 98 466
378 0.87339263057642 0.48489046203560715 -0.17940719118647586 0.5875848162195663 346 385 319
379 0.8482575200435228 0.5014967958903196 -0.034284769467873843 0.3476341908781322 191 534 385
380 0.8927420131239928 0.552244307643693 0.12390673279072395 -0.04364536926315665 254 346 582
381 0.8003444916504536 0.4969985344455279 0.3532495559954718 -0.010797815419572032 195 4 534
382 0.693150893861778 0.442267429834482 -0.42585204598766246 -0.03896723672902613 315 229 132
383 0.5716154596162861 0.521917876118966 0.34244343818934375 0.10623924864838763 362 355 81
384 0.7110906690856218 0.36075761416932495 0.1189966118697594 -0.0003746343513189032 294 341 443
385 0.970957362693916 0.9095267315609978 -0.047682293530249 0.32101068678236366 226 307 150
386 0.07704067618749649 0.2029774879772337 0.13675202498175665 0.30748658202961465 36 312 571
387 0.5248057195915217 0.9923293893863682 0.5954041277372868 0.09813567111716104 597 560 337
388 0.9300696244383108 0.025109832317583125 0.10191584381979979 -0.1960316669408213 454 168 104
389 1.0074957246911747 0.4777671858266124 0.242808247466475 0.18221062020318257 366 154 188
390 0.029328284801852768 0.5287462094306037 0.07370100016390602 0.20023497651622257 149 128 581
391 0.05769375119983859 0.27938959021469406 -0.005786460199885823 -0.37366639782376865 399 549 186
392 0.5737401929367782 0.6619058236664387 0.01949507430487607 0.007480424613071079 336 127 50
393 0.6120258816041922 0.6496155958791305 -0.09584309318411144 -0.0972199598603396 50 545 161
394 0.6413835365208866 0.06470331107141918 0.036911195974709265 -0.020462253766395655 8 280 489
395 0.551199849144623 0.9801777131634001 0.09151126488526895 0.3254919077322338 560 420 500
396 0.6131704140667021 0.009321398844393345 -0.22825876397347677 -0.20602061653884896 513 347 280
397 0.5671014684056528 0.0025533042381907347 -0.42851174865410346 -0.12365952116455414 552 500 513
398 0.00583534767902932 0.6365056661619583 -0.0406741874556249 -0.2824251150654322 272 509 499
399 0.002901696128870185 0.6635228960517094 -0.03878604815793496 0.14685465031527567 130 272 24
