522
0 0.0418359463580947 0.6297590045962342 -0.25925133671778067 0.05101370471882749 111 66 359
1 0.014287416203936157 0.6283495732348222 -0.5680388152906612 0.041652869174624296 499 526 111
2 0.7733246341527954 0.8195472470002757 -0.2095928090806165 0.18168306512023058 85 11 327
3 0.8868831511512555 0.8527004773656498 -0.18447681993105647 0.642144242640752 558 371 384
4 0.9038696204923191 0.8860636781614556 -0.23124600879997903 0.5393477053861062 468 384 182
5 0.9283686118531237 0.9048771883678057 -0.3103701301174211 0.3973071049240273 386 182 307
6 0.9223341902718359 0.9151488927394471 0.028510554854477288 -0.08615751705826069 34 386 95
7 0.05726418506598041 0.6914193665249171 -0.33959208813050257 -0.11996649680601212 517 359 452
8 0.039363157062576544 0.6975248462238566 -0.2957891188926087 -0.1308622040591123 522 24 517
9 0.0610585792048661 0.5961663327934992 -0.25340275225382847 0.045910319990127846 66 462 309
10 0.3862632904543071 -0.028949539493510885 -0.47089391067012265 -0.516448642184919 163 404 151
11 0.35137097066205625 0.9717034265754978 0.11320229753586375 0.04063383206298621 54 379 397
12 0.37233140680353694 0.960944344944386 -0.015927244939595298 0.046629749020365985 379 193 163
13 0.8763756399951194 0.21609154990796947 -0.05674414133016725 -0.03625741443191721 10 137 134
14 0.9519074286980564 0.21115266108354142 0.6976695218069429 -0.08464893092030579 591 35 78
15 0.9346826895650256 0.2029553591077447 0.47341945433321264 -0.18830185570528624 134 370 591
16 0.04354139878025895 0.06523366452255955 -0.13575927465536708 0.13962799146061133 133 482 599
17 0.1315252183931844 0.0554092931864902 0.065756778494519 0.17179910064002435 400 45 394
18 0.5901418505313171 0.4299995594041282 0.15982497617028635 0.15743466322271082 338 447 433
19 0.617781787901311 0.38812162368071307 0.05426732327395989 0.05117251553055091 447 25 202
20 0.8061942132233492 0.1373127149980494 -0.12216023054234526 -0.0695675284739794 243 269 137
21 0.5098311700059662 0.2556427391088872 0.17524267661994664 -0.3817703604636069 181 6 260
22 0.6003227652135695 0.3462466480268133 0.03719350938347077 0.0013380789531947102 486 103 25
23 0.5862483622148895 0.23939392773827273 -0.2173084365231226 -0.2554169847845955 260 318 26
24 0.4989190038979822 0.20449235536002114 0.23876890464791245 -0.0002995041714637381 349 250 6
25 0.5366574339721453 0.10528923646747068 0.09004447222571432 0.35791484810643315 448 23 523
26 0.4635753642372484 0.12408299885622773 0.10185623525171827 0.17927282713881 328 23 190
27 0.460954561205742 0.18162386417247464 -0.03932721648336468 -0.1449123980534761 162 190 349
28 0.9593571128661249 0.7020258758577754 -0.1312842390355229 -0.21548396539339265 510 70 317
29 0.9071997538649154 0.6768776308626986 0.1528803146577662 0.036598783031971394 402 518 281
30 0.890006820387232 0.6477986599018724 0.08327552744602507 -0.19120504415881534 201 77 518
31 0.9451368974152446 0.6752107780848735 0.0921301333833835 0.14502274797711934 281 88 70
32 0.9576108664434314 0.6595385280160179 0.141754921689774 0.15803203121111942 88 49 491
33 0.9528220257471491 0.6314270076476809 0.21272455463794415 0.18845103637310512 56 136 49
34 0.8614098011987774 0.8816454041535571 0.24297062140021808 0.11159592035181465 218 558 251
35 0.8140507187911459 0.8839498457432167 -0.46982588340627185 0.16036552016873706 483 458 218
36 0.8320781059098057 0.9432314413548775 -0.025042132603680933 0.09327071476272764 459 284 167
37 0.027454689477734787 0.988370767077649 -0.12039558863752298 -0.07360251227939152 104 299 227
38 0.1105574507898438 0.7245039661737358 0.16780508094171864 0.28924415813869064 452 410 479
39 0.1811287234540018 0.9413603618847188 -0.07316327717277193 -0.1986647027441002 596 232 427
40 0.37582468139022457 0.9068885373575922 -0.31251177964874977 0.3120143053647606 193 80 13
41 0.36507352551313627 0.8285451813304135 -0.3424834756071693 -0.37691125776007084 184 240 79
42 0.4114775762145358 0.9085071172549736 -0.2231159111631964 0.32383406095570777 404 292 87
43 0.38961970334734497 0.8948006851103063 -0.25241001892772896 0.2524767738626421 13 79 292
44 0.552743540305151 0.7208851573453032 0.13062456567791703 0.37530258935325467 540 587 183
45 0.5115144766737042 0.8337190036401241 0.487699591822377 -0.3648402496780889 304 72 67
46 0.48451214464785364 0.6564649147136165 0.05977718667282694 -0.01753049164165965 255 415 567
47 0.9378707625647252 0.5418114408887549 0.04051074198319071 0.08451312739909955 301 335 550
48 0.9605811024731973 0.5600730843483177 -0.20746255078446518 -0.21419126854105297 267 153 408
49 0.9596703854158958 0.5474872305738008 -0.14529763416731845 0.08417001384070089 550 456 153
50 0.6234187696348725 -0.026575194966261297 -0.0973719264940609 -0.5706882764966448 347 29 507
51 0.6499142541629884 0.9492960204269021 -0.3685184081503312 -0.2215865525789784 507 297 531
52 0.3361512359040994 0.2772838119308926 0.2555587283459282 -0.4137170189766337 113 82 572
53 0.5045888890605801 0.8635044093918067 0.4308771568706238 0.0075329971427340325 121 304 460
54 0.22355572656258138 0.6048600768709036 -0.22564514978729022 -0.12865359888536432 524 125 471
55 0.47183658044799187 0.37466719326279413 -0.06404067519338863 -0.13064965082021374 207 473 497
56 0.02215261316822937 0.7271564245468429 -0.4417887177615709 0.21559567360551757 122 388 522
57 0.8528652250776183 0.2756664636933284 -0.13730345783946607 0.26019197144067086 236 10 262
58 0.5069001977169995 0.3317162728226998 0.013585733232845953 -0.011101124880452673 473 96 486
59 0.4893037406857062 0.28342278138076815 -0.03263508560613637 -0.11081653025768468 173 181 96
60 0.9896308262078657 0.5790760560038992 0.14833859765528423 0.013505363494203948 265 408 219
61 0.023650287713464002 0.5626251817171447 0.02272103755140975 0.1188306154864538 219 581 462
62 0.4793416505275802 0.40377970751285536 0.012818645450662913 0.3225448168969747 233 497 421
63 0.5414570237272007 0.43920381699504074 0.07482435851469127 0.31830855312664497 421 338 3
64 0.28345924625158153 0.7580441991422038 -0.26277519570017116 0.3774357170555076 598 252 1
65 0.3459840095582099 0.6268178840545777 0.09336938652793059 -0.05807005640234841 117 308 476
66 0.258389414981904 0.6447865908081113 -0.07998885720450488 -0.03902942830036338 159 471 117
67 0.3796398511866267 0.6581184286741836 0.22943178606960046 -0.0041860723221098795 476 332 311
68 0.3804469712473228 0.7109951356221351 0.26325368343571576 0.3078081439039648 108 311 63
69 0.24638296159461656 0.025123907033615056 0.30829971492396524 0.3618604527133584 124 403 334
70 0.6763162087024284 0.35835854209416856 -0.03022799233143303 -0.04940633943628647 90 120 294
71 0.666348118249741 0.4348059285034335 0.16569535986332706 0.2560665558065667 42 343 229
72 0.6498384411095477 0.3926406793893595 -0.014411465076857866 0.00014039325257897417 202 90 343
73 0.582023047893641 0.1900732139712292 -0.2153259365950122 -0.28826601730647106 318 503 146
74 0.554630714954776 0.1754469982329775 0.2648199385474337 -0.029724461780844535 250 14 503
75 0.5606733356365732 0.15383372610459828 0.26000406584680835 -0.16766321733752143 14 448 290
76 0.5470967201935115 0.014895126280364001 0.24146221515308763 -0.33372941042608684 337 552 192
77 0.5531924221284952 0.0841294467953166 0.1689131962773205 0.28048581443562703 523 192 116
78 0.5692978664991991 0.15175999561505824 0.06526173768062193 -0.09529321984280692 290 329 230
79 0.5832379257466584 0.10097323314452547 -0.15920678456127213 0.26796384972049836 329 116 203
80 0.6405200594201182 0.1654584931289557 0.04289091842107906 0.20606725961019867 83 392 506
81 0.5945473103055496 0.1725583171485397 -0.36579882699283583 0.025532166311736937 146 230 83
82 0.7081963405489119 0.1819187257567067 -0.3249203406330281 0.2914151378541341 222 204 574
83 0.6489853820198519 0.15292012652811748 -0.021252192020093652 0.3355916560268679 392 484 204
84 0.7617610799511297 0.1720729166210391 -0.38206847616240047 0.3295250294854668 200 574 407
85 0.7807906878500637 0.14152775172664803 -0.20983726110868073 -0.05970393762710913 407 123 243
86 0.6254785448388148 0.09200724399936933 -0.11205934236091508 0.2782381332278039 203 8 484
87 0.8318814731594724 0.06648800709949805 -0.47804345794377756 -0.11251800324796335 106 61 165
88 0.8171776302371063 0.08326635338826431 -0.0209117962529648 -0.6489766512379758 269 12 106
89 0.7924480859566936 0.03566213859812807 -0.20619979059725152 0.3191358963986618 239 434 61
90 0.7915307601081765 0.03649200617050308 0.2742403752654596 -0.11131289555463969 344 239 12
91 0.6287609696317802 0.26617287722159333 0.29506197485318353 0.12598943902042414 26 101 364
92 0.6521100253159665 0.30554210771071677 -0.12095497034514402 -0.11935303370624872 562 380 120
93 0.6361193323201437 0.3033312516643241 0.15558148068473 -0.07594206929972813 103 364 562
94 0.43087408650958947 0.10136583491940705 -0.20635844422134397 -0.09459424424318463 126 590 328
95 0.3600379586533982 0.1262605836338914 0.05793093331429855 -0.0711416568016654 478 383 126
96 0.9850890639701003 0.12562793258643762 0.2929413808749892 0.2026457890380584 370 295 504
97 0.981506171650814 0.08762187583312044 0.25720186952460367 0.026956209486783678 561 133 295
98 0.8947886064289706 0.7115312239926307 0.155419229569409 -0.11246633416228669 455 402 375
99 0.8877539392442253 0.8139563976376067 -0.1459625767474826 -0.14408196857829125 19 568 371
100 0.9284368912649781 0.7373036329666645 0.024743061766141494 -0.37307903918981644 176 375 510
101 0.9342276048365915 0.773153841708747 0.08856913882859807 -0.36378591874997035 568 176 576
102 0.9123004329653578 0.6139894846392324 0.3216781152212689 -0.437718866187764 77 505 350
103 0.9160688532760339 0.6129060826349308 -0.3965208837490575 -0.21801891915071425 350 430 56
104 0.877557834569296 0.9042563645632542 0.23329112842918054 0.10903124687822174 251 221 511
105 0.8752683667373048 0.9165069156952477 0.2762613115700474 -0.12394211559851875 284 511 438
106 0.8897701556812923 0.9216248852056241 0.09636595306450335 -0.20515672945198293 438 588 89
107 0.8918240031383167 0.9033977127140592 0.010903518712912508 0.13761669633710616 235 221 468
108 0.8965626278283245 0.9131063755501762 -0.06530041125885067 -0.03774113660481859 588 235 34
109 0.06382756535063265 0.9348053130737894 -0.18985988475828108 0.40223392810956327 469 261 439
110 0.0763070144866687 0.4959487217553456 -0.2688588865429331 -0.3853522403951537 57 53 340
111 0.0743897255773638 0.5227285457871447 -0.30730503038089996 -0.05315901330238404 128 340 68
112 0.03987789401115759 0.3434921911074297 -0.1804162340357518 0.3872826635775706 194 480 196
113 0.12408037052763789 0.3583326219768616 0.04274548319471716 -0.09973828603293544 97 275 286
114 0.3624329354989368 0.5814508920388204 0.178055461347304 -0.1707665026745575 308 179 527
115 0.3808254507837568 0.2558498682080737 0.16482774589654525 -0.31647855586180995 572 444 173
116 0.27160385459176817 0.4344465162862706 -0.32414416151205216 0.3213021897152668 205 405 475
117 0.24460589609232997 0.5330681197573298 -0.5285667108861913 -0.041187602634051856 585 75 164
118 0.11905274269417421 0.3339863785102933 0.0414561062561658 0.013936113027468444 535 485 275
119 0.9709497953480225 0.43183594884745785 0.15573995704176724 -0.10963924074181008 211 390 366
120 0.385413900095136 0.20877791529911666 0.06902836080513453 0.02521157796420148 444 220 162
121 0.17177910440115796 0.914290415428798 -0.18827052104819497 -0.59273666877524 395 449 232
122 0.6206464127202169 0.4715819727953022 0.006415363379419503 -0.18214819028083973 515 433 367
123 0.4483684783688031 0.4973942942411494 -0.11936233529352691 0.19444030413540148 382 592 238
124 0.3082808786011148 0.9469038933993679 0.2660708438295689 0.1447885068783794 242 528 54
125 0.45813444290100946 0.9051053611585728 0.07474057414635915 0.3507068135899516 87 121 118
126 0.37794990932528677 0.7783402950613131 -0.23939821930385463 -0.31961692806281583 240 92 333
127 0.4107155460896544 0.7511389366924754 -0.08244987990957409 -0.3278445348531278 333 256 520
128 0.3492825312223268 0.753854004343698 0.40836829195978197 0.18115282815478473 73 108 92
129 0.40150961235205196 0.723127232755922 0.4462564245216738 0.46793190711102994 63 170 256
130 0.5995014466970258 0.935041649015279 0.3639418599821198 0.14407482915035352 577 279 29
131 0.5530723862580117 0.8795649588517032 0.1785351970429172 -0.0628235213850914 460 285 217
132 0.5748330742870245 0.9315583923530879 0.18358195380541176 0.12475782802667812 420 217 577
133 0.5656241310394061 0.7099557572540582 0.17227107414197196 0.30452277088866 587 336 107
134 0.6553680892172101 0.7584826147032115 0.047859132629168855 0.12138578406317713 320 559 247
135 0.6224781328793328 0.7577507725791423 -0.478480016025129 0.08052800648528091 215 107 320
136 0.3120189125876323 0.8089788066841472 0.027757175724563155 -0.34173464162623457 381 5 184
137 0.31795334367124906 0.9053177896268721 -0.6931797350093888 0.14182278550330107 391 354 80
138 0.5016223771258936 0.7894340616773571 0.3318249008898988 -0.2082416170057222 401 166 72
139 0.4581843613514362 0.7503333162569812 -0.10450697321418012 -0.30199253653329095 520 411 401
140 0.5296508869817321 0.7725813288080184 -0.1501948468374259 -0.06398584162514709 166 537 248
141 0.5192401508534492 0.7239404185769893 0.3417869758048919 0.3837057588329529 322 540 537
142 0.7052229684613199 0.8638004294845796 -0.028279921460150348 -0.3038885400263869 426 180 141
143 0.6627768273426403 0.8557315619820554 0.2889156976160212 -0.3003307200155625 300 358 426
144 0.7193773653529968 0.8282771372713634 -0.2191638245885308 0.22091851820116304 180 554 85
145 0.6729985984715743 0.7978710310753929 0.25388290150751835 0.6204574749812952 358 247 554
146 0.6308437379788512 0.8740611735881899 -0.07985198405280336 -0.09487074459357814 110 419 300
147 0.8024117900402137 0.8979326753150344 0.012513282424131411 -0.37979651021369243 293 483 316
148 0.8088056253459781 0.9336935597601792 0.1742884041949777 0.2130119414189835 245 316 459
149 0.7847453142521588 0.9679261074542694 0.2536226898636196 0.17495145956947233 445 245 257
150 0.7550889694722911 0.9750547675450403 0.45265028114638284 0.10684658713344675 412 445 174
151 0.7138257967591706 0.9420471304129481 0.06911462860359485 -0.22205794425467218 531 330 412
152 0.792821165503999 0.8696204933218414 -0.023166093002235932 0.4998174773368502 580 327 458
153 0.7844208136434233 0.8845954328485846 0.3087694912251582 -0.09637548745167202 140 580 293
154 0.7276583805077419 0.8949890025380495 0.11779516737031592 -0.03232058717883568 330 141 140
155 0.31368996499934426 0.7667463092934567 -0.06036328034642047 0.38193714996248573 5 1 73
156 0.28857292489084296 0.8166673765103849 -0.12979850076699773 -0.29542399880566617 594 142 381
157 0.5618794895702632 0.7865979410102478 -0.16646630150718433 -0.03273395235425802 93 248 429
158 0.21272516996277646 0.4774909472615122 -0.001062885196523311 0.19215970689656636 231 205 498
159 0.17798426951307067 0.47028399491172285 -0.28527591088012283 0.11488776457957428 47 259 231
160 0.28614160200699207 0.5237013996400322 0.24627234973539913 -0.24504711107486976 164 363 289
161 0.30610642054468584 0.4687737142200042 -0.0695359866909051 0.42868031763232395 363 475 331
162 0.3522048034807367 0.4779008476691953 0.43723320311550573 0.4760505156742312 331 369 249
163 0.8356263053621595 0.2810365624637174 -0.20466887386272337 0.26848982377647435 490 406 236
164 0.7390903173834217 0.272616799309959 0.03346743299159627 0.010523515392435456 512 58 418
165 0.7675428303683738 0.2509593091530911 0.04667754446852079 0.012013983557990215 58 200 406
166 0.9112958213967637 0.3391884795089306 0.19509394794114954 0.21017190904304428 409 51 172
167 0.8792133484229692 0.3279239675664861 -0.3121805702832603 0.03110159838004556 464 262 409
168 0.9334404417931857 0.4303775863530382 0.1467407868827042 -0.14570433470861843 345 172 211
169 0.349581274196571 0.17956200955577448 0.07821154765497162 0.10796503829846316 270 478 220
170 0.8264634188263955 0.7270117702243605 0.02360387926780838 0.10587664217576176 91 74 455
171 0.8421815021507646 0.6371660823982073 0.12016737604980676 -0.1992056526678443 31 302 201
172 0.9923236911260789 0.6106909309766834 0.15690000340629062 0.4729879104700685 241 265 526
173 0.987227483708012 0.6186803797823711 0.34433954142903955 0.17224354460082525 136 241 509
174 0.44185795103819625 0.5843531018072848 -0.01481520739421427 -0.7445406906454732 298 376 398
175 0.44758211709254636 0.6349021729408207 -0.1958377383870502 -0.16640492941921714 332 398 255
176 0.21808051445095403 0.9442441292672161 0.06102179456179968 -0.22108911923446328 427 15 525
177 0.1905338378035728 0.7019373447134598 0.22839039687250207 0.2087188331889589 99 129 41
178 0.24332653470708626 0.6790724216458701 -0.28912412949888555 0.45600480544361055 129 159 325
179 0.2543033254895569 0.7263189174629923 -0.2578197717817421 0.46839041256685476 40 325 252
180 0.061768525732049454 0.08820452510007266 -0.2964125500604098 -0.007540617782963999 209 599 425
181 0.10344451857158772 0.08974964835822406 0.20632663841335663 0.008648381316644915 425 400 171
182 0.6717148707018776 0.2237512983886066 0.10709452109847195 0.02964551035211649 16 506 584
183 0.6563837353305586 0.25677669443762435 0.12279160015171708 0.17647926453534524 101 16 465
184 0.6893400837620687 0.2238283656858983 -0.20579677822984976 0.006926911474969266 584 222 352
185 0.7037688533601231 0.2585567798564808 -0.3881043861286848 -0.1946172327460527 313 352 512
186 0.6692227537287214 0.2718499621806064 -0.16800425772789396 -0.22893830269044013 380 465 313
187 0.30795554048649254 0.11067736667432752 -0.21030623909013002 -0.012185591077851221 223 62 477
188 0.34122420482403054 0.10669395859957463 -0.09058067733380692 -0.1382752114198471 477 564 383
189 0.9256908159330881 0.042440737605175985 0.0654997885790598 -0.08875744098024718 165 454 561
190 0.7492832837449502 0.7308963574676277 -0.126847829375748 -0.2950007926307008 492 417 365
191 0.7900248474044573 0.7829135003232656 -0.07435679745537715 -0.1669292308548176 11 365 348
192 0.8169531658579423 0.7747679560260807 0.11323569200361039 -0.20706915487833655 348 91 19
193 0.4876478702953103 0.7055335457437693 -0.006706380589749372 0.09595134478623812 541 567 322
194 0.4622057158892759 0.7241605270532874 -0.3452946460008599 0.3805244074700509 411 170 541
195 0.05430325962330293 0.007468281669340625 -0.12475689578628213 -0.08372184404081828 482 227 65
196 0.08884773234949297 0.9881848929618116 -0.3514480095834216 -0.09472558397394248 65 439 228
197 0.11800069211860503 0.9981510970625194 0.02730129247674462 -0.019048248742215 228 596 45
198 0.02756144089946312 0.9534412303360376 0.00822743677724694 -0.4651746144814059 360 303 299
199 1.0276146169730758 0.953490747526679 0.7453570715239131 0.2543759743362466 213 553 360
200 0.027507022340430877 0.9534976665031752 -0.7922928512540179 0.3708822171239238 303 553 469
201 0.24715673672340963 0.9789306319350027 0.33215910091866085 0.10167693423324131 403 525 27
202 0.21941280814705505 0.5160808697561685 0.025923410293393623 0.3484099540124186 157 498 75
203 0.09272283753925592 0.47462111482784936 -0.3092927990111516 -0.2247485579587316 53 102 396
204 0.22974953923770652 0.5493088067789808 -0.1679619617001027 -0.4250994660448537 125 2 585
205 0.20846280497587608 0.5294897930407045 0.3646135393609029 -0.09876028571331741 575 157 2
206 0.17727452362769258 0.5293223173485927 0.17280369045413746 -0.13754336419813384 214 100 575
207 0.13348276121787217 0.720243925157818 -0.04541666209778583 0.3644705259819858 410 414 339
208 0.15074620771446076 0.7747694969477654 -0.11573364488981497 0.04174383373689583 0 339 296
209 0.08442476880790148 0.39495735590697056 0.10297861799402064 -0.11027998722545895 461 97 547
210 0.044989753970348725 0.3783029750795673 -0.15633178779284052 -0.23950563962649163 131 194 461
211 0.08087988244901294 0.46124033932914554 0.1554362135530729 0.285116466547386 17 361 102
212 0.050492333268898786 0.4770593539055082 0.6951341301186797 0.1657756196205007 154 17 57
213 0.18830111073943678 0.31272785707396755 -0.44597341514185374 -0.0020953145468682877 28 543 288
214 0.2591233432600247 0.38058240871697885 -0.4670145006824278 0.1295437805637345 521 206 405
215 0.16663145179934624 0.39069462309039366 0.17793431832113793 -0.03267726575439944 152 487 521
216 0.15148839434909447 0.3639564510334434 0.09721903386494812 -0.14276232418453105 286 28 487
217 0.06548148451421985 0.31465713754027175 0.07066717835901848 0.10873834679903105 196 186 535
218 0.1650734596709468 0.2970583683809418 -0.13823710266758216 0.20283653055785944 485 253 543
219 0.21960507022397116 0.06512525366216639 0.16973720831647832 0.3203831769327259 529 124 60
220 0.40690891733872436 0.5713723522325029 0.6222411044753962 -0.20714183250614138 527 291 160
221 0.4450962615569236 0.5768496485672671 -0.07876156094509257 0.35075698636821 7 542 119
222 0.42230260550149873 0.5535148398938188 -0.058255846327459615 0.4781425061439748 291 138 542
223 0.3506654676536986 0.5585031769011957 0.06629333332286436 -0.4568079386979562 289 263 179
224 0.24706607189300092 0.8430100798098247 -0.24951150069674188 0.0856105531084339 71 22 579
225 0.24334134967980428 0.8481237554405686 0.0941251068406479 -0.3883852906817753 453 71 144
226 0.7850746188097231 0.34176733938022463 -0.24290417802164121 0.09400588293906331 112 431 145
227 0.7464540146084303 0.31614096852028745 0.05152189022639142 0.3557384019303722 341 418 431
228 0.151969671659299 0.43357126004518876 -0.01659751294735834 0.2651953611571001 115 152 259
229 0.8231626825144792 0.3305453296090219 0.08568368584094266 -0.08786038840913335 145 490 306
230 0.9912899677366018 0.39907926373903085 0.3990785722718382 -0.5113652633281784 390 423 131
231 0.92673662561173 0.55589335495574 0.12972140254335907 -0.03366124792097969 582 301 321
232 0.9330596989488591 0.5667563903987092 0.033547175974646404 -0.19966607828908467 178 321 267
233 0.10067285030216792 0.589963559347058 0.0923405470143468 -0.024314804336622586 309 94 450
234 0.15249229161690558 0.6462619356091066 0.03517948224396328 -0.5695420392248796 450 314 224
235 0.9724504851265814 0.9307309144986048 -0.0975680501669185 -0.26007387216031574 18 226 213
236 0.24614795529147487 0.10442691980852371 -0.11672185561834025 0.2864962119972225 198 60 378
237 0.35299570330103197 0.9896603294817483 0.0871274715569248 -0.16856926722541576 158 397 148
238 0.3853438988555235 -0.0029131428775682235 -0.49154202340362385 -0.3291085692164186 148 151 474
239 0.016531500582760806 0.13777091451152312 -0.28531589521541 -0.09950356649746084 504 209 310
240 0.015281772331922648 0.18439792244152317 -0.3858249402258207 0.24995407462563568 35 310 502
241 0.1312251038379178 0.12950625195763138 0.2338587486855337 -0.13334791465480222 472 171 287
242 0.12679919787335464 0.15936459037589343 0.15818128265565612 0.35019592989349313 312 472 185
243 0.884208206931584 0.45888367132252333 -0.03731268453932568 0.17804028078216572 319 368 33
244 0.911104736568704 0.45890116885388516 -0.07636726875870359 0.1636761684520316 33 345 335
245 0.43801988857438334 0.4580021672343171 -0.11416489628657267 0.3974592530098242 369 233 592
246 0.22883804325860585 0.7517123873112224 0.2785519242348711 -0.043889261669427526 189 40 208
247 0.19194310468084458 0.8497094029410197 -0.0245824943734263 0.11049757706049768 372 532 449
248 0.23521904044905756 0.8432998941350992 0.5990380391382444 -0.02726216388054814 532 565 453
249 0.27166624083923385 0.34091109191447555 -0.34619300585958523 -0.3034363298820564 206 424 273
250 0.4192185507982436 0.5240045661824917 -0.15276014411758077 0.2207016666644357 138 199 382
251 0.315346699706457 0.9072016195717657 0.20397110168414445 -0.5036270280586036 528 413 391
252 0.3132150797629913 0.9027752630263172 0.5909175085881679 0.6815123683272251 147 354 413
253 0.2717873489673723 0.8437117720673193 -0.37114880439836906 0.11701910482275757 546 579 594
254 0.27397574342775954 0.865216771843167 -0.35490446241570606 -0.08603507350990469 187 546 147
255 0.624770619373725 0.9177396979766863 -0.06442503926173959 0.3566177009944882 279 110 297
256 0.5875380507149941 0.8483769531411709 0.2509896871935591 -0.2615588219970211 285 52 76
257 0.5962546640364186 0.8489621611012874 -0.6314414557201387 -0.3766707126762192 76 555 419
258 0.5743948150917311 0.7763466482715968 -0.1829654611845699 0.0005609384484683844 429 183 435
259 0.5965547983477288 0.7832764550622292 -0.37682272822914253 -0.009011134893821549 441 435 215
260 0.5894809492802267 0.8352594667802474 -0.3719829882054687 0.21838142756809564 324 441 555
261 0.5612450361652532 0.8143697546760661 -0.13669993088882837 -0.0015827859856099025 67 93 569
262 0.5874676264492457 0.8359238942006015 0.182725163992703 0.05192578003861137 52 569 324
263 0.2519636170514387 0.87011282502235 0.19564362109536493 -0.2387361829059298 15 144 187
264 0.11793516603412371 0.8756471388742434 0.36035575981530066 -0.057548988491307185 212 457 395
265 0.14900142470394773 0.8253400801964585 0.18675492784170356 -0.22567264307271628 457 274 589
266 0.07829679057706194 0.884162982520747 -0.060181088584743136 0.10558978205676972 261 578 212
267 0.3076319789481589 0.20112618184936187 0.4180181790991444 -0.09013443533212318 244 270 82
268 0.48691981058436185 0.5595464911938113 -0.017640799931939455 -0.07086814468593161 105 156 323
269 0.4891785881242267 0.520164705430747 -0.0019389420624627007 0.13935585185809174 238 326 156
270 0.2731205941273064 0.9754768734433946 0.6191709384789634 0.052914122389280394 27 242 533
271 0.9116667953737122 0.6068687566371689 0.3917981609719706 0.09809818343926857 516 277 505
272 0.8789015740874042 0.571810675600581 0.28070476325303684 -0.21304189905257953 225 254 516
273 0.9138421401142548 0.6065000236435588 -0.22199938254884033 0.2116499454862808 277 178 430
274 0.75903172969423 0.025618040333437057 0.47306844622174715 0.01363886295568939 44 373 344
275 0.7129187264966105 0.06574341530583923 0.4219451794906792 0.0728572452368681 489 44 123
276 0.1099445376159171 0.5689199130066953 -0.01358809696705432 0.09298825424941537 94 68 353
277 0.05145445634295873 0.8614438049280098 -0.004571756861970755 0.17310727157271444 150 374 578
278 0.055289872374717164 0.8160952667263335 0.0708145875272237 -0.3262810938098326 563 175 374
279 0.25104369170074914 0.784918725985462 0.2674663521912146 0.07590247631805713 32 208 544
280 0.2667088126944635 0.7836951378527302 0.10279599428619779 0.07417255039332549 544 598 142
281 0.6844533324077162 0.7234729951811116 0.23250714860367783 -0.1093779244260018 559 463 492
282 0.002292382288506098 0.7706680263592834 0.11988782640248719 -0.49249008135521244 576 495 234
283 0.02505701284553908 0.7820042433201476 -0.28418517331041393 -0.6961874361721687 234 122 563
284 0.23025974135675945 0.1303877756654042 0.20464459675462177 -0.40258744844756666 389 198 59
285 0.18185541938031788 0.1136142021527182 -0.6568243888019354 -0.3175002703673449 216 169 389
286 0.3727130880805109 0.5193282080152962 0.06109153322109151 0.07539622190466666 263 249 199
287 0.2843576444016139 0.3298782017495928 -0.21946835147834687 -0.4106415211341252 273 356 84
288 0.3219413949221573 0.32326062491378804 0.2564296407159272 -0.4577596156296604 84 113 207
289 0.26833525192641783 0.1739015064666248 0.3563674702555808 -0.20222572227890367 442 223 244
290 0.24920304826048797 0.17535228236476377 0.2760003777607656 -0.171594807460429 451 428 442
291 0.2268895244382556 0.21574504004479367 0.010925952417112361 0.4043864368363792 566 451 356
292 0.5390519932074489 0.5001804276347096 -0.051021481484170295 -0.08231564249672196 326 3 355
293 0.7982396635097259 0.7026111372286225 -0.11428863896933983 0.06972950550299117 501 139 74
294 0.7996094993303229 0.6677026058824949 -0.12121535025721997 -0.030605720041654294 466 31 139
295 0.7510321840442064 0.7241267315776352 -0.20456056067791328 0.05077436873723862 417 351 501
296 0.6974327215406227 0.6929268618310013 0.24762496983465887 -0.029562552406048326 377 64 351
297 0.839786289996082 0.5822184293376451 0.05511351548748156 -0.2254095073789264 302 37 570
298 0.17751015792775304 0.610031840476694 -0.10828637500570615 -0.13400123718976253 314 20 524
299 0.150786712342197 0.5677125856285591 0.10248735055062852 0.0518664867998897 353 214 20
300 0.6508262610089066 0.5839613692246918 0.005728344534827734 -0.030315391169599692 416 519 283
301 0.654100511903511 0.46061673462590014 0.4247303207055575 -0.2683044356133202 367 42 268
302 0.6494835035605633 0.5576148338915614 0.007428476236914783 0.011297946259092306 519 538 488
303 0.4411650704144035 0.5833150656676391 0.2937797277582227 -0.22441700008729581 160 595 298
304 0.6140443021684293 0.6072589907088877 -0.046140229831292956 -0.09032730327596106 155 416 545
305 0.4460803677673538 0.5769888845609348 -0.6272502883200234 0.30079286379366965 46 119 105
306 0.44346974006214596 0.5808016074347425 -0.7976925109948911 -0.29643248146665313 376 55 46
307 0.44356921883714673 0.5808316208183091 0.6144774224163703 0.17019681921264093 595 7 55
308 0.5699957877139843 0.5779796871867662 0.27939968429147033 0.0006185954526394255 177 305 155
309 0.5370455925178599 0.5912978989545028 -0.0039104330884498495 0.08654233232818775 556 323 177
310 0.20178413346155238 0.7470706137167487 0.0032027620139318813 -0.12895398672496672 493 41 189
311 0.9852291215622242 0.6998454254073482 -0.18973986375125929 -0.1864199121459631 317 496 548
312 0.012119447673931808 0.7279779121217232 0.08152016978124621 0.1701437747636536 495 548 388
313 0.988533248451692 0.671530404278074 -0.16031301112995333 0.17188074782903406 496 491 130
314 0.24165515791369982 0.14451379044537 0.07441924333717598 -0.6928289476848537 59 271 428
315 0.18062835543862157 0.11380737614793673 0.8601066294518928 -0.40940629532359996 287 432 216
316 0.18153299883647925 0.11319519198100743 -0.11153333191911419 0.3627303819613535 432 437 169
317 0.18519426671981323 0.07686224618834789 -0.08250617758442935 0.30099370773584155 437 394 529
318 0.22161913234195177 0.21795294494563944 -0.052695984902040305 0.4278886011135907 86 566 593
319 0.11232121539802369 0.7760906494063711 0.07486956540847522 -0.05151861021124304 175 479 266
320 0.13755612659294314 0.7862438589619072 0.10769558439482907 -0.06962636439622472 266 0 274
321 0.1650924973250153 0.4839581196314703 0.06579036690435025 -0.23775384890012408 9 47 100
322 0.12910469851530473 0.46448276655275467 -0.03448587283794158 -0.25421544556925024 396 586 9
323 0.13016834644945888 0.44295894738440833 -0.054539642593831594 0.2196417339672685 586 508 115
324 0.1587948239908018 0.6895281355468819 0.1513255673546432 0.14623696906190808 414 224 99
325 0.0944711069616552 0.4281407541720396 -0.6095774236753283 0.006351668239219961 109 357 508
326 0.09444252713598292 0.4280519745232965 0.449289499313975 0.8203606659734414 278 547 357
327 0.09446520690987492 0.42814091032989704 0.414396291539582 -0.47548252837749555 361 278 109
328 0.18505157410811243 0.2110378270051531 -0.39664029213848373 0.29823605043888257 30 185 86
329 0.1555811825731704 0.24728280534651625 -0.16693605109363574 0.03475962226384688 530 30 253
330 0.26060779736587536 0.10835692719857985 -0.5026830561180584 0.24831295162425215 271 378 210
331 0.16500633009646848 0.8234613976662375 -0.2669086354711858 -0.18564087524153283 589 387 372
332 0.24184787464978946 0.8370723934021964 0.10508654571528275 0.45088210613025703 565 32 22
333 0.8491779493117009 0.3500238746512811 -0.045995689201827616 -0.19336618486964774 306 464 536
334 0.9558970457276489 0.3179240495479654 0.1949616031116097 0.1823495576758205 51 514 539
335 0.9909862980456933 0.35067327029008377 0.26434267483277374 0.17197306911853616 423 539 480
336 0.165446049856022 0.7800654585007214 -0.2104993665485999 -0.011419576048665725 296 493 387
337 1.0198426436804042 0.25188088119939955 0.2556232545081194 -0.2210136587632583 573 264 399
338 0.04065742418516445 0.207030769243144 -0.29645459455329704 0.3484199689179901 264 494 36
339 0.2936935355075841 0.09495737035836369 -0.13206284468769702 0.12375275595943869 210 43 62
340 0.9116708760548334 -0.002174214718192173 -0.14614947169144799 -0.5102743130813714 481 551 168
341 0.9158115797426711 -0.02142298043330361 -0.07090926873454251 -0.7636700705832 551 89 557
342 0.9393874323216171 0.9432710454559141 -0.13862930525743167 -0.3782053718814904 557 95 18
343 0.29832118008026304 0.05762009354731468 -0.10224152843796297 -0.03407171281222254 43 334 21
344 0.32574080404108285 0.010285073170176278 0.007676894189789785 -0.15600847176611143 533 158 276
345 0.3271111091970421 0.04118516702619254 -0.048452670001197795 -0.00033998047432870493 21 276 246
346 0.3521260258933303 0.05573919581639391 -0.22312572345306592 -0.05054247576019577 564 246 446
347 0.3999259345430249 0.02619878871862465 -0.35019006618119963 -0.051379622431624306 446 474 237
348 0.22226009436884914 0.3037803098151587 -0.1752687980860479 -0.14455538502322618 288 593 424
349 0.9799795850838965 0.25682975229495697 0.3813264391749893 -0.16233208319227366 514 135 573
350 0.974667875506418 0.23574913087924038 0.34342307157764207 -0.39209382442229046 78 143 135
351 0.022720469118780215 0.19698594440533718 -0.4146468654542268 0.2555852451555096 143 502 494
352 0.8458200262144767 0.4154156179902268 -0.27525254159277424 -0.09566124350990357 436 536 368
353 0.6055372937806283 0.5116974556540476 -0.19799464984204818 0.29663460715534384 81 515 440
354 0.09123971048277656 0.23606872403342272 -0.03651150770611622 0.03129279960156772 549 571 530
355 0.5805895794481439 0.5516647607951101 0.35158843926519356 -0.29241585958184046 305 362 114
356 0.6951868568783233 0.6052792912482471 0.37790948009819303 0.14601223910504224 283 69 38
357 0.6816116166872146 0.7003621280416499 0.21979830559792912 -0.023147664687805936 463 161 377
358 0.857357998419187 0.5688751250855812 0.056122505254219135 -0.250723123859653 570 191 225
359 0.7260819745013302 0.5933911674078033 -0.299154303412541 0.3988862518067293 98 69 39
360 0.7455726405335337 0.5454061363736731 -0.2757245959328358 0.1611597300055223 39 583 48
361 0.7809825075419807 0.5357823193714922 0.2963324585714133 0.002889144479212291 48 195 37
362 0.733148588289332 0.39838731038746406 -0.19021441054201116 -0.18336789135708909 132 443 470
363 0.7979949440055127 0.9833907927037492 -0.1616212708804854 -0.2370694300590781 393 257 422
364 0.7109469767591589 0.6479975584718304 0.2875103904953491 -0.36879844386716876 64 38 197
365 0.7640787194567711 0.008256879919917455 0.45880810643772474 0.03292826775136426 373 174 258
366 0.6186265119329708 0.5418303481645655 -0.47655924761969004 -0.2116720056177801 114 440 538
367 0.7057738350128602 0.5222410440337552 -0.3445541865709778 0.10279481987840455 488 342 583
368 0.7855186903660966 0.009073926949887946 -0.31028735483773495 0.030232013073505648 258 393 434
369 1.004647965659245 0.507870209092237 0.13838473804372864 0.32736707025748935 456 188 149
370 0.7630523964563529 0.39728703032280266 0.07444062449790678 -0.18317185164484773 470 112 467
371 0.6861082765978835 0.47157878275502463 -0.4162254506334673 -0.37716992792868886 268 315 342
372 0.8333628735335554 0.9689811720431354 -0.037597551807988516 -0.2755739820364811 422 167 481
373 0.5339527276425338 0.6270676953595838 -0.020600129241321596 0.17333146376530273 415 556 127
374 0.789752620591711 0.4241581486331134 0.4491949583129706 0.12321050846253456 467 436 4
375 0.48492925671919934 0.9825236665587822 -0.1079990173680212 -0.05322296492416001 282 118 597
376 0.4252447831412669 0.03466420050863373 -0.11101902730459301 0.021468484281972344 237 282 590
377 0.7376609302117045 0.6367470546456331 -0.28476259579524044 -0.1311284802962831 197 98 466
378 0.8725861670736709 0.4875892920739115 -0.16422360762935462 0.5613053605246776 346 385 319
379 0.8481574722560028 0.5030759736838857 -0.008991347597020471 0.32546912942521544 191 534 385
380 0.893266572932083 0.5520712229281399 0.10021274053639839 -0.030476215648334026 254 346 582
381 0.8019957658583098 0.4970283276817393 0.34927429212738836 0.02214903260799872 195 4 534
382 0.6911292130443357 0.442132253791484 -0.4341449401368269 -0.019321878819145155 315 229 132
383 0.573252748628502 0.522424907449602 0.35384026229878796 0.10931932303837044 362 355 81
384 0.7116375849342034 0.36078295770527535 0.11396629334692321 0.010771666891784548 294 341 443
385 0.9707276741477819 0.9110530185664953 -0.050264633774665946 0.32820094732211036 226 307 150
386 0.07767569116858114 0.20443545587392342 0.13345991881075214 0.31283559423500584 36 312 571
387 0.5276085185486477 0.9927895053340368 0.5972216707283984 0.09777749304662464 597 560 337
388 0.9305417081799922 0.02419443454024711 0.09911714504706737 -0.19354816256644813 454 168 104
389 1.0086240709069765 0.4786067551016517 0.23748562005820872 0.17532770894834737 366 154 188
390 0.029631472644809344 0.5296266952284865 0.05618958631714577 0.17542019503657968 149 128 581
391 0.057697593005115275 0.2776591628396922 0.006847620387384623 -0.362912558338202 399 549 186
392 0.573847440003353 0.6619410175074052 0.025560892985554418 0.007382446043369129 336 127 50
393 0.6116082713961112 0.649180691762869 -0.08237801968347114 -0.08815547181129091 50 545 161
394 0.6415412665669243 0.06463664100306425 0.03049281938061199 -0.008444241139660136 8 280 489
395 0.5515784441841427 0.9817450279254367 0.07075294378156016 0.34059447796830344 560 420 500
396 0.6121180135590598 0.008367394685042471 -0.21996883065034112 -0.20005676421019913 513 347 280
397 0.5651996947573353 0.0019935460742730006 -0.38253974501967214 -0.11491920852424453 552 500 513
398 0.005604545626941012 0.6351605171357295 -0.05699488346555537 -0.2896623942441612 272 509 499
399 0.0026969041172401178 0.6641914400905533 -0.04809919476600477 0.1379035025061981 130 272 24
