589
0 0.04008788814973709 0.6301093062169314 -0.262432242603694 0.0533929341711703 111 66 359
1 0.010608964331676046 0.6286340825269289 -0.5309444606194091 0.042693970494361855 499 526 111
2 0.7719345717265884 0.820766553857562 -0.20544017459434016 0.18237417132027645 85 11 327
3 0.8856494403809763 0.8569898950893711 -0.18373982890729224 0.6382941244997831 558 371 384
4 0.9023203008862726 0.8896251843835812 -0.23113704769595067 0.5244445142049692 468 384 182
5 0.9263427391461724 0.9075650800521897 -0.2950971396062374 0.40468734630733083 386 182 307
6 0.9224532536214496 0.9145720358158815 0.008011603706836734 -0.08598561862527276 34 386 95
7 0.0549884788392892 0.6906405701854506 -0.3396185870724322 -0.11274587548293358 517 359 452
8 0.03739662084141971 0.6966700067281044 -0.2914070946352654 -0.12449563289995691 522 24 517
9 0.05939503023802292 0.596421633182523 -0.24367177095530046 0.03072013268767826 66 462 309
10 0.38312456297015474 -0.032138917262567165 -0.46545855347107645 -0.4368768310655802 163 404 151
11 0.352091878006224 0.9719328375289952 0.1019122106149517 0.027714274625223467 54 379 397
12 0.3722733805872743 0.9611023435735832 -0.002342846576464108 0.0025969455752505866 379 193 163
13 0.8759986329279572 0.21584571077412779 -0.05595350016651679 -0.037026427757158586 10 137 134
14 0.9565407523446146 0.21057681686630098 0.6856499212143374 -0.08732770478969698 591 35 78
15 0.9378702457181853 0.2017095990142943 0.47783861104044867 -0.18382736062527716 134 370 591
16 0.04260518762075935 0.06619011340758232 -0.14323989737385912 0.14546186512254256 133 482 599
17 0.13194461781837327 0.05662249808123017 0.059528491858085175 0.18959351658076606 400 45 394
18 0.5911981775768043 0.4310601893287101 0.1557519765937876 0.15892372695613943 338 447 433
19 0.6182024206183019 0.3884706467662849 0.07047574815399749 0.052803097311260316 447 25 202
20 0.8053723504901327 0.1368368483469307 -0.12344032428168727 -0.07255287551299894 243 269 137
21 0.5109968370029213 0.2530957514256265 0.17271685887054744 -0.3786071012257253 181 6 260
22 0.6005854933064619 0.34626345447846035 0.041408452361446635 0.003425560529679572 486 103 25
23 0.5847829910747648 0.23768825432930063 -0.2196671372578507 -0.25394260097511 260 318 26
24 0.5005183455810995 0.20449168520712963 0.2386038353008324 -6.639758187709788e-05 349 250 6
25 0.5373948691066297 0.10757659381332857 0.12835017458578957 0.3258795490401756 448 23 523
26 0.46422688688252695 0.12530613268128452 0.09301552236773425 0.18548057187373068 328 23 190
27 0.46077276077582335 0.18069780288384937 -0.01585933953607288 -0.13199278961484318 162 190 349
28 0.958504627431277 0.7005960106007457 -0.12309617353212232 -0.2115929507995329 510 70 317
29 0.9082327398563824 0.6771563180823195 0.15554697391229055 0.046389922458978106 402 518 281
30 0.8905591250273099 0.6465439167135637 0.07563398171650526 -0.18779960989090405 201 77 518
31 0.9457727791766227 0.6761659355276998 0.09738869224951152 0.14066135825552273 281 88 70
32 0.9585410722690615 0.6606306260979855 0.13629399692183242 0.16740793230829443 88 49 491
33 0.9542274260179959 0.6326640935712075 0.20992900230665246 0.1747429902165809 56 136 49
34 0.8630465923448694 0.8824146041831308 0.24555446148655236 0.11793055837427957 218 558 251
35 0.8109121442747187 0.8850609929332736 -0.4669370622795155 0.17118114738201573 483 458 218
36 0.8319000513791726 0.9438741421114849 -0.02767935498859675 0.09830390494680596 459 284 167
37 0.026715828264689337 0.9878682761403865 -0.10134674210959815 -0.07621334952023773 104 299 227
38 0.11166621086720563 0.7264512050643186 0.16306156702672325 0.2918632308057667 452 410 479
39 0.1806891198414273 0.9400438617772139 -0.05856609711085703 -0.1944238249562691 596 232 427
40 0.37384771539684825 0.9088966921964328 -0.27784801993890884 0.28787566323795755 193 80 13
41 0.3628003479017136 0.8260121424707768 -0.33614329306153046 -0.37907793709601734 184 240 79
42 0.40983791648758444 0.9105980290152341 -0.2652260484153901 0.30065930231581994 404 292 87
43 0.3879498945625253 0.896514845879572 -0.24654650924993415 0.25891555392731913 13 79 292
44 0.5535445754450024 0.723411554316963 0.10928476908145246 0.37868859159573276 540 587 183
45 0.5147302355163883 0.831341714074609 0.47268260416899466 -0.3453310623569017 304 72 67
46 0.4849046637777612 0.6563866669700541 0.05762259627783983 -0.006734550417331064 255 415 567
47 0.938096026420939 0.5424319666686813 0.027335684410489947 0.1005211358595659 301 335 550
48 0.959273747026259 0.558680905859924 -0.18379818587238583 -0.2019449298756859 267 153 408
49 0.9587258184048821 0.5481116716679628 -0.13723038851110037 0.10130886459597255 550 456 153
50 0.6228004346202237 -0.030368807430842283 -0.08770435211413741 -0.5620539790529566 347 29 507
51 0.6473641543427213 0.9478364530685381 -0.391882257894105 -0.21418027490449632 507 297 531
52 0.33787675457787797 0.2745256181294816 0.25932518007976135 -0.4098005663977222 113 82 572
53 0.507456862457752 0.8635586879703139 0.42526478311044613 0.008420865393876653 121 304 460
54 0.22206917312001684 0.603987622467251 -0.2184272991645475 -0.13186868472181423 524 125 471
55 0.47144054996666634 0.37377710851921053 -0.05445445830365436 -0.1351297213014746 207 473 497
56 0.01925069690225522 0.7285714442507096 -0.4245640173629328 0.20650481992803837 122 388 522
57 0.8519136408056824 0.2774005628118992 -0.14626401340089856 0.2575741703259027 236 10 262
58 0.5069484525579558 0.3316112919389914 0.0016331630492416593 -0.019934567885293575 473 96 486
59 0.48910245312977746 0.28263514351951613 -0.027822780884756426 -0.12372018548534314 173 181 96
60 0.9906121773035986 0.5791907712462739 0.14469205902867266 0.02038261920356277 265 408 219
61 0.023778547600897038 0.5634452723714191 0.015319465834773283 0.12539783170173457 219 581 462
62 0.4794472545638251 0.40591498621302974 0.018703261162045237 0.31528965688254473 233 497 421
63 0.5418935240642567 0.4412828281735315 0.05654323259607352 0.3029796483144942 421 338 3
64 0.28176888190815247 0.7606120108920329 -0.24279671120841506 0.3885274532655636 598 252 1
65 0.3466437885765043 0.6264130377665564 0.10324468571742962 -0.06258306373130296 117 308 476
66 0.2578434745371773 0.6445432655441458 -0.08274580048928115 -0.03397809741900737 159 471 117
67 0.38114314746873657 0.6580256851138521 0.21966931398886835 -0.02267194904037595 476 332 311
68 0.38219012757459186 0.7131068704334571 0.25707289630361174 0.32232376039054156 108 311 63
69 0.24842767274882813 0.027477629915005297 0.3022412521647144 0.34143458685353956 124 403 334
70 0.6761099822939088 0.3580806836488191 -0.03134331613696695 -0.03399010101157174 90 120 294
71 0.667454061854214 0.4364633635177033 0.1645288419394042 0.23956200460861776 42 343 229
72 0.6497549704935036 0.39264373313536555 -0.010559760010853125 0.0008926470673742415 202 90 343
73 0.5806278022895535 0.18818166464985223 -0.2015816690653649 -0.27636514257634026 318 503 146
74 0.5563678151338236 0.1752406939611172 0.25397413096206467 -0.03167830060768484 250 14 503
75 0.5623317924538156 0.1528469570208973 0.23627840066431371 -0.128760506510478 14 448 290
76 0.5485647276090704 0.01252975675740593 0.19908614513897138 -0.3701788785226423 337 552 192
77 0.5543059133019971 0.0860780549424134 0.16338549610472874 0.30008963473882044 523 192 116
78 0.569526005048484 0.1512349230566134 0.006439152423071137 -0.06307377233352729 290 329 230
79 0.5822603998349839 0.10271126532235644 -0.1346122255330151 0.25178603507702846 329 116 203
80 0.6408549841527186 0.1667220844127845 0.05672685654545262 0.17251445740690263 83 392 506
81 0.5922145486908743 0.1726234451409832 -0.3326425527389043 -0.004004250750422322 146 230 83
82 0.7060302469316612 0.1838523360637156 -0.3219657374042839 0.28596418219506425 222 204 574
83 0.6487868883882688 0.1551871281356825 -0.03732201336176244 0.34071124845047596 392 484 204
84 0.7592926073632665 0.17424053749723414 -0.35576424375904914 0.3177806122411919 200 574 407
85 0.7794787537356628 0.14109550361278364 -0.1825623333062687 -0.06906914380711004 407 123 243
86 0.6247313881845604 0.09384607037775572 -0.11116741208128111 0.27091646565002847 203 8 484
87 0.8286775715478873 0.06575788070681961 -0.4748187065750642 -0.11154945404878713 106 61 165
88 0.8169900981371535 0.07896491065549897 -0.03960170386063666 -0.6314198275347849 269 12 106
89 0.7922925723062707 0.03665309302813861 1.219030730322695 -1.0135363284730732 239 434 61
90 0.7920964366202968 0.03683511591613906 -1.1672545894203437 1.2011468583040457 344 239 12
91 0.6306930986068567 0.26700241734290986 0.28226998724512065 0.12153404012338331 26 101 364
92 0.6512709838621168 0.30471672451876697 -0.12904738579816444 -0.1267927526860113 562 380 120
93 0.6372036592925915 0.30279528567618785 0.1674129645676259 -0.08362797815353318 103 364 562
94 0.42951382407842353 0.10078247247668 -0.20000528247465788 -0.08000379733696938 126 590 328
95 0.36040222811157197 0.12579247522935258 0.051108317231096656 -0.06858130383036176 478 383 126
96 0.9870453159001995 0.1269357499222884 0.2910327905752963 0.18849389132880034 370 295 504
97 0.9832316759460942 0.08779949774453567 0.25788991844799547 0.02599899739941236 561 133 295
98 0.8959077752130762 0.7107895638461391 0.1776448876888992 -0.10926738264194213 455 402 375
99 0.8867853727617909 0.8129448049047626 -0.14326380359808155 -0.15747700088386551 19 568 371
100 0.9285950042745382 0.7348465799008653 0.022599905974418633 -0.3607396478755298 176 375 510
101 0.9347852411768897 0.7706861970332058 0.07823756226210676 -0.37223038470979297 568 176 576
102 0.9138729137445687 0.6112588518061647 0.23382186992810736 -0.3390489616221081 77 505 350
103 0.9140745368071439 0.6112110423890603 -0.28590117022420614 -0.31868349025768355 350 430 56
104 0.879126129205865 0.9050048602142867 0.23490010232080083 0.11394495295219409 251 221 511
105 0.8771342576910806 0.9156630097467571 0.28058648807172126 -0.12795929281439467 284 511 438
106 0.8904011194349155 0.9202343889044848 0.09244591151619241 -0.20965493074259767 438 588 89
107 0.8919348580984587 0.9043085154929165 0.021536507646691128 0.1345432184066131 235 221 468
108 0.8961480373268982 0.9128409878247696 -0.05870540737556995 -0.04139667358904475 588 235 34
109 0.06253930433381132 0.9373820110475279 -0.19422529140555866 0.3679151046320772 469 261 439
110 0.07459048061131622 0.49332262362177626 -0.24375724182179592 -0.39924066413954407 57 53 340
111 0.07240725433887353 0.5224722082900128 -0.28508592292419976 -0.024751032820513608 128 340 68
112 0.03873062581713509 0.3460139605024341 -0.16281046476274152 0.3664263243524646 194 480 196
113 0.12436290948462532 0.357637217819305 0.041571865047607126 -0.10767062692818019 97 275 286
114 0.3636381680511337 0.5803136309053947 0.18150902066083052 -0.1695574711885195 308 179 527
115 0.3818792001189765 0.2537545757539497 0.1501300597728239 -0.3092120830217038 572 444 173
116 0.26944319179510234 0.43659627928118083 -0.3209428216244259 0.3205204643363935 205 405 475
117 0.24106083595736982 0.5327903171208099 -0.5296611500088533 -0.04171619542858718 585 75 164
118 0.11934935528349061 0.33411211897402887 0.04691600302697552 0.022977526478729082 535 485 275
119 0.9719586387429565 0.4311054314030745 0.14572436660142962 -0.10845389378233428 211 390 366
120 0.38586905204619526 0.20892174535802127 0.06685889411550683 0.018151211089723063 444 220 162
121 0.17059458129287774 0.9103945064519492 -0.1660414465642912 -0.5703450267624532 395 449 232
122 0.6206610417308587 0.4704069077752235 -0.001832659718425944 -0.16888071219245404 515 433 367
123 0.44756734050109115 0.498659065043128 -0.11980446426584912 0.18347659988537934 382 592 238
124 0.3099839805174153 0.9479027709344284 0.24428352951577637 0.15326241803448326 242 528 54
125 0.458619410736136 0.9074286739943008 0.07023234979697257 0.34271211840630755 87 121 118
126 0.37634644272315204 0.7762068310314971 -0.23906005439111588 -0.31726613142213367 240 92 333
127 0.4103201505238518 0.7488566677597108 -0.035802003722773534 -0.35275136665846585 333 256 520
128 0.3519937887223644 0.7550921107164009 0.40103016116233015 0.18838268514564938 73 108 92
129 0.4043332844312627 0.7262537872225673 0.39689751103744175 0.46489102567548457 63 170 256
130 0.6019064371743483 0.9359762083057895 0.3542753212321115 0.13517311020505574 577 279 29
131 0.5542116467717167 0.8791099819944028 0.16103807592982022 -0.07394730106025094 460 285 217
132 0.5760802693371424 0.9323760770996674 0.18803809134770866 0.11940914819430493 420 217 577
133 0.5666697607409452 0.7120635045111694 0.14121936224575915 0.3239171864760637 587 336 107
134 0.6556790158297918 0.7592770889874191 0.044943172794464914 0.11583297793160696 320 559 247
135 0.6193220517303384 0.758257331727173 -0.4639304516940168 0.07122560388705956 215 107 320
136 0.31215937010356287 0.8067183525555821 0.014544573184727128 -0.33330181635482514 381 5 184
137 0.3157956149977762 0.9059092269267753 0.08179966054927275 0.5865420662142325 391 354 80
138 0.5038376447148794 0.7880128111009974 0.3299829440944757 -0.21525234927821657 401 166 72
139 0.4574260818663657 0.7482193587508186 -0.12186590278573384 -0.32813944651766125 520 411 401
140 0.5288441634735283 0.7722087962729549 -0.09291545241540966 -0.047775960618223756 166 537 248
141 0.5213838477091712 0.7264894711551023 0.2996384980413769 0.37720594703305466 322 540 537
142 0.7050292139022564 0.8617534945705806 -0.029518101851699896 -0.3070364469615061 426 180 141
143 0.6647538810783648 0.8537532393824975 0.30113994145541945 -0.2904459221741984 300 358 426
144 0.7178806897990193 0.829764090478455 -0.22742299363165408 0.22294743481920953 180 554 85
145 0.67467547075663 0.8019903463932033 0.2466853596394536 0.6093225715653183 358 247 554
146 0.6303202771657529 0.8734742149162457 -0.0758948896784073 -0.08145530847047944 110 419 300
147 0.8024741667262352 0.8954011984395848 0.006154505897970619 -0.3762799157328023 293 483 316
148 0.8099697764167982 0.935110824228359 0.17312117087109336 0.21009618177136868 245 316 459
149 0.7863864734525721 0.9691038854661929 0.2372146024748334 0.17642352682922802 445 245 257
150 0.7581437644274436 0.9757744335989773 0.45883805782631626 0.10791597650217088 412 445 174
151 0.7143244907646363 0.9405614346169068 0.07925566314348487 -0.22139093891482275 531 330 412
152 0.7926601167808912 0.8729551786619605 -0.02432657148637718 0.49589923278858805 580 327 458
153 0.7865201266840152 0.8839198464013481 0.3170577165395594 -0.10523177312177223 140 580 293
154 0.7284222985362987 0.8947361298843302 0.11064143490280287 -0.04276119597301786 330 141 140
155 0.31330078440922854 0.7693255998744352 -0.05593355292821123 0.38785070155533674 5 1 73
156 0.28770458713490754 0.8147013955258487 -0.12978393915119568 -0.29137267321122096 594 142 381
157 0.5608091675241662 0.7863742234619415 -0.15395764767223152 -0.03412908046451779 93 248 429
158 0.21270450146128284 0.4787463571689313 -0.005031107475073071 0.18287204806011204 231 205 498
159 0.17613427060168135 0.471037965969203 -0.2676559940698042 0.11029993654543269 47 259 231
160 0.2877837428065824 0.5220389659288546 0.24370474388524244 -0.25096283107206574 164 363 289
161 0.3056378549146396 0.47166450827927237 -0.07001316471022534 0.4341812687158608 363 475 331
162 0.35504575558714824 0.4810987492599521 0.4109804864482758 0.47843338596420537 331 369 249
163 0.8343789502435557 0.2827816432639286 -0.16915352313295884 0.25331027414532414 490 406 236
164 0.7393052535231414 0.27267684187816804 0.030696540448404974 0.007552585640224763 512 58 418
165 0.7676892941301869 0.25113358682885406 -0.0010146931905818946 0.03884773683293652 58 200 406
166 0.9126072411402575 0.340583983635353 0.19640230344841747 0.20652337479054594 409 51 172
167 0.8771294546554925 0.32811188468349217 -0.31019639981644254 0.0250391672673711 464 262 409
168 0.9344214905443804 0.429429353346826 0.1461186213691512 -0.13769982445954732 345 172 211
169 0.35009685634930626 0.18025088660527563 0.07578657007512035 0.09799323297254858 270 478 220
170 0.8265978609622223 0.7276948837054891 0.016945710806792746 0.09823997934588213 91 74 455
171 0.8429593471427927 0.6358396004854933 0.11238403055391366 -0.19667745695950423 31 302 201
172 0.9933300405231392 0.613927041946261 0.14375881110528788 0.49262483987899675 241 265 526
173 0.9895808606050235 0.6197716511219136 0.35774240176103533 0.1540288421114644 136 241 509
174 0.4425487315504279 0.5806292467678971 0.5740924642220818 -0.6839493415930964 298 376 398
175 0.44642529022373467 0.6338598185698787 -0.14897597322427458 -0.14523866276316966 332 398 255
176 0.2185152335223889 0.9427940082530452 0.06835031152174764 -0.2122178079100312 427 15 525
177 0.19201195990343 0.7033406623210637 0.21338567093853733 0.21013257939239693 99 129 41
178 0.2413948097989977 0.6821144911818668 -0.28748960365088116 0.4520416943543104 129 159 325
179 0.2525917351299054 0.7294451326636958 -0.25334798842147066 0.46466760925123474 40 325 252
180 0.05978770988708977 0.08812641805576811 -0.2952053289317913 -0.015288056931517247 209 599 425
181 0.10486218653009922 0.0897812762586616 0.21635056385305163 0.001208982219891297 425 400 171
182 0.6724339133900459 0.2239647916212304 0.10765391807165958 0.033960651651954166 16 506 584
183 0.6572040710119221 0.2579158343855845 0.12242753130720097 0.1640333199132149 101 16 465
184 0.6879188219386987 0.22392168896002415 -0.2175962226375061 0.02025092610963286 584 222 352
185 0.7012189770883274 0.25727806639997125 -0.37371623018422895 -0.18720620886814032 313 352 512
186 0.6680966760106701 0.2703438310980813 -0.1685184436439613 -0.22093225270081174 380 465 313
187 0.30660783319773843 0.11060676894194525 -0.19244263751994062 -0.008898088169062568 223 62 477
188 0.34061552619354624 0.10579629534695544 -0.09107503327887567 -0.12990849021510265 477 564 383
189 0.9261328515148028 0.041807327808861164 0.06638377868239953 -0.09984694911147063 165 454 561
190 0.7484534884453593 0.7289835752163051 -0.12088997355247377 -0.27671390092492976 492 417 365
191 0.7895495852062502 0.7818044860775508 -0.06789755979674794 -0.16416109201167206 11 365 348
192 0.8176719248676483 0.7734088302826385 0.10160765007150019 -0.1989710774613629 348 91 19
193 0.4876255750561832 0.7062304311797244 -0.00018997442507995288 0.11175395678297839 541 567 322
194 0.45999229682107123 0.7267368413531696 -0.3159701993105113 0.3882280174422048 411 170 541
195 0.053445334282950036 0.006855070248602067 -0.13091373679552376 -0.09869737735423989 482 227 65
196 0.08651441999029871 0.9875828058844639 -0.34541680973831923 -0.0855225529283743 65 439 228
197 0.11813521243498415 0.9980203669904739 0.013385252628506095 -0.01986510192453217 228 596 45
198 0.027483159951571245 0.9538097660882264 0.0149877426177628 -0.49118270100512823 360 303 299
199 1.027528589054014 0.9538584491981119 0.7325941077278091 0.305582107246172 213 553 360
200 0.027435637266608012 0.9538602715075581 -0.7786749118986376 0.3527434504687894 303 553 469
201 0.2493710565109051 0.9796029778434645 0.3288596547856848 0.09907199609304751 403 525 27
202 0.21957144853512064 0.5183900829878083 0.02153721073011594 0.3410170795054013 157 498 75
203 0.0906220977084676 0.47310389730466995 -0.3178186460534027 -0.22747307665965666 53 102 396
204 0.2286730500944641 0.5463869691717372 -0.1538887829666269 -0.4463050207181851 125 2 585
205 0.2108623577128019 0.5288854662713833 0.3521146631213501 -0.08231642156103502 575 157 2
206 0.17841645170985543 0.5284499280697207 0.1682293623850306 -0.1233658883381672 214 100 575
207 0.13319073497399114 0.7226551158715759 -0.041662736802172695 0.3556640319063442 410 414 339
208 0.15001517668087153 0.7750865756239801 -0.103531124298617 0.05232464513754698 0 339 296
209 0.08506474519686788 0.3942138710519003 0.09034807763041997 -0.11207932637535833 461 97 547
210 0.04386232273291747 0.37669738289751215 -0.17917093607378032 -0.23989528731560572 131 194 461
211 0.08188577204918608 0.46320953325798475 0.14519442766147694 0.3017860126727778 17 361 102
212 0.055048746412455656 0.4781559420215839 0.6647533013631746 0.16214539329262312 154 17 57
213 0.18540533007560184 0.3127442755852056 -0.41923385839248706 0.0067817650800661156 28 543 288
214 0.25602092576788177 0.38141718410287834 -0.4594050063977395 0.11986084902382288 521 206 405
215 0.16777475008837373 0.3904902112628249 0.16367636690439724 -0.02830478837423378 152 487 521
216 0.15203924314518538 0.3629624622803662 0.06809847095945454 -0.15353844411147843 286 28 487
217 0.06598334913047342 0.3153528623535872 0.07879447649905558 0.09941814038683106 196 186 535
218 0.16414142953662605 0.2984078504668801 -0.13965556974748772 0.19999650512081413 485 253 543
219 0.2206892132351003 0.06730664808601107 0.1541065469679026 0.33055725309760753 529 124 60
220 0.4110241946563228 0.5699089318420791 0.6087324613129885 -0.23448930470959528 527 291 160
221 0.4432733108340939 0.5791253624194741 -0.19338226258091293 0.28633971537573394 7 542 119
222 0.42190563017513766 0.5567782718365881 -0.06295888047014309 0.4993825356708337 291 138 542
223 0.35118187962997016 0.5555448221205705 0.08731249681592779 -0.42697291952054073 289 263 179
224 0.24544024599199188 0.8435691044448019 -0.23651245541038424 0.08186574582298711 71 22 579
225 0.24395041086003139 0.8456110180670144 0.08819426083536697 -0.36324047701999373 453 71 144
226 0.7834861131493099 0.34240164733839684 -0.23160317969006528 0.09527171343504115 112 431 145
227 0.7467829421326067 0.3184588778708562 0.04676228432254348 0.33659077469661014 341 418 431
228 0.15182444750905896 0.43534878545573163 -0.0265053191200737 0.26514893128326555 115 152 259
229 0.8236724922991449 0.32997751914128043 0.06741029748291716 -0.08170847054511654 145 490 306
230 0.9939097756281287 0.39567506602663033 0.3833517808748965 -0.504862667644046 390 423 131
231 0.9276091654495424 0.5556768845135085 0.1312291301666657 -0.030971064601814646 582 301 321
232 0.9332740141977574 0.5653734929258893 0.03938007871184812 -0.20727715065171903 178 321 267
233 0.1013179841764759 0.5897257568334746 0.09988028702723195 -0.04606064210599392 309 94 450
234 0.15271711163908774 0.6425473979049457 0.03193054640138193 -0.5399789865245808 450 314 224
235 0.9717325972930277 0.9290011912014752 -0.11569180231874032 -0.2562849245324461 18 226 213
236 0.24537352787764632 0.10635014644402317 -0.11438293090471063 0.28775715837925375 198 60 378
237 0.35357384593115604 0.9884948591678799 0.08497167067189615 -0.1787605726638608 158 397 148
238 0.3820613264258848 -0.005102231251265136 -0.4881612464952001 -0.3246733437656246 148 151 474
239 0.014576438048639163 0.13715809440682664 -0.2973582081955417 -0.08417454823439474 504 209 310
240 0.012717815012722476 0.18612800759249812 -0.3797327898305558 0.2659472248325856 35 310 502
241 0.13274288955103686 0.12861188215892455 0.21947417910839206 -0.13469070858640464 472 171 287
242 0.12778930790079251 0.16177050636555648 0.13791530556472864 0.3674758844440795 312 472 185
243 0.8839752338090544 0.46007141413457797 -0.03253992561513819 0.17660695891819067 319 368 33
244 0.910617547496217 0.4599939452325074 -0.0694224937952681 0.16264628706352813 33 345 335
245 0.4373039701192397 0.4607184650666035 -0.1001287233681758 0.4128596589603184 369 233 592
246 0.23066979300080548 0.7514050290376333 0.268846164427905 -0.0477419177108418 189 40 208
247 0.1916779379854378 0.8503748940710699 -0.053780287861959764 0.08902415263301044 372 532 449
248 0.23931676729347182 0.8430605339869651 0.6237112824478142 -0.04238753428115194 532 565 453
249 0.26935110255967665 0.3388895703996394 -0.34494775889848395 -0.3001174159883435 206 424 273
250 0.41824908590800275 0.5254011634130628 -0.1380308735365876 0.19694081157539678 138 199 382
251 0.31570016889971425 0.9058092935587391 -0.8649182617798844 -0.660658083889869 528 413 391
252 0.3158025956341787 0.9058539352151358 0.9133588679566826 0.4335065390006728 147 354 413
253 0.2693302848878138 0.8444571060332193 -0.36272152330318885 0.10594130260555001 546 579 594
254 0.2715849146125576 0.8645891049335388 -0.3582293357784483 -0.10059077286406204 187 546 147
255 0.6243798360336623 0.920121149748129 -0.052602862343764656 0.35426989918041496 279 110 297
256 0.5890162998725603 0.8465076259063435 0.15924386223727105 -0.3013257302963285 285 52 76
257 0.5921143168764158 0.8465314498156081 -0.5733681735127505 -0.35330703683847386 76 555 419
258 0.5731961314920255 0.7763557438597686 -0.17501660537488917 0.0017690075099219271 429 183 435
259 0.59408252310192 0.7831761465732492 -0.35470326224806836 -0.01952447543918101 441 435 215
260 0.5878629776350517 0.8365401499123579 -0.43061363766742045 0.2768619848707516 324 441 555
261 0.5603325684664928 0.8142658530353378 -0.14149926647055722 -0.020503551634298844 67 93 569
262 0.5879120167279341 0.8365218386407653 0.269658909970023 0.015390339592075706 52 569 324
263 0.2532187492499603 0.8685395209181659 0.1796914443630282 -0.23154261875879545 15 144 187
264 0.12030671935236317 0.8752208374353717 0.34818727345786726 -0.06952745532085025 212 457 395
265 0.1502610958469847 0.8238707357231613 0.1889136418478654 -0.21386941505968649 457 274 589
266 0.0778611113105092 0.8848351991139003 -0.06965566456962335 0.09541079801222985 261 578 212
267 0.3104400237003678 0.20051447554118568 0.4198050670978226 -0.09219149957329087 244 270 82
268 0.486821952638518 0.5591847911997582 -0.011171153585509686 -0.03639548523670655 105 156 323
269 0.4890973717483799 0.5210594375007779 -0.020800981076485314 0.1286293085933643 238 326 156
270 0.27718825827784993 0.9758296907948746 0.5951201330345324 0.05222738422294704 27 242 533
271 0.9131893750444605 0.6077380905591782 0.5303575435918438 0.09098600897228595 516 277 505
272 0.8806879902977797 0.5704141607770417 0.24576699356182452 -0.19808342188731842 225 254 516
273 0.9133891671023474 0.6077105089464073 -0.3791732715622501 0.21242153831822588 277 178 430
274 0.7621741566666852 0.025767579395195465 0.4624515916040739 0.037927246412938764 44 373 344
275 0.7156812821748534 0.06626200362687491 0.4033440720307979 0.0820127389611347 489 44 123
276 0.10985469517326502 0.5695746316223019 -0.013047846830760435 0.10212132875442315 94 68 353
277 0.05145875858971203 0.8626190616108852 0.005460240593002652 0.17758209139295822 150 374 578
278 0.05578142351686821 0.8139734408831125 0.07562605194855188 -0.3076574418836575 563 175 374
279 0.252828387962722 0.7853769557934318 0.26511372559073765 0.06135900398884786 32 208 544
280 0.26732321616856763 0.784155167902617 0.0818147740527797 0.06362730880365985 544 598 142
281 0.6859973012316192 0.7226976374995107 0.22854769986258017 -0.12150408700006832 559 463 492
282 0.0031522710958868465 0.7674200540000579 0.1362349309752542 -0.47755769269630655 576 495 234
283 0.023075019928736624 0.777338643761716 -0.3070570353536084 -0.6966322508433764 234 122 563
284 0.23171499343709265 0.12779936526927957 0.2295481509734243 -0.3717733218500108 389 198 59
285 0.18165458812705457 0.11263531649852464 0.9499059012627302 -1.3605857441690976 216 169 389
286 0.37307569652621125 0.5198128607078579 0.04797100286446643 0.06903833615901078 263 249 199
287 0.2828636695085466 0.32715844308710756 -0.22635249265212654 -0.4014089997894654 273 356 84
288 0.3236430034609528 0.3202306784368063 0.2517274978741657 -0.4468221501130465 84 113 207
289 0.27061421639959415 0.1725362464023182 0.32478276838776576 -0.2052814321307217 442 223 244
290 0.2510202922600042 0.1741960897459657 0.266639002544089 -0.17363099638623147 451 428 442
291 0.22696417775344319 0.2184201915329097 0.011411598315608229 0.39437974023656674 566 451 356
292 0.5388092557609864 0.4996852565355855 -0.022909252272995673 -0.06653903469877598 326 3 355
293 0.7974802759568859 0.7030286945471358 -0.11264948557299093 0.05535282093793725 501 139 74
294 0.7988062473485882 0.6674954990920274 -0.11882041461852566 -0.031022668461888614 466 31 139
295 0.7496908766715007 0.7243901693028716 -0.19596552601128248 0.028874650760679632 417 351 501
296 0.6990098227402921 0.6928040180323951 0.2240534400371752 -0.007941694871171912 377 64 351
297 0.8401628812934647 0.5806986225791808 0.05710808180514615 -0.22812133744498642 302 37 570
298 0.17676034434479382 0.6090776830434218 -0.11530148988359024 -0.14992087848941793 314 20 524
299 0.15142712499510505 0.5680867428618801 0.08936429790606937 0.05973072383924638 353 214 20
300 0.6508440702116994 0.5837243157930854 -0.00014410972415390688 -0.04006361076225318 416 519 283
301 0.6568902302357548 0.4588936698178433 0.4078896741199767 -0.24640127993524885 367 42 268
302 0.6495082610640062 0.5576731970408049 0.00024700658185494717 0.006443671984879273 519 538 488
303 0.4424402248540876 0.5805786586197736 -0.30786475698136356 -0.24656772318332187 160 595 298
304 0.6137622271302411 0.6066490857603285 -0.03822748506632223 -0.09181298638027968 155 416 545
305 0.4433163139764813 0.5791429376568827 -0.4793263526408275 0.3615295443142605 46 119 105
306 0.4426973231737268 0.580303289877581 -1.140470837917868 -0.7745303682297382 376 55 46
307 0.4427229505817266 0.5803198502463185 0.8917921869391366 0.5939253187701868 595 7 55
308 0.571806200922568 0.5779924958387179 0.261499603915194 0.00312540097968661 177 305 155
309 0.5370429759787217 0.5918554479968543 0.0026104604589072267 0.08047466026894767 556 323 177
310 0.2018460288150477 0.7462015741196588 0.014864168229600239 -0.13041944468827893 493 41 189
311 0.9839899087300837 0.6986028155883484 -0.18046696290130448 -0.18447529753773395 317 496 548
312 0.012633064841079653 0.7290934312366512 0.07221805211135579 0.16334833624620515 495 548 388
313 0.987447451980555 0.6726262488810162 -0.1637422988864934 0.15572005455932736 496 491 130
314 0.242087239149074 0.1399046300430301 0.054875662694464644 -0.6832463025907565 59 271 428
315 0.1815381829806744 0.11278136691376021 0.6082283517957294 1.2848029479537284 287 432 216
316 0.18147876130859827 0.11264344875146327 -1.4601441564212323 -0.3210987981554876 432 437 169
317 0.18470008346140113 0.07887706971359051 -0.0602534820648426 0.30113647409013566 437 394 529
318 0.22124716271175893 0.22079284933061 -0.05814456485730979 0.42000616257489853 86 566 593
319 0.1128267499558848 0.7756653317383074 0.07625391776344692 -0.07445120492333146 175 479 266
320 0.13828424720438603 0.7857236527794018 0.11024582288743368 -0.08489905445330237 266 0 274
321 0.1655482157424449 0.48236053972522325 0.07010662658041289 -0.23909760595020035 9 47 100
322 0.128883369847932 0.46274045044286044 -0.030999805153419935 -0.26521997063821967 396 586 9
323 0.12984935275265433 0.44440068273270233 -0.04259948609142139 0.21321601255397393 586 508 115
324 0.15978967818177392 0.6905227054784324 0.1457558095052658 0.15057086549807863 414 224 99
325 0.09510703870780325 0.42886960969603 0.4241231040631385 -1.3063349753707556 109 357 508
326 0.09496307784841171 0.4288901585825839 -1.3360194122807043 0.524374888167178 278 547 357
327 0.09509650149395678 0.4290232279721592 1.1905964928250572 1.1598177135168328 361 278 109
328 0.18245327734474212 0.21300629129686038 -0.37952812420583015 0.2895596935836853 30 185 86
329 0.1544596718670613 0.2475031390414859 -0.16762210092169383 0.031032389852247988 530 30 253
330 0.2573089892705429 0.10996038752977595 -0.4821664989149155 0.23074689121244107 271 378 210
331 0.16323249131706485 0.8222574514125215 -0.26266951808073813 -0.1736049084002933 589 387 372
332 0.24251877618357937 0.8401191293491662 0.09503482263292784 0.4569028620726723 565 32 22
333 0.8488048529324927 0.34874045009652394 -0.06414316092162586 -0.18956604758146867 306 464 536
334 0.9572373403858242 0.31914314633148777 0.2044552943614164 0.18156243175582176 51 514 539
335 0.99281441438657 0.35190568202066774 0.2810353824655998 0.19470398002208178 423 539 480
336 0.16401604980438603 0.780029727570511 -0.21600322225312496 0.0001732183840807977 296 493 387
337 1.0214475077365663 0.2503992169842607 0.22427089282905932 -0.22140074287801959 573 264 399
338 0.03878980930904653 0.20939028796629217 -0.2619622775645869 0.35583353694135234 264 494 36
339 0.29283468556749415 0.09574896370572797 -0.12456403963856388 0.11269045800677002 210 43 62
340 0.9107058423242331 -0.0055488371205791795 -0.14201419033799123 -0.49746043673248863 481 551 168
341 0.9153559510276362 -0.026484465217447642 -0.06538886307416725 -0.7473239867217263 551 89 557
342 0.938410914423407 0.9407674279292165 -0.15275382903023882 -0.36941389461309093 557 95 18
343 0.29762679396457253 0.05745679708721074 -0.10486035165180319 -0.01563143434135661 43 334 21
344 0.32579488656475064 0.00921198463606841 0.008642218191079465 -0.16432594937554335 533 158 276
345 0.32679795230058617 0.041178313468575284 -0.04484364130030727 -0.001601687879548841 21 276 246
346 0.3506798692608642 0.05536034131247957 -0.20906453096491973 -0.06194138986448383 564 246 446
347 0.39759402282256756 0.025872138452726085 -0.34603548637601733 -0.0463231644015627 446 474 237
348 0.22113293578876597 0.30284660012323383 -0.16154824769576415 -0.1344513125833835 288 593 424
349 0.9825351492356167 0.25569205544465207 0.3816926132799159 -0.17674678734480587 514 135 573
350 0.9769819592206862 0.23311254664135977 0.34740467377836204 -0.3947558703532028 78 143 135
351 0.01995779455981607 0.19868964496343355 -0.41045200224743006 0.2528447338653872 143 502 494
352 0.8440688157214011 0.41490511101582467 -0.24851041433016086 -0.057940077735629814 436 536 368
353 0.6041888383311045 0.5137015694884476 -0.20423426734528238 0.301556163373462 81 515 440
354 0.09095375401559068 0.23622115886783057 -0.04816276405472664 0.014876528481311269 549 571 530
355 0.5828897218297404 0.5496627583941338 0.3354712011655048 -0.3051104095069812 305 362 114
356 0.697758796301841 0.606237767202928 0.3894118114772249 0.1401798625094708 283 69 38
357 0.6830906984447371 0.7002376644821565 0.22170903828111488 -0.014211173210432193 463 161 377
358 0.857699930195032 0.5672243158444008 0.04656017169035742 -0.2419660947300395 570 191 225
359 0.724123529807934 0.5960384844465821 -0.28594441953133654 0.3916422609828718 98 69 39
360 0.7437560623248427 0.5464890823006343 -0.26672558120499623 0.1621348451330551 39 583 48
361 0.7829999328411585 0.5358098905260184 0.3058157262147976 0.00529424282191826 48 195 37
362 0.7319324889653126 0.3971087394921951 -0.17328010831763052 -0.19773849016524458 132 443 470
363 0.7969438386686808 0.9817720426864563 -0.1516337180818006 -0.24522427491402432 393 257 422
364 0.7128539652283433 0.6455463331379045 0.28153373035633145 -0.3633500961913727 64 38 197
365 0.7671465378102906 0.00850676342057975 0.4570680282173223 0.040119716923636695 373 174 258
366 0.6154918279433675 0.5404578707577363 -0.4595265661044845 -0.19811227554289434 114 440 538
367 0.703521415235639 0.5229510331851147 -0.3283048777280584 0.10888754134463774 488 342 583
368 0.7835774032728327 0.009221092266036558 -0.264133925842458 0.012386427994393046 258 393 434
369 1.0055707209328957 0.5099407229839996 0.13732046263981168 0.2921054967353065 456 188 149
370 0.7635049384242104 0.39600614593067435 0.060999304218878336 -0.19862997288622175 470 112 467
371 0.6833481009644127 0.4689648699023646 -0.40761624318930156 -0.4028242652637237 268 315 342
372 0.8331179326622891 0.9670853633295098 -0.03589607742993106 -0.28963749454380405 422 167 481
373 0.5338396074765217 0.6281415576243199 -0.013298304818443185 0.148208331718358 415 556 127
374 0.7926951159773937 0.4248823000196076 0.429377446098389 0.09388099256324445 467 436 4
375 0.48422732984410305 0.9821660636129853 -0.10182779550116372 -0.053506746949816275 282 118 597
376 0.42446240183943873 0.03480492914827805 -0.12201372447118164 0.020652245538710368 237 282 590
377 0.7356818620732382 0.6358948046534576 -0.3050990460273795 -0.12347020662828445 197 98 466
378 0.8715558636748244 0.4912209071069816 -0.14387928799763916 0.5233259599973783 346 385 319
379 0.8482136729459387 0.5051663536491219 0.02469524792991784 0.3000181873769048 191 534 385
380 0.8938341342548835 0.5519257259261237 0.07029745709152824 -0.013640453697116861 254 346 582
381 0.8043113514465848 0.4973191216416927 0.34179368987863334 0.06286888301620941 195 4 534
382 0.6881834986866546 0.44208824267707836 -0.4447873621499232 0.005141753689485995 315 229 132
383 0.5756735829187873 0.5231687468269176 0.3682471719917979 0.11245012837557411 362 355 81
384 0.7123800370097173 0.36090502764096277 0.10795350585679486 0.02517193675721785 294 341 443
385 0.970369794523825 0.9132839406059248 -0.05708408537530296 0.33743850075262927 226 307 150
386 0.07855198406731106 0.20655795012525102 0.12808685570520062 0.32065665608871363 36 312 571
387 0.5316182827155292 0.9934458735395184 0.5996560713261712 0.09834062765501361 597 560 337
388 0.9311943553757926 0.022909584910397296 0.0958730917571815 -0.190053847659577 454 168 104
389 1.0101904691656467 0.47975167213623343 0.23028560031113088 0.16681679301799868 366 154 188
390 0.029936357846061502 0.5306945585004617 0.03597642878050422 0.14469835399322228 149 128 581
391 0.05779653206338091 0.27527963084116686 0.0219261712952612 -0.34765088932631194 399 549 186
392 0.5740368826013506 0.6619874387394719 0.030268515471831847 0.0063673309680378765 336 127 50
393 0.6111153394212203 0.6486304022568229 -0.06544222108662012 -0.07655716338650365 50 545 161
394 0.6417182105907324 0.06463104165222015 0.022668178445428566 0.006106747746370544 8 280 489
395 0.5519726609879616 0.9840847915509928 0.04874580496194714 0.35650439891843355 560 420 500
396 0.6106786721287116 0.007056052510541564 -0.21018852214282902 -0.19152234104202748 513 347 280
397 0.5628325863130093 0.0012588435950015688 -0.327137782141218 -0.1051546578978435 552 500 513
398 0.005150458964476922 0.6331909941623041 -0.07761445479370632 -0.29752407829097827 272 509 499
399 0.0023314954761517017 0.6650742113688866 -0.06062249278959708 0.1259365403627477 130 272 24
