629
0 0.039034627524874264 0.6303250164962921 -0.26413414337678187 0.054370215274435196 111 66 359
1 0.008527811125865897 0.6288029448716954 -0.5104276419067022 0.041517767349064094 499 526 111
2 0.7711177749885649 0.821497292544553 -0.20302478448419592 0.18299780787933706 85 11 327
3 0.8849157269623438 0.8595381692161529 -0.1831085609527161 0.6358929556526949 558 371 384
4 0.9013964410416051 0.8917069832836187 -0.23076054504744814 0.5168045068282279 468 384 182
5 0.9251782878818012 0.9091914646762229 -0.2875272106343807 0.40830816731146635 386 182 307
6 0.9224637298740145 0.9142287993144294 -0.002268995408227781 -0.08558691992968659 34 386 95
7 0.05363046138746458 0.6901978306924319 -0.3393672749069099 -0.10875793980680282 517 359 452
8 0.03623588571902615 0.6961794082727024 -0.2890438631497627 -0.1209173063759783 522 24 517
9 0.05843051841879096 0.5965269597799667 -0.23881929142599567 0.02222983533362033 66 462 309
10 0.38127280763797555 -0.03379158204920392 -0.46031554280095976 -0.3910180106786454 163 404 151
11 0.3524847929376481 0.9720265825297849 0.09469643957871199 0.019335039125323306 54 379 397
12 0.37227606130530033 0.9610672592143633 0.0031567380653907406 -0.018888752194301528 379 193 163
13 0.8757751040163269 0.21569707674973387 -0.05585327061963241 -0.037260987351128705 10 137 134
14 0.9592689228465539 0.21022360001921053 0.678628308409257 -0.08927496172872473 591 35 78
15 0.9397861242065763 0.20097883390635463 0.4799930709842304 -0.18166685863962861 134 370 591
16 0.04202476293477156 0.06677756957306599 -0.14678156919079033 0.14811143769777324 133 482 599
17 0.13217518828227545 0.057400185925977024 0.05586045861982747 0.19886171251370932 400 45 394
18 0.5918170807093669 0.4316966759071526 0.15379684817351524 0.1592539392025749 338 447 433
19 0.6185014162480846 0.38868297205162466 0.07865154222352899 0.05329423777289399 447 25 202
20 0.8048754452593159 0.13654245054124856 -0.12506037837256567 -0.07461953312193348 243 269 137
21 0.5116844494888297 0.2515850248055745 0.1711214885069534 -0.37681146258794485 181 6 260
22 0.6007573171651448 0.34627864332856856 0.04447813853336591 0.004086485316801003 486 103 25
23 0.5839033982884495 0.2366734299964689 -0.220002937395547 -0.253531335508983 260 318 26
24 0.5014723122811786 0.20449096840100128 0.2383673460004676 -0.00032630495527818937 349 250 6
25 0.5379493406398309 0.1088437867933556 0.1480148302535067 0.3083705787249036 448 23 523
26 0.4645893899765277 0.12605431343564918 0.08843216436904555 0.1884486337810909 328 23 190
27 0.46073521938978185 0.18018422262892828 -0.003407493731621969 -0.12506765345587922 162 190 349
28 0.9580232451711125 0.6997535358258383 -0.11767610497148695 -0.20973772302257387 510 70 317
29 0.9088577919094845 0.6773541045989286 0.15687456125790256 0.05239151543157128 402 518 281
30 0.8908318458261012 0.6457813393667392 0.0616124304353427 -0.19312702270735116 201 77 518
31 0.9461677641321644 0.67672566344203 0.0999865194112326 0.1393923646647588 281 88 70
32 0.959082421910183 0.6613095290434788 0.1346441579758162 0.17179560621305434 88 49 491
33 0.9550741283751119 0.6333257424395755 0.21290884333335924 0.15736388581100158 56 136 49
34 0.8640318823408846 0.882894045072967 0.24705287954285282 0.12168565842463064 218 558 251
35 0.8090488075095219 0.8857589872491266 -0.4647256100775987 0.17764807663106508 483 458 218
36 0.831787917729203 0.9442725646956113 -0.02826710254755227 0.10078794673851199 459 284 167
37 0.026331860107767016 0.9875609170869002 -0.09102367817814816 -0.07739591467714746 104 299 227
38 0.112311852079921 0.7276212532619191 0.15979714530767186 0.29308891459634 452 410 479
39 0.1804712637395883 0.9392711136367377 -0.050657916750296295 -0.19203018966629237 596 232 427
40 0.372779182698345 0.9100229039635761 -0.2569243918310038 0.2748376092681637 193 80 13
41 0.361463638438457 0.8244937733694242 -0.3323033168078915 -0.38003892602334055 184 240 79
42 0.40872837307998167 0.9117724430362668 -0.2887161822118234 0.2869226470997299 404 292 87
43 0.3869694998497513 0.8975580989273758 -0.24376378346402383 0.26264168825895773 13 79 292
44 0.55395800421001 0.7249297866984444 0.09787638546865374 0.38033010768545594 540 587 183
45 0.516604113875884 0.8299837889814745 0.4645776374712085 -0.33392394335751696 304 72 67
46 0.48513327287281827 0.6563696596910662 0.056693053723799736 -0.0019912578530512093 255 415 567
47 0.9381914753438363 0.5428537168859662 0.02072195158520085 0.110106065584481 301 335 550
48 0.9585645977657303 0.5578876869809235 -0.17127972928854263 -0.19484704977951184 267 153 408
49 0.9581847258336642 0.5485347764763738 -0.13351980736320268 0.10984933119378981 550 456 153
50 0.6224597112316925 -0.03260736823589908 -0.0828889328702287 -0.5573978847928096 347 29 507
51 0.6457703501905586 0.9469889223153902 -0.4045551046938378 -0.2096945464491462 507 297 531
52 0.3389179845170223 0.27289066392093575 0.2612000754576016 -0.4077589134399151 113 82 572
53 0.5091509721112154 0.8635920934001945 0.4218915793108291 0.008172761772895498 121 304 460
54 0.2212032599386503 0.6034556040983082 -0.21468624378240264 -0.13411646862526716 524 125 471
55 0.4712338466147315 0.3732304404871185 -0.049067429980231836 -0.13816392613330564 207 473 497
56 0.01757426823237878 0.7293844818534645 -0.4138675214170051 0.20008948612565414 122 388 522
57 0.8513193000662114 0.2784281151763804 -0.15069391533228949 0.25626815565449323 236 10 262
58 0.5069433228185448 0.3315215783184312 -0.003886545946185649 -0.024748444960032145 473 96 486
59 0.48899566624884233 0.28212633284966915 -0.025703172923385864 -0.13040274901565674 173 181 96
60 0.9911865759246963 0.5792795139935912 0.1425565353263547 0.023830937223578985 265 408 219
61 0.02382934312424012 0.5639526294345172 0.01015121944836217 0.12807637589373755 219 581 462
62 0.4795296703216545 0.4071688408017278 0.022434484131528265 0.31182035287180554 233 497 421
63 0.5421012457296113 0.44247823686043075 0.04778740805844173 0.29506553381186684 421 338 3
64 0.28081878286832795 0.7621778575278244 -0.23271748278430593 0.3941422205971934 598 252 1
65 0.34706785854002425 0.6261577802805055 0.10858977328442876 -0.06495041587895045 117 308 476
66 0.2575100277687166 0.6444121071088527 -0.08389388628238237 -0.03174463747424028 159 471 117
67 0.38201093256619745 0.6579151679099914 0.21441383737941244 -0.032189621801403945 476 332 311
68 0.3832103564240842 0.7144138421472286 0.25311305967834485 0.3309420060909618 108 311 63
69 0.24962966428721353 0.028820341700928565 0.2988672455350727 0.3303326140402518 124 403 334
70 0.6759831827990466 0.3579624644902594 -0.03203573170629248 -0.02540912688586694 90 120 294
71 0.6681110496227074 0.4374045426812319 0.16398906711734274 0.23143589093777006 42 343 229
72 0.6497174328522444 0.3926488109592908 -0.008270181761638185 0.0016580355144402148 202 90 343
73 0.579837134800086 0.18709150333751848 -0.19403129034034627 -0.2688792806460061 318 503 146
74 0.5573709117846353 0.17511238743599045 0.24776128752790338 -0.03239992232839661 250 14 503
75 0.56325222558366 0.15237291245173434 0.22451909680379356 -0.10919788519594964 14 448 290
76 0.5493181183131637 0.011012874959250584 0.17873668343992843 -0.3872591428089045 337 552 192
77 0.5549521071002592 0.0872985063330567 0.15978971444619017 0.3096558075926792 523 192 116
78 0.5694934841734632 0.15101673999117066 -0.021114836094848766 -0.04673296949073147 290 329 230
79 0.5817439798535533 0.10370196389622813 -0.12435738758198589 0.24396671696735872 329 116 203
80 0.6410979844260941 0.16737556834948747 0.06451557153092091 0.1549650805246494 83 392 506
81 0.5909164782289222 0.17257906132508982 -0.31730225079351637 -0.017391311654679775 146 230 83
82 0.7047448489309834 0.18498999783190967 -0.32082836318170216 0.2829702708262438 222 204 574
83 0.6486200448936927 0.1565546068329574 -0.04575753213831302 0.34287290593543185 392 484 204
84 0.757898781600334 0.17549780040823718 -0.3416992848392919 0.31106464834507186 200 574 407
85 0.7787799756997419 0.14080831666946012 -0.16733881710861986 -0.07435824629642429 407 123 243
86 0.6242869608763416 0.09492148122826527 -0.11109767689143624 0.26693446897319006 203 8 484
87 0.8267954932581951 0.06528895129174693 -0.4690572433935225 -0.11976923515455429 106 61 165
88 0.8167917444752725 0.07647761109414862 -0.05563325095742089 -0.6143191611657217 269 12 106
89 0.7923846969889192 0.03700856462279409 1.1771915005504354 -0.9969584257641696 239 434 61
90 0.7921875862976057 0.03719331254228116 -1.1332699583198629 1.1686567767763694 344 239 12
91 0.6318084306260283 0.26748236008196796 0.2756837473583129 0.11847500376582776 26 101 364
92 0.6507463828924901 0.3042010978772265 -0.13307270632645363 -0.13087357239593977 562 380 120
93 0.6378853682552393 0.3024527870536865 0.17315099267584122 -0.08744323581194591 103 364 562
94 0.428720521510898 0.10047907754569614 -0.19679107787773376 -0.07197814427817306 126 590 328
95 0.3605992780045024 0.1255215285761487 0.047565398841875606 -0.06691777861000947 478 383 126
96 0.9882070895988323 0.1276750735438481 0.2898840119336388 0.18151718565728725 370 295 504
97 0.984264164522466 0.08790193604633513 0.25834455547046886 0.025215868282302267 561 133 295
98 0.8966422388961426 0.7103549917562978 0.1890904530177373 -0.10813479556226469 455 402 375
99 0.8862153245394151 0.812299591382361 -0.14181471760799091 -0.16486901427414935 19 568 371
100 0.9286833489282141 0.7334178159637734 0.02163426868206919 -0.3538714959949729 176 375 510
101 0.9350864948484815 0.7691891982121902 0.07259096310163748 -0.3760337395630753 568 176 576
102 0.9138890423479662 0.6099477143682233 0.18397420018618701 -0.3579440647339229 77 505 350
103 0.9138822942118532 0.6099485665274722 -0.21916347594163818 -0.2700789148232666 350 430 56
104 0.880067986416283 0.905464929895146 0.23601519801019766 0.115942510800493 251 221 511
105 0.8782615390299457 0.9151460127957258 0.282969831247315 -0.13049241305573833 284 511 438
106 0.8907679501945382 0.9193911066161116 0.09110462766137584 -0.21188767754254378 438 588 89
107 0.8920317113881872 0.9048438000582006 0.026625731654184026 0.13316424716386388 235 221 468
108 0.8959204924379602 0.9126712633266337 -0.05521032051675201 -0.04337373654683674 588 235 34
109 0.06175833205446517 0.9388128041627648 -0.19587414398780645 0.3486563059096337 469 261 439
110 0.07364715795719427 0.49170415089101016 -0.2282050239749145 -0.4100303360732305 57 53 340
111 0.07129273691364936 0.5224030965801167 -0.27257327749052873 -0.010484052515025155 128 340 68
112 0.03809832902259435 0.3474573435582541 -0.1537480441571315 0.35574773613045174 194 480 196
113 0.12452763352830144 0.35719715209561725 0.040806080736643935 -0.11222409529443311 97 275 286
114 0.3643679167557577 0.5796338632183596 0.18336735706225848 -0.17013723485614918 308 179 527
115 0.3824626896058427 0.2525260002085547 0.14188660940606113 -0.3052176275608609 572 444 173
116 0.268163041734632 0.4378778085375753 -0.3191927146206641 0.3202718638906088 205 405 475
117 0.23894079936914303 0.5326228852900144 -0.5303400399392366 -0.04198715819470067 585 75 164
118 0.11954323446030085 0.3342127702157451 0.049915229588526344 0.027103035787900964 535 485 275
119 0.9725301005200917 0.4306730163344615 0.14019716013113914 -0.10777370315628865 211 390 366
120 0.3861337834933757 0.20898727073828188 0.06553717984969509 0.014792413127739934 444 220 162
121 0.16995563265665536 0.9081414622197959 -0.1538711276449778 -0.5564763677634588 395 449 232
122 0.6206441463155835 0.46974725603463136 -0.006457528956005376 -0.16116634277141273 515 433 367
123 0.4470873282462857 0.4993804880530697 -0.12021548062568499 0.17744075306302953 382 592 238
124 0.3109426504353096 0.9485259175489458 0.23769992224531578 0.15835841180034116 242 528 54
125 0.4588954903932576 0.908788689569112 0.06790654427657472 0.33736998125699635 87 121 118
126 0.37539158691324553 0.7749406617301466 -0.23832173283444558 -0.31585450054050224 240 92 333
127 0.4102363941656486 0.7474169439546406 -0.006651920333999861 -0.3666225843745874 333 256 520
128 0.35358868707571506 0.7558548008004063 0.39651235524129635 0.1928724284450123 73 108 92
129 0.4058581359515919 0.7281069127576736 0.36614784815203194 0.4615652148681759 63 170 256
130 0.6033125828916084 0.9365067184874767 0.34899292622458944 0.13025315236114832 577 279 29
131 0.5548270049515452 0.8787917159848837 0.1463290141834328 -0.08560510286748091 460 285 217
132 0.5768350169033932 0.9328472952536084 0.18913552321531135 0.11630006957474848 420 217 577
133 0.567200930334879 0.7133805836449463 0.12503266061392182 0.33420438187714563 587 336 107
134 0.6558549906184217 0.7597336963553765 0.04308016443577145 0.11257486748350587 320 559 247
135 0.6174845587302209 0.758533584504424 -0.4549933367570258 0.06718831185859031 215 107 320
136 0.31220231892604744 0.8053947310109215 0.007181988684323848 -0.3286723969375682 381 5 184
137 0.31601011797509315 0.9064335410396414 0.3837876155074406 1.49216081287779 391 354 80
138 0.505157827514418 0.787146645606287 0.3302623206163924 -0.21753556039838529 401 166 72
139 0.4569159933346746 0.7468773103186428 -0.13298998811916984 -0.34236681580035455 520 411 401
140 0.5285349021065964 0.7720358050908811 -0.06301713213752169 -0.039063670700945075 166 537 248
141 0.5225355479619068 0.7279900865737643 0.27711431066501646 0.3732093023511851 322 540 537
142 0.7049097228614444 0.8605217466243713 -0.03020455066615746 -0.30877973858367547 426 180 141
143 0.6659736709025814 0.8526029898147507 0.3085772228017536 -0.2848687778722603 300 358 426
144 0.7169612062454868 0.8306585270800445 -0.2321765127377695 0.22425036966255973 180 554 85
145 0.6756529302031379 0.8044138389727374 0.24212842425486159 0.6025804778764243 358 247 554
146 0.6300257134107679 0.8731582884216278 -0.07128303503023403 -0.07697963724795365 110 419 300
147 0.8024907617278927 0.8938986260081763 0.002224850685628166 -0.3751454914074914 293 483 316
148 0.8106603252377705 0.9359476298780975 0.1721520821729161 0.20834883089626555 245 316 459
149 0.7873189890736996 0.9698102109700418 0.2295087741382984 0.17663022780500803 445 245 257
150 0.759985343619189 0.976207141412516 0.4618042701715064 0.1084036051895998 412 445 174
151 0.7146522672745288 0.939676942180392 0.08440056847858202 -0.22085304487995394 531 330 412
152 0.7925640295749736 0.8749351952623953 -0.023579557230368753 0.49423740083182066 580 327 458
153 0.7877950518355077 0.8834878036178545 0.32011139468324235 -0.11066416203547869 140 580 293
154 0.7288575176725148 0.8945534776236528 0.10714165249448016 -0.048354561327235146 330 141 140
155 0.31308215635225084 0.7708839294549495 -0.053466026050941196 0.3912093086977375 5 1 73
156 0.28718373063631636 0.813541448484653 -0.13071922468077535 -0.2886349072944716 594 142 381
157 0.5602037924369889 0.7862355770771521 -0.1491570315176327 -0.03518619562381531 93 248 429
158 0.21267962552511077 0.47946719274391125 -0.007339873153711096 0.17772097751778126 231 205 498
159 0.17508296129464113 0.4714737575740886 -0.25838807499872773 0.10766894233821267 47 259 231
160 0.28875415824798883 0.5210286659436555 0.2414759947555467 -0.2540539736917147 164 363 289
161 0.30535873908016675 0.4734080453927773 -0.06946350092351672 0.43750717493296065 363 475 331
162 0.3566564899129975 0.4830150157299694 0.394730784170072 0.47964478153139645 331 369 249
163 0.8337409094518269 0.28377953328499494 -0.1506647556714924 0.24602332879264388 490 406 236
164 0.7394244792630471 0.27270392763340395 0.02895083062171011 0.006058077650639149 512 58 418
165 0.7676331511923188 0.25131794354576037 -0.0260068439006389 0.052723141824584374 58 200 406
166 0.913394656467435 0.341405956949003 0.19729326436457306 0.20453418056454176 409 51 172
167 0.8758898077014465 0.3282045089996952 -0.3097073306146392 0.02136926816054263 464 262 409
168 0.9350052199299724 0.42888724044808785 0.14575782872339182 -0.13352989131076853 345 172 211
169 0.3503973213485762 0.180631596859084 0.07449723407604303 0.09256664046386476 270 478 220
170 0.8266589701189155 0.7280789613034093 0.013773435864061767 0.09393885738728791 91 74 455
171 0.8434006668099227 0.6350558684959784 0.1084636908066372 -0.1952717335051979 31 302 201
172 0.9938891105046296 0.6159207306768428 0.1359453691111845 0.5038323118086718 241 265 526
173 0.9910268303574904 0.6203656502784678 0.3649805129131434 0.1432458531999692 136 241 509
174 0.4424371468347754 0.5798241610023189 0.593751651587393 -0.1282236550024054 298 376 398
175 0.44586450096002805 0.6333055219586294 -0.13623542433061075 -0.13212198349266124 332 398 255
176 0.21879620459601848 0.9419545447804907 0.07195588222486116 -0.2077156863178331 427 15 525
177 0.1928487531783104 0.7041828277742019 0.20531943853430157 0.2109286946494482 99 129 41
178 0.24024704683307813 0.6839173429832553 -0.2864092553400699 0.4494194905113602 129 159 325
179 0.2515829041981269 0.7312983102198283 -0.25118357116493684 0.4619327368532433 40 325 252
180 0.058606956092039156 0.08805755531602151 -0.2952481932549933 -0.018944089352768145 209 599 425
181 0.10573813339645972 0.08977849271568215 0.22138979122177105 -0.0024166384171575572 425 400 171
182 0.6728658779101716 0.2241055901080236 0.10836079204074034 0.03635438963756066 16 506 584
183 0.6576947757528255 0.2585581411262091 0.12298078805317303 0.15737798130660563 101 16 465
184 0.6870372547881176 0.22401669262022333 -0.22286074305433168 0.02694125738472719 584 222 352
185 0.6997395400866716 0.25653819380095083 -0.3663238427875637 -0.18285478131652155 313 352 512
186 0.6674203368540979 0.2694691325692653 -0.16969850247239293 -0.21657490228282894 380 465 313
187 0.3058589852128668 0.11057525873049127 -0.18230057463597404 -0.00691598792124104 223 62 477
188 0.3402508222910517 0.10528645507004912 -0.09125536507004206 -0.12515532776813387 477 564 383
189 0.9263991909065596 0.041395577542443954 0.06676103524172472 -0.10581825832245428 165 454 561
190 0.7479772249723944 0.7278967835266035 -0.11735114373301325 -0.2670753146416516 492 417 365
191 0.789284573830177 0.7811512084357766 -0.0647623409760767 -0.1625221741907712 11 365 348
192 0.8180647708798965 0.7726218299613034 0.09502986036968863 -0.19470095882767602 348 91 19
193 0.4876321305862603 0.7066963313260342 0.003340296789167141 0.1209329768270262 541 567 322
194 0.45876380903616953 0.7282981729169293 -0.29873361076515614 0.3922580368159734 411 170 541
195 0.05291575810927271 0.006443921211771807 -0.1337041949378559 -0.1065580880477146 482 227 65
196 0.08513890251412778 0.9872501313804084 -0.3424865675782929 -0.0810412931206983 65 439 228
197 0.11817332529417224 0.9979403752631347 0.005960777704761 -0.02009682628645315 228 596 45
198 0.027437687391370865 0.954148308722687 -0.07863722268296701 -0.2885318188148786 360 303 299
199 1.02733003012531 0.9540316513154121 0.8785506070037308 0.13920082332901512 213 553 360
200 0.027564278260870254 0.9540269188940352 -0.8265290707171364 0.32008049463943394 303 553 469
201 0.25068235665732364 0.9799960623218693 0.3268355835972514 0.09750606676239837 403 525 27
202 0.21965242253571562 0.5197451301871862 0.01902540434223221 0.3366221435277539 157 498 75
203 0.0893393207499579 0.4721940006476397 -0.3235208876836704 -0.22725417190422315 53 102 396
204 0.2280731586747305 0.5445781089032569 -0.14635360735815173 -0.4576916127346786 125 2 585
205 0.21225683707681398 0.528574189256768 0.3453827588512093 -0.07367522824458517 575 157 2
206 0.17908428066504745 0.5279724142648344 0.16578529868360725 -0.11567441726700878 214 100 575
207 0.13302926034566986 0.724068178889596 -0.03911607530937555 0.35105681382707754 410 414 339
208 0.1496120563350866 0.7753069334624842 -0.09837653747180042 0.057619043390688685 0 339 296
209 0.0854038789084672 0.39376602871840505 0.08335615808707786 -0.11290793161533585 461 97 547
210 0.043121290846890384 0.3757366391698481 -0.19081021797318076 -0.2405071988786922 131 194 461
211 0.08246914516903205 0.46443875707332455 0.14345057572362485 0.3111250628656803 17 361 102
212 0.05766688567354033 0.4788028025935656 0.6445552185735393 0.16149998005587918 154 17 57
213 0.18375902489716972 0.31278181032836644 -0.4044382318629802 0.011825005558074864 28 543 288
214 0.2541916000978404 0.38188518619280726 -0.45542067270143427 0.11431037227893626 521 206 405
215 0.16841259621498472 0.3903827768464617 0.15549213652765737 -0.025462965069777965 152 487 521
216 0.15227828546650454 0.36233643955975947 0.051980242332660964 -0.159237794131184 286 28 487
217 0.06630735403816866 0.3157407469422718 0.08303007309473642 0.0947398520745324 196 186 535
218 0.16358255056106238 0.29920413626674736 -0.13969033187122282 0.19817501771546286 485 253 543
219 0.22128648786436902 0.06864092074926977 0.14476657858586428 0.3363904294007014 529 124 60
220 0.4134258153026338 0.5689891683672695 0.5890537481401115 -0.2175867493126038 527 291 160
221 0.4423481189299873 0.5795756148180382 -0.7472260774338984 -0.39583719939331935 7 542 119
222 0.42167166238025977 0.558784231822137 -0.04432779351914995 0.4942468283600232 291 138 542
223 0.3515556681430979 0.5538720899516121 0.09920046173395036 -0.4099209433700013 289 263 179
224 0.24450769183396048 0.8438946945756562 -0.23007361894008918 0.08112495380866759 71 22 579
225 0.2442976161049796 0.8441827811940269 0.0855225192422128 -0.35155539166082694 453 71 144
226 0.7825727528061189 0.34278402541794384 -0.2252851322159799 0.09588377869462761 112 431 145
227 0.7469643419429878 0.31978254127571254 0.04402249675905523 0.3255739025598281 341 418 431
228 0.15170686369175804 0.4364080104768977 -0.03210501170469726 0.26439113398613046 115 152 259
229 0.8239230266527551 0.32965823648985176 0.058303349995125764 -0.07803075581513941 145 490 306
230 0.9954247528839268 0.3936637937909973 0.37441437450436155 -0.5008610366730171 390 423 131
231 0.9281400305805979 0.5555552580346027 0.1343202044382097 -0.02992332891887939 582 301 321
232 0.9334433017305165 0.5645445027533398 0.04727820513555914 -0.20587949817185702 178 321 267
233 0.101725472418271 0.5895163798616381 0.10368204871047393 -0.058220522500262994 309 94 450
234 0.15284063709166273 0.640422206640658 0.02987160657719201 -0.5231488367507531 450 314 224
235 0.9712523752598818 0.9279787409602319 -0.12426697743733728 -0.2543147824274339 18 226 213
236 0.2449194452028171 0.10750337382011708 -0.11265470587634718 0.28884895898750873 198 60 378
237 0.3539084849503593 0.987769391348243 0.08224335275308636 -0.18372046280135113 158 397 148
238 0.3801140402555522 -0.006396659737295422 -0.48545521595666496 -0.32265444933898824 148 151 474
239 0.013375735402267708 0.1368375503901843 -0.3026585232435153 -0.0764636617911485 504 209 310
240 0.0112059158459406 0.18720995767948637 -0.37631979511731917 0.27472645165727005 35 310 502
241 0.13360693258669842 0.12807702728790687 0.21191227592143314 -0.1355845311024062 472 171 287
242 0.12831737717798725 0.1632602597908304 0.12648767033773822 0.3770727882712599 312 472 185
243 0.8838497980727081 0.46077647284335554 -0.030300158909701835 0.17596429383037737 319 368 33
244 0.9103470930450219 0.4606437785155595 -0.06597148313747248 0.16231035612768174 33 345 335
245 0.43691883835532885 0.4623873159731673 -0.09273138368293132 0.42126067981151927 369 233 592
246 0.23173550320321773 0.7512097059294949 0.2642573458666586 -0.049837491425397396 189 40 208
247 0.19142902000788836 0.8507075771006668 -0.07012507102777121 0.07780345465113747 372 532 449
248 0.2418423489186281 0.8428812562868778 0.6389110352757188 -0.04644093800926924 532 565 453
249 0.26797266151069826 0.3376928650104807 -0.3442998490477134 -0.2982977035520529 206 424 273
250 0.41771019478738663 0.5261617955889879 -0.1314159572829432 0.1837814463112597 138 199 382
251 0.31586736830293266 0.9063596580117238 -1.3382949040914691 -0.29099621781089385 528 413 391
252 0.3159721989062816 0.9062595134853139 1.097657496991998 -0.821595047822022 147 354 413
253 0.2678884106639421 0.8448689566344467 -0.35840154559430015 0.1002474367406414 546 579 594
254 0.2701505741238841 0.8641712147878915 -0.3596168918207354 -0.10709586863166809 187 546 147
255 0.6241830363420146 0.9215352190503023 -0.04600472988669502 0.3527930132057877 279 110 297
256 0.5894269820296223 0.8452180783920107 0.05164455523388317 -0.3417300462353265 285 52 76
257 0.5900362644377868 0.8451777542583799 -0.4668796768571466 -0.3200852945325558 76 555 419
258 0.5725055418520033 0.7763619132388737 -0.1704205873642728 0.0011486357004431014 429 183 435
259 0.5927108954934481 0.7830887787117968 -0.332725026350178 -0.024125656680751284 441 435 215
260 0.5875829614695611 0.8371195864420143 -0.5442871577949386 0.3377809734689393 324 441 555
261 0.5597437143237545 0.814188840221816 -0.15172132578067377 -0.018807260956932303 67 93 569
262 0.5875568815710996 0.8371301049975367 0.38414704961399654 -0.03932297571330318 52 569 324
263 0.2539201204715473 0.867619377531855 0.1713397597413735 -0.2287863527100642 15 144 187
264 0.12168662424646307 0.8749280769095499 0.34204055560094204 -0.07667095985874894 212 457 395
265 0.1510180922691805 0.8230262506074362 0.18951375971992812 -0.20869503156856206 457 274 589
266 0.07757128239596055 0.8852052747572248 -0.07509673299876951 0.08982077512320608 261 578 212
267 0.3121196233080968 0.20014428134672008 0.41987993845693516 -0.09283066537690843 244 270 82
268 0.4867797683326085 0.5590697473120086 -0.012808185068102773 -0.027658559470511435 105 156 323
269 0.4889969002835515 0.5215642857663313 -0.028958420383862205 0.12410398125828337 238 326 156
270 0.2795382906103667 0.9760373886936851 0.5802318982922605 0.051641450490858 27 242 533
271 0.9135031483516866 0.6083202367090988 0.6053423287860713 0.07939433074193904 516 277 505
272 0.8816225071594872 0.5696416183854555 0.22033354134254335 -0.18714075636361294 225 254 516
273 0.9136600019195937 0.6083009942922747 -0.46583353975442054 0.1992917566270933 277 178 430
274 0.763999942916858 0.025975167188712782 0.45262006052870785 0.059886265391106974 44 373 344
275 0.7172739122042379 0.06660231012589697 0.3933547085277489 0.08804237963677686 489 44 123
276 0.10980408556297772 0.5699933617957884 -0.012220542633389897 0.10706123799997247 94 68 353
277 0.05149166670004599 0.8633344895928112 0.010782854470425818 0.18004097587787093 150 374 578
278 0.05608875329418972 0.8127641636681512 0.07791535194812127 -0.2973381194038005 563 175 374
279 0.25388499013906474 0.7856058609146611 0.2631710661893383 0.05337328651960904 32 208 544
280 0.2676291545104502 0.7843982444648807 0.07168124410011911 0.058132018469769786 544 598 142
281 0.6869071332985627 0.7221986561002205 0.22644741359822973 -0.12771377948250784 559 463 492
282 0.0037155622610225507 0.7655268364616232 0.14507225247484268 -0.46932359595852624 576 495 234
283 0.021819078083282213 0.7745509663971097 -0.32055773382944075 -0.6972380051789573 234 122 563
284 0.23266583543365496 0.1263375772432034 0.2446849084458691 -0.3571444496044962 389 198 59
285 0.18178456996746614 0.11210418915632657 0.8717314029291602 -1.383060659800191 216 169 389
286 0.373254670857955 0.5200797765327865 0.041877187134664595 0.06445969799595552 263 249 199
287 0.281950016195367 0.3255638893981234 -0.2303631313482768 -0.3960166552324784 273 356 84
288 0.32464483873749567 0.31845691082033933 0.2492917046403864 -0.4402257183788727 84 113 207
289 0.27187669364865574 0.17171140822230327 0.3070363463475445 -0.20708192244311974 442 223 244
290 0.25207557238488565 0.1734985079581455 0.2611493181425839 -0.17515330678896657 451 428 442
291 0.22701067922591625 0.2199857789819317 0.011841564014070105 0.3885794939290088 566 451 356
292 0.5387468473452595 0.4994345774474731 -0.0089734518426976 -0.059214136371998904 326 3 355
293 0.7970306425294508 0.7032336386131592 -0.11223499074564103 0.04739386869068163 501 139 74
294 0.7983328280956217 0.6673718009897801 -0.11797611013109055 -0.030778447845936086 466 31 139
295 0.7489175880129469 0.724482242699478 -0.19079971140360807 0.01765902337552694 417 351 501
296 0.6998798712762517 0.6927961829092546 0.2114559524007964 0.0035728923292177583 377 64 351
297 0.8403931630339817 0.5797835307750429 0.05799496646807789 -0.22932769502825856 302 37 570
298 0.17629129370833752 0.6084617522037571 -0.11907288974266628 -0.15764702321341417 314 20 524
299 0.15177084501151253 0.5683353558050984 0.08280106045255309 0.0644554902506922 353 214 20
300 0.6508371581013709 0.5835532902577543 -0.0031847809112139913 -0.04524613739231853 416 519 283
301 0.6584993652465485 0.45793467359187123 0.39684819146124095 -0.23343908507611477 367 42 268
302 0.6495013644692179 0.5576942715989455 -0.0035398788067464437 0.004230930883419859 519 538 488
303 0.4422182964055976 0.5797484929340416 -1.222881108761632 -0.13574139360147042 160 595 298
304 0.6136187006163728 0.6062796007199872 -0.03367610704185786 -0.09291971636571361 155 416 545
305 0.4425322597029197 0.5796299415873882 0.6426681679584872 0.01109974690489241 46 119 105
306 0.44235405901296676 0.5796966405237167 -2.6016166021757554 -0.8437472804608643 376 55 46
307 0.44245640008248405 0.5797221187645065 2.665224980473381 1.0118710303490654 595 7 55
308 0.5728314086676548 0.5780078387497913 0.2514357680394319 0.004494281335976069 177 305 155
309 0.537059441024715 0.5921721961605244 0.0054664571480511626 0.07804538890154866 556 323 177
310 0.20191858078232888 0.7456782255951067 0.02117650707567087 -0.13122400423226654 493 41 189
311 0.9832785588580906 0.6978675178573126 -0.1753946387433869 -0.18319995451210325 317 496 548
312 0.01291191906991081 0.7297401740699148 0.06741404448562527 0.16017052814273902 495 548 388
313 0.986788440308968 0.6732304822362065 -0.16569279663591896 0.14668599009060035 496 491 130
314 0.2422831016703278 0.13718296829405438 0.043375616466667655 -0.6777555017212222 59 271 428
315 0.1816620154272392 0.11223099655431441 0.6549547016629917 1.202024995861019 287 432 216
316 0.18162447161086698 0.1121033917084237 -1.4276303939936503 -0.23240835335055793 432 437 169
317 0.18447791335971034 0.08008199420793735 -0.04703099992786619 0.30174878151711937 437 394 529
318 0.2210085022805582 0.22246342541357314 -0.061072054878541504 0.4154077762330566 86 566 593
319 0.11313459815902942 0.7753426644530903 0.07770314391919442 -0.08637819903789534 175 479 266
320 0.13873103931234976 0.7853677634237773 0.11320657779256837 -0.09271675319860728 266 0 274
321 0.16583363960655456 0.48140266419365674 0.07253453948585786 -0.23980476701601638 9 47 100
322 0.12876667517643667 0.4616685666982499 -0.02725227404853925 -0.27042967552792785 396 586 9
323 0.12969345640734217 0.4452384958727126 -0.03723202683658666 0.20920747217934021 586 508 115
324 0.16036604911802999 0.6911302339527658 0.14252409599735394 0.1531263699172669 414 224 99
325 0.09548179110153147 0.42939023370969587 0.35233830903054225 -1.2709868976533814 109 357 508
326 0.09534855840511632 0.4294030502214164 -1.2559739780891805 0.589161306229608 278 547 357
327 0.09547313912420516 0.4295337811130885 1.1939610542241854 1.0745669516714793 361 278 109
328 0.1809545364260798 0.21415426068189786 -0.3701856238214063 0.2845748671431725 30 185 86
329 0.15378942644893676 0.24762256639275815 -0.16743155820120315 0.02873324286833956 530 30 253
330 0.2554061810847521 0.11086287849054159 -0.4695202789062325 0.22083790109095336 271 378 210
331 0.16218691514706265 0.8215790992623232 -0.2601903048918275 -0.16570964964796042 589 387 372
332 0.24288449746196447 0.8419451452735551 0.0877500901802497 0.45537783158015877 565 32 22
333 0.8485306283971565 0.3479879464197226 -0.07248764956335751 -0.1866937691247239 306 464 536
334 0.9580643583669357 0.31986836481585035 0.20880821863245025 0.18105261803680328 51 514 539
335 0.9939585177670077 0.352708094972654 0.2907353788272893 0.20595600919159907 423 539 480
336 0.16314662434234486 0.780042676335783 -0.21856662781732927 0.006038466948687926 296 493 387
337 1.0223081757391974 0.24951264166741938 0.2066479778961572 -0.22189124079807776 573 264 399
338 0.03778203748895527 0.21082272778447664 -0.24256114651566296 0.36026530335353524 264 494 36
339 0.2923449210285002 0.0961861885501478 -0.12046330113979486 0.10609707418174352 210 43 62
340 0.9101426664635994 -0.0075239630508536146 -0.13964688849732454 -0.4903433801356494 481 551 168
341 0.9151001265639049 -0.029453066773376738 -0.06265833511764907 -0.7371867425526313 551 89 557
342 0.9377823075844993 0.939299787820294 -0.161336668330625 -0.3645845327027164 557 95 18
343 0.2972048665283193 0.057413512591709015 -0.10602428518469154 -0.006450105727306976 43 334 21
344 0.3258315760657713 0.008543891782528772 0.009734583972242916 -0.16962109009033277 533 158 276
345 0.3266240602396966 0.04117072650151374 -0.04211289164612886 -0.0021603628608257708 21 276 246
346 0.3498593346231981 0.05510071832360829 -0.20149195679997067 -0.06760032082719913 564 246 446
347 0.3962147097702169 0.025692452169130704 -0.343686629503126 -0.04362421708592468 446 474 237
348 0.22050278136789953 0.3023205022667741 -0.15377508294500686 -0.12878082211731368 288 593 424
349 0.9840631241477685 0.2549688676507317 0.3823198223285029 -0.18457075208477836 514 135 573
350 0.9783769806836506 0.2315310384981304 0.3500690237689952 -0.3959160544547702 78 143 135
351 0.018319418761210307 0.19969677465542066 -0.40887883460960506 0.25071485495326007 143 502 494
352 0.843104436247762 0.4147160622241341 -0.23423768411023893 -0.03734855341663845 436 536 368
353 0.6033653460713744 0.5149138754305393 -0.20735440031671715 0.30452137304848304 81 515 440
354 0.09074932344842872 0.2362627082335494 -0.053757835336010196 0.00625674199949966 549 571 530
355 0.584212888025448 0.5484263363742267 0.3264014170056839 -0.31292569854790564 305 362 114
356 0.6993291860898407 0.6067912942678411 0.39553344939602386 0.13666566316128392 283 69 38
357 0.6839799437134767 0.7001913369236654 0.22288615050825022 -0.00911378611467839 463 161 377
358 0.8578765429258266 0.5662693511815333 0.0419925500622087 -0.2355966494810291 570 191 225
359 0.7229945166696428 0.5975971492476629 -0.2788268702730301 0.3878565739412476 98 69 39
360 0.7426998852731229 0.547138981348684 -0.26151404999841255 0.16280460105044803 39 583 48
361 0.7842350400052717 0.5358339373436111 0.31159592892016086 0.00668767680123139 48 195 37
362 0.7312589176346566 0.3963018650858779 -0.16382394052438798 -0.20540191977835853 132 443 470
363 0.7963520001353428 0.9807849945891894 -0.14445069758395324 -0.24802227788917053 393 257 422
364 0.7139715391088646 0.6440978648778828 0.27730027579719874 -0.3610506237733402 64 38 197
365 0.7689728927935624 0.008667716781531483 0.4561315979437208 0.039769311108162064 373 174 258
366 0.6136739520181238 0.5396825171786521 -0.44970801769961266 -0.1897482601598277 114 440 538
367 0.7022268529041393 0.5233932178712039 -0.3192797720652507 0.11207104896882036 488 342 583
368 0.7825914057631342 0.00924501698810114 -0.2364121707426614 0.0022492336118618006 258 393 434
369 1.0061197936820727 0.5110704391616541 0.13727758547965596 0.2735138112525126 456 188 149
370 0.7637332337393626 0.3951943134524874 0.053386959436574344 -0.2069719708119866 470 112 467
371 0.6817292080538875 0.467321769096429 -0.40191206751583053 -0.4183510475541663 268 315 342
372 0.832974856124554 0.9659122035877273 -0.03573299538206509 -0.29658671560350847 422 167 481
373 0.5337950732035163 0.6287067036728206 -0.009106903425815105 0.1349007933137969 415 556 127
374 0.7943881351070747 0.4252245174716227 0.41743367512614427 0.07781506342063871 467 436 4
375 0.4838265962026245 0.9819517597595029 -0.09867702835397729 -0.05363678598491184 282 118 597
376 0.42396260603087976 0.034887003470581775 -0.12763443600627422 0.02041758706550212 237 282 590
377 0.7344395312985265 0.6354098979693803 -0.315614454710067 -0.1191169936992642 197 98 466
378 0.8710039788280439 0.49326811018477035 -0.13243768755277774 0.500903325068025 346 385 319
379 0.8483503982555891 0.5063406511473555 0.042949739251230135 0.2877677755808161 191 534 385
380 0.8940813810953845 0.5518890400411336 0.05389255569587803 -0.0051264711226073345 254 346 582
381 0.8056683057940133 0.4976145551441462 0.3367645870500091 0.0839370802030448 195 4 534
382 0.6863924777236239 0.4421353343346657 -0.45050180530470385 0.017858515014013143 315 229 132
383 0.5771625661425196 0.5236212911346394 0.37594763205306414 0.11372261222997171 362 355 81
384 0.7128054517284472 0.3610219342033102 0.1048880940435204 0.03299267525846972 294 341 443
385 0.970130040168498 0.9146441927868525 -0.06284272841688976 0.3425104406692969 226 307 150
386 0.07905723897217004 0.20785025729489487 0.12459903629691294 0.32538192001885236 36 312 571
387 0.5340197235329114 0.9938408729963768 0.6010181876486831 0.09919610688413627 597 560 337
388 0.9315744083388865 0.02215358304387194 0.09422205168863051 -0.18800245041306063 454 168 104
389 1.0111032391028838 0.48040981254906123 0.22623244805286546 0.1624513638193159 366 154 188
390 0.030059651224346152 0.5312402382995166 0.026171745326486473 0.12883234687399714 149 128 581
391 0.057900076177913415 0.273907515719297 0.029491298292327883 -0.3386498130530935 399 549 186
392 0.5741607650022159 0.662011176490334 0.031478565587494955 0.005502864136586183 336 127 50
393 0.61087218897096 0.648336930276911 -0.056494401518003556 -0.07043291713748623 50 545 161
394 0.6418003537097753 0.06467117481713651 0.018566845283451983 0.013647258323423728 8 280 489
395 0.552148294328541 0.9855247117825492 0.03979815747789939 0.36292642745239245 560 420 500
396 0.6098481856020799 0.006300311377048593 -0.20528106783879174 -0.1864882595570272 513 347 280
397 0.5615795808989651 0.0008468816163394012 -0.3009180786495147 -0.10115853293912735 552 500 513
398 0.004818560809519281 0.6319948757442507 -0.0877529751988626 -0.300179014284252 272 509 499
399 0.0020746494031998576 0.6655640420066391 -0.06754791379015579 0.11919423538453433 130 272 24
