63
0 0.05278299037147171 0.6276860880271615 -0.19959690766499505 0.058774736293176755 111 66 359
1 0.045685734559932425 0.6272420014208806 -0.7768669562681352 0.006055603241073015 499 526 111
2 0.7838794175288838 0.8100432377341656 -0.26288759155668195 0.30883440180207167 85 11 327
3 0.8953571313644463 0.8227616050326193 -0.18951236352773848 0.6624607446804875 558 371 384
4 0.9138834621733594 0.858114405419085 -0.1517580061616286 0.6835852134345899 468 384 182
5 0.9460519167209003 0.8869678917338429 -0.49732158113879876 0.4785318127864535 386 182 307
6 0.9162099033819422 0.9202015854607684 0.26823545433429796 -0.19584673396910723 34 386 95
7 0.07216593214974104 0.6990294757501005 -0.2764381872716326 -0.2531129920241293 517 359 452
8 0.05459186080919216 0.7053152463865998 -0.450610581140265 -0.28591125092458647 522 24 517
9 0.07545211105612501 0.5919759513750461 -0.41552231169750264 0.06819219425246992 66 462 309
10 0.4071670548441113 0.004106543936484724 -0.386660872070399 -0.8515439711004325 163 404 151
11 0.3453674262460118 0.9710308992433399 0.11842440500453577 -0.11971688258782809 54 379 397
12 0.37345180000126854 0.949360636019507 0.08865104345057162 0.5290815605074606 379 193 163
13 0.8800088466746568 0.21684198713546748 -0.13518462807504683 0.04640471826244941 10 137 134
14 0.9177278550347666 0.21501480286948915 0.8011466786413818 -0.09578633871319686 591 35 78
15 0.9144421703053796 0.21329287075169595 0.3858676211020151 -0.30275515180804013 134 370 591
16 0.04698910780009849 0.061732908445487046 0.03669311035570111 -0.06985023878747221 133 482 599
17 0.1279923978137045 0.05180851724615794 0.06873060037770884 -0.041462367567079994 400 45 394
18 0.5809668955520818 0.4239833547452297 0.2824313879989937 0.08222757752474052 338 447 433
19 0.6204465951565521 0.3868886731371765 -0.2451667677899616 -0.02718216346453417 447 25 202
20 0.8105286613368163 0.140204173036866 0.007326053479139727 -0.03917611252762798 243 269 137
21 0.501531810610391 0.2736593843617514 0.20548782501961238 -0.38086243429880096 181 6 260
22 0.5974839007928767 0.34748154541497983 0.15275762391131487 -0.08616752728007882 486 103 25
23 0.5936864985824167 0.252363770380855 -0.022365529567247577 -0.35608658417729533 260 318 26
24 0.4875894067214127 0.2059671926153986 0.3005466625571884 -0.1522030820821918 349 250 6
25 0.541400932496639 0.0837151107236353 -0.3219494457487593 0.5626306471065434 448 23 523
26 0.45637612596928806 0.11766870572236707 0.26178102671692294 0.06284511765153322 328 23 190
27 0.46862739913340007 0.1903367925293323 -0.38189264424393077 -0.17841543138719107 162 190 349
28 0.9657440985482337 0.7138573136440374 -0.12681457932373075 -0.3468954141300218 510 70 317
29 0.8997685283384542 0.6768979816462212 0.19296967530835207 -0.03020890274041399 402 518 281
30 0.8847719693885777 0.6589376631033252 0.1843548973201603 -0.3519863140538648 201 77 518
31 0.9423219270425237 0.6657376384291913 0.020964292107850113 0.3188958014321841 281 88 70
32 0.9487903662508628 0.655937000604231 0.30397454588160233 -0.07123335601932901 88 49 491
33 0.9439449453767897 0.6222941259881694 0.08152056061444535 0.1938451070666869 56 136 49
34 0.8519635070697471 0.8762124792364212 0.08192208404700363 0.24467017613327702 218 558 251
35 0.8358725096912812 0.878212010359448 -0.4927952441946548 0.042162938071466094 483 458 218
36 0.8303270008749758 0.9407257427138028 0.21043468495518525 -0.015366548311579464 459 284 167
37 0.036786350643937746 0.9904099687081023 -0.2734835493484189 0.008018483967087153 104 299 227
38 0.10339000620359862 0.7116865792322722 0.08286659899936488 0.28184956243904047 452 410 479
39 0.18754193727706375 0.9506860404653138 -0.22869374944126108 -0.16376789898145394 596 232 427
40 0.3959934352838119 0.8899175632490715 -0.5943410758338374 0.4657769933635869 193 80 13
41 0.3814251287222972 0.8454679989384807 -0.3536126516601179 -0.3704618133093529 184 240 79
42 0.4152604674734919 0.8896301505150904 0.02057045627584797 0.5593401885758964 404 292 87
43 0.4026791782333602 0.8838463315834304 -0.3161647789060029 0.2142960248488479 13 79 292
44 0.542124313675568 0.7034538408090983 0.35342250671172026 0.4392765545410682 540 587 183
45 0.4870170918892027 0.8542798888188811 0.5524109961130286 -0.5383386592408557 304 72 67
46 0.4808997070643425 0.6610580191597388 0.12807618958443623 -0.25142844334302694 255 415 567
47 0.9320402413517721 0.5382875322847719 0.3154609368866135 0.1794838756785655 301 335 550
48 0.9753244275416235 0.5745434442798979 -0.43820232043662033 -0.46056545747324984 267 153 408
49 0.9696139054752336 0.5491937037322927 -0.34281428321070173 -0.22133642037236445 550 456 153
50 0.6307233922884607 0.001773628598778743 -0.2482515016472009 -0.6836954363764747 347 29 507
51 0.6612360435167322 0.9601231849975003 -0.06883599107387894 -0.2263583223638399 507 297 531
52 0.3257198176200063 0.2975498513740962 0.16720386880608729 -0.4958849442182611 113 82 572
53 0.48447974399526517 0.863863103540565 0.4256539717917285 -0.029928918891808376 121 304 460
54 0.236245012718163 0.6109330809274873 -0.37672555283640996 -0.15349934309738522 524 125 471
55 0.4772120559425732 0.38094803478271033 -0.21296512470181383 -0.1809433137177352 207 473 497
56 0.04411029938695658 0.7169984385166881 -0.4322063245493224 0.2573838645686388 122 388 522
57 0.8561459398634357 0.26318847886404395 0.042190908058903354 0.28437996419522493 236 10 262
58 0.5006091848044479 0.330210262131337 0.41693537303211237 0.09555735647204244 473 96 486
59 0.49369049309772295 0.2850235363034974 -0.2774170570346568 0.058732195669375376 173 181 96
60 0.9820113460778848 0.5799893322487187 0.17572552839933975 -0.06042140537898533 265 408 219
61 0.024270795314043414 0.5600116062687212 -0.14618849811243173 -0.03936196854570362 219 581 462
62 0.4792390101818087 0.38643148847552344 0.00657353459859733 0.4733599147203893 233 497 421
63 0.5329019280034867 0.4207368815585122 0.3296112431605547 0.5141493855664869 421 338 3
64 0.30071028682144435 0.744088800261161 -0.5186775630522389 0.17663920430510682 598 252 1
65 0.34415709586038773 0.6280059461444657 -0.0611987301113448 0.039558680636764265 117 308 476
66 0.26070491705059895 0.6486792273627319 0.012328536108663357 -0.1704997788787299 159 471 117
67 0.36662044017588435 0.6545229012232028 0.3867159564796552 0.15370510697554352 476 332 311
68 0.36821169657680636 0.6992760900156628 0.23207551436144058 0.20018678052041716 108 311 63
69 0.23094483166691646 0.0043714808156316565 0.3764182004289962 0.5537014836215493 124 403 334
70 0.6785092940224762 0.36376419436188756 -0.12342334029802338 -0.2071688376403813 90 120 294
71 0.6581544082641324 0.41887932495418184 0.2090099929935585 0.45765738247716126 42 343 229
72 0.6509770511642601 0.3916020449372349 -0.030652107241291304 0.10446036466382758 202 90 343
73 0.5957199999658335 0.2045949340501597 -0.4615317177047995 -0.3408403496940604 318 503 146
74 0.5402696808571281 0.1760377516994698 0.39529436087273884 0.025213749664521057 250 14 503
75 0.5430179887747575 0.16923631102345238 0.5224736195769131 -0.47443725267881653 14 448 290
76 0.5256862493510079 0.023325185906734058 0.7714517261114828 -0.11678047071028708 337 552 192
77 0.5465222230606722 0.07667749500476538 0.03805287820957126 0.005426999301338942 523 192 116
78 0.5536112054521862 0.16459255832220035 0.5626913258255373 -0.5031205571950914 290 329 230
79 0.5978767775997994 0.08337746892337164 -0.4834850048096584 0.5903468852652693 329 116 203
80 0.6406763812681705 0.148264119107942 -0.02938060003621068 0.5991590388762513 83 392 506
81 0.6179713490951542 0.1629580747351116 -0.6321649405338636 0.3638748143075521 146 230 83
82 0.7245823085683758 0.16714587192183267 -0.41177740106590477 0.3689661062789007 222 204 574
83 0.6453375046799328 0.13942530166768127 0.26291378466686277 0.23825688956480295 392 484 204
84 0.7844669399342394 0.15524073368062494 -0.588692974923255 0.41359793402639955 200 574 407
85 0.7957774335311851 0.14269543951012734 -0.48405673185036857 -0.025858656708954708 407 123 243
86 0.6317121330494627 0.07789297008667215 -0.19474988774415003 0.31912534767530865 203 8 484
87 0.851958095679592 0.07917841941997018 -0.41989731483504933 -0.5341905542910474 106 61 165
88 0.819845608954641 0.11265480699060575 -0.16556840828907404 -0.6184545726234392 269 12 106
89 0.8037177551267953 0.017027033771695017 -0.2562763013955194 0.5490297848298464 239 434 61
90 0.777425284904216 0.04586755127093125 0.3596049423515435 -0.4218466770344875 344 239 12
91 0.6120539964441748 0.2608317474852199 0.44570101637164683 0.06323609968994504 26 101 364
92 0.6533475755842024 0.3092895969586282 0.20579480619620227 -0.022842558400348878 562 380 120
93 0.6332633898846509 0.3037186793971708 -0.11404538979853385 0.14668266948292263 103 364 562
94 0.44231974820648 0.10837765540586482 -0.3316576041578756 -0.18972305670938994 126 590 328
95 0.35541672036490185 0.12980811229343767 0.16106627247214345 -0.0747732958883418 478 383 126
96 0.972081779354524 0.11217733289700937 0.20584558675651454 0.44383272924941597 370 295 504
97 0.9689594294910755 0.08671401520068568 0.35486092779535294 -0.006147447134674522 561 133 295
98 0.8942167028242193 0.7180797684362132 -0.2291180148383809 -0.17629851259415297 455 402 375
99 0.8952510015230385 0.8181990226313501 -0.19950144253613744 -0.05089922918907752 19 568 371
100 0.9265560794467795 0.7571103963516768 0.06845921572684599 -0.512205948835498 176 375 510
101 0.927582010397365 0.7865064302260802 0.24156911609951592 -0.15560259782054775 568 176 576
102 0.8985967961320782 0.6355655350540734 0.36001873253421746 -0.49467909317424397 77 505 350
103 0.9383513508852458 0.6203442627437874 -0.6324017890954603 -0.07948358100168251 350 430 56
104 0.8656400248573812 0.903711147805905 0.40962331686322795 -0.2216522076992078 251 221 511
105 0.8638590978606995 0.9224065650333504 0.16317536523369203 -0.1966584093487933 284 511 438
106 0.8833310291389257 0.9289930552550472 0.1843435896986545 -0.07907420725150605 438 588 89
107 0.8970817558930707 0.8930827659210127 -0.45378591717604166 0.41751843024573354 235 221 468
108 0.8984891956142709 0.9150387675519013 0.16308777418816423 -0.04015204072005396 588 235 34
109 0.0716083240305213 0.9113062138559309 -0.09947633619611373 0.6675776181852555 469 261 439
110 0.09307766759297313 0.5139754064262405 -0.4986903390236108 -0.44480479056974165 57 53 340
111 0.09311387880588863 0.5313602361366054 -0.5612547777228416 -0.30659803931798457 128 340 68
112 0.051577162585005214 0.32070386739538365 -0.31123953483924716 0.6463680771173763 194 480 196
113 0.12295313550006055 0.3607591796908614 -0.08687552344177618 0.09787242440106869 97 275 286
114 0.35462694741111017 0.5897647886241634 0.18525217427775575 -0.16785207824360215 308 179 527
115 0.3704229967357427 0.27179761461132074 0.301379901590515 -0.37911909583909775 572 444 173
116 0.2875354343018227 0.41898544541137306 -0.39755552669329397 0.3733404224659509 205 405 475
117 0.26897474524387777 0.5349551440414441 -0.5475326681630976 -0.04890350910682906 585 75 164
118 0.11764831671900589 0.33686093288527663 0.07265697904434987 -0.20272919384889398 535 485 275
119 0.9616443102711898 0.43706021811704177 0.26054366580874344 -0.10947935683014443 211 390 366
120 0.3821124711856475 0.20531778135162787 0.06313219530484915 0.15199512898300682 444 220 162
121 0.184950604356637 0.9440240547765948 -0.3983508760699306 -0.6798744840545712 395 449 232
122 0.6192993837534118 0.4820790730217629 0.01116820490254522 -0.2855431531847974 515 433 367
123 0.4531073073615567 0.4858748821613054 -0.03325570860357452 0.33733632276433667 382 592 238
124 0.29502875132970097 0.9429386088220475 0.31789596319914404 0.021427603962009822 242 528 54
125 0.45337970222399404 0.8887817008490726 0.15163298325293617 0.32526687523959374 87 121 118
126 0.3882328851167764 0.7931889776362797 -0.18340694518670375 -0.31502709746389357 240 92 333
127 0.4206763600330773 0.7626828779654061 -0.3431507133999645 -0.23293254755585302 333 256 520
128 0.32936133197392503 0.7464480528870712 0.46472980099604433 0.14853681305770916 73 108 92
129 0.3746259034850122 0.7023118976841276 0.7014803518438917 0.4231864090056825 63 170 256
130 0.5809593336897663 0.9264385719551778 0.444739740174116 0.2602749449992503 577 279 29
131 0.5412266442201813 0.8824684112308497 0.3947548510296883 -0.11739613031691576 460 285 217
132 0.5706617808669767 0.9252649084686536 -0.11565202684415965 0.12985214136590484 420 217 577
133 0.5491784275532823 0.6993923754143788 0.625769755110972 0.18269704273737863 587 336 107
134 0.6535123261769061 0.7529760998959488 -0.02017154100003582 0.062145337400426603 320 559 247
135 0.6484352661791188 0.7530086513315871 -0.7149057235089629 0.06931517261207776 215 107 320
136 0.3083039627255071 0.8263046700834874 0.1454445562251716 -0.39625219563910186 381 5 184
137 0.3518087013583408 0.8990397971701157 -0.7727763741416371 -0.06134733623874844 391 354 80
138 0.4839443064774411 0.7973691574872316 0.5227899557702642 -0.1682230167665555 401 166 72
139 0.46170566392377776 0.7576266006544364 -0.10660372445903121 0.079452397439006 520 411 401
140 0.5474203131978788 0.7778569181310174 -0.6164541932474066 -0.13702870435561287 166 537 248
141 0.4958898797449481 0.7063394098036729 0.66300493766977 0.3572426217693381 322 540 537
142 0.7062141474871191 0.8770250537534441 -0.009569175660195661 -0.26668838561116903 426 180 141
143 0.6511474488278113 0.8713281298078684 0.22808390003070667 -0.37987248763249326 300 358 426
144 0.7280474294666579 0.8186471024952959 -0.15900055161388593 0.18020398437346152 180 554 85
145 0.6606993304639083 0.7676345500502192 0.26505744821214705 0.7019231827720684 358 247 554
146 0.635886358053809 0.8804492729333837 -0.20068440624576578 -0.1808679168241456 110 419 300
147 0.8009422762657625 0.91711904815845 0.05312351001804383 -0.4820391856508177 293 483 316
148 0.801319829402945 0.9231658053382323 0.1258775481419172 0.2653187112719446 245 316 459
149 0.7686466818168761 0.9596738350083981 0.4888305225880796 0.23420541825358576 445 245 257
150 0.7367841690878485 0.9709360170438951 0.29490390511532905 0.027584859396689865 412 445 174
151 0.7136821656895633 0.952198394948647 -0.10797656345429285 -0.21503038481751613 531 330 412
152 0.7899923365256801 0.8458005173679668 0.3119283595309774 0.5321594616358727 580 327 458
153 0.7746066282693899 0.8885212291642886 0.01901254015335141 -0.11248064285540593 140 580 293
154 0.7198622360789275 0.8936415474021422 0.2565434541884626 0.12928036731418846 330 141 140
155 0.3172657122197293 0.7502336619465658 -0.10033497695877136 0.34667541840699423 5 1 73
156 0.29626570933919494 0.8306986945019569 -0.25920794087530563 -0.3436554144552184 594 142 381
157 0.573018371380659 0.7883854091055555 -0.3786471525213386 -0.050476226844120564 93 248 429
158 0.2123442542921734 0.4666033076012211 0.0004160879973902354 0.3130921397143105 231 205 498
159 0.19458616068918078 0.4640562396105079 -0.4372176641564973 0.1451977017785655 47 259 231
160 0.2752277847421031 0.5337853812608919 0.21158058785900047 -0.1945928277888309 164 363 289
161 0.30791752978872067 0.44959322809899904 0.025169715270334514 0.43888608997066925 363 475 331
162 0.32866261659100937 0.45705507033753245 0.5881767101145741 0.3881818620016242 331 369 249
163 0.8521551298159356 0.26455993301411895 -0.5135171423503726 0.47431254349486474 490 406 236
164 0.7372835281747578 0.2711902255246771 0.04324675305367176 0.054866453741420074 512 58 418
165 0.7553390246301879 0.2560239872728311 0.5091703083465182 -0.22998633275594926 58 200 406
166 0.9022118905090224 0.3285176350453909 0.2142150804830545 0.27394190709253974 409 51 172
167 0.8953344837260766 0.32599429213682296 -0.4289211221440714 0.04192163933700033 464 262 409
168 0.9271777533566097 0.43975466706838723 0.052335361218347476 -0.3662833026468748 345 172 211
169 0.34551401421893785 0.17293118791588588 0.09660186886528699 0.1702001928283181 270 478 220
170 0.8221693873060381 0.7213038427691225 0.2741494586899762 0.09783296360532656 91 74 455
171 0.8341577860316741 0.6454338173687424 0.28043382338527323 -0.09822866131603547 31 302 201
172 0.9825786745559085 0.5919450257823907 0.3186143000474817 0.3503391162243408 241 265 526
173 0.9740373952386462 0.6064190363786657 0.21942363551130661 0.40913794019381555 136 241 509
174 0.45395975866564864 0.6154139350222729 -0.2950926203046378 -0.5807347323513734 298 376 398
175 0.46014394702810535 0.6467607539333428 -0.3674983286433564 -0.33090389664480746 332 398 255
176 0.217224001479677 0.957524425795522 -0.016041916059417183 -0.44270306483185085 427 15 525
177 0.17676969492904865 0.6928881998400649 0.3868111341648328 0.17996647401485877 99 129 41
178 0.2565572587700238 0.657770298392618 -0.2770881803518255 0.4678616693717941 129 159 325
179 0.2673513125468283 0.7049536297608431 -0.32361836335703664 0.4486206420240002 40 325 252
180 0.07755185413618505 0.08511463457697517 -0.4681375492116002 0.2679352278239788 209 599 425
181 0.09704752014020275 0.08758995262479329 0.032218347781332035 0.045348200541917016 425 400 171
182 0.6681122647007541 0.2232365861302015 -0.05504874750483779 -0.0295803395666816 16 506 584
183 0.6475558740437904 0.24468733055796202 0.40884194363322024 0.4748544793486964 101 16 465
184 0.6939653481824244 0.22818794145184257 0.08921404275052947 -0.3004410192852802 584 222 352
185 0.7254270425852575 0.2678304159917233 -0.5919841039245255 -0.14635993840494965 313 352 512
186 0.6802068593682802 0.28545748330803117 -0.44310876426423285 -0.4820634509627997 380 465 313
187 0.32126820330396155 0.10956043569356737 -0.43077400500857177 0.23467578089131358 223 62 477
188 0.34545406121733546 0.11603592203785122 -0.07701598768450335 -0.40440886195369785 477 564 383
189 0.9226397595997259 0.04212430127636936 0.08275120779582812 0.19037144517036753 165 454 561
190 0.7538380445342466 0.7489934600557574 0.018920216782181143 -0.5496623434186887 492 417 365
191 0.7966931962619991 0.7909432226927832 -0.32970131572801487 -0.19974027345298628 11 365 348
192 0.8100128094945931 0.7862877059700176 0.17645681461148088 -0.30234044798987947 348 91 19
193 0.48967989314638816 0.7036957876914187 -0.0958082669623439 -0.007057124676301818 541 567 322
194 0.48306631132605005 0.7084119735230705 -0.5833443081013079 0.2797247452765439 411 170 541
195 0.057665812918864884 0.0077459392158438995 0.00759948284856371 0.10167034679431364 482 227 65
196 0.10681738044599094 0.9955339960303841 -0.4457845615216116 -0.2690726730834869 65 439 228
197 0.11348530382975944 0.9985597121737818 0.19250793363914664 0.008897417698439103 228 596 45
198 0.035450488077373075 0.9784048663192522 -0.3200200729414071 -0.5513971593554268 360 303 299
199 0.9955416382071363 0.9474740302088751 0.7849726330749762 0.04012982827983347 213 553 360
200 0.054419197796582226 0.929259787902003 -0.6251027327708325 0.5048800363893768 303 553 469
201 0.2318445490317766 0.9736764157263411 0.2909220284813552 0.13377330927016873 403 525 27
202 0.2171076708322417 0.49894887829250445 0.09953331769896323 0.3979919407925969 157 498 75
203 0.10501748735112987 0.4829775117387781 -0.18968783696560187 -0.1425369232366247 53 102 396
204 0.24004724718861215 0.5637431798684085 -0.2659706892227387 -0.15462595162607506 125 2 585
205 0.18927784089631142 0.5383726376863804 0.4718759522015503 -0.3404194568595864 575 157 2
206 0.16894117899167915 0.5389926637992828 0.15634758522564685 -0.32561235235872843 214 100 575
207 0.13421843929317118 0.7005358209864838 0.12305030605563871 0.5953458503960007 410 414 339
208 0.16203359425281635 0.7783784212923233 -0.43698486287824245 -0.3806237344403107 0 339 296
209 0.07656883185286256 0.399259910351847 0.18734626090061157 -0.016310952935527645 461 97 547
210 0.04687387937163591 0.3896575920744026 0.10402375974494227 -0.29008777845118683 131 194 461
211 0.0704472010868402 0.45193266237032315 0.27962830696781626 0.07462796283719264 17 361 102
212 0.015303410994823732 0.4677083635204027 0.8215999467570123 0.26986532383754813 154 17 57
213 0.21351775760796232 0.31313149262572065 -0.6519465370335986 0.12444017899460036 28 543 288
214 0.28262199765682905 0.3731177557702418 -0.5754700254517742 0.19103991479030302 521 206 405
215 0.15586245120592435 0.39212141869448897 0.2854104539512514 0.005290702598248487 152 487 521
216 0.14088109386598804 0.3693719627130951 0.4414532437518881 -0.21253950960309353 286 28 487
217 0.06444407582060037 0.3069105786483499 -0.056002562309753756 0.2525178975643083 196 186 535
218 0.16996853889440575 0.28734975496388443 -0.03479901783398631 0.21105194605852695 485 253 543
219 0.20912614533227195 0.05180049589965187 0.3261432235390771 0.3049208725791619 529 124 60
220 0.3750783323577683 0.5839326056974761 0.7330980721781399 -0.3785305208170442 527 291 160
221 0.44139397122317925 0.5594444380522099 0.18727229047013627 0.30412332287926835 7 542 119
222 0.4287342832293668 0.5287197182837414 -0.252025034522263 0.6444963569773865 291 138 542
223 0.3514594290570914 0.5844614181668104 -0.109227561023717 -0.6729077809720929 289 263 179
224 0.2630464492157078 0.835013423239441 -0.5111732332557795 0.45111360029437275 71 22 579
225 0.2356607172110226 0.8718017575752137 0.32696118781178063 -0.6642474927737174 453 71 144
226 0.7985310504052547 0.3376612163992552 -0.35463589807827045 0.09636745568197824 112 431 145
227 0.7435757996065064 0.2966885210156954 0.057822522117612074 0.49077196646873933 341 418 431
228 0.15126890920293776 0.42172201834478473 0.06285949469275742 0.303188884415162 115 152 259
229 0.8153136763262858 0.3351726258237969 0.2457408193601296 -0.10470046427069057 145 490 306
230 0.9698992939493781 0.4233073401135151 0.554203111874374 -0.5314000878220426 390 423 131
231 0.9224052324557133 0.5564482970899653 -0.0589996718147745 0.022319808154480647 582 301 321
232 0.9292587530219517 0.5691617682655968 0.16739261018972051 0.172574635831646 178 321 267
233 0.0977584149805839 0.5863361900889681 0.07588674688641106 0.2700541401612355 309 94 450
234 0.15078042320363227 0.677281376951131 0.01734495741478881 -0.7762968701023609 450 314 224
235 0.9712993512638707 0.9405034391351039 0.27282688053187343 -0.04992533296499513 18 226 213
236 0.25180328306501953 0.08999856935209559 -0.1296048129928451 0.39427087358823165 198 60 378
237 0.3500730120864648 0.9940591531548386 0.011467270535914231 0.035244128795963725 158 397 148
238 0.4078490852814875 0.014386097291450264 -0.4674103142726649 -0.4903716375667666 148 151 474
239 0.022580331793813736 0.14689004338292466 0.25419818819316653 -0.40357925196188305 504 209 310
240 0.035937667316586784 0.17661326461980914 -0.6416974663442376 0.08960316742051555 35 310 502
241 0.11715713181176425 0.13796940703432267 0.40407544966286624 -0.3361191479658854 472 171 287
242 0.11590111355108795 0.14659230675425913 0.3150774530169542 0.20277821071584823 312 472 185
243 0.8877403634220105 0.45047312744772033 -0.15269001080869815 0.16530587688620701 319 368 33
244 0.916099212559838 0.45031497926392194 -0.09659601955119834 0.3019563462117181 33 345 335
245 0.44745976628091577 0.44305895354363745 -0.37433664640262876 0.23590005851503726 369 233 592
246 0.21244868835042108 0.7535123950869378 0.4981038437615326 -0.07160437954373267 189 40 208
247 0.18809735729811017 0.8394660487384735 0.17448078190596128 0.4079243682425515 372 532 449
248 0.21254195582750254 0.8397800200766097 0.37562656214629175 0.18602331931794058 532 565 453
249 0.28817334827598856 0.3559210057194325 -0.40999752976347836 -0.3801573890752086 206 424 273
250 0.42996436682944406 0.5097585068149698 -0.3647892352770521 0.38107428532163645 138 199 382
251 0.29798639328868376 0.9342004878250899 0.4456939400876436 -0.5972173375626277 528 413 391
252 0.2936828738051627 0.8733412486455003 0.36898520107409016 0.614200726736791 147 354 413
253 0.2918051309901649 0.8366650645271898 -0.5574526301503624 0.12836905184665515 546 579 594
254 0.28727321894197344 0.8651618724307711 -0.1605146937241897 0.15593688718756882 187 546 147
255 0.6299220457533942 0.9009514962176428 -0.1395592780228938 0.3856721123018936 279 110 297
256 0.5740313720122063 0.8559154622793659 0.2602749529789783 -0.08022121023021356 285 52 76
257 0.6240592012635836 0.8709128542891047 -0.6160800236285069 -0.5595248361855987 76 555 419
258 0.583976279980849 0.779091852664482 -0.25011034320010506 -0.30147812111330774 429 183 435
259 0.6119783534473824 0.7771299862030696 -0.1924898428151689 0.5218493481090603 441 435 215
260 0.6100127577366589 0.8419408339990959 -0.38546907887848647 -0.6230228444259467 324 441 555
261 0.5691054797060057 0.8061167257454577 -0.20359435595751485 0.427441718825472 67 93 569
262 0.5767906418430275 0.8216374060812022 0.3307754615350378 0.6226174308759935 52 569 324
263 0.2394601643925903 0.8833098511525099 0.3339101065091832 -0.34667983900282806 15 144 187
264 0.09737964507115801 0.876227391373279 0.5984258179270174 0.034537917317778444 212 457 395
265 0.14399062404662977 0.8420693515307964 -0.09177808513172181 -0.6795963750083622 457 274 589
266 0.07891176909808605 0.8764762949584195 0.05800091691654519 0.29064359356734126 261 578 212
267 0.2900569088869324 0.20345131600783534 0.3168739416692379 0.04626805535923317 244 270 82
268 0.4876287165479283 0.564439263751458 -0.0242643823436528 -0.14561337986079836 105 156 323
269 0.48353542689820844 0.5092953311589978 0.2823016133357559 0.3879581024490708 238 326 156
270 0.241207742839684 0.9725012395214214 0.7699812679812235 0.10864683267636233 27 242 533
271 0.8963928481686377 0.6020985000224255 0.16401596955595288 0.29332835327355866 516 277 505
272 0.862092179861708 0.583132048865704 0.49085020457917405 -0.30591130236595765 225 254 516
273 0.9187830002489108 0.5969687960874052 0.019914743118465417 0.052087564123004526 277 178 430
274 0.7378464505163129 0.02142623463878309 0.41513383060992615 0.24059570655210472 44 373 344
275 0.6904745477728699 0.06349778071262997 0.5534433362985869 0.04911289916420536 489 44 123
276 0.10981948899598598 0.5675781107938842 0.03845961778214946 -0.13124487156790376 94 68 353
277 0.05453270345221898 0.8541237590184511 -0.20315408313931194 0.1618153784577192 150 374 578
278 0.05328531167773537 0.8344823937564503 0.04444032121464492 -0.47501733831112336 563 175 374
279 0.23998234102776575 0.7781490244203739 0.1391167656766834 0.24570571965920607 32 208 544
280 0.25598320723578416 0.7768360283750754 0.41001991003819516 0.29308124191440577 544 598 142
281 0.6716548714733359 0.7247344603901726 0.4368463740050954 0.12587498300631328 559 463 492
282 -6.218148704400236e-05 0.7969422959490153 -0.015733028074782496 -0.6892149233272971 576 495 234
283 0.03418201586893877 0.8142423489012163 -0.10423638341361396 -0.7186058002123241 234 122 563
284 0.2259282365237891 0.15387627741442358 0.01747672388752175 -0.7069829256745042 389 198 59
285 0.20869456981610515 0.1359618405731552 -0.6644637902397665 -0.3557116403513083 216 169 389
286 0.3662016850250878 0.5162551456402404 0.24860581926411385 0.03132211295886478 263 249 199
287 0.2930846081504871 0.35078684850322395 -0.16037933871573817 -0.5683972062117681 273 356 84
288 0.30845159303665637 0.3446382076675113 0.3949287580989891 -0.35474476897667806 84 113 207
289 0.24608136571293354 0.18382295718745306 0.6258868104347393 -0.331320713919947 442 223 244
290 0.23489951957344743 0.18344138596434517 0.32169754637934034 -0.1829894374048846 451 428 442
291 0.2256525314646392 0.19502002103554344 0.11387338259838398 0.5545974149975125 566 451 356
292 0.5485266164428831 0.5092843831897232 -0.3870858402907351 -0.3690906920372772 326 3 355
293 0.8058474566794008 0.6960594448084039 -0.3479564580910477 0.2641519055573971 501 139 74
294 0.8063274988255289 0.6685950244262806 -0.17602375355918465 -0.014401803360986065 466 31 139
295 0.7627552413895105 0.7161922081559216 -0.33620463704697734 0.3409163680523353 417 351 501
296 0.6799626727661492 0.6991415830183919 0.5969957165771755 -0.2392804530904069 377 64 351
297 0.8385717305561495 0.5917856368439033 -0.02663451369178116 -0.16208029848807648 302 37 570
298 0.18147971484356462 0.6111650523784405 -0.07940475499346178 0.15103096134838623 314 20 524
299 0.14163592968453667 0.5655898187303264 0.37783514580946864 0.1188132633944683 353 214 20
300 0.64846426937527 0.582772925301523 0.15314219718731703 0.11788973998394514 416 519 283
301 0.6331787748992679 0.47632848324430865 0.4667335630828551 -0.40681661043345807 367 42 268
302 0.6477903489717987 0.555634061750635 0.05245125228245384 0.0865404223976407 519 538 488
303 0.416520395397988 0.5866409420867789 0.5199103488007228 -0.14454613582459697 160 595 298
304 0.6174816963706924 0.6121087739543019 -0.11100489069604258 -0.16211326378523516 155 416 545
305 0.4762214808129468 0.5706601102532294 -0.5521238778671833 0.09281275765299357 46 119 105
306 0.45695243881318126 0.6060323423119546 -0.2309169272463052 -0.8400832715235729 376 55 46
307 0.4389179118889375 0.565385975303321 0.0652594407332674 0.680551827132031 595 7 55
308 0.554286557509822 0.5781814245923655 0.37496781651880084 0.013593769165876068 177 305 155
309 0.5402063566971027 0.5855831023583142 -0.24197011026794168 0.14126762017119265 556 323 177
310 0.2042507153520773 0.7528936119912488 -0.13197419840987878 -0.1319810687822054 493 41 189
311 0.9950794336747328 0.7082360355784536 -0.18245727480964424 -0.1937080090080867 317 496 548
312 0.006468945269501846 0.7172106253766533 0.1321046957589167 0.37381595319185834 495 548 388
313 0.9957116970015633 0.6599381413423955 -0.17252673803480612 0.36875459179241954 496 491 130
314 0.23463223217481255 0.17840397665434704 0.24257619914494488 -0.7957557241616842 59 271 428
315 0.144231458180237 0.12631413194892863 0.8354047478092985 -0.10005223732845181 287 432 216
316 0.18975203441392505 0.08789315327879002 -0.29611212822022726 0.5802777119923164 432 437 169
317 0.19232396546651417 0.06274157690678081 -0.2505475021896686 0.28075242235192643 437 394 529
318 0.22296584464183183 0.196251955041325 -0.0063340895029018185 0.6033016700796034 86 566 593
319 0.10774372157649968 0.7735856566191085 0.19343223342516147 0.11699387292285479 175 479 266
320 0.12927722335130842 0.7821603094169408 0.3028571379792844 0.4905460732063105 266 0 274
321 0.16332605925371357 0.4949127784904937 -0.003433880263470357 -0.25124013355859454 9 47 100
322 0.12847204664049325 0.4725160617521172 0.15334366797181698 -0.025304272566195607 396 586 9
323 0.1378901936669378 0.43152965472478927 -0.41169299531962356 0.2551133696654384 586 508 115
324 0.15147222651790715 0.6841528941640932 0.11906693400329238 0.01844193261643645 414 224 99
325 0.11769763529202491 0.42891981983321253 -0.8571902163773126 -0.16154081752817184 109 357 508
326 0.07985049913767502 0.4074989689130746 0.4715386747733419 0.5628591230252833 278 547 357
327 0.0789878160314421 0.437019314567167 0.5111393513307361 -0.33633977165881124 361 278 109
328 0.20652413189817811 0.1966064265093893 -0.5451421127011802 0.23646562520573955 30 185 86
329 0.16272693253144652 0.24527391363450868 -0.14326202932291032 0.052617140505750726 530 30 253
330 0.2861656497262476 0.0946346517841795 -0.594085242111575 0.3284246360979459 271 378 210
331 0.1777466654279609 0.8315761829594219 -0.2607314669722527 -0.09114429679740743 589 387 372
332 0.23503212004686042 0.822364336180277 0.23262493181741561 0.027361030455197444 565 32 22
333 0.844455140159679 0.3591451031828506 0.3532354519997227 -0.22337328028920744 306 464 536
334 0.9518768839674946 0.30949558321476633 -0.16044905334910986 0.18075683935747655 51 514 539
335 0.9812487841126625 0.3495014720965366 0.18171769713970498 -0.19801325162882577 423 539 480
336 0.17286197678034074 0.7838263730206553 -0.0790098096323244 -0.15626209406288671 296 493 387
337 1.0025898373963718 0.2638867823505626 0.5050059877220736 -0.40270349901949665 573 264 399
338 0.060189000351903485 0.19156503951130038 -0.5397838899814933 0.36488967871534106 264 494 36
339 0.3012891952751294 0.08823460760049226 -0.18979831387100354 0.11980932912436515 210 43 62
340 0.9190320952812152 0.023558037298337532 -0.1857455033532629 -0.588682265087459 481 551 168
341 0.9207225677344598 0.01567538296740799 -0.17448442222317562 -0.8425013792515146 551 89 557
342 0.9455922449994407 0.9637384516102011 -0.2511495914014894 -0.5988768245202003 557 95 18
343 0.30240790204033846 0.06458533541177136 -0.0839021806892104 -0.3319129450451985 43 334 21
344 0.3256481599571854 0.016840806959058468 -0.05746865240630061 -0.15196466168765355 533 158 276
345 0.3279734949383672 0.040527016049453884 0.11377244008015097 0.03669659090488331 21 276 246
346 0.3650381666942051 0.05421934263933175 -0.3326391176394772 0.18798252676699434 564 246 446
347 0.417790536871805 0.029806298939121668 -0.5019000619624348 -0.10447952312336861 446 474 237
348 0.2328848523310984 0.3134957924884216 -0.2908037022991694 -0.4093680571609637 288 593 424
349 0.9611883246271438 0.25969175351347457 0.4926394379239918 0.13773751141379909 514 135 573
350 0.9589226518808945 0.2529628891921685 0.36449018525619437 -0.3549558947983644 78 143 135
351 0.044263451547900304 0.18460642847575354 -0.586358687298949 0.33377533879136445 143 502 494
352 0.864579684842386 0.426558609296353 -0.5816613565801099 -0.37863237684065965 436 536 368
353 0.6129582211571873 0.49845558899502845 -0.08412809199276339 0.30603035071352647 81 515 440
354 0.08901437553118773 0.23103369542396024 0.1933024337819056 0.19923164507051894 549 571 530
355 0.560392852447148 0.5632885954052639 0.623055634862979 -0.19530349351648546 305 362 114
356 0.6798587990787714 0.5976986795779146 0.30359205357988195 0.181083386480152 283 69 38
357 0.6720092655772019 0.702687278545122 0.15421452864705643 -0.07851770466443808 463 161 377
358 0.8520499316625463 0.5831199613473695 0.17053444611309088 -0.460212085627576 570 191 225
359 0.7432364036274174 0.5738470169254304 -0.49692854761640426 0.4396626382408009 98 69 39
360 0.7595041627341172 0.5376748546568481 -0.31248673197648014 0.20064114449741544 39 583 48
361 0.7674785236200498 0.5357970281326451 0.3728369812536214 0.019494610960235637 48 195 37
362 0.7451212155365493 0.4032713564704801 -0.342453644608387 0.008454254657452864 132 443 470
363 0.8076640874951562 0.9926336531355648 -0.2976358232792409 -0.1928171898188391 393 257 422
364 0.6995553408037877 0.667724236206752 0.08590192793200835 -0.5763061479424625 64 38 197
365 0.7418084568544668 0.00939336307640677 0.5568148558551811 -0.10182047670281857 373 174 258
366 0.6433189492512752 0.5531626439514978 -0.6029969946107216 -0.2694575499360974 114 440 538
367 0.7252269891819708 0.5187923994412893 -0.5385816292946544 0.05240724729183022 488 342 583
368 0.8014793326345517 0.005821233054167087 -0.37761249162271415 0.13556894339766812 258 393 434
369 0.9975614658190792 0.48487880377657355 0.1231926838318742 0.7230833702631667 456 188 149
370 0.7567837918613105 0.40242217609193165 0.2361711515588838 -0.04507916678830881 470 112 467
371 0.7055281973361259 0.48563048041938944 -0.39397232143301153 -0.26405170827636937 268 315 342
372 0.8373272318641588 0.9775829483625234 -0.20794599861484464 -0.03843327600616675 422 167 481
373 0.5345642891343982 0.6136270694528577 0.10113467008299182 0.4414542530140064 415 556 127
374 0.7667926144323265 0.41289919994577273 0.5161688899218975 0.39249510377925567 467 436 4
375 0.49172356058602773 0.984861504474763 -0.21223946003456895 -0.04748438777596453 282 118 597
376 0.4274046726952648 0.033005250327014714 0.04646548250331062 0.06607895775695427 237 282 590
377 0.7453238275731452 0.6439647833166567 0.011143744260699862 -0.16417780121513736 197 98 466
378 0.8842680178295228 0.4572463024843996 -0.36988807641802346 0.7044003356299067 346 385 319
379 0.8532734911172627 0.48016855172259076 -0.13749447136390813 0.7741939929417629 191 534 385
380 0.8820979451867706 0.5574698851920056 0.40717983429416904 -0.2370816695740352 254 346 582
381 0.7875119447230848 0.5061165798670024 0.15192696614652057 -0.5165138233786948 195 4 534
382 0.7087480344139373 0.44865165812515817 -0.32289956750086724 -0.2919449078320202 315 229 132
383 0.5607396597098427 0.5188472589117112 0.1351873307742224 0.019310365459435097 362 355 81
384 0.7045720624317868 0.3635098444292003 0.21858461152213238 -0.1542889226102684 294 341 443
385 0.9734374572940561 0.8989450216705572 -0.0925521010525232 0.11268273363007619 226 307 150
386 0.07141883672838237 0.1913634341926388 0.11007885141606222 0.22142606585090485 36 312 571
387 0.500981317757934 0.98758357896705 0.53238601391975 0.15799245869918543 597 560 337
388 0.9247113608801281 0.034029333960001296 0.2087383581955704 -0.27378753604534456 454 168 104
389 0.9963276368360785 0.4683385347193829 0.33230669292672044 0.29466168394165493 366 154 188
390 0.020275719263768678 0.5153618067567182 0.4704530182086941 0.40846215923484586 149 128 581
391 0.06180222159916145 0.2964456807044846 -0.24864954852044097 -0.4354166537740012 399 549 186
392 0.5771323607300346 0.6631987727741477 -0.282035668430769 -0.15647667744866922 336 127 50
393 0.619383481888292 0.655117145524215 -0.28516253108845646 -0.14026567268787815 50 545 161
394 0.6376809988955383 0.06943827112381369 0.18009053467243907 -0.26734888244200894 8 280 489
395 0.5413386153811701 0.9708496910280967 0.43687702344641366 0.116131103344852 560 420 500
396 0.625435201972365 0.019380705608278235 -0.413240127186687 -0.33511299568633746 513 347 280
397 0.5936963322735588 0.007614416895387455 -0.8562343889462198 -0.00020548979184908944 552 500 513
398 0.004236372747870722 0.6470960778391034 0.10576595120548316 -0.2553186691581222 272 509 499
399 0.0025260522530386855 0.6554890224646789 0.08609148081928364 0.2589609882433508 130 272 24
