795
0 0.03460810834905206 0.63110082921751 -0.26711103051635376 0.019856481042745955 111 66 359
1 0.001994312977199396 0.6282034532538981 -0.4959394216396415 0.08128394641670078 499 526 111
2 0.7678445182291059 0.8245541626800457 -0.18297558884716736 0.18159512296667124 85 11 327
3 0.8819163694065153 0.8700035630616387 -0.17536507454507522 0.6232812651413289 558 371 384
4 0.897700348744781 0.8999206753428277 -0.19685179441369938 0.4461473950695405 468 384 182
5 0.9214354864497598 0.9143649163845392 -0.30957798360410627 0.5011613075976782 386 182 307
6 0.9213578201617046 0.9145203403654388 0.025834638557120995 -0.16935953187275676 34 386 95
7 0.04801956600894014 0.6885267841387668 -0.33512798126855703 -0.09102828144036401 517 359 452
8 0.031593798666217594 0.6943289635508401 -0.2596190352976979 -0.09717503572648223 522 24 517
9 0.054589854040178326 0.596629331368534 -0.2263945080016594 -0.008879078722268119 66 462 309
10 0.3738858122243815 -0.03897007330058441 -0.4277237197237993 -0.24980850608577465 163 404 151
11 0.3538111661794425 0.9720811602210571 0.06623992378912424 -0.009863965026724042 54 379 397
12 0.37235329833752623 0.9603410937596604 -0.0007448222377401392 -0.052829370392193375 379 193 163
13 0.8748390797074317 0.2150777124701479 -0.05730671492898409 -0.037128629337690455 10 137 134
14 0.9702966848982781 0.20865731235311674 0.6503933381446503 -0.10011640717844106 591 35 78
15 0.9478111785806251 0.19801826436176628 0.4862472677974461 -0.1758054733042025 134 370 591
16 0.03949909208827887 0.06930045930855747 -0.15628088302632737 0.15491047472560027 133 482 599
17 0.13298234375959248 0.06096776807796629 0.04184778773508313 0.22875503713493117 400 45 394
18 0.594316288762861 0.43433569877641337 0.14774703613329443 0.15829627539321045 338 447 433
19 0.6200354265127672 0.38956760999844464 0.10406449972577558 0.052718818546737545 447 25 202
20 0.8027201553993626 0.13522673846987274 -0.13521803989002823 -0.08393562338226968 243 269 137
21 0.5144681990713431 0.24538873737818706 0.16430459007232834 -0.3698939668450585 181 6 260
22 0.6016143422744274 0.34634728203106807 0.05890554086174227 0.0033932717746765206 486 103 25
23 0.5802773984339099 0.23246233098301472 -0.2156477066361795 -0.25440160394962774 260 318 26
24 0.5054140431448333 0.2044647751362219 0.23626795173092852 -0.003141156779129517 349 250 6
25 0.5409537292505734 0.11344348928270104 0.20848961099217966 0.24998347940285992 448 23 523
26 0.46592804729131715 0.12925523029569028 0.07411448607608229 0.1960518865307126 328 23 190
27 0.4610429802033517 0.1783116448926528 0.03756379304831192 -0.10216864923529023 162 190 349
28 0.956272794951097 0.6963263053757417 -0.09294938360659977 -0.20251511925750698 510 70 317
29 0.911503367312608 0.6784321699156683 0.16247512640843453 0.07682267808006848 402 518 281
30 0.8916869154531494 0.642564476012226 0.05052095339297402 -0.18942901483520735 201 77 518
31 0.9478997718362978 0.6790479118828314 0.10779559189710852 0.14202820620978773 281 88 70
32 0.9612885320240088 0.66427711602064 0.13070886838162377 0.1846865740201542 88 49 491
33 0.9585339384384859 0.6357475598490381 0.2051090654958676 0.15443140828630408 56 136 49
34 0.8681859275842624 0.8850263516922263 0.25322010599460043 0.1271025711763185 218 558 251
35 0.8019398682096531 0.8882724343149013 -0.444988267441675 0.20286871818390484 483 458 218
36 0.8313318752382101 0.9460131161620571 -0.025653489749144498 0.10849719768446509 459 284 167
37 0.025121409258317476 0.9862468676986059 -0.056804085046824326 -0.08052929434398948 104 299 227
38 0.11483947350507062 0.7325141587031473 0.14452761418204396 0.2958568411093321 452 410 479
39 0.17986832056295196 0.9361564133022127 -0.02359924547445935 -0.18379399252532735 596 232 427
40 0.3692051761921474 0.9142140687388121 -0.17632440021952966 0.22959455586724076 193 80 13
41 0.35608159288735425 0.8181694049460193 -0.3161858407041418 -0.38115913272851465 184 240 79
42 0.40322891552726464 0.9160830644199266 -0.3684538587428454 0.23422494707658892 404 292 87
43 0.3830057263900149 0.9020528172948734 -0.23429286809262262 0.2789126943292253 13 79 292
44 0.5552474315571274 0.7312764141483118 0.060137317695052595 0.38328358403783014 540 587 183
45 0.5240805629235227 0.8248274992620394 0.438248707462785 -0.28826111497792795 304 72 67
46 0.48603296995763734 0.6564753331424444 0.05149292658934712 0.013594975145636568 255 415 567
47 0.9383690596065655 0.5450007570196682 0.003124700324874663 0.14729063888690996 301 335 550
48 0.9560770797229234 0.554869605069201 -0.13193681425160975 -0.17166379550487276 267 153 408
49 0.9560644626077885 0.550598268222077 -0.12304990481409872 0.13677211247245524 550 456 153
50 0.6212105640783037 -0.0417166186251711 -0.06930248978853637 -0.5408007857504726 347 29 507
51 0.6386695295802678 0.9436609752296352 -0.44848461715207844 -0.19166094544775802 507 297 531
52 0.34330384717132706 0.2661831460441163 0.26660486665552874 -0.40070590803797934 113 82 572
53 0.5160545919475669 0.8636609625214337 0.4108427938132042 -0.0021378683545680843 121 304 460
54 0.217747612958487 0.601143509622363 -0.20252599042258623 -0.1445114868048325 524 125 471
55 0.4705947646070702 0.37082230646832703 -0.02843815738451383 -0.15211031809125863 207 473 497
56 0.012465577893365694 0.7323654696881 -0.4281390815747516 0.1758609265143144 122 388 522
57 0.8486978269633478 0.2826503618018694 -0.1638770633083375 0.2530427090086107 236 10 262
58 0.5067425971540522 0.3309627867180094 -0.018357578651650996 -0.04174908127541066 473 96 486
59 0.48861782115543456 0.2797692750016705 -0.020648996401639863 -0.15200757041977653 173 181 96
60 0.9935220245654935 0.5797671194140762 0.15080193968564082 0.03312371280039805 265 408 219
61 0.023813707086220215 0.5661276026950386 -0.011340819949801073 0.13272466597991084 219 581 462
62 0.4800383435249356 0.41225648433465006 0.03895888889271504 0.30231497791244344 233 497 421
63 0.5426782566765507 0.4471516085386851 0.025119330920864158 0.269993550433556 421 338 3
64 0.27723310118554095 0.7688776372485212 -0.2020991929363447 0.4116024056310952 598 252 1
65 0.3490369148210363 0.6250115880349453 0.12800319207362243 -0.07250000183534056 117 308 476
66 0.25609556879023126 0.6439333649034601 -0.08588913261164954 -0.026995379542871234 159 471 117
67 0.38540670671341926 0.6571027633825215 0.19552475472028874 -0.06352336850978801 476 332 311
68 0.3872660504601101 0.720204909531644 0.23531713383428965 0.366531224121891 108 311 63
69 0.2544837048457409 0.033969382390445724 0.28639101160021774 0.2923310461755424 124 403 334
70 0.675430875209453 0.35780996431485507 -0.03427590433702221 0.0056876788001591905 90 120 294
71 0.6708114827460726 0.4410379782750528 0.16084383755443632 0.20929813056291824 42 343 229
72 0.6496562616697159 0.39271136457945643 0.0006133933638796663 0.006081620970710411 202 90 343
73 0.5768370596407464 0.18288227712587377 -0.16953488786441984 -0.23929622190027589 318 503 146
74 0.5612814936673607 0.17457224071242633 0.2241693376064946 -0.031704174702218424 250 14 503
75 0.5666736933796093 0.15108179680252307 0.19177990989976273 -0.05232246320235889 14 448 290
76 0.5518040779833292 0.004194346817752586 0.1294083873913665 -0.42681848723760685 337 552 192
77 0.5574854399756098 0.09269087482388473 0.14609650919594763 0.3371118474648771 523 192 116
78 0.568491609168153 0.15070863155037853 -0.08856536764818151 0.005721223776851414 290 329 230
79 0.5798718211920193 0.10754988008833075 -0.10673281182482786 0.2221851917727502 329 116 203
80 0.6424127175405544 0.16944877241802905 0.09253330671143978 0.09945749362971767 83 392 506
81 0.5860067426860585 0.17197152189701848 -0.2803187603914181 -0.05085876216698315 146 230 83
82 0.699438421982996 0.189593351679117 -0.31911508505122477 0.2720886772833442 222 204 574
83 0.6476133716003736 0.16228742150024378 -0.07365878792325864 0.34660923124707477 392 484 204
84 0.7526408461165239 0.18045019642505625 -0.29498155376672663 0.2868094241270658 200 574 407
85 0.7764793476073684 0.13940316137355604 -0.11229606723672791 -0.09429500097413168 407 123 243
86 0.6224296786444431 0.09923113595003608 -0.11315728978833484 0.2530354870078355 203 8 484
87 0.8192189014581148 0.06291553274348842 -0.4447126643498944 -0.1651550801499979 106 61 165
88 0.8153505281425459 0.06699558024508584 -0.11347908437583931 -0.5276728463898817 269 12 106
89 0.7927032229936051 0.03817446854542939 1.0421300538057048 -0.9229966785583585 239 434 61
90 0.7925341070422497 0.0383366298516075 -0.999806255936941 1.034626443665378 344 239 12
91 0.6362003698308806 0.2693333628687429 0.2552915857878535 0.10445069843767474 26 101 364
92 0.6484212641360368 0.3019048235340896 -0.14625300736106905 -0.14493640359061755 562 380 120
93 0.6409098451147284 0.3008951118552935 0.18942098592780732 -0.09928558027810785 103 364 562
94 0.4255437162584286 0.09953094944605352 -0.18677415308809842 -0.043710834951582456 126 590 328
95 0.3612868991668038 0.12447368061150174 0.036136053177537875 -0.05919070060478315 478 383 126
96 0.9929805155629847 0.13051009196425184 0.2853248286943666 0.16269585192962843 370 295 504
97 0.9885676350922269 0.08828523023126812 0.26005017098040817 0.020689190638467636 561 133 295
98 0.9001049506923298 0.7085705268600327 0.22522528703161626 -0.10780713058378133 455 402 375
99 0.8839055121314766 0.8093360330176784 -0.13663562226096104 -0.1907827888725233 19 568 371
100 0.9290230494042266 0.7277614195496014 0.019909952159169464 -0.3285267780039902 176 375 510
101 0.9361175446730967 0.7628615208993729 0.05259368773824491 -0.3850902312307891 568 176 576
102 0.9141215788223789 0.6077742685697607 0.6797775057860566 -0.728057641366693 77 505 350
103 0.9142464731913762 0.6078169691644363 -0.396226088853098 2.093498451457838 350 430 56
104 0.8840291517601611 0.9074273090528854 0.24149868780090622 0.11971595867410478 251 221 511
105 0.883030860838324 0.9128861558843318 0.2909916967108739 -0.1415175289454229 284 511 438
106 0.8922864098922405 0.9158247497024621 0.09947725707407096 -0.21277505694861087 438 588 89
107 0.8925815444777493 0.9070205057938747 0.03120576314713519 0.131795487370856 235 221 468
108 0.8950918491385308 0.9120716202019996 -0.04818862097549781 -0.00085535918625812 588 235 34
109 0.05846521033546774 0.943958595720832 -0.19971220302505976 0.27498094218314506 469 261 439
110 0.07048493742242054 0.4844407441890891 -0.12446443225025416 -0.4476662169433654 57 53 340
111 0.06717241877356929 0.5226077922012297 -0.22430858490074534 0.03050574515217619 128 340 68
112 0.03578869913091492 0.3530727652703573 -0.12771175089687503 0.3242379888884761 194 480 196
113 0.12517944764487154 0.3551876308402131 0.03784039921683746 -0.12924829817517747 97 275 286
114 0.36749871170817805 0.5768872654903555 0.1943694198647261 -0.15761684873938364 308 179 527
115 0.3845578621660802 0.2475818504400032 0.111820461917711 -0.2912156044088121 572 444 173
116 0.2629197702098274 0.4431914241800635 -0.31275265155450427 0.32005691152914295 205 405 475
117 0.23011530527815557 0.5319184196616833 -0.5328132981693989 -0.04283103646057773 585 75 164
118 0.12046293209314324 0.33475855966417295 0.06029697956211333 0.03692704995950091 535 485 275
119 0.9746842871692226 0.42890653419813035 0.12017274397813082 -0.10510819298259477 211 390 366
120 0.3871747360496811 0.20914920935010756 0.05984732431851825 0.005960987259356898 444 220 162
121 0.16778026393323542 0.899397660679484 -0.11037776873057403 -0.49726704073882466 395 449 232
122 0.6203952260493787 0.46732717043701605 -0.022537768873398534 -0.13114935179525666 515 433 367
123 0.445075251938566 0.5021472131478608 -0.12201961385738258 0.1576548190607152 382 592 238
124 0.3147063145824535 0.9512812257236886 0.22216900541494056 0.17168664129263433 242 528 54
125 0.4599553998395791 0.9141875295101213 0.060286967779044076 0.31285600013419845 87 121 118
126 0.3714856878944432 0.7697447406714599 -0.23124301987142992 -0.3103619816008374 240 92 333
127 0.41118671620092345 0.7409141166719297 0.12194076174157353 -0.4134114685999668 333 256 520
128 0.36000477108192197 0.7592218529859787 0.37611162725936786 0.2131783572584256 73 108 92
129 0.4108226157573371 0.7355804298795243 0.23140819963365922 0.4359474800250118 63 170 256
130 0.6089500394917928 0.9385190128890029 0.33164712226474435 0.11327635808522363 577 279 29
131 0.5564791993392365 0.8767399870389772 0.05802490848916264 -0.1543313955798542 460 285 217
132 0.5799497132758109 0.9346861809120761 0.18408275494208315 0.1061175616129395 420 217 577
133 0.5688041791953209 0.7192236183055736 0.07171443855424897 0.36703222822120907 587 336 107
134 0.6565032919983624 0.7615025309203067 0.035130655329229654 0.10134414418772053 320 559 247
135 0.6102465975199773 0.7595635524167711 -0.41756190657937786 0.0586419489356782 215 107 320
136 0.3120930832614018 0.8000781526805586 -0.01899649430814332 -0.31292106197899905 381 5 184
137 0.31694872510282174 0.9087159742854676 0.3914228948126777 1.5346629160588277 391 354 80
138 0.5107040807617458 0.7835439724859371 0.339767348978004 -0.2131544919736772 401 166 72
139 0.454288674366222 0.740760862957368 -0.1847657030845662 -0.3917736236987157 520 411 401
140 0.52831027115085 0.7716395653348752 0.026553261325834576 -0.010925720744792145 166 537 248
141 0.5264864065638832 0.7340596296277875 0.20475877209047422 0.35907037308768874 322 540 537
142 0.7043863654333546 0.8553385426710035 -0.032859016896313875 -0.3156088446143457 426 180 141
143 0.67134971096029 0.8480384207485552 0.3387929277398616 -0.2662721758361908 300 358 426
144 0.7129523311534949 0.8344306879760484 -0.25024689230546127 0.23030835641368874 180 554 85
145 0.6795027964678786 0.8141784888169252 0.22132006505248825 0.5738600712679176 358 247 554
146 0.6291883202490806 0.871754979335055 -0.03237587142823628 -0.0891497292654364 110 419 300
147 0.8018929502793893 0.8883341988602228 -0.010249797888152619 -0.3691343472046488 293 483 316
148 0.8134663125654706 0.9393483202857043 0.1564797333375445 0.2034296047587203 245 316 459
149 0.790969370437993 0.9727039457690798 0.21481817149768268 0.16987582243666033 445 245 257
150 0.7677334202702935 0.9780113268665368 0.4710572817229197 0.10822983689817711 412 445 174
151 0.7161964868844207 0.936034115498074 0.10039458223087827 -0.21789684501172246 531 330 412
152 0.7926910656860872 0.882272276783561 -0.02961783708641929 0.5070184384112935 580 327 458
153 0.7926787415479734 0.8822952677636613 0.32546050299366935 -0.15410111983536365 140 580 293
154 0.7305465412710677 0.8935960767054555 0.0991422645368889 -0.05694094640240621 330 141 140
155 0.312269627814014 0.7774866911084206 -0.04500307106136692 0.40391728399480353 5 1 73
156 0.2849200211676219 0.8088362350294763 -0.14326614443394003 -0.27832379803638396 594 142 381
157 0.5578131981833232 0.7856074266803851 -0.1409539379312874 -0.04085916310153648 93 248 429
158 0.21248222643518955 0.48225559700417897 -0.01615838643442835 0.15900393085521713 231 205 498
159 0.1710542736087748 0.47317006568952835 -0.22967732325393508 0.09669012968754886 47 259 231
160 0.29265544732776344 0.5167262448169271 0.2274575736094242 -0.26330439079069734 164 363 289
161 0.30425732560973884 0.4807859911696675 -0.06206725758350906 0.4512690436608846 363 475 331
162 0.36262877321465037 0.4910098560426611 0.3249046053033222 0.4831790072212794 331 369 249
163 0.831755948167945 0.2876820007546205 -0.09380061033459342 0.22686508227565128 490 406 236
164 0.7398422498761508 0.27276253748801244 0.021387298876351934 0.0013702983192587226 512 58 418
165 0.76649227240539 0.25257884742817666 -0.10471019329383324 0.09519476526498316 58 200 406
166 0.9167028338716032 0.34473966647875165 0.20127775210432297 0.19744684151556946 409 51 172
167 0.870748149446385 0.3284393737877298 -0.3101344042688581 0.007569717422328814 464 262 409
168 0.9374138395732906 0.4267914909411655 0.1445281817835653 -0.11993163337442603 345 172 211
169 0.3515962938962098 0.1820082628665944 0.07026327436543411 0.07465513554572034 270 478 220
170 0.8268043143339817 0.729501457483077 0.0047266919545041475 0.07796502402013239 91 74 455
171 0.8450939826455274 0.6318562719622162 0.09657034338861337 -0.19001530071616202 31 302 201
172 0.9966513352913842 0.6233729720206467 0.11139775471426944 0.5010477744130885 241 265 526
173 0.9964791008247202 0.6236282102405879 0.36122719706925543 0.13202688714433058 136 241 509
174 0.44045323181694795 0.5784526373194059 0.8368788159004666 -0.34187827759334144 298 376 398
175 0.4437744590511804 0.6315058876173587 -0.11926056045497013 -0.08781640692401282 332 398 255
176 0.2200594184303867 0.9386203143727485 0.07827532094717427 -0.19553832442120722 427 15 525
177 0.19601670699168428 0.7077130341368527 0.17809928115619655 0.214495466527298 99 129 41
178 0.2355321543872358 0.6912762516928758 -0.2816635688573932 0.4368808904919863 129 159 325
179 0.24746535164695055 0.7388536455022341 -0.2458592079923605 0.4478498984855639 40 325 252
180 0.05368189261169727 0.08765210518626666 -0.2987561583539522 -0.028584648190110862 209 599 425
181 0.10955194264035913 0.08964423404427956 0.23670640447726043 -0.012554556699795327 425 400 171
182 0.6747079519513386 0.22478237520142516 0.11425714003393539 0.04472850839709608 16 506 584
183 0.6597712050452924 0.26097432655225866 0.12737737843659946 0.13530897955901788 101 16 465
184 0.6832178801494067 0.22464673846486885 -0.2351252777546553 0.04699579111283603 584 222 352
185 0.6938678807407143 0.2536446632843372 -0.3429795614184883 -0.16635763669392567 313 352 512
186 0.6645464179001794 0.2660057580259815 -0.17663617018701117 -0.20166962631101848 380 465 313
187 0.30315808285877127 0.11052141010326737 -0.1445004598615851 -8.460489253625525e-05 223 62 477
188 0.3387369330033372 0.10336533089874199 -0.0908273782573854 -0.10673575981390293 477 564 383
189 0.9275163226851362 0.03944986106541028 0.06771666734295412 -0.12794632679724582 165 454 561
190 0.7460363241897591 0.7241054620615368 -0.10112325550900746 -0.2448263617818656 492 417 365
191 0.7882868590080282 0.7785141850775235 -0.058505104233441685 -0.1534506965938931 11 365 348
192 0.8194357423635272 0.769515088988594 0.07130961654500112 -0.18047759675621222 348 91 19
193 0.48779514331103735 0.7090078526407387 0.015610260306608836 0.15669440883714358 541 567 322
194 0.4543945485857215 0.7349111907750273 -0.22819533545756499 0.40233923684004913 411 170 541
195 0.050633206832048167 0.004444888893204789 -0.14005653789506134 -0.1325553070086194 482 227 65
196 0.07953381721850425 0.9860210738670062 -0.3335110770885663 -0.0685564820190887 65 439 228
197 0.11805227394779494 0.9976075489159578 -0.01893613946202244 -0.019727875583130938 228 596 45
198 0.027344176427782432 0.9550401205388683 0.020664290908972573 -0.29532862570592183 360 303 299
199 1.0274098308864925 0.9550858447260948 0.8291036032954322 0.310876403133688 213 553 360
200 0.027272677455675902 0.9550746082112922 -0.8606106073375214 0.1718054057398314 303 553 469
201 0.25603554838444353 0.9815597886348195 0.3180862427620834 0.0909419976824477 403 525 27
202 0.21988708016792124 0.525186083209395 0.009632801067221974 0.3194357280859178 157 498 75
203 0.08433574211089528 0.46918139732448727 -0.3911578592158556 -0.2544650461183554 53 102 396
204 0.22586307884273105 0.5366392276694635 -0.12184013927982185 -0.4964515102831579 125 2 585
205 0.21778982262043106 0.5276007850583377 0.3226794042902881 -0.04580480023053113 575 157 2
206 0.18176781354387517 0.5262855392850645 0.15829810101619657 -0.08906543072506601 214 100 575
207 0.1324703438367964 0.7297616808968106 -0.02844666446844002 0.3359599137081615 410 414 339
208 0.1480929981559114 0.7764155729679085 -0.08667135585616048 0.07481419823929247 0 339 296
209 0.08657717915459393 0.3918659745925632 0.06357036841375674 -0.11713847530847588 461 97 547
210 0.03964205252711607 0.37170543040620824 -0.22443984240561043 -0.24581574727122746 131 194 461
211 0.08434163171066257 0.46918753010999636 0.1986803671954443 0.3743828083131858 17 361 102
212 0.06752306268867458 0.4815024859353918 0.5177269567918641 0.14108363704731786 154 17 57
213 0.1774990685803161 0.31313849998673154 -0.35262348908882135 0.03037574705655466 28 543 288
214 0.2467480830268613 0.383603890963186 -0.4422689194039098 0.09352429247710958 521 206 405
215 0.17072634859266256 0.3900624260600082 0.12417957703791949 -0.013224345923879 152 487 521
216 0.1526410916359173 0.3595309874480626 -0.005479524819995696 -0.17719462112875117 286 28 487
217 0.06780670180702607 0.31718389025143173 0.09652571242302344 0.08036239937392331 196 186 535
218 0.16129380936158252 0.3024245431311905 -0.13497101214454688 0.1896626845160343 485 253 543
219 0.2233716372879109 0.07440613328066982 0.10721175197625499 0.35698360240088434 529 124 60
220 0.4219616974496987 0.5664571988700985 0.42970844683627546 -0.08955260943606727 527 291 160
221 0.4404973129586187 0.5782898640232674 -0.9444879843555163 0.7879279163275202 7 542 119
222 0.42218534628491133 0.5661361440945647 0.09864974628197645 0.383622694716387 291 138 542
223 0.3535765637762612 0.5476172459714932 0.142203290809384 -0.34593317099762544 289 263 179
224 0.24602327735177626 0.8439675090968094 0.3494318070844122 1.9010704446295752 71 22 579
225 0.24601059960188368 0.843928873483586 0.2698517288503245 -1.085816539773358 453 71 144
226 0.7790338521999486 0.3443896981509815 -0.201954331729981 0.09724941268940412 112 431 145
227 0.7476080963198073 0.3248308406605564 0.034000927073840614 0.2841481980264682 341 418 431
228 0.15099837207277436 0.4407411014661438 -0.05229751492974444 0.2566480875043631 115 152 259
229 0.8246543049493875 0.32848512482794273 0.033002024377171146 -0.06374029117017788 145 490 306
230 1.0013506086727035 0.38549157454697086 0.34060047247874703 -0.4837730206014301 390 423 131
231 0.9304783338732486 0.5551051857660247 0.14520827595898567 -0.022954216825910034 582 301 321
232 0.9341999329489419 0.5611204742640145 0.04127330985662092 -0.20611751203394868 178 321 267
233 0.10354581102659254 0.5881695067293428 0.11425471888037997 -0.10200741709653904 309 94 450
234 0.15326177844303823 0.6322731789013898 0.02083564015764594 -0.4613004846165669 450 314 224
235 0.9690208649751533 0.9237632464707194 -0.1386776117117544 -0.2529384507832938 18 226 213
236 0.24313237247397373 0.11233419288991078 -0.1015013535894671 0.29269153142830184 198 60 378
237 0.35512038107665833 0.9845913921081394 0.06190939722677813 -0.19753592355592486 158 397 148
238 0.3721899935278824 -0.01169832512163949 -0.46748499724080794 -0.31636681885327533 148 151 474
239 0.008232654795455697 0.13577127596590838 -0.31468781087895525 -0.05473685012191698 504 209 310
240 0.005074067744962767 0.19204977303144546 -0.3625404382950892 0.3074355799451145 35 310 502
241 0.1368999291219436 0.12578426856933184 0.18510354221623615 -0.14465111539130326 472 171 287
242 0.13005134391727685 0.16981876428934653 0.08393900574610313 0.4115079464683813 312 472 185
243 0.8834035648969857 0.4636846347396187 -0.024177026353155995 0.17479510269757803 319 368 33
244 0.9093441284908708 0.463337139082946 -0.05592422462619151 0.1625736451710269 33 345 335
245 0.4355994513235476 0.4696358050491428 -0.0676772630991973 0.45039032850469063 369 233 592
246 0.2360178788243435 0.7503165000940545 0.25335762134093276 -0.05713489056868859 189 40 208
247 0.18977922255049023 0.8518145249531446 -0.1268593029235543 0.05098979086182176 372 532 449
248 0.24578764283270543 0.8440184173728145 -1.5756188222003755 1.7471720521432796 532 565 453
249 0.26227587304640493 0.3327989272753145 -0.34222490813418105 -0.29154671524200815 206 424 273
250 0.41591938068058926 0.5287641330787922 -0.07977599691955106 0.13025274608891024 138 199 382
251 0.31681687316244656 0.9086581638250215 -1.2856612221693156 -0.26834904217622974 528 413 391
252 0.31688801295420355 0.9085491646576991 1.085596714397465 -0.8225473697076515 147 354 413
253 0.26210600897098957 0.8457430238972514 -0.339908987415094 0.02060278475601862 546 579 594
254 0.2642221518458634 0.8622682092681293 -0.3540839402932372 -0.11633677337447024 187 546 147
255 0.623643702170282 0.9273380165430605 -0.019421546315623317 0.3462722896613313 279 110 297
256 0.5864253559559047 0.8401645636270731 -0.0336245461361799 -0.5754157068602522 285 52 76
257 0.5864120674675503 0.8402160396425683 -0.36539212528635734 0.02609101231675862 76 555 419
258 0.5698211363963563 0.7763001676861924 -0.15384321282174707 -0.010407211030460939 429 183 435
259 0.5877429528662758 0.7825286947812778 -0.2715910947526101 -0.04277682513764702 441 435 215
260 0.5861718548085777 0.839437243357493 -0.6430350345053943 0.35181411077981783 324 441 555
261 0.5570365465010292 0.8138511466829204 -0.17009235998843852 -0.02342688439072038 67 93 569
262 0.5862141044077946 0.8394219966598195 0.4881725409978596 -0.09550200740497021 52 569 324
263 0.2559920646988991 0.864070813797852 0.09647621260905348 -0.20798121020543237 15 144 187
264 0.12719074990053694 0.8734117358997808 0.3225707104204112 -0.10550726681213263 212 457 395
265 0.15417510393100753 0.8196894280392658 0.19087325357422524 -0.1946567870000221 457 274 589
266 0.07614672362966356 0.8865211178832816 -0.0959272064560146 0.06953240344609313 261 578 212
267 0.31905397680964437 0.19859732438606542 0.41423515589888993 -0.0931387821034857 244 270 82
268 0.4863523241285488 0.5585352235606366 -0.037712991063365564 -0.036924294177786976 105 156 323
269 0.48829177979315247 0.5235259182964238 -0.053990432263839594 0.11413892539446913 238 326 156
270 0.288647336224206 0.976876905524668 0.5177082658402998 0.04963138372504616 27 242 533
271 0.914105906213353 0.6077026190021562 -1.005204331729591 1.0351995051102736 516 277 505
272 0.8846664949916301 0.5666758515692258 0.1542165960904951 -0.17536353480451794 225 254 516
273 0.9143016295806663 0.6074369175896316 0.8324152739851024 -2.752940221739512 277 178 430
274 0.7711628209608545 0.027639283947098907 0.41316833426785493 0.13031927481588212 44 373 344
275 0.7235036661642954 0.0682821017987398 0.3591852357209824 0.11416632500482748 489 44 123
276 0.10964915834255007 0.5719202834529202 -0.005787616913499605 0.12410909695781402 94 68 353
277 0.05182609797341484 0.8663938336347309 0.027985169737121396 0.18737137397195625 150 374 578
278 0.05744181626335687 0.8081456359444136 0.08502655038378215 -0.2616514990783081 563 175 374
279 0.2582813915108375 0.7862639411816771 0.2587619632454796 0.025954990066912043 32 208 544
280 0.2685591518254069 0.7852119089751812 0.04365911989573368 0.040828228992095816 544 598 142
281 0.690600575745932 0.7199189449208407 0.21855929635550275 -0.14078981140641655 559 463 492
282 0.006235027883819253 0.7579532666548243 0.13405332347643517 -0.4536534575078077 576 495 234
283 0.01616968299158334 0.7629300661716181 -0.3395870955963387 -0.702189631093808 234 122 563
284 0.23723096903232505 0.12078697921213256 0.3027470625756312 -0.3135323840830484 389 198 59
285 0.1823540431879119 0.109651482234154 0.7095474464300895 -1.4092791598044438 216 169 389
286 0.37381492159146895 0.5209673749490802 0.02871325052722362 0.04179536716719667 263 249 199
287 0.2779906735560634 0.31917157856083606 -0.24642762205817625 -0.37449898251940006 273 356 84
288 0.32871194161281153 0.31137504308060604 0.24123176234347454 -0.41341156470364737 84 113 207
289 0.2764109893570376 0.16821860180466844 0.2418830448436271 -0.21328320151670077 442 223 244
290 0.2562245037225062 0.17052926577247965 0.23903358355170656 -0.18278023330986493 451 428 442
291 0.227225528364327 0.2262429516247129 0.014105758401605772 0.3657662610290213 566 451 356
292 0.538966126218513 0.4986292658621396 0.030872798068015683 -0.04060855679499653 326 3 355
293 0.795160176018259 0.7037619833039348 -0.11504456692845721 0.014250886581912425 501 139 74
294 0.796381880446981 0.6668867263232349 -0.11791917997605594 -0.027079666287121995 466 31 139
295 0.7460373377329734 0.7241020260176891 -0.17128441156809043 -0.006876305701260916 417 351 501
296 0.7030226444966332 0.6931843514595091 0.17258095334760082 0.03718549530795645 377 64 351
297 0.8413849988403491 0.5759604835049312 0.061460809358537816 -0.23035806769045042 302 37 570
298 0.17420744378835595 0.6056477671992998 -0.1308785094189524 -0.17862060164297588 314 20 524
299 0.15296514190782165 0.5695657222947613 0.06292087267878443 0.08341842494541396 353 214 20
300 0.6506960267761681 0.582648474531453 -0.013132934323367706 -0.06266591412451561 416 519 283
301 0.6646769495675628 0.4544981747819967 0.34734479546078 -0.18159904777853564 367 42 268
302 0.6493337546034058 0.557717798390085 -0.015682572601649625 -0.00017323538437086228 519 538 488
303 0.4402355595163965 0.5785033857753381 -1.1481710829710015 1.3262081375401964 160 595 298
304 0.6132043441017175 0.6046959944591407 -0.017030492294178856 -0.09779967391487787 155 416 545
305 0.4407106819428884 0.5782556112799997 0.5910491403243864 -0.1915603902187383 46 119 105
306 0.4404584199225926 0.5783218539932993 -2.284862372529473 -0.4517230976942973 376 55 46
307 0.44055300570736133 0.5782518264848607 2.2560568875282034 -1.6197469366096087 595 7 55
308 0.5766876863381768 0.5781202154648776 0.21474850439573423 0.008498045322991032 177 305 155
309 0.5372332060361226 0.5933941644848297 0.014894838834544899 0.06953578615687128 556 323 177
310 0.2024607107335723 0.743475962451593 0.04288546670561111 -0.1339169115877059 493 41 189
311 0.9804663973511311 0.6949167432009229 -0.17173129515657415 -0.16616286714621342 317 496 548
312 0.01250584988446837 0.7323623537695754 0.10936921588867222 0.13431415645677844 495 548 388
313 0.9839757967134037 0.6753683292350452 -0.17442051657157176 0.11060680947527768 496 491 130
314 0.24261782441762497 0.1261127272496111 -0.0020428475751288477 -0.656459974487239 59 271 428
315 0.18224697072830484 0.1097859594707549 0.7653658547944953 1.060270178401021 287 432 216
316 0.18219936908047696 0.10967133082562601 -1.3685256548148328 -0.11662319383050779 432 437 169
317 0.1840153312013336 0.08512560346619549 -0.007274438690307861 0.3069798720778394 437 394 529
318 0.21990892648803959 0.22920339871083553 -0.07067549427641762 0.3968830156880765 86 566 593
319 0.11449716458632118 0.773567886300628 0.08715801691483449 -0.12446999264614789 175 479 266
320 0.14074354199615668 0.783599620431706 0.12970592395272762 -0.1187078432079991 266 0 274
321 0.16712112960003522 0.4774070316605201 0.082461535429873 -0.24083264618668387 9 47 100
322 0.128508086424567 0.45707975936550405 0.0010222118290714732 -0.26646722935813605 396 586 9
323 0.12919694612598073 0.44857035368278086 -0.02634304007570476 0.19651939780346295 586 508 115
324 0.1626258002355776 0.6937594558381827 0.1300760062161732 0.16352119311391355 414 224 99
325 0.0971788494714072 0.43172512755599324 0.35266417198369976 -1.2435719676565613 109 357 508
326 0.09704953677580477 0.43173419943409613 -1.2280489903817746 0.607869558391671 278 547 357
327 0.09717358807339394 0.431866093214989 1.1823325803323772 1.0779849535772932 361 278 109
328 0.17509062942874662 0.21871534696562817 -0.3383120852906707 0.2654898544063311 30 185 86
329 0.15104412517436358 0.2480196852126696 -0.1622575011850369 0.01925200832086915 530 30 253
330 0.24805218331224854 0.11423030716079952 -0.41734820972402775 0.1873848447936366 271 378 210
331 0.15794004902700115 0.8191143464141409 -0.25197685570022 -0.13195622108018445 589 387 372
332 0.24607876333145484 0.8436276308837529 1.6143288816150179 -2.3843913834331727 565 32 22
333 0.847125702020219 0.3450057155688439 -0.09370625976556912 -0.17231983132082185 306 464 536
334 0.9616401997934393 0.32285243060684554 0.2206614377331384 0.1782857680932004 51 514 539
335 0.9991033160582867 0.35642611909220734 0.32802123031694386 0.23846330118870718 423 539 480
336 0.15945424283931126 0.7803083176217993 -0.22545113172178777 0.024531733242016962 296 493 387
337 1.02518797029889 0.24581207951668138 0.14346708335222225 -0.22371258873166155 573 264 399
338 0.03436650480529453 0.216947795768327 -0.1721125252734934 0.37700962213227385 264 494 36
339 0.2904730587008598 0.09772748109349919 -0.10566269664780137 0.08033018486508503 210 43 62
340 0.9079003381685765 -0.015439192136594275 -0.13092552042515138 -0.4643104248303054 481 551 168
341 0.9141279072677596 -0.04132685973171714 -0.056148077853812595 -0.693966011738878 551 89 557
342 0.9346546288705617 0.9334955006144255 -0.24392773044501492 -0.3160827294346191 557 95 18
343 0.29542375240199353 0.057552065879649006 -0.10774842823524367 0.02026493001183738 43 334 21
344 0.32604995889703425 0.0055366722712730625 0.01711950858851452 -0.19265774323096174 533 158 276
345 0.32603562626811294 0.04111932208846117 -0.028455396372528696 -0.003977338944305409 21 276 246
346 0.3467404837292631 0.05382540135064456 -0.17586834835658927 -0.08440574315871086 564 246 446
347 0.3905924772299969 0.025048765975790883 -0.33351119643754146 -0.034494614109537025 446 474 237
348 0.21819923287878912 0.30036414832646907 -0.12481944436371073 -0.1076738899430385 288 593 424
349 0.990442889401005 0.2516586770765855 0.3866241986283381 -0.21325666510474406 514 135 573
350 0.9842889144078155 0.22493934242956626 0.3623682149483942 -0.3973520852629253 78 143 135
351 0.011551638846062681 0.2037644679128547 -0.40780469470064196 0.23868516104558202 143 502 494
352 0.839636650536953 0.41470946675961234 -0.18685490169034757 0.031729215782538844 436 536 368
353 0.5998489216992734 0.5200690205067755 -0.214663312125829 0.31630683176853136 81 515 440
354 0.08971591740581501 0.2361208938867212 -0.0687133808185969 -0.02102961589589558 549 571 530
355 0.5893391898545872 0.5429591541058297 0.2923275746469223 -0.3453189380275834 305 362 114
356 0.706068084303149 0.6089343767205384 0.4145221487242279 0.1213742398253892 283 69 38
357 0.6877197021311412 0.7002014096579445 0.22733270335639766 0.009242914419949066 463 161 377
358 0.8584690326883911 0.5625620746545533 0.0318618985362118 -0.21343199499423982 570 191 225
359 0.7185833299058269 0.6039348278596789 -0.25385052219994986 0.37722106323995197 98 69 39
360 0.7385312538647957 0.549865551608393 -0.24119183109072573 0.16564470559088385 39 583 48
361 0.7896035599577472 0.5359902116859666 0.33467452698054956 0.011962120183284242 48 195 37
362 0.7288348274557913 0.392663213950829 -0.1298534550719932 -0.23144682351206036 132 443 470
363 0.7941641267298154 0.9766366490616238 -0.1221043582216863 -0.24925807329614913 393 257 422
364 0.7184154575588614 0.6381457251169191 0.258158226219829 -0.3575695505311782 64 38 197
365 0.7765077190644123 0.009107382510242871 0.4513239436690353 0.005976355304734837 373 174 258
366 0.6065237875591392 0.5368270561539366 -0.41335673772735504 -0.15458812702151548 114 440 538
367 0.6972119144647599 0.5253444905094631 -0.2862195855324323 0.12221041748028405 488 342 583
368 0.7793276782381212 0.009127905938033563 -0.1704007448598971 -0.006901769477110631 258 393 434
369 1.0084143369293883 0.5150758314693074 0.139625076778227 0.21383026703458707 456 188 149
370 0.7643733873730063 0.39150809629485944 0.024642615031877924 -0.2354348035971121 470 112 467
371 0.675272426899945 0.45984292718517494 -0.3757852567315423 -0.4816681517180732 268 315 342
372 0.8323603803491699 0.9608142108607167 -0.03918242102302072 -0.3149339438540677 422 167 481
373 0.5337747124305875 0.6305607605661118 0.005907688921391596 0.0918211159883775 415 556 127
374 0.8009143465502083 0.4260342026777967 0.370051218140377 0.023374085306171466 467 436 4
375 0.48227830320964343 0.9810588900162925 -0.08860114308895106 -0.05385698276239026 282 118 597
376 0.42168736863121437 0.035225932439083625 -0.1449278960730105 0.02066301921233027 237 282 590
377 0.7289028038305306 0.6335751517545802 -0.34867661275611583 -0.10231514160213839 197 98 466
378 0.8691665627792887 0.5008510883244846 -0.09076187787449008 0.415993370306289 346 385 319
379 0.8495840719590946 0.5108009100371868 0.10024076013692707 0.25345995927072984 191 534 385
380 0.8944739183118662 0.5520283994233963 -0.0029838576054430632 0.019577444873575267 254 346 582
381 0.8110777463312567 0.4996005827176546 0.3152520085258903 0.14962272532059728 195 4 534
382 0.6787467107694677 0.44278774917459607 -0.4692121802207794 0.057004180022135476 315 229 132
383 0.5836332239959047 0.5255298093347496 0.40205710635787817 0.11531555328680998 362 355 81
384 0.7144591893698578 0.3618059789434144 0.09507695047927811 0.05988384649269207 294 341 443
385 0.9688255422932346 0.9203748991421273 -0.09585253272527405 0.3269356349446667 226 307 150
386 0.08099647328419063 0.21341422906931978 0.10891418565639466 0.3446979639221137 36 312 571
387 0.5440382741254765 0.9955349358279361 0.6056971623910612 0.10532965975112996 597 560 337
388 0.9330888285331006 0.019102174029309693 0.08847517787846648 -0.1797620451798876 454 168 104
389 1.0147308497446563 0.48298999809407317 0.21144711537246508 0.14943964676827903 366 154 188
390 0.030241427273975365 0.5329335904282773 -0.0009064249351098397 0.07949954583530427 149 128 581
391 0.05859449868726978 0.26858843052484466 0.05189884702549996 -0.3029396226927883 399 549 186
392 0.5746772423807891 0.6620690245656223 0.02934401749365989 0.0014954162907976354 336 127 50
393 0.6101947443957316 0.6473414004878197 -0.027262212626277815 -0.05122107182842228 50 545 161
394 0.6419857565969154 0.06511872845094262 0.004509638495964197 0.03871138687383535 8 280 489
395 0.5526712751396642 0.9916440291401398 0.02923783715136352 0.3697852647352451 560 420 500
396 0.6065756739008027 0.003369593171569183 -0.19037141654743017 -0.16731007065895476 513 347 280
397 0.5571549513904032 -0.0007738061152223223 -0.2454577309636552 -0.09679051978309094 552 500 513
398 0.0018722605932367134 0.6283118959336268 -0.03618830550164171 -0.3192535899380379 272 509 499
399 0.0006479214083560782 0.6673209856734423 -0.1160188594501177 0.09285861350682989 130 272 24
