838
0 0.033460705133487 0.6311560633927991 -0.26631741117943974 0.0042079978390674455 111 66 359
1 0.0008888922506981152 0.6276861196218946 -0.49437034684604414 0.10105671528542678 499 526 111
2 0.7670957543020644 0.825321053230692 -0.16695669013966352 0.17567354654302036 85 11 327
3 0.8811734839331353 0.8726677810619163 -0.17024764722983754 0.6155799651269556 558 371 384
4 0.8968789636068977 0.9017799778054968 -0.18621551852587848 0.420048371866516 468 384 182
5 0.9207806012996815 0.9151851381793251 -0.3256964713613177 0.5448200817271089 386 182 307
6 0.9208088295547217 0.9151281153493666 0.04909638234665574 -0.21234314168930205 34 386 95
7 0.046585277417121485 0.6881507176885293 -0.33193523624186483 -0.08394612505124854 517 359 452
8 0.030509513423028996 0.6939305412186303 -0.24486495539544073 -0.08833305718825013 522 24 517
9 0.05361822577087824 0.5965747154918517 -0.22567766405634515 -0.016296154703443477 66 462 309
10 0.3722452001093006 -0.03991652551059221 -0.42828130213557347 -0.23106500179751518 163 404 151
11 0.3540803859350978 0.9720258688926319 0.056214846319568856 -0.020183763861647552 54 379 397
12 0.37215743718199024 0.9600449709616877 0.0008061216218201508 -0.042561808651043684 379 193 163
13 0.874591194050292 0.21491851627961228 -0.05798663355038869 -0.03691268402050696 10 137 134
14 0.9730776242856596 0.20821910187219395 0.6432395810440639 -0.1036735881171369 591 35 78
15 0.94990461270775 0.19726428138040414 0.4873944737388003 -0.1749431505909671 134 370 591
16 0.038823707600949414 0.06996895801526068 -0.15776626116625891 0.15596083591251642 133 482 599
17 0.13315510209639522 0.06196481102783476 0.03860786759735113 0.2347499312993495 400 45 394
18 0.5949487462492435 0.43501531585007286 0.14645905252463898 0.1578146432978933 338 447 433
19 0.62049395708888 0.38979302472904126 0.10900163757709969 0.05211863544907214 447 25 202
20 0.802131803843728 0.13486042527624034 -0.13839263901527232 -0.08638443294017861 243 269 137
21 0.5151708740305341 0.2438019167328181 0.16256620632981722 -0.3682072820254678 181 6 260
22 0.6018759799512985 0.3463600855327991 0.06268776123197206 0.002546043237350304 486 103 25
23 0.5793546123907067 0.2313669213251034 -0.21356208884659722 -0.25509898221587335 260 318 26
24 0.5064282743326181 0.20444920596818378 0.23547166300152966 -0.004083155341616518 349 250 6
25 0.5418754388287484 0.11449258164575177 0.21969827138090814 0.23846377407432673 448 23 523
26 0.46624079892042564 0.13010065961717074 0.0714785328148615 0.19709937085221618 328 23 190
27 0.46122282288180944 0.17788255947802287 0.04574563158832312 -0.09759526034547328 162 190 349
28 0.955887778211149 0.6954623226061775 -0.08628421692413735 -0.19934783893060803 510 70 317
29 0.9122062982778486 0.6787753851188013 0.1644445940529593 0.08264592690765404 402 518 281
30 0.8919092535129182 0.6417581597728936 0.05262045105203228 -0.1858572414026316 201 77 518
31 0.9483658904037564 0.6796627822899903 0.10891230382836792 0.1439721470514188 281 88 70
32 0.9618482236648203 0.665076800768574 0.12965554949118108 0.18715447525075035 88 49 491
33 0.959405075616435 0.6364356781971396 0.2027295400996998 0.16571718407243363 56 136 49
34 0.869278845681987 0.8855501630012765 0.2552421003720884 0.11672998331824225 218 558 251
35 0.8010007739568594 0.8879075547079367 -0.4392258189344885 0.2399242324290559 483 458 218
36 0.8312238385771177 0.9464866592506701 -0.02463055245871537 0.11191733911147805 459 284 167
37 0.024893518162739728 0.9858994351705463 -0.04959416766148195 -0.08105309097505842 104 299 227
38 0.11545183427164402 0.7337870455265921 0.14038484888456715 0.29615863927912045 452 410 479
39 0.17977949007581925 0.9353697725899213 -0.017933170226580586 -0.1821559611481227 596 232 427
40 0.3684844062977881 0.9151848073180195 -0.16246289452626073 0.22250552789149225 193 80 13
41 0.35473129547680254 0.8165312930362202 -0.31195232300107456 -0.3807154980162153 184 240 79
42 0.401610222955721 0.9170644559085221 -0.3814583194455823 0.22419942187490438 404 292 87
43 0.38200284581025307 0.9032614038866857 -0.23226589852820556 0.28307493120383054 13 79 292
44 0.5554891057365461 0.7329243212558543 0.05257975756178812 0.38313713209003897 540 587 183
45 0.5259535689677428 0.8236121015488725 0.4331193230455721 -0.2774428881080482 304 72 67
46 0.48625111682771915 0.6565407306846871 0.0500064274711054 0.016690050730350237 255 415 567
47 0.9383766142004607 0.5456527940415785 0.0005586800119750102 0.1556910629932351 301 335 550
48 0.9555264454989943 0.554138951426604 -0.12451670779525803 -0.16840230191231265 267 153 408
49 0.955539775414872 0.551198638491518 -0.1210568971021092 0.14226708491826834 550 456 153
50 0.620917207959809 -0.04403359021826401 -0.0672863091633058 -0.5369704153546095 347 29 507
51 0.6367203024921613 0.942846352575129 -0.45778229124104897 -0.18736532464425082 507 297 531
52 0.3444522503966893 0.264463691509251 0.26748428055833884 -0.3990854383073561 113 82 572
53 0.5178165911609762 0.863642213020801 0.40877093931968034 -0.006508301536589656 121 304 460
54 0.2168822334342667 0.600516178982289 -0.20007384082809665 -0.1471953947618232 524 125 471
55 0.4704835663173274 0.37016003864163716 -0.023416497907380318 -0.1558328015238697 207 473 497
56 0.01194347412477505 0.7330055869567135 -0.4653100230047214 0.17184479650356707 122 388 522
57 0.8479877326342469 0.283737751482529 -0.16628892533787631 0.25276172682664466 236 10 262
58 0.506658554953076 0.3307749104204345 -0.020603985878553388 -0.04550995413854508 473 96 486
59 0.48853059356112033 0.2791059189066163 -0.019967407588472597 -0.15635889943910186 173 181 96
60 0.9941814179202035 0.5799126645723628 0.1580918659871422 0.03430912706714473 265 408 219
61 0.02375467316999258 0.5666997614418086 -0.015921932522422466 0.13336897766724753 219 581 462
62 0.48021558692031285 0.41355293292806034 0.043381134101627694 0.30076729232164645 233 497 421
63 0.5427791643890143 0.44830162582362776 0.022040071850915055 0.2651021881183713 421 338 3
64 0.2763767643596469 0.770655024222753 -0.19645963397763033 0.41494357290450257 598 252 1
65 0.3495978749150373 0.6246968166009579 0.1328644617937247 -0.07380516892085964 117 308 476
66 0.2557261700637627 0.64381821099816 -0.085898429341702 -0.026616219644948202 159 471 117
67 0.3862379708411595 0.6568153745051729 0.19124677952397917 -0.06989522502443002 476 332 311
68 0.3882671902716479 0.7218012133397056 0.23042612540269403 0.37571791476620486 108 311 63
69 0.2557087191030659 0.03520870231789147 0.28346862218642244 0.2844009673597103 124 403 334
70 0.6752826741810593 0.35784989867761613 -0.03463118819491129 0.012654347014695588 90 120 294
71 0.6714996844316163 0.44193064133456506 0.15920246900294477 0.2061286905052917 42 343 229
72 0.6496633628407904 0.3927403754477474 0.0026148676973702933 0.007387514211476542 202 90 343
73 0.576118066829451 0.18186786951452574 -0.165108294744587 -0.232771982244806 318 503 146
74 0.5622333809025062 0.17443817891888497 0.21875038135055203 -0.030620957852667274 250 14 503
75 0.5674866599374622 0.1508797291923493 0.18664865087530957 -0.04211738542560933 14 448 290
76 0.5523465409334529 0.002348268010118764 0.12335042605393642 -0.4314837829047513 337 552 192
77 0.5581072092566025 0.09415142809582168 0.1432144076940478 0.3419907558532831 523 192 116
78 0.5680901626430758 0.15075643273100514 -0.09754259218917871 0.01606659140581876 290 329 230
79 0.579414095649481 0.10849699916777958 -0.10635599831387843 0.2185202203214276 329 116 203
80 0.6428242020394771 0.16985277971796992 0.09863518075220457 0.08892394043336083 83 392 506
81 0.5848128795344044 0.17174158367043435 -0.27528596398956884 -0.05579984807546623 146 230 83
82 0.6980662870308082 0.19075782937928604 -0.3191029163129855 0.26960744400894576 222 204 574
83 0.6472838503047589 0.16377790983647786 -0.0793859068759506 0.3465914910974477 392 484 204
84 0.7513936246702639 0.18167181881795305 -0.28549771227681653 0.2815808926304175 200 574 407
85 0.7760237345684746 0.1389873596704874 -0.10002996313207557 -0.098959717156899 407 123 243
86 0.6219411216143337 0.10031248331092613 -0.11407411959485358 0.25002229661619246 203 8 484
87 0.8173317885477243 0.06217236936421554 -0.4358115105775051 -0.17702834051100402 106 61 165
88 0.814824334540908 0.06478401520920815 -0.12773506991720085 -0.5042424053389866 269 12 106
89 0.792775987168163 0.03841569754709835 1.0241045405120661 -0.8906507031742585 239 434 61
90 0.7926441098671094 0.03854009440377717 -0.9804689084970809 0.9897264552878657 344 239 12
91 0.637289655114174 0.26977444737387873 0.2515304273892349 0.1008026558058095 26 101 364
92 0.6477860969145707 0.30127508771917155 -0.14907662465590832 -0.14784862552991163 562 380 120
93 0.641730616324198 0.3004629128692835 0.19219210641366336 -0.10164636137996452 103 364 562
94 0.4247449837308104 0.09935665684507673 -0.18480774202633832 -0.03757137587157011 126 590 328
95 0.3614372122550301 0.12422386590653775 0.03387044672509276 -0.05704605884893077 478 383 126
96 0.9942049605982095 0.1312036932873989 0.28421525879313014 0.16010673776351014 370 295 504
97 0.9896866145189138 0.08837107305571414 0.26038905615033414 0.01925678089209626 561 133 295
98 0.901089310064746 0.7081056275491792 0.23232753776358805 -0.10844093192852178 455 402 375
99 0.8833210086617544 0.8085032914888894 -0.13524867614744807 -0.19633831088716747 19 568 371
100 0.9291090065813666 0.7263619200498412 0.020116986548801563 -0.32257148549486026 176 375 510
101 0.9363338445554075 0.7612011242152701 0.04815987955653078 -0.3871932344190476 568 176 576
102 0.9142840255036392 0.6074273559864196 -0.12951113246889492 -0.01982877113372583 77 505 350
103 0.9144156516429784 0.6073902017916345 -0.597381864017154 -0.31178104467209816 350 430 56
104 0.8850723896113368 0.9079439595789878 0.24374436401533583 0.12059272712361402 251 221 511
105 0.8842855734851089 0.9122738389197166 0.2925848501846018 -0.1430567482182954 284 511 438
106 0.8927389657099088 0.9149217153399496 0.1110032592753496 -0.20727550400882755 438 588 89
107 0.8926960933418584 0.907592388318622 0.02189582083353403 0.13406012038322257 235 221 468
108 0.8948835958019069 0.9121011693282791 -0.04867254698240342 0.013389869074620364 588 235 34
109 0.0576053051069864 0.9451033959530126 -0.20007939471877734 0.25843140266657016 469 261 439
110 0.07010722672784704 0.48257613902890795 -0.059120667150920625 -0.42292871690668626 57 53 340
111 0.06624420779091013 0.5227551301359297 -0.20718555551746398 0.037700491339887066 128 340 68
112 0.03524852225952212 0.35445511915810396 -0.12380275207779512 0.3190159660743097 194 480 196
113 0.1253406755073559 0.3546232573008524 0.03716898594463558 -0.13312634987439065 97 275 286
114 0.36834595469054665 0.5762466390878045 0.19990323146812372 -0.13837324758236846 308 179 527
115 0.38502371159754095 0.24633630748816998 0.1050793285717333 -0.28821680736479394 572 444 173
116 0.2615782633063479 0.44456769185794076 -0.3112489418977127 0.32006613401303063 205 405 475
117 0.2278231548341137 0.5317338071378691 -0.5332779856592751 -0.04303354452298014 585 75 164
118 0.12072711504143846 0.334920040208387 0.06249747247499826 0.03808030141216889 535 485 275
119 0.975191020380309 0.42845595348192006 0.1156768125731844 -0.1044928935045597 211 390 366
120 0.3874286764118221 0.2091719120122189 0.05829349294939057 0.004682947085665745 444 220 162
121 0.16732656397840773 0.8972926018722172 -0.10098356040266765 -0.48223461265872736 395 449 232
122 0.6202910263790976 0.4667791967468424 -0.02578606425607255 -0.12392869438992982 515 433 367
123 0.44455041644211446 0.5028176423092143 -0.12196302301425987 0.15447612355945495 382 592 238
124 0.31565105280670186 0.9520225963196438 0.21749158862771623 0.17297564006146793 242 528 54
125 0.46021104785039535 0.9155184681301302 0.058674970437877505 0.3063580597539861 87 121 118
126 0.3704975503687331 0.768412771940524 -0.22834689607925673 -0.3092194979237295 240 92 333
127 0.4117861204551798 0.7391164465864504 0.1559944857749268 -0.4222733611131818 333 256 520
128 0.36160919403993663 0.7601512548251138 0.3702141442366025 0.21901611843566648 73 108 92
129 0.4117395821487398 0.7374346143147118 0.19599855150334577 0.4265190140960093 63 170 256
130 0.6103690137979385 0.9389983506327366 0.3285105552169876 0.10980687747963458 577 279 29
131 0.5566956168727832 0.8760558735368797 0.04665312164364721 -0.16067184943624468 460 285 217
132 0.5807354336958572 0.9351381574807134 0.1814320527149249 0.10417364748604996 420 217 577
133 0.569088080171799 0.7208156981724384 0.0607524194146114 0.3731804754103507 587 336 107
134 0.6566504498611329 0.7619337750799944 0.03339309176397798 0.09935203076905097 320 559 247
135 0.6084712914218766 0.759813576515418 -0.40845808124689853 0.057712281481547834 215 107 320
136 0.31199894961760527 0.7987398569110769 -0.024570163612014362 -0.3096645096595241 381 5 184
137 0.3171999139539529 0.9092226470897443 -0.26385024890580777 -1.2328198200359588 391 354 80
138 0.5121734965787557 0.782635940709223 0.34364751808069194 -0.2091271537885131 401 166 72
139 0.45346137499679523 0.7390529626667783 -0.19981624610129756 -0.4021967396281023 520 411 401
140 0.5284589925917762 0.7716047425620154 0.041802964909076756 -0.005505249381365651 166 537 248
141 0.5273357982958328 0.7355976712842873 0.19091813754923415 0.3564359401381223 322 540 537
142 0.7042426934008543 0.8539780528598824 -0.03400349307680628 -0.31710773867876796 426 180 141
143 0.6728236986565638 0.8469026358870467 0.3466237574745179 -0.2620801520247795 300 358 426
144 0.7118668184682694 0.8354241526290569 -0.2545238249329618 0.23169398725986223 180 554 85
145 0.6804416204613551 0.8166293217209082 0.21545179737514353 0.5662249766280603 358 247 554
146 0.6290625025828644 0.87137533324542 -0.028247078287524374 -0.08485990868334348 110 419 300
147 0.8009155823835661 0.8880209603632861 0.003144719106971082 -0.3891260461259555 293 483 316
148 0.8140990715550851 0.9402266076629753 0.13819543842608084 0.2050639352768613 245 316 459
149 0.7918915686389432 0.9734250886566422 0.21426251393778795 0.16540933063351193 445 245 257
150 0.7697632752568198 0.97847470912601 0.4729863400249057 0.10721720768158693 412 445 174
151 0.716636468526929 0.9350994603674219 0.10420812615596908 -0.21681676107276893 531 330 412
152 0.793374892863999 0.882884369272501 0.8795010905413981 -1.2739327266014866 580 327 458
153 0.7932304157559525 0.8831660191583725 -0.5996917514450716 1.6116000430955286 140 580 293
154 0.7309751901953399 0.8933780083069085 0.09998338476591151 -0.04596082264773926 330 141 140
155 0.3120798072838864 0.7792301916548916 -0.043365923005356244 0.4069259085942578 5 1 73
156 0.2842954689245396 0.8076454265679164 -0.14712837996533334 -0.27560549051286465 594 142 381
157 0.5572091870726991 0.7854276016652113 -0.13994225275121286 -0.04276786997464699 93 248 429
158 0.2124082265656242 0.48292988636887 -0.018193788142717437 0.1547554646930127 231 205 498
159 0.17007851986499442 0.47357957208638485 -0.22437931838058256 0.09387501288468658 47 259 231
160 0.2936233224184623 0.5155906222036196 0.22276279848520986 -0.2647983533832221 164 363 289
161 0.3039968345380397 0.48273412422315404 -0.05910168257572401 0.4547490266293419 363 475 331
162 0.3639860160877405 0.4930887748148262 0.3068307496967293 0.48372204644597794 331 369 249
163 0.8313758407714488 0.2886511592808647 -0.08348897059806681 0.22408630021009124 490 406 236
164 0.7399298930652458 0.2727663406045841 0.01942604480054122 0.00043473696864637645 512 58 418
165 0.7660088105446364 0.25300550508987735 -0.11948042069609421 0.10287987753376804 58 200 406
166 0.9175705543456186 0.345585190248362 0.20228401800825857 0.19587299490697596 409 51 172
167 0.8694139813476083 0.32846540818788633 -0.31039578581026905 0.004662166139257629 464 262 409
168 0.9380347874811051 0.42628194423494775 0.14429645533997615 -0.11717512168885058 345 172 211
169 0.3518965399173108 0.18232155327548757 0.0694210355867142 0.07122063980236071 270 478 220
170 0.8268213962379286 0.7298280016095381 0.0033106031804841507 0.07400703036508638 91 74 455
171 0.8455041340939569 0.631042671549758 0.09429488093126714 -0.18842929924711704 31 302 201
172 0.9976428501395644 0.6247385340929272 0.1337032152744569 0.5206439494104524 241 265 526
173 0.9974900680206494 0.6249706522025887 0.322507999348182 0.10357038857729435 136 241 509
174 0.43997739962057825 0.5780491646622421 0.18215856337699346 -0.7267041108872636 298 376 398
175 0.4432777214232052 0.6311474672618108 -0.11374785419127065 -0.0791353579887577 332 398 255
176 0.22039661138061498 0.9377840462327343 0.07848849417624315 -0.1935267050778844 427 15 525
177 0.19676998369832022 0.7086376837247911 0.17247969788525275 0.21556038481973516 99 129 41
178 0.23432365670711391 0.6931470185491636 -0.28046198488618224 0.43331045279648706 129 159 325
179 0.24640944084947164 0.7407704122039821 -0.24532703542246015 0.44374392493828907 40 325 252
180 0.05239428577412143 0.08752588936371626 -0.30011439479393776 -0.030031949496689414 209 599 425
181 0.11057618565971601 0.08958648781988009 0.23955752798121566 -0.014213248633598852 425 400 171
182 0.6752038437265507 0.2249787079514481 0.11636826086069973 0.04652452494438575 16 506 584
183 0.6603214073355139 0.2615464261285392 0.12848265472376053 0.1309761333244397 101 16 465
184 0.682203383407238 0.22485685299371752 -0.2366173698815921 0.0505530129910059 584 222 352
185 0.6924032575098937 0.25293764506463806 -0.3384306414971894 -0.16261517202242892 313 352 512
186 0.6637832300184427 0.26514522411546326 -0.17826147363786404 -0.1987137965460406 380 465 313
187 0.30255592647724316 0.1105239207405904 -0.1358517971727924 0.0011871129079743525 223 62 477
188 0.33834722172814224 0.10291623749190458 -0.09042548307358622 -0.1022696309582738 477 564 383
189 0.9278079080353419 0.03888798938050238 0.06789983332533556 -0.13323893273409215 165 454 561
190 0.7454501629795255 0.7236086991034492 -0.09352528682060601 -0.25089709602580745 492 417 365
191 0.788029347403627 0.7778675096761012 -0.0600542969519946 -0.1482788107576294 11 365 348
192 0.8197310739828955 0.7687461577490103 0.06625276646743394 -0.1772465681171287 348 91 19
193 0.48786807333854054 0.7097006666734099 0.018213675706535426 0.16529785873409253 541 567 322
194 0.45345383455038485 0.736642176524743 -0.2097192946214077 0.40256680749334306 411 170 541
195 0.05002947446461578 0.0038629247309968848 -0.1406799263886649 -0.13792270554813246 482 227 65
196 0.07810389563333772 0.9857307971644703 -0.3316274040099376 -0.06657269596699322 65 439 228
197 0.1179593697536655 0.9975233550645533 -0.024077626697982524 -0.019431855430296352 228 596 45
198 0.027319907456357775 0.9554593583055585 0.05975240789353811 -0.6057668480816559 360 303 299
199 1.0271948368993624 0.9552661112924865 0.6438687225203931 0.4560990458360101 213 553 360
200 0.02747460944211554 0.9552913546543483 -0.7103768896905838 0.3412633891512577 303 553 469
201 0.2573981721127395 0.9819471322945358 0.3157431316402892 0.08925875108478643 403 525 27
202 0.2199239459038475 0.5265509838609761 0.0075968334921350245 0.3155468980510154 157 498 75
203 0.084018378596329 0.46952225945272236 0.9166984605443415 1.1351090372754467 53 102 396
204 0.22534967006046808 0.5344864170382823 -0.11717382754176942 -0.5045435181195296 125 2 585
205 0.2191667972157626 0.5274157285572233 0.3179505460998433 -0.04052073895605829 575 157 2
206 0.1824455543257738 0.5259151779991887 0.15698760486015928 -0.0834017271911236 214 100 575
207 0.13235357177460305 0.7311994626827663 -0.025950872353797116 0.3328970359789407 410 414 339
208 0.14772387791216582 0.7767452735130028 -0.08511283917239654 0.07840376316931019 0 339 296
209 0.08683394522091945 0.3913617043841259 0.05604560218697152 -0.1174049871210947 461 97 547
210 0.038664842927903856 0.3706442544307829 -0.22974715012391567 -0.24773202100814018 131 194 461
211 0.08386981884250354 0.4693633857779408 -1.0917754681205918 -1.0147806867665086 17 361 102
212 0.06957489538988623 0.48201148664787646 0.4421474297257831 0.10161130465681512 154 17 57
213 0.1760073802983576 0.3132783243145421 -0.34159430215008335 0.03451522921638084 28 543 288
214 0.244852375678055 0.3839955133209925 -0.4395580822935674 0.08878115048682744 521 206 405
215 0.17124392529762955 0.39001230625815775 0.11677531372433769 -0.010175344594687274 152 487 521
216 0.15258951553096792 0.35876159763321785 -0.018069265875220175 -0.18050216113452144 286 28 487
217 0.06822757704363246 0.3175232283367712 0.09911558032649204 0.07758266043489392 196 186 535
218 0.1607180488975201 0.3032349325204305 -0.1328282976664763 0.18731505166402762 485 253 543
219 0.22381273323948084 0.07595054775073141 0.0982330571053236 0.3611671128833649 529 124 60
220 0.42308429352479027 0.5670386883410812 0.42975877771831567 -0.10544632931034324 527 291 160
221 0.4399976524572548 0.5779471161298743 -0.7044720396041806 0.09539424200517627 7 542 119
222 0.42324326269444495 0.5668107497578968 0.05750272780180067 0.3891192254588775 291 138 542
223 0.3542085713695348 0.5461624411702835 0.15134745887102063 -0.3311691310070586 289 263 179
224 0.24667547684927849 0.8440689469215823 -0.9788515418465877 -0.10655510723170825 71 22 579
225 0.24683616612394685 0.8441916177124053 2.3371864700581866 1.5407706055106791 453 71 144
226 0.7781773545184202 0.3448080337710153 -0.19658482272588707 0.09730460812096275 112 431 145
227 0.7477494351740388 0.3260316774244019 0.03181834518084514 0.27469205035601796 341 418 431
228 0.15076372868964807 0.4418387022537287 -0.05666956487404562 0.253928554919125 115 152 259
229 0.8247872909288729 0.3282183889423068 0.02908910334831205 -0.06043094497032442 145 490 306
230 1.002797607607717 0.3834211371485341 0.33266281847244006 -0.47932844290943244 390 423 131
231 0.9311057561655292 0.5550122642827047 0.14650510084604496 -0.020298385368378025 582 301 321
232 0.9343700721678618 0.5602355391280632 0.03968863458367333 -0.20468825428013315 178 321 267
233 0.10404068428663686 0.5877093916516032 0.11581608866384485 -0.11166513373683795 309 94 450
234 0.1533461189966765 0.6303201663144593 0.01844867106304271 -0.447556505744906 450 314 224
235 0.9684302596887774 0.9226786990661896 -0.13584477227997216 -0.2513296756042477 18 226 213
236 0.24270504247635782 0.11359383651452185 -0.09724120939892666 0.2931427380784696 198 60 378
237 0.3553719654311187 0.9837367545862586 0.055124367397130225 -0.19986453794057502 158 397 148
238 0.37019704896633265 -0.01305478850818487 -0.4544408131051947 -0.3141399420106272 148 151 474
239 0.006876517535119687 0.13554336983959356 -0.315945172281451 -0.05148663353299332 504 209 310
240 0.003523120368272313 0.19338927765538483 -0.3589045591972928 0.3153903452637885 35 310 502
241 0.13768470366111618 0.1251610488931189 0.1800977943167137 -0.14522331739930117 472 171 287
242 0.13039046861178355 0.17160518702609853 0.07409876739972177 0.4191265300101943 312 472 185
243 0.8833020015932809 0.4644362716960093 -0.023108811045280397 0.1748219603803225 319 368 33
244 0.9091076278567941 0.46403703223048093 -0.05416191106721868 0.16296630503398468 33 345 335
245 0.4353204552120563 0.4715861739471944 -0.06226882759419183 0.4565211694784743 369 233 592
246 0.23710353995653552 0.750068059821048 0.25169976190092536 -0.05834645770003144 189 40 208
247 0.18920604288176218 0.8520206427863626 -0.13932623180168413 0.04479364587584023 372 532 449
248 0.246399016444638 0.8440552595818472 -2.900288697095868 -0.21344029731167793 532 565 453
249 0.26080520102314503 0.33154883316555855 -0.3418264695603801 -0.2899367586295387 206 424 273
250 0.4156453338382869 0.5292879874127314 -0.045592769143398826 0.11311717604267635 138 199 382
251 0.31723694240459926 0.9093439332408851 1.4190430289894507 0.5639658444861776 528 413 391
252 0.3170699767274035 0.9092908446028485 -0.9500443661994038 1.1241037937666838 147 354 413
253 0.2606483922746012 0.8458343597568907 -0.33750967264045695 0.016482308226595244 546 579 594
254 0.2627082287845488 0.8617655690723787 -0.35015962083009833 -0.11732151014576253 187 546 147
255 0.6235740583945009 0.9288230881191553 -0.013220914987788213 0.3444972071497965 279 110 297
256 0.5857521757435342 0.8395382067289561 0.25146224953587093 -0.19332091004517665 285 52 76
257 0.5856876187877775 0.8395295908068883 -0.7038556061861985 -0.2844914189208819 76 555 419
258 0.5691675463172324 0.7762460066452794 -0.15028882721646042 -0.014705544941484572 429 183 435
259 0.5865976825049163 0.7823350626773509 -0.263379989345891 -0.04717261893605329 441 435 215
260 0.5858098014083407 0.8393684476164466 1.0564619069375423 -0.9871189663753751 324 441 555
261 0.5563073832038217 0.8137385956084526 -0.1665161872971277 -0.03160221771769667 67 93 569
262 0.5855978554797628 0.839570129535495 -1.1577717444413178 1.181005973004224 52 569 324
263 0.2563898411658205 0.863175151769246 0.0869072528351944 -0.2076517387726573 15 144 187
264 0.1285690056032978 0.8729425562096818 0.318625682782514 -0.11250706546950262 212 457 395
265 0.15499704203134745 0.8188588063093508 0.19143837619740173 -0.19175437602787088 457 274 589
266 0.07572336748941493 0.8868097804839101 -0.10083169264818448 0.06486980952402632 261 578 212
267 0.32082954858758433 0.1981971716458168 0.4116120090602582 -0.09297992861756477 244 270 82
268 0.4861774406632007 0.5583701577416371 -0.04325226218848677 -0.03936250492220239 105 156 323
269 0.48804857093607107 0.5240140341406954 -0.058940541336482966 0.11298526281233734 238 326 156
270 0.29083855765677136 0.9770893721941344 0.5018860327332675 0.04920290286314355 27 242 533
271 0.9141870112369052 0.6071722805174742 0.9597557757594962 0.3041338483410639 516 277 505
272 0.885293921321237 0.5659281839145973 0.13786526191494897 -0.17234493311646393 225 254 516
273 0.9143740106155569 0.6072050933987491 -0.12072960501870005 -0.3322143070811105 277 178 430
274 0.7729130615818655 0.028239705707985445 0.40394124989351354 0.1428801181535544 44 373 344
275 0.7250318900260585 0.06878743664715055 0.3518745850250582 0.12068479271487575 489 44 123
276 0.10962930151799738 0.5724617830405901 -0.0034463501497050686 0.12758767028997475 94 68 353
277 0.051953061179266326 0.867200540163947 0.030899385827787285 0.18771759910385377 150 374 578
278 0.05781230924097347 0.8070355284622251 0.08725190153713314 -0.2549846264687794 563 175 374
279 0.2593898026451201 0.7863623384000016 0.2555951257934841 0.019758099670252882 32 208 544
280 0.26873629371795016 0.785378670859795 0.03897516077239205 0.036859336763339634 544 598 142
281 0.6915350359673562 0.7193280770029489 0.216299138322551 -0.1360980772524556 559 463 492
282 0.006758124885280473 0.7559856243058909 0.10824580520124583 -0.4621311696165198 576 495 234
283 0.014738826646126808 0.7599170904180741 -0.3247192431610202 -0.698774596519236 234 122 563
284 0.2385631414713097 0.1194501466004661 0.3163748870521621 -0.3086304023111608 389 198 59
285 0.18244464701816776 0.109102197031274 -0.628864735540682 1.104166743207493 216 169 389
286 0.37393647577832384 0.5211324672575847 0.028010329125582878 0.03501555503881981 263 249 199
287 0.2769221534910308 0.317573035403617 -0.2504559299537634 -0.36914948910171663 273 356 84
288 0.32974544548786183 0.30961206755330584 0.23952736877275171 -0.40675640564091786 84 113 207
289 0.27741831339857853 0.16729885605063152 0.22712135366864672 -0.2144461625636085 442 223 244
290 0.25724011898613103 0.16973864761219923 0.23348847924542504 -0.18490193681719447 451 428 442
291 0.22728755671027617 0.22780341224430511 0.014729601045815333 0.3601816862125462 566 451 356
292 0.539113932465824 0.4984606019474993 0.037516843104379305 -0.03801602019293249 326 3 355
293 0.7946574561886053 0.703792779767231 -0.1180479124174294 0.0020519877463875957 501 139 74
294 0.7958729302227243 0.6667734431049428 -0.11884409845119848 -0.025617238191832925 466 31 139
295 0.7454768469042974 0.7235193143900674 -0.16835386990873358 0.00011938316546271366 417 351 501
296 0.7037591450774333 0.6933447075897237 0.16901985852579848 0.03896948319592752 377 64 351
297 0.8416512005757957 0.5749709017341331 0.062332461414627005 -0.22988572330462365 302 37 570
298 0.1736399815093146 0.6048724911331076 -0.13294625469950638 -0.18177233884753008 314 20 524
299 0.1532274249649003 0.5699346194754805 0.05923856197243005 0.08802735970703246 353 214 20
300 0.6506350208339953 0.5823709257419117 -0.01516290461245351 -0.06628976187417202 416 519 283
301 0.6661427512682052 0.4537450286726822 0.3348054155097313 -0.1690852903871165 367 42 268
302 0.6492610879391922 0.557716783444006 -0.018012086613894418 -0.00023255043724024205 519 538 488
303 0.43991526111919455 0.5781308600212812 0.11325162914908035 1.2121749406975901 160 595 298
304 0.6131391254986994 0.6042729188831097 -0.01344063471631074 -0.09893839775232394 155 416 545
305 0.44000952696389045 0.5779471877381834 -0.88019370438877 0.05439281510043073 46 119 105
306 0.4399984223271123 0.5780275751431505 -0.6731269134980741 0.6283659824598815 376 55 46
307 0.44004214624756444 0.577852507293411 1.2731969310893416 -1.7549718201497682 595 7 55
308 0.577592883742085 0.5781579415306906 0.2065519005833849 0.008999981315760408 177 305 155
309 0.537301668895185 0.5936888940915221 0.016876559871814578 0.06760612555889445 556 323 177
310 0.20265535786982858 0.7428990139806502 0.04747753093448104 -0.13440239338136095 493 41 189
311 0.9797178029193057 0.6942198751684768 -0.17653249834159723 -0.15813315865087496 317 496 548
312 0.011670982848867983 0.7330279268643876 0.1526743351480588 0.12546719198531023 495 548 388
313 0.9832166721931107 0.6758218640786493 -0.17862388998479695 0.10060698107938748 496 491 130
314 0.24258482213816535 0.12330170830646522 -0.012980650842403518 -0.6511082761492815 59 271 428
315 0.18233047606466715 0.10898965179050091 -0.7011738279783571 -1.3706236229153475 287 432 216
316 0.18249809656566657 0.10899203677619787 1.443734786281685 -0.209317104981851 432 437 169
317 0.18398735774798822 0.08644892161531811 -0.006224740167759535 0.3084973512756939 437 394 529
318 0.2196008776893652 0.2308997023264463 -0.07251744725544906 0.3922129846595235 86 566 593
319 0.11487853842431715 0.7730159396793035 0.09017728855309493 -0.1319398649363146 175 479 266
320 0.14131108213978782 0.7830769576662253 0.13414613673351505 -0.12419119933826384 266 0 274
321 0.16747969078245584 0.47637496247658573 0.08412565305829234 -0.23900914390001526 9 47 100
322 0.12853980732191683 0.45598731368863266 0.01238610386131156 -0.24493882356396712 396 586 9
323 0.12909693391083932 0.44940304655700847 -0.019836214008167596 0.19099945496731108 586 508 115
324 0.1631785622410511 0.6944683711766286 0.12710866248433206 0.16613958958577868 414 224 99
325 0.09757386394494595 0.4325006470088022 -0.1726457138113025 1.5360784108093195 109 357 508
326 0.09760357906633912 0.4323254340977497 1.4271040380572746 -0.2968961685469217 278 547 357
327 0.09748638514781748 0.4324079996614892 -0.9713362786843704 -0.7931003309413808 361 278 109
328 0.17365053806016192 0.21984689614401293 -0.3317589307438862 0.26094343005822473 30 185 86
329 0.15035140300792924 0.24809732868265633 -0.15993617888399037 0.016928992235820672 530 30 253
330 0.24628540349827963 0.1150218353219827 -0.4048178252682999 0.1810790730034928 271 378 210
331 0.1568604766013338 0.8185642323297423 -0.250221734022886 -0.12418969880245712 589 387 372
332 0.24684292581456238 0.8439762264087087 2.2136843048334343 -1.0450233915520155 565 32 22
333 0.8467156101611718 0.3442732416366416 -0.09684744603499773 -0.1684683940961218 306 464 536
334 0.9625937381162541 0.32361704517878087 0.22275263994453454 0.17735529989071352 51 514 539
335 1.0005331934697606 0.3574640950718887 0.3367669039466836 0.24403052460708619 423 539 480
336 0.1584822543880748 0.7804220350602677 -0.22657713292378867 0.028214989372665755 296 493 387
337 1.025774541326508 0.24484975116370444 0.12986606408305068 -0.22384791138752025 573 264 399
338 0.03366103694335422 0.21857714338633383 -0.15655939877845526 0.3806894081220813 264 494 36
339 0.29002624716721975 0.09805956649732775 -0.10225891175497104 0.07432204365831474 210 43 62
340 0.9073413325942123 -0.0174225122125432 -0.12916204598922842 -0.45835055924314805 481 551 168
341 0.913886839403235 -0.044288680360333524 -0.05601867095195168 -0.6839836034361335 551 89 557
342 0.9335360193459352 0.9321813979480551 -0.27486508763496786 -0.2960644451821537 557 95 18
343 0.2949610098998993 0.057649516003452805 -0.10744027126308175 0.024820442923179087 43 334 21
344 0.3261286273427503 0.004695233889315902 0.019425540342954406 -0.19854956428977388 533 158 276
345 0.32592156340489586 0.04110116517422516 -0.0246837838363545 -0.004461936722877091 21 276 246
346 0.3459961912172307 0.053455607396714115 -0.17051375068855013 -0.08744943068295097 564 246 446
347 0.3891648151943917 0.024904680861048707 -0.330516405216974 -0.0326153125340678 446 474 237
348 0.21767724111210313 0.2999119556222851 -0.11818043627043195 -0.1028014666448751 288 593 424
349 0.9921083044274122 0.2507267381579456 0.3879640022436126 -0.22000916748143862 514 135 573
350 0.9858544198647508 0.22323172494177262 0.36569933366259466 -0.39683950604774143 78 143 135
351 0.0097963741674061 0.20478261097811074 -0.4086422577057047 0.23492138217368064 143 502 494
352 0.8388544534830196 0.41487655844752885 -0.1773522252668247 0.045392550829248535 436 536 368
353 0.5989250490494493 0.5214353847091305 -0.21492186693533588 0.3191281947034774 81 515 440
354 0.08941539582892054 0.23601897862243781 -0.0709210249555392 -0.026133783678772282 549 571 530
355 0.5905785372695938 0.5414568049134703 0.2843566713692236 -0.35320369198843515 305 362 114
356 0.7078578687289878 0.6094469076171334 0.41774834511759673 0.11707908427471825 283 69 38
357 0.6886979439400179 0.7002484969309144 0.22756893383601984 0.0124611473917291 463 161 377
358 0.8586047846769305 0.5616528243557855 0.03141582376187113 -0.20967307647057343 570 191 225
359 0.7175041563162907 0.6055538253825816 -0.24826646675968345 0.3759384409676714 98 69 39
360 0.7375050675973763 0.5505793104759584 -0.23623816028384148 0.16631374263886833 39 583 48
361 0.7910548170189385 0.5360443515031793 0.34015912239726553 0.013180528196654606 48 195 37
362 0.7282929967961463 0.3916556855343683 -0.12242613797730506 -0.23697131409927685 132 443 470
363 0.7936455427371315 0.9755690737600209 -0.119406809136538 -0.24716090324568285 393 257 422
364 0.7195152004580733 0.6366074711615946 0.25350407589080914 -0.3579684170612607 64 38 197
365 0.7784447432640987 0.009102548333416127 0.44962245130406375 -0.007879212294550561 373 174 258
366 0.6047639392281187 0.5361817671568563 -0.40548542943469323 -0.14579588890339945 114 440 538
367 0.6959979309539595 0.525874407802426 -0.27866421184463697 0.12417977549028514 488 342 583
368 0.7786261855291668 0.009101412275877673 -0.1603674087838694 -0.003654680060644587 258 393 434
369 1.0090166067728992 0.5159695759644551 0.14046926850863617 0.20237311861015517 456 188 149
370 0.7644643953767088 0.3904824167793722 0.017889643239010766 -0.24140048709986317 470 112 467
371 0.6736716284125499 0.4577377554134613 -0.3689635499903865 -0.49700568938160217 268 315 342
372 0.8321881930784956 0.9594543157326139 -0.040939253202754156 -0.317380135020362 422 167 481
373 0.5338073662282394 0.6309368476860999 0.009162526987127606 0.08346757868205046 415 556 127
374 0.8024808609971185 0.4261102684600113 0.35891917979369303 0.012471514099221537 467 436 4
375 0.4819019014437765 0.9808273100333248 -0.08654534172647388 -0.05385281248715401 282 118 597
376 0.42105699185723977 0.035315298833090765 -0.14812152476784135 0.02090319375924743 237 282 590
377 0.7273894529891873 0.6331443856235854 -0.3549218047932401 -0.0981368255756343 197 98 466
378 0.8687968650321851 0.5025977904614414 -0.08151211684792603 0.39710938738724 346 385 319
379 0.8500376762748708 0.511877260364769 0.1101903422673356 0.24744086363215345 191 534 385
380 0.8944350176048009 0.5521229130419948 -0.01464621410263156 0.024177700813643455 254 346 582
381 0.812421750862674 0.5002716224395686 0.31002804629087777 0.16192941501569358 195 4 534
382 0.676721198613177 0.443048300859962 -0.47270822933070944 0.06379754632565571 315 229 132
383 0.5853742691673923 0.526024896685223 0.4075252697799403 0.11491602426583203 362 355 81
384 0.7148635880623073 0.36207606608988163 0.09309205281637922 0.06552279274707473 294 341 443
385 0.9683881628065933 0.9217539617757685 -0.1074257632936032 0.31511340756792267 226 307 150
386 0.08145557108899781 0.2149069806731047 0.1047158790234981 0.34947168665866446 36 312 571
387 0.5466446357067227 0.9959917367266143 0.6065023046286644 0.10707285596350813 597 560 337
388 0.9334662805471547 0.018333752741147402 0.08711880106204717 -0.1776951016885242 454 168 104
389 1.0156324966109227 0.4836206282590365 0.20802080891169084 0.143570175192842 366 154 188
390 0.03022793448146708 0.5332548597958447 -0.0051017256391672205 0.07038096078160194 149 128 581
391 0.05882658860948113 0.26730496895268446 0.055854895014695316 -0.29426695316581153 399 549 186
392 0.5748000371664482 0.6620732982078957 0.02776729193798566 0.0005238018352393681 336 127 50
393 0.6100905239691372 0.6471290682748271 -0.021452833953716777 -0.04770998943137705 50 545 161
394 0.6419982617353679 0.06529698565216473 0.0014071008247462657 0.04401017814070762 8 280 489
395 0.5528005787781382 0.9932307508768323 0.03104372496912089 0.3681375201208814 560 420 500
396 0.605763242590382 0.002659769301401136 -0.18763274614586045 -0.1629905516109531 513 347 280
397 0.556109075093013 -0.0011914863532054036 -0.24155765868463797 -0.09751420218181983 552 500 513
398 0.0007317097859569606 0.6278257427516326 -0.01725633985206511 -0.327938841457754 272 509 499
399 0.00012238323697240112 0.6677061864265768 -0.1295076035995324 0.08637944283462762 130 272 24
