915
0 0.03141374765593976 0.6311177579210184 -0.2657608300093983 -0.010298739638869847 111 66 359
1 -0.0009543664138784513 0.6270819605558589 -0.5052141019934172 0.25387377422115537 499 526 111
2 0.765915039704652 0.8266301601640341 -0.14163151138002483 0.16493802434958127 85 11 327
3 0.8798979483812325 0.877333340599306 -0.16124045779108975 0.5952035409678702 558 371 384
4 0.8955110805928 0.9048215631815246 -0.17156299167778166 0.37363262189032964 468 384 182
5 0.9197698627399418 0.9163876065616502 -0.3421562316650471 0.595695757843039 386 182 307
6 0.9197716058155385 0.9163842123191764 0.08462074464402189 -0.2942222560937046 34 386 95
7 0.04405626044655653 0.687556724471139 -0.3248487732282479 -0.07049142589088397 517 359 452
8 0.028675962342514745 0.6932864790314014 -0.231899464908647 -0.07923510042529003 522 24 517
9 0.05188012597304045 0.5964002121171154 -0.22604521518476695 -0.0286427243034737 66 462 309
10 0.3705317160950274 -0.040868456607330024 -0.48866611422485395 -0.22255267781177218 163 404 151
11 0.35436578008153824 0.9716753103674719 0.021931726573720667 -0.06502766658478265 54 379 397
12 0.37054010206599197 0.9591351081107958 0.0524217697286315 0.007889034499448944 379 193 163
13 0.8741394181841304 0.21463613968250733 -0.059368962523898006 -0.03641827672762332 10 137 134
14 0.9779807833468898 0.20739339179948207 0.6304730952588766 -0.11089314778944814 591 35 78
15 0.9536647243927849 0.19592152850672268 0.4891917825683434 -0.17394943714610367 134 370 591
16 0.0376006306932454 0.07117581912398332 -0.15976507269921392 0.1574113259877885 133 482 599
17 0.13343099698742553 0.06381019352756141 0.033207434024795646 0.24419717636892102 400 45 394
18 0.5960678379500094 0.4362272534605492 0.14425914282578667 0.15700880873215084 338 447 433
19 0.6213639723319226 0.39018936251728975 0.11664330473726281 0.05080358911335736 447 25 202
20 0.8010424222296095 0.13417824527826364 -0.14458448154008874 -0.09073770901313338 243 269 137
21 0.5164107336387105 0.24097824622443414 0.15952833498644736 -0.3652668563447481 181 6 260
22 0.6023844417189189 0.3463722941756458 0.06923780437873006 0.0005620948151374705 486 103 25
23 0.5777263058588061 0.22939680502667026 -0.20935320560466764 -0.2566571538631379 260 318 26
24 0.5082343516176367 0.20440946631335305 0.23342435623296964 -0.00657515500379624 349 250 6
25 0.543590401721729 0.1162907478477318 0.22250329495543397 0.2313457838493127 448 23 523
26 0.4667757879052051 0.13162426379013567 0.0677438556639931 0.19864161079907738 328 23 190
27 0.46162571643852074 0.177159361926387 0.058323591095588156 -0.09058202660172654 162 190 349
28 0.9552695769934493 0.6939513349883395 -0.07449282510285649 -0.19316895513710186 510 70 317
29 0.9134866465492458 0.679451273292494 0.1680715629170937 0.09270562234542368 402 518 281
30 0.8923100205868896 0.6403381666007494 0.052858718790904646 -0.18220526129542058 201 77 518
31 0.9492094446254739 0.6807873448934274 0.10999560932228869 0.14820306301621677 281 88 70
32 0.9628403716906391 0.6665332251964388 0.12809647891021125 0.1909893333762458 88 49 491
33 0.9609511220603582 0.6377496011905326 0.19783789780014605 0.17215791986435747 56 136 49
34 0.8712674789389774 0.8864123082899955 0.2617320627590347 0.10749278793464878 218 558 251
35 0.7993991012085692 0.8873451725573603 -0.44730977883300144 0.2662517649767732 483 458 218
36 0.8310433312127498 0.9473802045620929 -0.021587277278245498 0.1201918235077537 459 284 167
37 0.02455767745249811 0.9852721319475344 -0.03812476237485818 -0.08185233636714973 104 299 227
38 0.11650393651290947 0.7360688271729645 0.13300253155767994 0.296461704143991 452 410 479
39 0.17967725749577887 0.9339771630572996 -0.008978685156479926 -0.17968908722076904 596 232 427
40 0.3672302079860192 0.9168432132311367 -0.16216426673709705 0.20929493069199445 193 80 13
41 0.35236193051472603 0.8136061032955795 -0.302872789348374 -0.3786915482584252 184 240 79
42 0.3986709774530746 0.9187775233357047 -0.38247868448804123 0.22022672713228886 404 292 87
43 0.38021997696092846 0.9054604997019599 -0.23145609595598415 0.28730650844521755 13 79 292
44 0.5558470347963402 0.7358713419219303 0.04091170041631287 0.3822017299870417 540 587 183
45 0.5292546663513489 0.821542994713526 0.4241911627511641 -0.26068568831361105 304 72 67
46 0.48662466943559324 0.6566881830020571 0.046633330530454487 0.021381213466398208 255 415 567
47 0.9383677497576006 0.5469059238593563 -0.00252167106640222 0.16932500523231253 301 335 550
48 0.9546123936694646 0.5528602374448378 -0.1135141176368537 -0.16401151551248203 267 153 408
49 0.9546207675873973 0.5523293009046828 -0.11774847717953979 0.15109685780117718 550 456 153
50 0.6204087621260921 -0.04814228144240363 -0.06510758824435081 -0.5303426144423473 347 29 507
51 0.6331364078503408 0.9414322780641016 -0.47251273067872024 -0.18009989558726014 507 297 531
52 0.34651663268714855 0.26140180655443457 0.26861320875926076 -0.39625488862382596 113 82 572
53 0.520950640757208 0.8635615494562232 0.40535402950903077 -0.014311088425422724 121 304 460
54 0.21534899135034635 0.5993636857133452 -0.20159974592481866 -0.15246809856317434 524 125 471
55 0.47033755611707756 0.36893433759264693 -0.014671956011236276 -0.16242082401252134 207 473 497
56 0.010785089857891532 0.7341131495107223 1.4814702172566467 -0.012445450870785862 122 388 522
57 0.8466927739077126 0.28568360592683917 -0.16987385005606814 0.2527554218006989 236 10 262
58 0.5064873380635903 0.33039986612620265 -0.023642515722954727 -0.05171774258849737 473 96 486
59 0.48838041685706185 0.2778745722861852 -0.019118230609738163 -0.1631936800972067 173 181 96
60 0.9954259438839457 0.5801844113906742 0.16193219855298313 0.036348727153190374 265 408 219
61 0.023604307363485122 0.5677307626939931 -0.02274922993039663 0.13435168776110284 219 581 462
62 0.48058061106851235 0.4158599664896791 0.051327365968578675 0.2986046736264125 233 497 421
63 0.5429338674892057 0.45031261185118965 0.018585372824064805 0.25757114566204997 421 338 3
64 0.2748977378046158 0.7738704896236728 -0.18817048422908877 0.4199909583307848 598 252 1
65 0.35065751233416637 0.6241222981235132 0.14237101775282923 -0.07524620510013236 117 308 476
66 0.2550656582269402 0.6436142842002118 -0.0856451583264306 -0.026413232018240862 159 471 117
67 0.38768545889883876 0.6562370421546914 0.18564504655760317 -0.07992579723059556 476 332 311
68 0.390112789502348 0.7245907773822082 0.2560211629504261 0.33612170199925906 108 311 63
69 0.2578717914090599 0.03734851643385878 0.27848391093154845 0.27190601020743443 124 403 334
70 0.6750142029952212 0.35799282973842256 -0.0350537189552913 0.02410869975877361 90 120 294
71 0.6727096845844288 0.44350341248852726 0.15479416257363313 0.20302583876780944 42 343 229
72 0.6496960257891089 0.3928066296109101 0.00571283333139494 0.00980608858003329 202 90 343
73 0.5748723213853243 0.1801209714849441 -0.15887798160418853 -0.22041727037319658 318 503 146
74 0.563791472217537 0.1741918258231147 0.1823192487607206 -0.03428474101840884 250 14 503
75 0.5680540845197325 0.1508022339884301 0.22282973773720283 -0.031418634268689724 14 448 290
76 0.5532658225787279 -0.0009989103318824577 0.11613927460799728 -0.4375517020102984 337 552 192
77 0.5591919041505415 0.09681251739546677 0.13871268751686205 0.34843475292534176 523 192 116
78 0.5681484428346302 0.15078305839610104 -0.14779709043536043 0.043939457365009364 290 329 230
79 0.5786430025309579 0.11017246022624835 -0.09146226831457938 0.2178076628778225 329 116 203
80 0.6436228955856726 0.17047214547729236 0.10850028219627772 0.07244358567887188 83 392 506
81 0.5827895193193 0.17123131429703012 -0.2471794796621296 -0.07885577121835574 146 230 83
82 0.695608751841085 0.19281741209560438 -0.3192376293870147 0.2654649139399723 222 204 574
83 0.6466362568634915 0.16644438848092666 -0.08851445253837964 0.3458488580590502 392 484 204
84 0.7492547619108596 0.1838067335497581 -0.2706753612913282 0.273267959649548 200 574 407
85 0.7753334301899897 0.1381942871811059 -0.07991714616462087 -0.10682833888331356 407 123 243
86 0.6210558708449085 0.10221917814155956 -0.11583515327484584 0.2456177226883849 203 8 484
87 0.814078568121604 0.060708208504104015 -0.40814931780456737 -0.20254908267118565 106 61 165
88 0.8137233603287094 0.061073105821355715 -0.15682119314068543 -0.4615367182078493 269 12 106
89 0.7930019932213236 0.038744935502287615 -0.44271483159942415 0.4929526164571202 239 434 61
90 0.7929453824607117 0.03879711554608695 0.5356817067589349 -0.4359041487088291 344 239 12
91 0.6392041024093459 0.27052595024821835 0.24605177548209234 0.09454703096822836 26 101 364
92 0.6466198639884414 0.3001184392292383 -0.15369014129927583 -0.15238075332796308 562 380 120
93 0.6432266491337801 0.29966525886550677 0.19614311121476935 -0.10539474193556331 103 364 562
94 0.42333434312405493 0.09910702072115159 -0.18171407573097653 -0.02760521811140393 126 590 328
95 0.3616839677999161 0.12379979926480508 0.03038136339728048 -0.05314314335813641 478 383 126
96 0.9963858970456712 0.13242436977891764 0.28230271870155477 0.1573625526760103 370 295 504
97 0.991693579464883 0.08850875631280121 0.2608664624592638 0.016505902894481395 561 133 295
98 0.9029225565830161 0.7072650773799889 0.2433672926377417 -0.10991808470361963 455 402 375
99 0.882289407430233 0.8069557909557561 -0.1327529683403661 -0.20529582617223596 19 568 371
100 0.9292677630866696 0.7239184263362248 0.02127045553579343 -0.3123195448789806 176 375 510
101 0.9366757730995666 0.7582017839473832 0.040885852342631424 -0.3920697093373615 568 176 576
102 0.9145305852287237 0.6066814739721671 0.38221133241331773 -0.3828557776811383 77 505 350
103 0.9145483232817241 0.6066790374772834 -0.3329930117941266 -0.20738086802413744 350 430 56
104 0.8869664107827037 0.9088789166532968 0.24817277954891637 0.12212749184344063 251 221 511
105 0.886551874049193 0.911169366167624 0.29621210939807796 -0.14338258020121786 284 511 438
106 0.8936768189607044 0.9133631909286996 0.13214150051954476 -0.19785842421925215 438 588 89
107 0.892790314987735 0.9086331224680984 0.0024974493827156774 0.13561108191256777 235 221 468
108 0.8944978961315186 0.9123188060204999 -0.05139787835790888 0.039140206288708346 588 235 34
109 0.0560634094254359 0.9469876133080013 -0.20023884252096114 0.2323486625321891 469 261 439
110 0.07122212866524708 0.4811101080295162 -0.09489928671450182 -0.43006659144291176 57 53 340
111 0.06489548293078164 0.5231013690658177 -0.1430973263494284 0.0518652447378809 128 340 68
112 0.03431466045514269 0.35688277235268495 -0.11932964390920509 0.3121231677630232 194 480 196
113 0.12562228982481172 0.3535726137818272 0.035994888319956786 -0.13958369876609922 97 275 286
114 0.3699157415598593 0.5752921331963256 0.2076141154827571 -0.10902120248235114 308 179 527
115 0.38578885228536325 0.24413617167699436 0.0940113570324641 -0.2834298483411768 572 444 173
116 0.2591921945647313 0.44703276913114953 -0.3084369981642965 0.3203734361134636 205 405 475
117 0.2241220600645987 0.5308951334569284 -0.4398297873153302 -0.15747361943618288 585 75 164
118 0.12122237540797548 0.3352182788816584 0.06600778638954363 0.03918867660934744 535 485 275
119 0.9760543774691851 0.4276539019571414 0.10907379305313825 -0.10405296763105198 211 390 366
120 0.38786633002607407 0.20920135821699898 0.055393564041272825 0.0031273005018928046 444 220 162
121 0.16660939316414491 0.8936814346534222 -0.08576072491051079 -0.4562441591193789 395 449 232
122 0.6200728162586386 0.46587356423660825 -0.030620230656586145 -0.11159076163114179 515 433 367
123 0.44361611761946623 0.5039937500518683 -0.120559656355268 0.15149564068506205 382 592 238
124 0.31733626824417654 0.9533515475951276 0.22072103172954272 0.17114175493437855 242 528 54
125 0.4606524003579223 0.9178362916386016 0.05604211955612115 0.2961678333135431 87 121 118
126 0.3688226313864311 0.7661217495734371 -0.20258912117321337 -0.2809152025579076 240 92 333
127 0.41302921962491784 0.7382620701410482 0.14117198458000374 -0.47616489127171163 333 256 520
128 0.3644124014434986 0.7618842322458547 0.3568830857572647 0.23200051506647168 73 108 92
129 0.41302941458510894 0.7382743297599134 0.1536660107739527 0.4745305699760654 63 170 256
130 0.6128810076535025 0.9398216617484259 0.3243046674955563 0.10421008118932651 577 279 29
131 0.5570115381086216 0.8748028985511693 0.03653006369619405 -0.16402423308470304 460 285 217
132 0.5821151348078963 0.935927527668158 0.1770997428568455 0.1009515096517255 420 217 577
133 0.5694865115267559 0.7237256683001834 0.04342449039240748 0.3821196508518865 587 336 107
134 0.6568968449247906 0.7626877055236254 0.03072017085159473 0.09667562653192796 320 559 247
135 0.6053850123293087 0.7602526572114212 -0.39371235577290165 0.05641759663610468 215 107 320
136 0.31177489576629985 0.7963761347533662 -0.03322471950339967 -0.30449106760283007 381 5 184
137 0.31778336773339105 0.9105572392132271 0.41672535773973773 1.5410073753375142 391 354 80
138 0.5148212981787101 0.7810973847599476 0.3400320400248624 -0.18467304734037793 401 166 72
139 0.4519294163518432 0.7379001770106625 -0.2924253234931574 -0.41739011290200384 520 411 401
140 0.528868647996062 0.7715966385376885 0.06340236842483638 0.0033776415692132744 166 537 248
141 0.5287220421139015 0.738326653112719 0.17034655561132261 0.35245421234342267 322 540 537
142 0.7039704232418322 0.8515270536037411 -0.036803946348862304 -0.3194348322313467 426 180 141
143 0.6755484730266894 0.8449151723365761 0.36097560704440035 -0.2541583318804719 300 358 426
144 0.7098779481095521 0.837216064604213 -0.2619151381888507 0.23360129889488102 180 554 85
145 0.682058625136791 0.820935256188297 0.20464437644474032 0.5523358218711971 358 247 554
146 0.6288599262074679 0.8707688802054115 -0.025590455449142624 -0.07131007034866244 110 419 300
147 0.7992582826323931 0.8875349245622732 0.037781342269137264 -0.3894259744589932 293 483 316
148 0.8150620545666463 0.9417989200582917 0.1051373859500826 0.19893733049780593 245 316 459
149 0.7932206387204477 0.974207024010843 0.24524529797090908 0.17332586798782634 445 245 257
150 0.7731778551334113 0.9793123422597325 0.40952846044883806 0.0945944707980706 412 445 174
151 0.7174633724109754 0.9334436914099238 0.11022391749326843 -0.21280008033475184 531 330 412
152 0.7943511638681775 0.8842382317869013 -0.049430620203570405 0.5163805426658397 580 327 458
153 0.7943121930791864 0.8843106641871497 0.3055649053121216 -0.20369250119077476 140 580 293
154 0.7317499525734816 0.8931007621780066 0.1009456532252706 -0.02763521841919747 330 141 140
155 0.31175529948015035 0.7823838141819348 -0.04109584183370485 0.4120972382781751 5 1 73
156 0.2831357074574691 0.8055416308826178 -0.15398912180109026 -0.27096190187425595 594 142 381
157 0.5561428984144273 0.7850835110343617 -0.13683997285990346 -0.04664196372877738 93 248 429
158 0.21231210968852787 0.48408339818472734 -0.0005244103762347407 0.14391302802230221 231 205 498
159 0.16838480036385442 0.4742841584443824 -0.21573920076073913 0.08918420450927667 47 259 231
160 0.295301297433925 0.5135365326277923 0.2123279940757783 -0.27148799701393056 164 363 289
161 0.30356479330923997 0.48625944800410476 -0.053121495396935 0.4607767219860781 363 475 331
162 0.36622508978290963 0.49681604268236884 0.27542234257160736 0.4843098790063838 331 369 249
163 0.8307940840977123 0.29036199468542473 -0.06848801456516007 0.22061570556508592 490 406 236
164 0.7400659916214207 0.27276375226212707 0.015988636109520726 -0.0010518481918797562 512 58 418
165 0.7649999985032333 0.2538431173254209 -0.14135700873718626 0.11402164767915224 58 200 406
166 0.919134852487889 0.34708315298457526 0.20397910652225626 0.19329053149719222 409 51 172
167 0.8670226139223467 0.32848362237242196 -0.3106861479890144 0.00031152684598634295 464 262 409
168 0.9391445455831854 0.42539695576910425 0.1439777935763331 -0.11288916745844091 345 172 211
169 0.3524258730167468 0.18284952734710277 0.06812809760781136 0.06621718312560532 270 478 220
170 0.8268392837804869 0.7303705037619056 0.0014887854837830616 0.06703145538633493 91 74 455
171 0.8462162688308312 0.6296029961095762 0.09084413707394212 -0.18554817682314706 31 302 201
172 0.9991016355535773 0.6270907513996513 0.11495519558094935 0.3860278913625181 241 265 526
173 0.9990998809897174 0.6270954044430898 0.18161900629974356 0.3236924680110633 136 241 509
174 0.4389758293907043 0.5775114986371365 -1.2603675550844569 0.37352413140051727 298 376 398
175 0.44242912089800845 0.630592636424426 -0.10725814958423285 -0.06554490283861014 332 398 255
176 0.22099964613496895 0.9363055215867556 0.07797386555874475 -0.1906937330264924 427 15 525
177 0.19806264948488495 0.7103054322890402 0.16364399418877795 0.2176260095743121 99 129 41
178 0.23217218104691634 0.696457968506838 -0.27841525335192685 0.4267314140937728 129 159 325
179 0.24452182893032184 0.744157753862573 -0.2451135489023315 0.43614217220405704 40 325 252
180 0.050073411003837345 0.08728680583459604 -0.30269584998243726 -0.031907982506185206 209 599 425
181 0.11243804225784755 0.08946767279060651 0.24382152824520276 -0.016483432674352372 425 400 171
182 0.67611564460177 0.2253484838324742 0.12046396215617539 0.04941574588759878 16 506 584
183 0.6613172028395337 0.26252882313533604 0.13004335568458925 0.12455392173378599 101 16 465
184 0.6803743045808013 0.22526676907737245 -0.23825770332358553 0.05558457964738306 584 222 352
185 0.6898254927612926 0.2517097580789384 -0.331437088885167 -0.1565294206751222 313 352 512
186 0.6624011568620957 0.26363266009230824 -0.18053961964737547 -0.194434556714633 380 465 313
187 0.301566669322092 0.11054033311298904 -0.12153168887918397 0.002945422725164626 223 62 477
188 0.337654506687605 0.10215897343481882 -0.0894654551830687 -0.09459147631840636 477 564 383
189 0.9283320286070424 0.03782630857348386 0.06823365587826924 -0.14232518254220228 165 454 561
190 0.7444868531108113 0.7225976580985157 -0.08316575127471762 -0.2576784887617096 492 417 365
191 0.7875642646511087 0.7767583414890822 -0.059510767147497035 -0.1408035646410788 11 365 348
192 0.820209558688919 0.7674034600080328 0.0583773411555466 -0.1716178192612272 348 91 19
193 0.48797661510085477 0.710968614007759 0.002362708639847 0.15367856778802924 541 567 322
194 0.45192341708283684 0.737751262989638 -0.08036622710903568 0.4104032857180301 411 170 541
195 0.04894416886179706 0.002766835032825342 -0.14107273786645447 -0.14645037405003336 482 227 65
196 0.0755630043344466 0.9852290246884011 -0.32840879946038903 -0.06397973539851165 65 439 228
197 0.1177414621064613 0.9973760258480877 -0.03219820451927369 -0.018835738524458634 228 596 45
198 0.027309304308511126 0.9558612425924131 0.05532851492771624 -0.5347147391640723 360 303 299
199 1.027298006953225 0.955850903504183 0.6824132511135638 0.4500354546026165 213 553 360
200 0.027320402267829894 0.9558540028648775 -0.7492927532587846 0.2991371080040325 303 553 469
201 0.25981289299480803 0.9826227455126149 0.31150491630604904 0.08626781788922955 403 525 27
202 0.22083202689644646 0.527982855505329 -0.1087558597188563 0.43325184257531846 157 498 75
203 0.08341663175746758 0.46996494479533507 0.9003626371907245 1.085530995730791 53 102 396
204 0.2240186738632003 0.5310109244244722 -0.21286202337984608 -0.412267847369808 125 2 585
205 0.22072634684387663 0.5281019017020784 0.41884855670067633 -0.16371789716290458 575 157 2
206 0.18364205415963752 0.5253782351091079 0.15323897775698647 -0.04912607612372888 214 100 575
207 0.1321698628823379 0.7337435701987766 -0.02191843304077956 0.32811478603567146 410 414 339
208 0.14707565849010304 0.777369409686302 -0.08401612478642351 0.08224470019954633 0 339 296
209 0.08724727373781835 0.39044688343783807 0.051283396279577786 -0.12014576833419 461 97 547
210 0.036867675944132 0.36872260745909635 -0.23638941134412894 -0.2513787190558392 131 194 461
211 0.08324799140524346 0.46978610547802724 -1.0469723352365403 -0.9799696352506371 17 361 102
212 0.07117299776084979 0.4810566375504581 0.41720723025959716 0.12710146907396816 154 17 57
213 0.17344734387262845 0.3135707923115156 -0.3240245152053012 0.041208184781149626 28 543 288
214 0.2414850086681007 0.38464809021469576 -0.4352441795862916 0.08096504439114582 521 206 405
215 0.17209371325603362 0.38995435901094877 0.10427776142574174 -0.0050120851913249 152 487 521
216 0.15236906827062588 0.35735219957391623 -0.03848283323948376 -0.1852857898360094 286 28 487
217 0.06900647296805727 0.3181032170683961 0.10299097130683776 0.07323995090957602 196 186 535
218 0.15971208272215978 0.3046609187168807 -0.12841528118645584 0.18314311525657878 485 253 543
219 0.2245103277536488 0.0787567937250775 0.08346637894729447 0.3673706255868936 529 124 60
220 0.42487750720996814 0.568061226440492 0.4006043296676982 -0.13848091667519394 527 291 160
221 0.4391898188908817 0.5771986878123464 0.9884543531837636 -1.3382537111404549 7 542 119
222 0.4249847859284948 0.5679033681468798 0.02409454441520964 0.4144909461663293 291 138 542
223 0.3554292959578232 0.5437101762265708 0.1650213528325839 -0.3065565811616322 289 263 179
224 0.24808352931734917 0.8444118068409301 -0.5864500766760262 0.03840143969144078 71 22 579
225 0.24800167510565835 0.844512390661964 0.4489944097562596 -0.2023944407984193 453 71 144
226 0.7766991823735948 0.345556799491067 -0.18760730816080873 0.09712524395855127 112 431 145
227 0.7479805500075598 0.32808500943618296 0.028349679548345108 0.25913752810247104 341 418 431
228 0.15030007965076378 0.44377581374223507 -0.0634331209087291 0.2493931186564602 115 152 259
229 0.824990077657116 0.3277747127717817 0.024018868838293628 -0.05498491453814758 145 490 306
230 1.0053063135132991 0.3797610952188288 0.31931416955011116 -0.4714564783708797 390 423 131
231 0.9322422811308232 0.5548736152889951 0.14857725423242374 -0.015824375230316656 582 301 321
232 0.9346587801009432 0.5586708798382487 0.035783375568199105 -0.2014238337753882 178 321 267
233 0.10494082431826364 0.5867872096275613 0.11784889418497979 -0.127298774646456 309 94 450
234 0.15347159983822722 0.6269626484466319 0.014211390397811385 -0.42531770536036184 450 314 224
235 0.9674500144838468 0.9225383216394182 -0.1257017239104409 -0.3075405469025495 18 226 213
236 0.2419920395268093 0.11585308751582973 -0.08754672679075343 0.2936820090717815 198 60 378
237 0.35572503255072174 0.9821827071050377 0.03528159275151266 -0.20351718470201785 158 397 148
238 0.36694067789035 -0.015427521978546192 -0.39659329778563013 -0.3012581878403253 148 151 474
239 0.0044391646478576414 0.13516330257169276 -0.31686167283745403 -0.047684109091838955 504 209 310
240 0.0007855280259416939 0.19587304789906373 -0.35219511473894016 0.32957686475765247 35 310 502
241 0.1390284194256758 0.12400776704754052 0.16920816553467333 -0.15429442098979784 472 171 287
242 0.13089577410506487 0.17488198236228084 0.05759618615375217 0.4315828298906421 312 472 185
243 0.8831306837378584 0.465783402840631 -0.021453470250287765 0.17512858524471042 319 368 33
244 0.9087010181966162 0.4652953394978562 -0.051596834790834656 0.16389791433757406 33 345 335
245 0.43487663741919236 0.47513985554229754 -0.05324287191688093 0.46608846226980916 369 233 592
246 0.23903265133924706 0.7496122561536775 0.24956854352206626 -0.059901021903091545 189 40 208
247 0.18807216545161937 0.8523033536985432 -0.15045856366358024 0.025874465070518937 372 532 449
248 0.2478766224138356 0.8444458253891696 0.6280010640555495 0.020301646252779068 532 565 453
249 0.2581755373531332 0.32932727777827014 -0.3412359030757761 -0.28714396346773974 206 424 273
250 0.4154698437547803 0.5300482098043667 -0.0007640783838969156 0.08468376069825645 138 199 382
251 0.3176530969286585 0.910498199689389 -1.2783164654247854 -0.2449658929995274 528 413 391
252 0.3177206651669802 0.910388618983577 1.0847038788984638 -0.8203517028388448 147 354 413
253 0.2580705236961037 0.8458841911413089 -0.332059149621422 -0.004460041710951934 546 579 594
254 0.26002687280201864 0.8608745758873917 -0.34621224884352764 -0.11402358961534742 187 546 147
255 0.6235104112181871 0.9314634464947567 -0.0037659585519489447 0.3413887453979081 279 110 297
256 0.584476802867194 0.8391704844358734 -2.157984340625963 1.8947917791487077 285 52 76
257 0.5848176130746541 0.8389326232469401 1.7481883187402516 -1.1621110201109919 76 555 419
258 0.5680328072917116 0.7761031440478329 -0.14465826401327542 -0.022218394658823915 429 183 435
259 0.5846230456827368 0.7819432742717786 -0.25036452494520134 -0.05436464334263036 441 435 215
260 0.5846281828620188 0.8388932358417677 -0.9773606122391674 0.7139028601214686 324 441 555
261 0.5550540323181408 0.813439004525955 -0.16024384076607223 -0.044296254511633215 67 93 569
262 0.584646343979785 0.8388485599543948 0.8313431621928546 -1.727556873259723 52 569 324
263 0.2570108999989449 0.8615708140572645 0.07176801609595773 -0.2074295576449947 15 144 187
264 0.13097810683305336 0.8720210092383792 0.3033636716831545 -0.1282466514929137 212 457 395
265 0.15554591218373748 0.8175619292930832 -1.7542700731965781 0.1367804369767356 457 274 589
266 0.07491499028368502 0.8872771658378711 -0.10882223976105276 0.05644723438669175 261 578 212
267 0.32397811568421236 0.19748229028018466 0.406119862739196 -0.09272297651907735 244 270 82
268 0.4858080557005139 0.55804892884725 -0.05196622437919629 -0.04299309588895461 105 156 323
269 0.48756338214824396 0.524878745985601 -0.06678543967852946 0.11179671910444 238 326 156
270 0.2945953996750118 0.9774651257442841 0.47449969231561084 0.048375745076434384 27 242 533
271 0.9145322932124594 0.6065383597276198 0.4843431759745395 0.163193147121037 516 277 505
272 0.886275333383601 0.5646007099474759 0.11715989099020385 -0.17214231828183157 225 254 516
273 0.9145050713703031 0.6065282938685627 -0.42439324425590574 0.06658234259212603 277 178 430
274 0.7756236517321163 0.029352942528455432 0.3058825422119771 0.144881405830799 44 373 344
275 0.7276868902850083 0.0697519365622243 0.33735067378470873 0.12864242449062147 489 44 123
276 0.10962344433407548 0.5734628154304175 0.0022649424002985086 0.13183059591886925 94 68 353
277 0.05218286383852919 0.8686063800966429 0.026815084527842536 0.1745735341007748 150 374 578
278 0.05849861093519837 0.8051124072193474 0.09071609574640149 -0.24502153361805057 563 175 374
279 0.2613440393460117 0.7864763540664754 0.2517725044073882 0.010126998632037365 32 208 544
280 0.26900921866189714 0.785636287795322 0.03233100002997258 0.030270956661443416 544 598 142
281 0.6931859111293814 0.7183078472298894 0.2127540133650685 -0.13090824431405412 559 463 492
282 0.007484915232300446 0.7523614913095821 0.08013770940243359 -0.4805420846833164 576 495 234
283 0.012280943493130782 0.7545968650666772 -0.31248202489106425 -0.6816298156117617 234 122 563
284 0.24108135164922845 0.11712059221511927 0.33679387011469747 -0.2976108143129888 389 198 59
285 0.18280434582712202 0.10773180389524757 0.6909293019270453 -1.4328125068338906 216 169 389
286 0.3741542864444937 0.5213496538007789 0.02895704231953289 0.02135181857709778 263 249 199
287 0.27496592302480394 0.3147672158543814 -0.25753465054956237 -0.3598073994998119 273 356 84
288 0.3315787374118951 0.3065253369247072 0.2367387855195524 -0.3952277442820229 84 113 207
289 0.2790703020170834 0.16564097289175003 0.2027048365965678 -0.2160521570676588 442 223 244
290 0.2589999408971048 0.16830009030961376 0.22378698616432047 -0.18869139514765543 451 428 442
291 0.22740527014993162 0.23053885304118352 0.015823825236238598 0.3505211246257467 566 451 356
292 0.5394406436918137 0.4981811701303698 0.04669915079635878 -0.034892420203158636 326 3 355
293 0.7937309316948113 0.7037352342250801 -0.12189544928986606 -0.014839328377203032 501 139 74
294 0.7949490645656229 0.6665875552045232 -0.121210538828187 -0.022632520163545777 466 31 139
295 0.744485025974207 0.7226036633609818 -0.1638706415385511 0.007628007336633121 417 351 501
296 0.7050374482391237 0.6936601748540487 0.16220567077007697 0.04436236343552391 377 64 351
297 0.8421372473625721 0.5732056979632709 0.06389766667169727 -0.22852519911131797 302 37 570
298 0.1726046366503018 0.6034561710813128 -0.13575459922865463 -0.18574851309849372 314 20 524
299 0.15366225377001566 0.5706437714336087 0.054233930540936726 0.09609876713834176 353 214 20
300 0.6505054852585347 0.5818374643454314 -0.01835034138530922 -0.07205194357817746 416 519 283
301 0.6686388631721949 0.4525251576202425 0.3143541485277346 -0.14853150584470676 367 42 268
302 0.6491083083508713 0.557717392272098 -0.021483720705206544 0.0005586538176505229 519 538 488
303 0.43899165936522994 0.5773818762575005 0.8517215642267267 -1.546973847169086 160 595 298
304 0.6130582223239843 0.6035038732652276 -0.007818764385936205 -0.10073617287553738 155 416 545
305 0.4392936227722493 0.5772718566652233 -0.9879902783155488 0.20028360473464504 46 119 105
306 0.43927149775139307 0.5773680372817038 2.1273767372695698 0.01963407028106323 376 55 46
307 0.43894610318875543 0.577453899086536 -2.3926334678786705 1.7920129076850382 595 7 55
308 0.5791300994681151 0.578229074761524 0.19317351399039673 0.009361130620666458 177 305 155
309 0.5374442543364862 0.5941966671192441 0.020037269066186525 0.06437022304073281 556 323 177
310 0.20305052972520599 0.7418619427003398 0.05505954164819471 -0.13469519388742413 493 41 189
311 0.9783574792762364 0.693026293837136 -0.1767512834011109 -0.15229075500666767 317 496 548
312 0.010464473465707528 0.7341430364457799 -1.7838871025158718 0.2920026477015939 495 548 388
313 0.9818107968655336 0.6765289853626761 -0.18633298133619025 0.08353729895327344 496 491 130
314 0.2424126169747638 0.11832633923878219 -0.031130213662931838 -0.6411746527375944 59 271 428
315 0.18269797233871685 0.10786907170566006 0.7895962705016784 1.0389758949041388 287 432 216
316 0.18265078184617609 0.10775583802424889 -1.3660877537985177 -0.09780060192688539 432 437 169
317 0.18400308921675476 0.08884059252052887 0.010107641112977461 0.31275130193963996 437 394 529
318 0.21903156661712198 0.23388755756409726 -0.07518969266651077 0.3839915607706246 86 566 593
319 0.1155943593831442 0.7719546467688052 0.09550951834969013 -0.14269543671674434 175 479 266
320 0.14233929681437152 0.7821003563537328 0.1261172243895159 -0.12595932422088119 266 0 274
321 0.16813195558039357 0.4745555153602747 0.0846535737396379 -0.23324994683111833 9 47 100
322 0.1287018500516938 0.4542413166932286 0.027635262828118456 -0.21333171505363846 396 586 9
323 0.12898693772115227 0.4508749659078178 -0.00816615733367776 0.19152387549167815 586 508 115
324 0.16413734730336715 0.6957656135847751 0.12204435656526513 0.17072261659922816 414 224 99
325 0.09827701196090056 0.4335071444334378 0.38012174983733693 -1.2355354551366482 109 357 508
326 0.09814466502735548 0.43351288613621086 -1.2622079317283972 0.5668662865498941 278 547 357
327 0.09826490700885107 0.4336463358806946 1.1288612393190984 1.114847133584936 361 278 109
328 0.1711369303418739 0.2218255614085644 -0.32157612267491587 0.253173863817846 30 185 86
329 0.14913850133979975 0.24821215124827856 -0.1550212354317626 0.01299900118101327 530 30 253
330 0.24324917414844752 0.11637941042193391 -0.3847008897420526 0.17211784358872606 271 378 210
331 0.1558716072194515 0.8175084244921683 1.6980748315663818 -0.4303673382567713 589 387 372
332 0.24802501178826805 0.8443183926504886 0.2000690448326816 0.3295825659426193 565 32 22
333 0.8459525212759322 0.34300204421192204 -0.10104230195595587 -0.16188276309725413 306 464 536
334 0.9643218185018476 0.3249754995119699 0.22596174514832867 0.17546969155457504 51 514 539
335 1.0031841723427082 0.35937542446640064 0.35137973711241166 0.2519138671969179 423 539 480
336 0.1567703656285421 0.7806646923634604 -0.21005655808509216 0.03516606554565538 296 493 387
337 1.026688440832754 0.24312665695295205 0.10840811581758203 -0.22360641151186744 573 264 399
338 0.03255558330250587 0.22153173211178362 -0.13149193470174403 0.38649040912108745 264 494 36
339 0.28926163804776317 0.0985924479541703 -0.09647842871829404 0.06439765838639477 210 43 62
340 0.9063574753232126 -0.020911852701071813 -0.12646616288913837 -0.44804339509318947 481 551 168
341 0.9134611061767497 -0.049486214247467866 -0.05353000542829278 -0.6655998755628056 551 89 557
342 0.931224059442239 0.9301777651447376 -0.3194188136212972 -0.22095840435110148 557 95 18
343 0.29413797117848733 0.057866685247151994 -0.10621527338217085 0.031143117945608978 43 334 21
344 0.3262938948683872 0.0031258582870653355 0.023343665195296737 -0.20895094959838545 533 158 276
345 0.3257576514720497 0.04106313404063558 -0.018013457392385135 -0.005426318075429926 21 276 246
346 0.344717439980699 0.0527640712230421 -0.16193623837701399 -0.09191306674094513 564 246 446
347 0.38665287230319934 0.02466038993973742 -0.3211895943655563 -0.031258300114966886 446 474 237
348 0.21681092517908512 0.2991525784420507 -0.1071653703277331 -0.09467193556877973 288 593 424
349 0.9951052519755266 0.2489871487981965 0.39044331275051025 -0.2315728053758903 514 135 573
350 0.9886936214537576 0.22018248389260092 0.3716755393040616 -0.3949939899466903 78 143 135
351 0.006641174091698884 0.2065636735783961 -0.4110409424287753 0.22768710753601207 143 502 494
352 0.8375474934524719 0.4153090633555278 -0.16281496081904656 0.06585348585885775 436 536 368
353 0.5972737473028583 0.52391161381768 -0.2136320226622801 0.3239405691607411 81 515 440
354 0.08885775949514495 0.23578738898701762 -0.07364713665303224 -0.033579941258188306 549 571 530
355 0.5927151714421861 0.5386854098529978 0.27098689368842965 -0.36618845768165986 305 362 114
356 0.7110919625004033 0.6103166386259692 0.42187421446862605 0.10878139309472568 283 69 38
357 0.6904488268359776 0.7003626205039362 0.2270537157594843 0.01689470612020738 463 161 377
358 0.8588488074121086 0.5600605639984368 0.03227505068759129 -0.20423436587757582 570 191 225
359 0.7156296587434943 0.608444713599266 -0.23883966627363806 0.37532299698717075 98 69 39
360 0.735719814056545 0.5518642730366882 -0.22762711854307227 0.167405977274937 39 583 48
361 0.7937103195366785 0.5361538804234878 0.34931575618180055 0.015210382259267519 48 195 37
362 0.7273979460738582 0.3897955142343878 -0.11050136361490104 -0.245878003374278 132 443 470
363 0.7932405388756866 0.9742295588264752 -0.09979262237250815 -0.22860588178729876 393 257 422
364 0.7214365567805362 0.6338445372652138 0.24576295013824245 -0.35992402586983163 64 38 197
365 0.77966703111222 0.00904451520041907 0.5930540252949926 -0.01990960253107389 373 174 258
366 0.6016905922601234 0.5351179762508674 -0.39339339268779083 -0.1309320074235898 114 440 538
367 0.6939020215624315 0.5268427756924678 -0.26609695211177176 0.12720945269384387 488 342 583
368 0.7798865561766938 0.009039758485336214 -0.23666677630238692 0.0043401876168545905 258 393 434
369 1.0101015791527899 0.5174581570318582 0.14095982124595619 0.18513975803824412 456 188 149
370 0.7645570905211163 0.3885857708045834 0.006480621594917579 -0.2508640510601179 470 112 467
371 0.6708758080779086 0.45381045409147425 -0.3576450474749443 -0.5221246544492852 268 315 342
372 0.8318662780660017 0.9570227514424703 -0.039576837120025576 -0.3054133050628405 422 167 481
373 0.5338987579810855 0.6315286264299552 0.01437824512229291 0.07087521056159396 415 556 127
374 0.8051716658538272 0.4261397371362605 0.34058659781344147 -0.003962487282738181 467 436 4
375 0.48124867526077036 0.9804127029400839 -0.08324122363623232 -0.05384147572229381 282 118 597
376 0.41989755236629556 0.03547763139347077 -0.15273759271239307 0.021177722769882834 237 282 590
377 0.7246191794899661 0.6324183037190717 -0.364096777510578 -0.09049636777794245 197 98 466
378 0.8682289104723788 0.5055350976760166 -0.06654276851758567 0.36702086439466264 346 385 319
379 0.8509416614602241 0.5137457698510719 0.1235307800495633 0.23829723611035192 191 534 385
380 0.8942487093334215 0.5523365727126448 -0.03298845988042309 0.03093394533582039 254 346 582
381 0.8147744948710399 0.5015926639435341 0.3013385742323127 0.18021919789834584 195 4 534
382 0.673061559152439 0.44357602170099086 -0.4774453620545564 0.07230664525242556 315 229 132
383 0.5885468923883519 0.5269046298616686 0.41618701540624414 0.11344275571006923 362 355 81
384 0.7155678450171097 0.36261621694073454 0.0899559007144779 0.07441165773836023 294 341 443
385 0.9674428643599777 0.9222683637850599 -0.12640446429368693 0.34181836275305394 226 307 150
386 0.0822326215749331 0.21763011857112718 0.09722783550492053 0.35764352313005787 36 312 571
387 0.5513176844354675 0.9968265956589166 0.6069976384373565 0.1095454270697016 597 560 337
388 0.9341277183926924 0.016979765885596187 0.08471645017438245 -0.17404726063152687 454 168 104
389 1.0172070221165246 0.48457452180256533 0.2008429561550784 0.10199856098624949 366 154 188
390 0.030167607748205462 0.5337466346552209 -0.009896602634618112 0.05865312922848087 149 128 581
391 0.05927992914514772 0.2650974577521124 0.061552604679881995 -0.27946801400835497 399 549 186
392 0.575001403059436 0.6620709768550636 0.024509589496846118 -0.001075087241453332 336 127 50
393 0.6099613031925581 0.6467822806432993 -0.012524237202882205 -0.042682653245140756 50 545 161
394 0.6419886507124182 0.0656698911496874 -0.0037528924412555398 0.05252197912697376 8 280 489
395 0.5530586945249527 0.996050484175548 0.036225122814620425 0.3643078707628311 560 420 500
396 0.604334728630343 0.0014326377330967956 -0.18364758533340186 -0.15598981203956974 513 347 280
397 0.5542593485010912 -0.0019486044213887733 -0.23967723329024887 -0.0991053629353228 552 500 513
398 -0.0008992892610254182 0.6270113818060731 0.1571382455374935 -0.5684809837419186 272 509 499
399 -0.0009274934328645122 0.6683241749008946 -0.1387781497358409 0.0740956820205474 130 272 24
