92
0 0.05219068498638579 0.6278412502178095 -0.2083149021336883 0.0497945188554505 111 66 359
1 0.04344550369120494 0.6272665498853314 -0.7682631711358745 0.009951560756005229 499 526 111
2 0.783125590794516 0.8108887859049861 -0.2570738653201454 0.2769367943300516 85 11 327
3 0.8948126456482102 0.824679548579699 -0.18640670812475335 0.6604113798359956 558 371 384
4 0.9134021001660914 0.860084492525869 -0.17761460427423437 0.6752149700472998 468 384 182
5 0.9446490953667861 0.888297193436826 -0.472116826188973 0.44147218901391394 386 182 307
6 0.9169545647412192 0.9196724226184743 0.2464631543991347 -0.17104517906207928 34 386 95
7 0.07134171779967213 0.6983205500993135 -0.2907485630726514 -0.23611117262734016 517 359 452
8 0.053357208581271916 0.7045613250545693 -0.40597955899834837 -0.2400886173897776 522 24 517
9 0.07428272831093999 0.5922185680316029 -0.3927506753848009 0.09552632226905722 66 462 309
10 0.40600757945597893 0.0016524774699694482 -0.4105435772588928 -0.841285770387945 163 404 151
11 0.3457215768412852 0.9707362333109217 0.12530799904653112 -0.08546033915257656 54 379 397
12 0.3736513113927734 0.9508216522826866 0.05140352796195735 0.48087759260684315 379 193 163
13 0.879636928761454 0.21694786292561646 -0.1220866817364108 0.028055407302884916 10 137 134
14 0.9200377991677531 0.21474337982068709 0.7923151607025503 -0.09174221460642173 591 35 78
15 0.9155767557624104 0.2124437315758777 0.39612930392493584 -0.28413549221784073 134 370 591
16 0.047060465316868944 0.0615861138105672 0.013795010966877186 -0.03388163291595525 133 482 599
17 0.12819761992689657 0.05171280833230814 0.07262535087204647 -0.02494673218000898 400 45 394
18 0.5817589632769625 0.42423508957349015 0.2647997848770345 0.09098889766634422 338 447 433
19 0.619787429613813 0.386829813498 -0.21098905608751828 -0.014315017227151117 447 25 202
20 0.810497832988522 0.14006585880896513 -0.02561300477266215 -0.05366033867248987 243 269 137
21 0.5021004366435076 0.2725328455313365 0.1896126134576237 -0.3937940628098713 181 6 260
22 0.5978928569181602 0.3472515653364571 0.13049416547339376 -0.07319462189125936 486 103 25
23 0.5935685137269546 0.25136359855965784 -0.05678963826971639 -0.33540998936598676 260 318 26
24 0.4884242744682228 0.20558852065182126 0.27778477885986863 -0.11254129919646694 349 250 6
25 0.5404983204552277 0.08532811440875102 -0.29963504247221273 0.5511487755766042 448 23 523
26 0.45709325979116255 0.11788713387931768 0.23516210541363325 0.08532033343722212 328 23 190
27 0.46759736416177816 0.1897831758444413 -0.33241375069215096 -0.20053295343713806 162 190 349
28 0.9653707120211894 0.7128785072236774 -0.13049267326425973 -0.3288713579241431 510 70 317
29 0.9003185647619802 0.6768098785490773 0.18658788993042297 -0.030144274229537693 402 518 281
30 0.8852848670474012 0.6579612205364884 0.17008123763539995 -0.32355890640378693 201 77 518
31 0.9423927727342503 0.6666329561098621 0.0274669625585644 0.29925313373146967 281 88 70
32 0.9496314329359106 0.6557742835731494 0.277779371726794 -0.0422238794275942 88 49 491
33 0.9442316955406728 0.6228631900099075 0.11404780730916997 0.19816921072862703 56 136 49
34 0.852255434503987 0.8768338690994234 0.11719184338232491 0.18999265563590662 218 558 251
35 0.8344559434934313 0.8783934325048447 -0.4852135190164253 0.07799841258981921 483 458 218
36 0.8308670552889424 0.9407022660694937 0.16517966994200606 -0.0015401194208841673 459 284 167
37 0.03600768612550105 0.9904171630639251 -0.26413483969478513 -0.002443466089185886 104 299 227
38 0.1036670658788702 0.7124986399004261 0.10635600594666172 0.278381447060827 452 410 479
39 0.1869093099448511 0.9501810772109605 -0.20983875661378937 -0.18229267800123905 596 232 427
40 0.394303137975597 0.8912355039842461 -0.5718133836221662 0.4447135940749414 193 80 13
41 0.3803946764710617 0.844398573440185 -0.35685002591767656 -0.3673767831613439 184 240 79
42 0.41531912843426844 0.8911853185704486 0.018731395948212715 0.5176437693418801 404 292 87
43 0.40176248100258005 0.8844953909425889 -0.3155816002617384 0.23014333286330846 13 79 292
44 0.5431203751046519 0.7046918316493216 0.33471218106179146 0.41699243762821636 540 587 183
45 0.4886268518708876 0.8527371340305169 0.5569793300186365 -0.5261537426234919 304 72 67
46 0.48124668863223025 0.6603834943420017 0.11264999072446713 -0.2163317261438813 255 415 567
47 0.9328735202853344 0.5387538573707485 0.26360442335893186 0.14455232080767821 301 335 550
48 0.9740763373121584 0.5732319330547206 -0.42369146906195976 -0.4434044558604411 267 153 408
49 0.9686528988568881 0.5485947161381499 -0.32067794843160247 -0.19272855013297008 550 456 153
50 0.6300218877802631 -0.00019382480363958586 -0.23569552351498935 -0.6735017068354443 347 29 507
51 0.6609893228937033 0.9594577954131663 -0.09987733973204627 -0.23210395203032697 507 297 531
52 0.326228819656498 0.2961312994957723 0.18260687614790605 -0.48330556640108213 113 82 572
53 0.4857202682586475 0.8637799256964389 0.4298189564683197 -0.02737576589029178 121 304 460
54 0.23518790403923728 0.6104952363178214 -0.3537846078593976 -0.14867900799409028 524 125 471
55 0.47662765751219627 0.3804427322784878 -0.19150279487178956 -0.16835374865020736 207 473 497
56 0.04280007675802303 0.7177010045079404 -0.46687935496836364 0.23133374833783638 122 388 522
57 0.85623553399358 0.2640105216124297 0.020643723796370805 0.28262763856687356 236 10 262
58 0.5017134344912765 0.3304697877505959 0.3491595901294886 0.08407921373021487 473 96 486
59 0.4929772166050961 0.28518746707708864 -0.22034756085725915 0.052880402313937314 173 181 96
60 0.9825322156408863 0.5798288908725793 0.18204490068174373 -0.05149115977348684 265 408 219
61 0.023895936824516517 0.5599176782171346 -0.11415990583407698 -0.025622300808825216 219 581 462
62 0.47925261769922195 0.38777673934776635 0.003160379249966816 0.45527747006418595 233 497 421
63 0.5338287341468454 0.42220231946765774 0.31015678497725574 0.497168838736739 421 338 3
64 0.2992337051892711 0.744643329606381 -0.5000505950286671 0.20389767339812348 598 252 1
65 0.3440189130473485 0.628096681350481 -0.03605269832673841 0.024058925685022103 117 308 476
66 0.2607179869050685 0.6482110793946841 -0.0022998832005516334 -0.15324205029920712 159 471 117
67 0.36770229428079615 0.6549638024682995 0.36130079761331757 0.14989192317904632 476 332 311
68 0.3689052652457875 0.6998649542770172 0.24505978201555534 0.2061602352373959 108 311 63
69 0.2320237459950729 0.005957845691238417 0.36826995966632303 0.5407233993892646 124 403 334
70 0.6781861284890802 0.36318726269094365 -0.10102705026715508 -0.1915976183264334 90 120 294
71 0.6587476853454488 0.4201848507070329 0.2007857439340066 0.44312491072340254 42 343 229
72 0.6508887621961097 0.39186687803813547 -0.030293352895616188 0.08009219884530516 202 90 343
73 0.5944360583583562 0.2036117669422944 -0.42592179436140576 -0.3373806352346964 318 503 146
74 0.5413772903442161 0.1760912997270617 0.37171934193919176 0.013278978611142023 250 14 503
75 0.544518526177458 0.1678726692648609 0.5109020628432659 -0.4661819576201598 14 448 290
76 0.5278423370142072 0.02300761347782455 0.7182932235116901 -0.10394465704832712 337 552 192
77 0.5466842136031451 0.07673360397143962 0.07040821710380119 0.031296096617006164 523 192 116
78 0.5552271661761864 0.16318304611649806 0.5512768618334829 -0.47057405003908537 290 329 230
79 0.5964949888568587 0.08502076941662254 -0.46944675577420547 0.5458071432318246 329 116 203
80 0.6405890930054414 0.14994595879648281 -0.03084183151924602 0.562250854728441 83 392 506
81 0.6161650752618371 0.16401562737858993 -0.6149934932836443 0.3639994611281949 146 230 83
82 0.7234023902744032 0.16820378092160965 -0.40235542467237373 0.3609123264136649 222 204 574
83 0.6460340794259247 0.14012363152221421 0.22077514139767773 0.2437007066632968 392 484 204
84 0.7827579269660481 0.1564169639052337 -0.588455798325449 0.39947529277550853 200 574 407
85 0.7944243470836116 0.1426523490384157 -0.4517875077519884 -0.007475573285398163 407 123 243
86 0.6311701465583761 0.07882877111774747 -0.18011960725011766 0.32521804034513213 203 8 484
87 0.8507465539244781 0.07769666678396349 -0.4161624531096031 -0.48963225279807787 106 61 165
88 0.8194169589414135 0.11085870934565277 -0.13285188713019203 -0.6205317263502375 269 12 106
89 0.8029684497786616 0.018588672254441475 -0.2599839255337799 0.5285449855563229 239 434 61
90 0.7784445458898984 0.04470979218018103 0.3445104194976789 -0.37868564672915994 344 239 12
91 0.6133345622216895 0.2610365194533519 0.43731551296888327 0.07726150864917347 26 101 364
92 0.6538580683631889 0.3092088916052904 0.14965229888641574 -0.03274132596986501 562 380 120
93 0.6329907588436443 0.3040807088859887 -0.07630793739943353 0.10615279558146007 103 364 562
94 0.44139097408425115 0.10781501652791171 -0.3108090063097535 -0.196464040522204 126 590 328
95 0.35587684125882246 0.1295829242306922 0.15546270486221925 -0.07959049357075809 478 383 126
96 0.9727284547299948 0.11341664951200064 0.23696755252489154 0.41281661145031734 370 295 504
97 0.9699420143133323 0.08670743812045108 0.32557905468855175 0.0010363328251106196 561 133 295
98 0.8936249749124803 0.717569421547367 -0.1815478635480705 -0.17530141366295382 455 402 375
99 0.8946867920118439 0.8180500838995772 -0.1903000245231934 -0.052128696411551934 19 568 371
100 0.9267471661011959 0.7556461332535087 0.06350125564269504 -0.49831509543740715 176 375 510
101 0.9282494383430884 0.7860127804244192 0.2201716572947099 -0.18330406671707156 568 176 576
102 0.8996022746931145 0.6341308717787758 0.3352700991832158 -0.4944074566415324 77 505 350
103 0.9365550818284758 0.6200899065005234 -0.6075270505417896 -0.09506982857204749 350 430 56
104 0.8667349772025981 0.903135893421292 0.3515208193971553 -0.17651284253683563 251 221 511
105 0.8643833840891935 0.9218768100652633 0.1949070477930137 -0.1708719159221328 284 511 438
106 0.8838704513746591 0.9287444799800655 0.1866114002907482 -0.09216699903280556 438 588 89
107 0.8959076721674821 0.894257868045786 -0.36248288259876915 0.3920182897049207 235 221 468
108 0.8988534573404001 0.9148954662807742 0.0933518384121923 -0.05572603385683994 588 235 34
109 0.07127517423044798 0.9131876250792381 -0.12726204014212872 0.6324169937732549 469 261 439
110 0.0916658282344948 0.5127015637400805 -0.4758125879411601 -0.434116418854269 57 53 340
111 0.09153857122203075 0.5304787096548289 -0.5276373178653149 -0.30087185208527156 128 340 68
112 0.05067227808680535 0.32253752437733135 -0.31200994045355035 0.6197882599506821 194 480 196
113 0.1227780375865657 0.3609526945147141 -0.03964368902598103 0.04172960484105648 97 275 286
114 0.3551487111909133 0.5892625307243268 0.17580135498393434 -0.17743127869729314 308 179 527
115 0.3712794361944695 0.2707021854615013 0.2898038212184595 -0.37627758200931005 572 444 173
116 0.2864018202938806 0.42005604108196115 -0.38509120961482957 0.36539699738158404 205 405 475
117 0.2673950641962067 0.5348188487509303 -0.5423109367824752 -0.04553252445221867 585 75 164
118 0.11782065868487784 0.33631749945861533 0.04904277574324656 -0.17383347677979444 535 485 275
119 0.9623890127244696 0.4367336294927378 0.25313825514905464 -0.11477844091833944 211 390 366
120 0.38230124749648076 0.20574000622787042 0.06677642119812255 0.1396374023354685 444 220 162
121 0.18381038535276978 0.942056497628432 -0.38710047146894855 -0.677518063006699 395 449 232
122 0.6193618340592756 0.4812736040100138 0.029211792013095206 -0.27169470770416204 515 433 367
123 0.4529734124510505 0.48682638342464085 -0.056996660863228854 0.3199683282217869 382 592 238
124 0.2959326314960228 0.9430078892572729 0.307348665788687 0.026801106126073115 242 528 54
125 0.45380542057643936 0.8897432223013227 0.1424322181031723 0.3367774059626072 87 121 118
126 0.38768564054177374 0.7922688866157538 -0.19335959638988598 -0.3191499182986224 240 92 333
127 0.4197077246132177 0.762028024332836 -0.3257426807456998 -0.22020632262087503 333 256 520
128 0.33070164716695893 0.7468801675626578 0.45981389130284045 0.14933701029257174 73 108 92
129 0.3766414453484561 0.7035491329521055 0.6890845193063821 0.42942815657587285 63 170 256
130 0.5822434422573524 0.9271620315489205 0.44078443395267897 0.2409535529435125 577 279 29
131 0.5423288848615798 0.8821536157417295 0.3668618180074912 -0.10081611170886795 460 285 217
132 0.5703912968826517 0.9256569588744912 -0.07290373218310497 0.13874478076852936 420 217 577
133 0.5509345930564408 0.6999242408557032 0.5861775495552557 0.18355301757699838 587 336 107
134 0.6534891780886771 0.7531883235563994 0.0021100738344104197 0.08261275396409529 320 559 247
135 0.6464068065395289 0.7532406632859754 -0.6855664244631576 0.08883633932643686 215 107 320
136 0.30870652809609445 0.8251403672729699 0.1332500561279648 -0.404691916783273 381 5 184
137 0.3495810721269858 0.898933616449719 -0.7641725793816612 -0.014376673462823675 391 354 80
138 0.4854059222579314 0.7968922626425062 0.4875926752634374 -0.16126507282332447 401 166 72
139 0.46141983123306707 0.7577822060759011 -0.09161173555871649 0.030664915745548527 520 411 401
140 0.5456697271308353 0.7774558144046391 -0.5914773403697948 -0.13937153722776152 166 537 248
141 0.49779123814294035 0.7073817462490323 0.6483479170205086 0.3618606239305655 322 540 537
142 0.7061818463273166 0.8762470448441334 -0.012477489874651582 -0.26981131565073646 426 180 141
143 0.6518085884277531 0.8702293468748608 0.22825813912608073 -0.37743207483009744 300 358 426
144 0.7275814244418811 0.8191831652921563 -0.1623176669462989 0.1888253976789489 180 554 85
145 0.6614731805317533 0.769660154311592 0.26840673746086896 0.6953210094501339 358 247 554
146 0.6353525120670348 0.8799375919224539 -0.17056326559461432 -0.17293959597708408 110 419 300
147 0.8010899457091891 0.9157376370879685 0.04908976593276382 -0.47107641069216166 293 483 316
148 0.8017001496166873 0.923921023874326 0.13570331750673015 0.2561574839396452 245 316 459
149 0.7700279843737254 0.9603216172001048 0.465026620682929 0.2142291399831464 445 245 257
150 0.7376734589185812 0.9710477599613838 0.3170611530267653 0.04776378875748222 412 445 174
151 0.7134028020129963 0.9515706986825019 -0.08593097969300523 -0.2175660745312724 531 330 412
152 0.7907937253441106 0.8473428664034689 0.2452856903700784 0.5316384915632355 580 327 458
153 0.774727543591381 0.8882101559160172 0.06181229972312963 -0.10264741487353568 140 580 293
154 0.7205825592462218 0.8939877288497127 0.24091586191266057 0.11042539556360698 330 141 140
155 0.3169819959876761 0.7512329097719177 -0.09570629740107695 0.34335808727498085 5 1 73
156 0.2955488814810383 0.8297326953162623 -0.23705266274237635 -0.3252658958147192 594 142 381
157 0.5719626849304916 0.7882337210559863 -0.35054901256076354 -0.052954165878638104 93 248 429
158 0.21235482907423037 0.4674813529123329 0.0062681641127548815 0.29416101811341466 231 205 498
159 0.1933287398884001 0.46448829145130505 -0.43000141398963354 0.1514960629167561 47 259 231
160 0.27584996757145763 0.5332164078154241 0.21724415322221802 -0.1975704962478564 164 363 289
161 0.3079725299411739 0.45084487044161636 0.01310900138440374 0.4258463023182335 363 475 331
162 0.33034801887929666 0.4582147585239159 0.5751593267627753 0.4096037280187925 331 369 249
163 0.850689604362374 0.26591136610913374 -0.4975242101981636 0.4582577342766847 490 406 236
164 0.7374068725702886 0.2713531987609375 0.04207143262241475 0.056310476767573725 512 58 418
165 0.7567682424784592 0.25537207784722254 0.4776528336053465 -0.21951719400559178 58 200 406
166 0.9028257537385589 0.3292981705326675 0.2094752255335508 0.26490697621617265 409 51 172
167 0.8941125538150803 0.3261174787485762 -0.4144151738785795 0.042965931680571945 464 262 409
168 0.9273948873475536 0.43878697711827175 0.09219506338919992 -0.3083375065687788 345 172 211
169 0.3457942244098911 0.17342476473384458 0.09659650648807805 0.1700021422246234 270 478 220
170 0.8228853504224354 0.721612982999204 0.2236650992887279 0.1138879386630709 91 74 455
171 0.8349349839985605 0.6451110433146606 0.25697943634162 -0.12258858025915309 31 302 201
172 0.9834482521029952 0.5929691395003344 0.2850919729457946 0.3560271431835016 241 265 526
173 0.9746905749045567 0.6075684887956646 0.23030387631683968 0.38451970149622205 136 241 509
174 0.4530923977586101 0.6137193274590403 -0.30187602678005687 -0.5878243706028408 298 376 398
175 0.4591134473576485 0.6457964602104156 -0.34517220436069973 -0.3328141619934888 332 398 255
176 0.2171678734536653 0.9563055957436715 -0.021060112334603254 -0.40136666872025994 427 15 525
177 0.17787400275742432 0.6934106640951536 0.3750820556924772 0.1807329050307338 99 129 41
178 0.2557493692070848 0.6591275052627023 -0.2799912449460984 0.4680565601766773 129 159 325
179 0.26642386552022035 0.7062592977725377 -0.3163905151759572 0.45177173946253646 40 325 252
180 0.07624184712959788 0.08579310816078324 -0.43745365871372677 0.20590434149370118 209 599 425
181 0.0971678730186299 0.08775836433600186 0.05028850426358478 0.06720622149070099 425 400 171
182 0.6680192282491904 0.2231732413525491 -0.012259508685996678 -0.01552578621222267 16 506 584
183 0.6486532919935684 0.24597045513906216 0.35165104682322035 0.41484957136184164 101 16 465
184 0.694166543503592 0.2273893564022611 0.05160228112865983 -0.2533373649749038 584 222 352
185 0.7237410403194373 0.2673645986185767 -0.5718142379734781 -0.17197800752932757 313 352 512
186 0.6789944259186702 0.28414154660231644 -0.395522267021553 -0.4293607885896833 380 465 313
187 0.3200804457397838 0.11011998161268004 -0.39213019775719005 0.15827918385669104 223 62 477
188 0.3452032800647898 0.11496830253542921 -0.09284675007992238 -0.33809737925993844 477 564 383
189 0.9228739164321218 0.04262010151801281 0.07835379723514224 0.15332408537238607 165 454 561
190 0.7538484253798048 0.747445447390343 -0.010193740296315923 -0.5195530401735926 492 417 365
191 0.7958155434985485 0.7903879159989086 -0.279502057956571 -0.18563890442219178 11 365 348
192 0.8105227217193116 0.7854129160356209 0.175348110857676 -0.29994010226908063 348 91 19
193 0.4894075542598937 0.7036749248627666 -0.09107828293636322 -0.0063032587829803255 541 567 322
194 0.481411608792723 0.7092526720051499 -0.5599438669678936 0.2976727824302583 411 170 541
195 0.057667210590114454 0.008015047740578894 -0.006023542428734707 0.08457448005816381 482 227 65
196 0.10553562589973159 0.9947857476003714 -0.43831806864624845 -0.2482307514053983 65 439 228
197 0.11402248190764705 0.9985793124144132 0.1783793055973315 0.0050604827619982196 228 596 45
198 0.034537032691232865 0.9767955131454877 -0.30975007524192133 -0.5581177945149229 360 303 299
199 0.997805977675321 0.9476134675623792 0.7772162781416458 0.05488223556171512 213 553 360
200 0.05265345749441464 0.9307737710521009 -0.5959848579928373 0.5364862731144227 303 553 469
201 0.23272190231164705 0.9740590346667266 0.31166579421426643 0.13019394711627497 403 525 27
202 0.21737735883250675 0.5000984819236137 0.08731694187136263 0.39493420547764835 157 498 75
203 0.10444515147268252 0.4825700423728908 -0.2045574373082948 -0.13954788123660133 53 102 396
204 0.2392748713327002 0.5632519113860558 -0.2662474511694324 -0.18278333915877631 125 2 585
205 0.19063798223600717 0.5374258739118838 0.46624317184829067 -0.31377708799296133 575 157 2
206 0.1694138236437761 0.5380855081181191 0.1685197856260423 -0.3016377037035056 214 100 575
207 0.13450520468880212 0.7021812773466436 0.07842433820404171 0.5442649293058155 410 414 339
208 0.1607902589327862 0.7773964740129323 -0.41924794573489077 -0.3027491207382993 0 339 296
209 0.07713285929239042 0.39917296572252103 0.1990705256887937 -0.04121404138107687 461 97 547
210 0.047142951737586605 0.38884123867105364 0.08239279120081378 -0.27434737051579283 131 194 461
211 0.07125387792768649 0.4521828287133461 0.2765048745523302 0.09683273349825328 17 361 102
212 0.017677519689876124 0.4684716006207984 0.8158816292708204 0.2571613064855649 154 17 57
213 0.21164906914576326 0.31338541471421516 -0.6379688687052631 0.0583090086631044 28 543 288
214 0.28096484586419984 0.3736671945217863 -0.5672846595250469 0.18804400571392765 521 206 405
215 0.15669406675228104 0.39211563320552606 0.2867000390566199 -0.00795936198894065 152 487 521
216 0.14207897234024805 0.3688467680059615 0.38971536900356263 -0.15654757073990666 286 28 487
217 0.06430443137126303 0.3076275656853139 -0.04090958179853166 0.24189028609983287 196 186 535
218 0.16984136850810092 0.2879692020857451 -0.051776083420662644 0.21545848022386238 485 253 543
219 0.2100300808172427 0.052655604678749704 0.2997847945579446 0.2871674713994521 529 124 60
220 0.37720481406088824 0.5828682612198886 0.7331158291545847 -0.3571564061860544 527 291 160
221 0.44189181199303784 0.560362282399706 0.15742573373361823 0.3274290972903049 7 542 119
222 0.4280373455870821 0.5305602879601683 -0.22977610300567441 0.6256562535417176 291 138 542
223 0.35116242759614913 0.5825282392788512 -0.09629541131497832 -0.6605581019669682 289 263 179
224 0.2616067614705078 0.8361950902037197 -0.4829290703445288 0.3700362509462263 71 22 579
225 0.23654391937052022 0.8699122793429183 0.28595321353852565 -0.6404535972739933 453 71 144
226 0.7975157711167316 0.33793105402021806 -0.3458475894557722 0.09057865603401272 112 431 145
227 0.7437506449484264 0.29809940532070683 0.06229917658140405 0.48254786937096394 341 418 431
228 0.15142153854828075 0.42255710738027663 0.045008830690251855 0.275984488387615 115 152 259
229 0.8160212484322273 0.33487131387024943 0.24192518231769267 -0.10353547880148639 145 490 306
230 0.9714821871560948 0.4217614548194007 0.53837833670356 -0.5343378062933057 390 423 131
231 0.9223281521299624 0.5565088004900156 -0.0006679042735546759 0.019612174037564323 582 301 321
232 0.9297002862932333 0.5696162841369774 0.14056747415364113 0.14114600582065817 178 321 267
233 0.09794712906712892 0.5870356802216246 0.05706290752416354 0.21737863731274842 309 94 450
234 0.15084286193089372 0.6750464923232233 0.02511092705298479 -0.7652935039154096 450 314 224
235 0.9719984388161277 0.9402834119804134 0.21342416237080108 -0.09807513620674335 18 226 213
236 0.25142961537871256 0.09111473083387732 -0.12827034850948493 0.37636785910066806 198 60 378
237 0.3501220351246284 0.9941185419416784 0.02182449984622359 0.007415133090882264 158 397 148
238 0.4064825566224551 0.013010355881265642 -0.47464794074303374 -0.4606844359114626 148 151 474
239 0.023168716164206172 0.1458063886727924 0.15766593655652805 -0.3483496845146927 504 209 310
240 0.03416163544826089 0.17686945715329885 -0.5870486546530329 0.08885978480810408 35 310 502
241 0.11830908932043514 0.13705683579023023 0.39054435761742834 -0.29597085320770544 472 171 287
242 0.11680394695648527 0.1471919722751445 0.3076230032858507 0.2107782354904275 312 472 185
243 0.887326431489695 0.4509746760820803 -0.13465291034964189 0.1783997781099056 319 368 33
244 0.9157761831179441 0.45110592924323645 -0.12185954016696865 0.2506721667044909 33 345 335
245 0.4464308436275869 0.44376287893120037 -0.3375523811854908 0.24906600046281646 369 233 592
246 0.2138515126602786 0.7533287531727101 0.4707164932143959 -0.05672886119190146 189 40 208
247 0.188601260897426 0.8405808664010505 0.1718232696748534 0.36476045291861103 372 532 449
248 0.2136522820820176 0.8403034622321672 0.3898216999198567 0.17510613896376537 532 565 453
249 0.28701242960438633 0.3548373311968759 -0.39208153633507603 -0.36758496021332965 206 424 273
250 0.4289505167086428 0.5108629208288227 -0.336389678612381 0.3799081563227169 138 199 382
251 0.29928736272608836 0.9324670614447732 0.4495790092637342 -0.598622845390806 528 413 391
252 0.2947332018459714 0.8751409193144135 0.3582090651876868 0.6249989730616745 147 354 413
253 0.2902246490403454 0.8370748761544535 -0.5334036205784098 0.1518421031271311 546 579 594
254 0.28677895689481486 0.8655540652451071 -0.1809314552347896 0.11804774466966927 187 546 147
255 0.6295049109507573 0.9020595918236098 -0.14656010641211914 0.3792231105526067 279 110 297
256 0.5748088522891708 0.8556715329401383 0.2748409035080446 -0.08791235101002215 285 52 76
257 0.6222888566361267 0.8693006834079192 -0.6056432504814024 -0.5524683162339006 76 555 419
258 0.5832809268809575 0.778349860175833 -0.23233254278776094 -0.21815365347510607 429 183 435
259 0.6113643428290259 0.7784743603559381 -0.2281982634105839 0.41364432191992595 441 435 215
260 0.6088438255534574 0.8402155457492612 -0.41869178887821157 -0.5681394701917419 324 441 555
261 0.5685254922416311 0.8072848793605119 -0.19754433297491936 0.38114355560558977 67 93 569
262 0.5776956606076102 0.8234149392016541 0.2976105917262828 0.6022875153471885 52 569 324
263 0.24044170801879397 0.8823131938079563 0.34047359254857357 -0.3404335547838033 15 144 187
264 0.09907216785946824 0.8763250081269525 0.5701885210512847 0.032026404792051544 212 457 395
265 0.14379207321224485 0.8402111759281039 -0.04737856773573412 -0.6062767954340131 457 274 589
266 0.07906231671204454 0.8772708767854215 0.04613668197483989 0.25980073023457173 261 578 212
267 0.29099477888873165 0.20354859121822205 0.32931835244887075 0.022462964821556852 244 270 82
268 0.4875622252599667 0.564027379154855 -0.02170082134822504 -0.13869777409913908 105 156 323
269 0.48432236619901486 0.5103851442946358 0.2610388072366021 0.3644904877919686 238 326 156
270 0.2434258128254217 0.9727922493487857 0.7601729801187673 0.0937071278211965 27 242 533
271 0.8969245692227339 0.6028417659463382 0.20096586790530058 0.22498087837163894 516 277 505
272 0.8634784077653372 0.582250082292926 0.4665602850242867 -0.300584219667388 225 254 516
273 0.9188285792016408 0.5972074067721925 0.010935068475714793 0.107655021702735 277 178 430
274 0.7390785721187152 0.02208182162294447 0.4326177046806712 0.21257630083287848 44 373 344
275 0.6920675973983483 0.06363016734144218 0.5455332678649949 0.04287454280493819 489 44 123
276 0.1099251737331629 0.5672735155945432 0.03397147840811243 -0.08316908238492626 94 68 353
277 0.05400644808651054 0.8545835815695977 -0.16362774676870195 0.1561263427568571 150 374 578
278 0.05338548259787046 0.8331193626177991 0.02763325089583102 -0.46561941975664656 563 175 374
279 0.24042891584683426 0.778838778104959 0.1670891695837451 0.23039720582762602 32 208 544
280 0.25713321721778387 0.7776360160220354 0.38405689913034724 0.26083998017067955 544 598 142
281 0.6728375462280971 0.7250467245361374 0.38383600568792087 0.09170365647404033 559 463 492
282 -9.91733305212766e-05 0.7949741407039158 -0.009722185556615415 -0.6690859921665293 576 495 234
283 0.03386256874986921 0.8121628031281691 -0.11597072954727672 -0.7155525904439797 234 122 563
284 0.2259510640071649 0.15190301863926023 0.00210830936042683 -0.6573418486616189 389 198 59
285 0.20684941595151016 0.13484897413044145 -0.6132468182568074 -0.40802289567876127 216 169 389
286 0.36689928566102553 0.5163557192443381 0.23304719889982728 0.037862028789970026 263 249 199
287 0.29262528803519383 0.34920530242791525 -0.15828133682199708 -0.5274354291859296 273 356 84
288 0.309542979169617 0.3435238371277076 0.3614803623097629 -0.4077221497922334 84 113 207
289 0.24786791959382623 0.18294019643059906 0.6070528654408824 -0.28297529597320903 442 223 244
290 0.23585522368881617 0.1829068673071707 0.33479248999837563 -0.1852204602366403 451 428 442
291 0.2259249477026224 0.19657328704500665 0.07818501085270213 0.520604488945392 566 451 356
292 0.5474345736669013 0.5082553424479037 -0.3663284415394985 -0.3418457798082253 326 3 355
293 0.8049318801605294 0.6967859333883923 -0.28879723369679144 0.2384079000189443 501 139 74
294 0.805815619345164 0.6685595488816605 -0.1762747160044542 -0.010660552648977806 466 31 139
295 0.7617988866897029 0.7171406736127203 -0.3237086529384037 0.31427768373837317 417 351 501
296 0.6816243555735257 0.6984431173430773 0.5522515566375175 -0.23950980834047675 377 64 351
297 0.8385038945288337 0.5912867068936667 -0.019738655501755353 -0.17968941265489313 302 37 570
298 0.18125245439192672 0.6115549746202963 -0.07749438590831659 0.11935249663586056 314 20 524
299 0.14267458639788191 0.565882899535715 0.3406318213605708 0.08657447952975517 353 214 20
300 0.6488686527578481 0.5830870030583459 0.12755337133740774 0.09972070703911928 416 519 283
301 0.6345312695186236 0.47515270444951346 0.4662741540095716 -0.4033757522448056 367 42 268
302 0.6479484038335578 0.5558756642805702 0.05593355440272618 0.0802749099831912 519 538 488
303 0.41804850803670646 0.5862368629478103 0.5333398157142399 -0.13420022385024488 160 595 298
304 0.6171706103798362 0.6116623642473934 -0.10399235778058014 -0.14679065046818707 155 416 545
305 0.47461174250703075 0.570931218553119 -0.5581709216356812 0.09426726101102734 46 119 105
306 0.4562725245187842 0.6036213940456999 -0.23841932213219952 -0.8229035508566795 376 55 46
307 0.4390943047131559 0.5673083557654891 0.05783515697604935 0.6462797652942442 595 7 55
308 0.5553847091581527 0.5782024404295614 0.3813047200901254 0.0025540639048138303 177 305 155
309 0.5395864967934887 0.5860146416187164 -0.19018249614033422 0.1536907736493509 556 323 177
310 0.2038885892631183 0.7525114691331625 -0.11846426912348607 -0.13117941923684873 493 41 189
311 0.994509609873464 0.7077033428669153 -0.2071693133015584 -0.1771708686010287 317 496 548
312 0.006878446248201169 0.718230774417902 0.14751250047850828 0.3340898887399524 495 548 388
313 0.9952243384348485 0.6609821219844866 -0.16480594042245222 0.3510560691102893 496 491 130
314 0.2353290648021682 0.17610550768735206 0.23688134127841654 -0.7893861789058654 59 271 428
315 0.1466248920227439 0.1259618978152974 0.816834049011117 -0.1401137171563871 287 432 216
316 0.18890791861388898 0.08958669537933903 -0.2857526982397163 0.5870478315267436 432 437 169
317 0.1916333484662254 0.0635862195099319 -0.22810515906690476 0.29931083965484273 437 394 529
318 0.22294279256575913 0.19792312388845917 -0.009170278208667226 0.554942423394364 86 566 593
319 0.10825888064426513 0.7739523737935133 0.16419725509808636 0.13266247128607134 175 479 266
320 0.1301498218738792 0.7834197048124452 0.29732266162985077 0.3857099976217748 266 0 274
321 0.16332521374283004 0.49418959026042913 0.002738223536802309 -0.24771172543736064 9 47 100
322 0.12886072134732232 0.47238806581777965 0.1172949463251749 -0.06042081730772697 396 586 9
323 0.13679562564023565 0.43227211916225494 -0.34824018287082925 0.2567230532324327 586 508 115
324 0.1518491286132221 0.684265008502054 0.1388416510234025 0.054941471511193996 414 224 99
325 0.11520610553184445 0.42852669285755207 -0.8607836905066835 -0.11441238512155394 109 357 508
326 0.08120316986520369 0.40914084003335127 0.46345344905524 0.5689300959163535 278 547 357
327 0.08046706385040057 0.43603440275939637 0.5092881304180619 -0.34214354960315774 361 278 109
328 0.2049611142487723 0.19736855011538418 -0.5337227253904286 0.28291020984227977 30 185 86
329 0.1623099719101387 0.24542256565672804 -0.1442713219723668 0.05019380744375468 530 30 253
330 0.2844448185224645 0.09558319364878191 -0.5924531559786672 0.32616398644436106 271 378 210
331 0.17696737754245442 0.8312829335129428 -0.274562691852942 -0.11098651477026156 589 387 372
332 0.2356800118880788 0.8225511422319114 0.21492078325358044 0.09687461111074214 565 32 22
333 0.8454109776331554 0.35851286701602797 0.30805813386325376 -0.2134900971284548 306 464 536
334 0.9515021261070561 0.3100209370057918 -0.10163510241745222 0.18158593101391673 51 514 539
335 0.9817727726814471 0.3489860866649823 0.1800938516371975 -0.15921543389252335 423 539 480
336 0.17261764756370768 0.7833684516505096 -0.08999427817540928 -0.15736365561319632 296 493 387
337 1.0040265072696473 0.26277984011629907 0.4866521574609095 -0.3634022381626689 573 264 399
338 0.058636788263422876 0.19259058524616218 -0.5307462313391964 0.34598855412626417 264 494 36
339 0.30073284622108104 0.08861185012687597 -0.19298483505680863 0.13812118879186208 210 43 62
340 0.9185148513154493 0.021836736446952394 -0.1736026666171453 -0.5966014305844314 481 551 168
341 0.9202415583489255 0.013237604786023108 -0.15824560880423055 -0.8388704380440926 551 89 557
342 0.9449325530000107 0.9620586133927845 -0.20753625207259319 -0.5619279951074585 557 95 18
343 0.30217030008563 0.06367076190512178 -0.08057682091000551 -0.3003319971189855 43 334 21
344 0.3255231109462823 0.016407917496032803 -0.031453660162550356 -0.1469951400184799 533 158 276
345 0.32823678542396145 0.040630035608448495 0.07137731274087233 0.03432691804416965 21 276 246
346 0.3640787460324687 0.054714461798892104 -0.3290135788813764 0.15532644129234718 564 246 446
347 0.4163887648420681 0.029496342512710955 -0.46782499558278845 -0.10768403460592602 446 474 237
348 0.2320462829773507 0.3124188792830049 -0.28669520472923704 -0.3404793190442401 288 593 424
349 0.9625887057428819 0.26002205838427317 0.4736198131599645 0.09284301435291686 514 135 573
350 0.9599662191942655 0.25193160331901154 0.3563500453052093 -0.35652158655863353 78 143 135
351 0.042599385254493596 0.18554189296638057 -0.5622385685494224 0.31261676389920945 143 502 494
352 0.8629324777959292 0.4254793753630209 -0.555402774465863 -0.3658332824174604 436 536 368
353 0.6126755167766916 0.4993271161431864 -0.10821221349543997 0.2962197237499353 81 515 440
354 0.08953247896911752 0.23159480970969004 0.16544199135659632 0.18805636353702582 549 571 530
355 0.5621211576600162 0.5626976225948537 0.5731282715776276 -0.21087021677412832 305 362 114
356 0.6807384663987299 0.5982221845997467 0.30335458173214036 0.1799393793688875 283 69 38
357 0.6724998587869564 0.7024785652140246 0.1804537285224339 -0.06799525387179983 463 161 377
358 0.8525485861139575 0.5818683367598203 0.17197896821918857 -0.40944575750712087 570 191 225
359 0.741833894646937 0.5751257322804907 -0.4718100458933616 0.44183869271630094 98 69 39
360 0.7585909517020972 0.5382422177966684 -0.31674801705128264 0.19124324155544992 39 583 48
361 0.7685144576618799 0.5358373579520423 0.3439359574919365 0.009479416210322889 48 195 37
362 0.7441451182933082 0.40325980471950074 -0.3310865442918143 -0.014510051320193451 132 443 470
363 0.8068355522649923 0.9920888351117445 -0.27574847041161865 -0.1841967713772652 393 257 422
364 0.6998740339381007 0.6661114095419618 0.13085056302375442 -0.5386836671172901 64 38 197
365 0.743389047669816 0.009113170661355792 0.5353948760028482 -0.09152449874372248 373 174 258
366 0.6415842104685844 0.5523828495521674 -0.5937954276717672 -0.26830492792784266 114 440 538
367 0.723696821629652 0.5189438692408396 -0.5177876252759894 0.05234877739623833 488 342 583
368 0.8003820416949997 0.006191951735319408 -0.3783921115677047 0.12122361777583412 258 393 434
369 0.9979675840060751 0.48692150208981483 0.1524876124675556 0.6875471615652717 456 188 149
370 0.7574315956333763 0.4022962444480862 0.21266382804058237 -0.0438390053425497 470 112 467
371 0.7043691543809026 0.48486590521408907 -0.4045691150145192 -0.26363125640860297 268 315 342
372 0.8367688281693474 0.9774244688926289 -0.17893089024334508 -0.06902270421882406 422 167 481
373 0.5347905094571503 0.6148702051433219 0.05861843371812725 0.4172867811708114 415 556 127
374 0.7683035600510344 0.41399579103552886 0.5243032563662098 0.36590139286529766 467 436 4
375 0.49112538739369493 0.9847245610572197 -0.20076161028753647 -0.04725362167529168 282 118 597
376 0.42751371488807466 0.03319175192890245 0.029773928982013143 0.06204555463157346 237 282 590
377 0.745307155322343 0.6434794177665443 -0.02099813309341947 -0.1697943792511314 197 98 466
378 0.8832178182792572 0.4592941485026376 -0.35410485845627226 0.7077700328594894 346 385 319
379 0.8528524598078627 0.48233626241423255 -0.1513603721525758 0.7233986652754876 191 534 385
380 0.8832484373935513 0.5568099814656201 0.38676205085796944 -0.21872904390485282 254 346 582
381 0.7880275542911124 0.504708405905746 0.20021524993474316 -0.4579914100744098 195 4 534
382 0.7077993506575241 0.44783633929555533 -0.3311445118114875 -0.2710796885574407 315 229 132
383 0.561178294682371 0.5189205272139523 0.16520949261411566 0.030715248747203994 362 355 81
384 0.7051881281442244 0.36308575229709394 0.20685577487022933 -0.13885081244502384 294 341 443
385 0.9731775117412995 0.8993347987277152 -0.0867631411161085 0.15314882001460361 226 307 150
386 0.07175233692408833 0.19204865618220468 0.11927449063142692 0.24716141910907652 36 312 571
387 0.5025475975899988 0.9880226470089741 0.5466332655620909 0.14587666283261136 597 560 337
388 0.9252643120660433 0.0332674661283838 0.17730661557024963 -0.25366166025303505 454 168 104
389 0.9972518745901511 0.46917718828160415 0.30826183237964155 0.2838097111490523 366 154 188
390 0.021552682787371304 0.5165523798855524 0.41375365703033573 0.4113222575041764 149 128 581
391 0.061131794043138385 0.29517918831962986 -0.2159832866374667 -0.4374809747104136 399 549 186
392 0.5763781251643648 0.6628012060122056 -0.2400312462680354 -0.1201293543806603 336 127 50
393 0.6185837913742752 0.6546986232205265 -0.2670857410236316 -0.1475045127707908 50 545 161
394 0.6381732520412141 0.06870995522877248 0.16055658833696862 -0.2364006747301861 8 280 489
395 0.5425532268504197 0.9712095651973113 0.40228329278857444 0.13154185032893118 560 420 500
396 0.6242736123036771 0.018453811439152288 -0.38912078142994133 -0.3064813163672353 513 347 280
397 0.5912613574008528 0.007542591905265306 -0.824651415903821 -0.045806800713643625 552 500 513
398 0.004548153191139128 0.6463647816089166 0.10670473133550518 -0.24989858984220126 272 509 499
399 0.002733054437303939 0.6562146893394111 0.06079047022711226 0.24361391879473837 130 272 24
