964
0 0.030105248280976292 0.6311000890747018 -0.2682264174658222 0.0021219088985890977 111 66 359
1 -0.0008623280917260794 0.6276858186971404 1.1550291423381178 1.6282975122020948 499 526 111
2 0.7652518288069242 0.8274242407573285 -0.12958379647098894 0.1593626744456067 85 11 327
3 0.8791215414391788 0.8802090505827802 -0.155837187425234 0.5785059516497104 558 371 384
4 0.8946857055027289 0.9065885718804507 -0.16348517908361393 0.3470260660429214 468 384 182
5 0.9191836042512015 0.9170328502941512 -0.3585690304462423 0.623113982070253 386 182 307
6 0.9191107282282671 0.917186540751129 0.11068931736902404 -0.34202076819572075 34 386 95
7 0.042475958635583455 0.6872325525804543 -0.32034106686729125 -0.06204230185158366 517 359 452
8 0.02756779932009313 0.6929133264198135 -0.22117660584963783 -0.0737472156259189 522 24 517
9 0.05077146106850658 0.59624244117171 -0.22639772348509446 -0.03544313176284675 66 462 309
10 0.3695115584992309 -0.04133414937610008 -0.5263606199149397 -0.22151874941843136 163 404 151
11 0.35442421567852445 0.9712986839233604 0.0034774081184019145 -0.08622721876794248 54 379 397
12 0.36941268237957775 0.9586243719994845 0.08666522152158372 0.035762522096797165 379 193 163
13 0.8738460948605835 0.21445864186328695 -0.060359406361953916 -0.036016248317061184 10 137 134
14 0.9810497013082795 0.2068371544829974 0.6222984617193505 -0.11612651291958986 591 35 78
15 0.9560644007123826 0.1950700108462426 0.4902396849582047 -0.1736572784877266 134 370 591
16 0.03681536720987519 0.07194896208228382 -0.16069405528451597 0.1581191757388245 133 482 599
17 0.13358568423411785 0.06502021298587286 0.030026939962235488 0.2494987910717228 400 45 394
18 0.5967713662450745 0.43699548380842707 0.14297335398927302 0.15654632451456152 338 447 433
19 0.621946113245279 0.39043707600770416 0.12078204512933066 0.05056747590104216 447 25 202
20 0.8003144714942938 0.13372536778497926 -0.1526488362796341 -0.09404243564437031 243 269 137
21 0.5171876451098392 0.23919303017146282 0.1576174364636973 -0.36343425421914155 181 6 260
22 0.6027336837901537 0.3463713536816437 0.07319673270278493 -0.0009386012800316479 486 103 25
23 0.5767075742029676 0.22813631560272152 -0.20646745702013192 -0.2578760815996617 260 318 26
24 0.5093733421536211 0.2043710110680455 0.23143343144682582 -0.009175557535989753 349 250 6
25 0.5446752178722152 0.11742228623530387 0.22080862693840686 0.23021216981333747 448 23 523
26 0.46710320599527594 0.13260030775717377 0.06600948398993722 0.19974223455787588 328 23 190
27 0.46192886336490163 0.17672504863438995 0.06512990494145221 -0.08685656222029436 162 190 349
28 0.9549228660210517 0.6930146110420827 -0.06720638351387365 -0.18926285798998022 510 70 317
29 0.9143159226555375 0.6799210614824409 0.17035007848775763 0.09889336467783227 402 518 281
30 0.8925671108321627 0.6394490768317893 0.05042308029445941 -0.181855719372237 201 77 518
31 0.949748948625559 0.6815210187574502 0.11013725920855366 0.1512180996740553 281 88 70
32 0.9634644892327306 0.6674748073077468 0.12652906049293033 0.1932960434075648 88 49 491
33 0.9618965264260196 0.6385356228934663 0.18905748494502106 0.14908608861330386 56 136 49
34 0.8725638819630408 0.8869406131987394 0.2674479526731943 0.1086094507732338 218 558 251
35 0.7984205134178877 0.8870417669615022 0.7455574911584826 -1.3520112243212872 483 458 218
36 0.8309519256207137 0.9479804225820048 -0.015159371414413814 0.12453555990263321 459 284 167
37 0.024386364832505517 0.9848698164738912 -0.03229922752867598 -0.08237334564453747 104 299 227
38 0.11714398410124172 0.7375216856515746 0.128335213463171 0.2965270770247108 452 410 479
39 0.1796459580093734 0.9330999713490706 -0.003981662222152238 -0.17841060018231047 596 232 427
40 0.3664299445979279 0.9178643605444061 -0.1638424750038947 0.20773081692293527 193 80 13
41 0.35089700469796287 0.8117566108113473 -0.29498993525667316 -0.37609310735153834 184 240 79
42 0.39680085724878955 0.9198529071279629 -0.3812780938194926 0.2183938960231835 404 292 87
43 0.3790838281409039 0.9068707559884315 -0.23237583419988272 0.2881102290769322 13 79 292
44 0.5560313176746721 0.7377417216721414 0.03456293480585959 0.38118514213147936 540 587 183
45 0.5313169348772626 0.8202894398237051 0.4175981827697628 -0.25132689436546674 304 72 67
46 0.4868443143432718 0.6567994064392535 0.042924764437346496 0.023907228974273664 255 415 567
47 0.93837143935961 0.5477017066623956 0.005759435116325928 0.1518074310355444 301 335 550
48 0.954051373087983 0.5526015199230154 -0.11167263225117996 -0.19123489772391059 267 153 408
49 0.95405241157485 0.5525492127785853 -0.11905981332121021 0.18824004899590466 550 456 153
50 0.6200911368268704 -0.050730560204744514 -0.06468273937298985 -0.5261865901329266 347 29 507
51 0.6308002844804342 0.940560792935092 -0.48069070304052053 -0.1757367362742457 507 297 531
52 0.34783403578771604 0.25946463398791053 0.2690598056853677 -0.39446310592938794 113 82 572
53 0.5229315495501087 0.8634792318667422 0.40321559355294134 -0.01917287023589509 121 304 460
54 0.2143383685932686 0.5986059574416899 -0.21004307321215165 -0.15661760846552575 524 125 471
55 0.47027924520757386 0.3681282029463885 -0.009257582894717231 -0.16651445777782214 207 473 497
56 0.009956674915754322 0.7347978684211175 -0.5581539958655424 0.17682218534428168 122 388 522
57 0.8458555985889227 0.28692274282933555 -0.17174433819544532 0.25304336369325053 236 10 262
58 0.5063677992036685 0.33013725698475616 -0.025062728281621816 -0.055358098660640565 473 96 486
59 0.48828768470288414 0.27706525234498225 -0.01875809091389513 -0.16699961760680004 173 181 96
60 0.9961696439629307 0.5803828103174062 0.14215981447573967 0.04551605030378436 265 408 219
61 0.023483718619009053 0.5683894505513756 -0.026269268704748328 0.1344708889378099 219 581 462
62 0.48084472844564796 0.41732038516886244 0.056368400225270676 0.29754027713879694 233 497 421
63 0.5430219204816031 0.4515642619247062 0.01750308786796495 0.25347073814852017 421 338 3
64 0.2739865784114024 0.7759352934067822 -0.18394343097305477 0.42266880741909096 598 252 1
65 0.35137098656011595 0.6237521351025835 0.14874015213939273 -0.07579873256835512 117 308 476
66 0.2546460131494334 0.6434853076735308 -0.08568544068721096 -0.026200816516386283 159 471 117
67 0.3885916363352604 0.655831125967362 0.18449577074419743 -0.08554675509642173 476 332 311
68 0.39141388184589965 0.7261515608963063 0.2732628325008424 0.3033084422510157 108 311 63
69 0.2592289280342229 0.038663392137939734 0.27562253313018203 0.2651231546801913 124 403 334
70 0.6748414709929086 0.3581273070905931 -0.03552960911590297 0.03043314905637473 90 120 294
71 0.6720156855805146 0.4441980947004676 0.2538016895796023 0.2776959975988799 42 343 229
72 0.6496874135592557 0.3928765972395801 -0.011039771180554325 0.019378287169358188 202 90 343
73 0.5741013859178802 0.17906474107175976 -0.15598547991463318 -0.21071752710766223 318 503 146
74 0.5646238960783163 0.17401727430379976 0.16003818738979936 -0.03655243382277851 250 14 503
75 0.5682410082508998 0.15085610697707658 0.2504807100598447 -0.027699007163991575 14 448 290
76 0.5535760073053142 -0.002458280912521709 0.10148409267888431 0.5521404822770877 337 552 192
77 0.5598615206080673 0.09852596259626008 0.13363944256772342 0.3507229246607624 523 192 116
78 0.5683107520810587 0.1508420112340739 -0.1828965442136443 0.05992580423991875 290 329 230
79 0.5782228001916445 0.1112423292158988 -0.08133591265779838 0.21876687406052753 329 116 203
80 0.6441692433475263 0.17080293783697698 0.11430117763736036 0.06292625296701326 83 392 506
81 0.58162916183344 0.17080639414785911 -0.22828253037898705 -0.09309930222578533 146 230 83
82 0.6940441831879093 0.1941120055966155 -0.3193629249942376 0.2630116090196477 222 204 574
83 0.6461889153764876 0.16813665046395762 -0.09393597072068771 0.3448135397002283 392 484 204
84 0.7479492585800034 0.18513395287017645 -0.2624999106970449 0.26862824256679296 200 574 407
85 0.7749712348126537 0.13765887692331 -0.06830945462055205 -0.11161327868880466 407 123 243
86 0.620485480470254 0.10341792140954231 -0.11695628077124098 0.24382303329129051 203 8 484
87 0.8126510475381985 0.059157500040644184 1.0280564150754015 -1.5944408509487218 106 61 165
88 0.8124040354693252 0.05939793045794764 -1.5837426143592355 0.9412884200366499 269 12 106
89 0.7931834140067827 0.03893865305940858 -0.44494399500751336 0.471233605774308 239 434 61
90 0.7932653348566361 0.03886557913418157 0.5566447050625828 -0.42276252216960963 344 239 12
91 0.6403982259261847 0.27096784043668676 0.23817624296429418 0.07704571078348543 26 101 364
92 0.6458670686638687 0.29936811580227846 -0.14823995236629833 -0.1520017374337726 562 380 120
93 0.6441927387774304 0.29914385816178984 0.19794588674345442 -0.1068274662957211 103 364 562
94 0.42244836068962344 0.09898628676789996 -0.17997220796983626 -0.021862055915589096 126 590 328
95 0.36182802414593473 0.12354564019948353 0.028495907022918487 -0.05064657512821036 478 383 126
96 0.9977662551573043 0.13319343964361963 0.28114096667017363 0.15667758678991617 370 295 504
97 0.9929724325272195 0.08858500481843558 0.2611115254569363 0.014628349226386561 561 133 295
98 0.904130526907236 0.7067238717331279 0.24944714974162174 -0.11096654324582733 455 402 375
99 0.8816426280977803 0.8059368525125525 -0.13129430875835624 -0.21042602660337195 19 568 371
100 0.9293749423724633 0.7224037987761507 0.022514784828175927 -0.3060580400227053 176 375 510
101 0.9368654553922866 0.7562707517920249 0.036672321429565 -0.39617113339884824 568 176 576
102 0.9146500922979537 0.6063060373687739 1.3862223408503513 1.0979568437603455 77 505 350
103 0.9147311118514314 0.6061455633468098 -0.5178199542291433 -0.29444468901919024 350 430 56
104 0.8881895181559445 0.9094780218445914 0.2503018635240106 0.12120437964911746 251 221 511
105 0.8880074210400717 0.9104779333527165 0.29280349301847447 -0.12073746767995996 284 511 438
106 0.894244473666822 0.9125343255112277 0.143443210662373 -0.2253508073072133 438 588 89
107 0.892785639698031 0.9092887083865364 0.024123413813401107 0.11783769975418079 235 221 468
108 0.8943398456952496 0.9124141584151682 -0.07968658351448568 0.08586159165114345 588 235 34
109 0.055082179827757635 0.9480889428309967 -0.20045769801024793 0.21704424160717828 469 261 439
110 0.0720543047036777 0.4804729020739846 1.2343594110336449 1.0476096373003503 57 53 340
111 0.06427509521999476 0.523373285642781 -0.11314797362937945 0.058461632063133706 128 340 68
112 0.033733743031012946 0.3584043403176248 -0.1179863854186558 0.3091513716899086 194 480 196
113 0.12579679549503825 0.3528790494007268 0.035245437471354 -0.14338858329854265 97 275 286
114 0.3709424044109123 0.5747945732718139 0.2113319463870056 -0.09400788689162276 308 179 527
115 0.3862332895558908 0.24275418338423255 0.08760137060193074 -0.28074672447919724 572 444 173
116 0.2576858044811564 0.4486038774029635 -0.3065083950537506 0.3208323245962319 205 405 475
117 0.22259966705760306 0.5294166284836934 0.7408478806034511 -1.7358100766140965 585 75 164
118 0.1215508175926055 0.33541095732125065 0.06797750487508303 0.03939671124053579 535 485 275
119 0.976580876601463 0.4271435214565707 0.10600677835537198 -0.1043088941610204 211 390 366
120 0.38813295354912547 0.20921509137077982 0.053459829618685006 0.00253534554461865 444 220 162
121 0.1662119174448623 0.8914862326817641 -0.07673844823474774 -0.44014232050693103 395 449 232
122 0.6199140263766315 0.46533652158778444 -0.03555751110217997 -0.1132059689046283 515 433 367
123 0.44302833331875524 0.5047338432819366 -0.11937157685937283 0.15069790519628423 382 592 238
124 0.3184129630500587 0.9541805570499612 0.21890824430936817 0.16701470276214714 242 528 54
125 0.4609230563649038 0.9192734994710681 0.05445550538274446 0.29067177831354485 87 121 118
126 0.3678775968802123 0.7647881681580883 -0.18388032784789898 -0.2655072369427136 240 92 333
127 0.41369977359421095 0.7382362074339319 0.12076920897656279 -0.5111236961045972 333 256 520
128 0.3661296612663345 0.763050360543508 0.3435266953712157 0.24433702222950715 73 108 92
129 0.41370061070968184 0.7382957864900053 0.13498898075657811 0.510181047738413 63 170 256
130 0.614465383643855 0.940323898247343 0.32252755882700157 0.10088692225379559 577 279 29
131 0.5571745364310304 0.8739934562571441 0.031233505365380054 -0.16552238052414125 460 285 217
132 0.5829799265510427 0.9364189141989986 0.17680299654876386 0.10006698525355517 420 217 577
133 0.5696747192109847 0.7256095383563851 0.03375504945002383 0.38656514725343705 587 336 107
134 0.6570436076644601 0.7631581894371898 0.029235373844027635 0.09543443396653473 320 559 247
135 0.6034769425534479 0.7605275102168112 -0.3853973060824467 0.05580751659406413 215 107 320
136 0.3116003412867313 0.794891476005845 -0.037802968047562224 -0.3015993895599811 381 5 184
137 0.3181254076383899 0.9112047355205388 -0.2693557022066285 -1.2189829833736139 391 354 80
138 0.5164783633149284 0.7802381523255953 0.336725073865618 -0.16683952500790022 401 166 72
139 0.4510474797119546 0.7377762804308214 -0.18192053282530343 -0.44287290719569733 520 411 401
140 0.5292086246422032 0.7716286939925062 0.07488619203910307 0.009653571171608366 166 537 248
141 0.5295303157718705 0.7400471594730857 0.16011056196141293 0.34985249454388967 322 540 537
142 0.703784913002544 0.8499583664570678 -0.03890518723154157 -0.3208098602741627 426 180 141
143 0.6773402947151439 0.8436829343869813 0.3701901573477384 -0.2488789084542642 300 358 426
144 0.7085831808994729 0.8383630416801509 -0.2664457692674871 0.23449695605443077 180 554 85
145 0.6830439900007306 0.823619337356178 0.19768625729443823 0.5433785216918396 358 247 554
146 0.6287438933354073 0.870433120989842 -0.022813500394347486 -0.06454077966511207 110 419 300
147 0.7982563427986481 0.8872667967939267 -1.1451567961975297 1.2411609318588734 293 483 316
148 0.8155070406422723 0.9427372579866213 0.07959898087883666 0.18570538613815746 245 316 459
149 0.7936083063166155 0.9741114455776707 0.28719055629038454 0.20889109754289054 445 245 257
150 0.7750957254485755 0.9796697492968586 0.37393357750492573 0.056575450574358754 412 445 174
151 0.7180129549829268 0.9324084367171882 0.11407540329022581 -0.20984260995504656 531 330 412
152 0.7949287446554542 0.8850463794785094 -0.10240188400061295 0.5243921992546373 580 327 458
153 0.7949571222540149 0.8850011107379855 0.3460489996326931 -0.2242596003314962 140 580 293
154 0.7322444638708786 0.8929865960520786 0.10083990586995384 -0.01942943583799206 330 141 140
155 0.3115565397670004 0.7844112313332676 -0.040113468623148574 0.4153601729922629 5 1 73
156 0.2823706113848611 0.8042208031124054 -0.1581669791667073 -0.2682364833722639 594 142 381
157 0.5554782448359854 0.7848484078897184 -0.13447392661208868 -0.04926922012732371 93 248 429
158 0.21234579755859084 0.48473541584410507 0.01351252373882339 0.12164480533982669 231 205 498
159 0.1679673233267698 0.4740473998354242 -0.2347250012657261 0.11498077908626142 47 259 231
160 0.29632068753927376 0.5121797895285012 0.20413332621482816 -0.2812527197249004 164 363 289
161 0.3033133848039759 0.48852606881407146 -0.04966667598027552 0.46423854795085706 363 475 331
162 0.3675268700138125 0.49918954997665177 0.25646429251124925 0.4844352270022556 331 369 249
163 0.8304781125086111 0.29143922455160154 -0.060854318806313756 0.21918421695688028 490 406 236
164 0.7401389982074404 0.27275651212041174 0.01383121256415265 -0.0017971443777575757 512 58 418
165 0.7642783318620994 0.25441628800030164 -0.1526628965603516 0.11964078339143924 58 200 406
166 0.920136855338442 0.3480264905543007 0.20496906810718585 0.19179393559443092 409 51 172
167 0.865500161437849 0.32847949637766777 -0.3106980981520957 -0.001876620386864758 464 262 409
168 0.9398496825254937 0.4248496332692128 0.14384734167705027 -0.11061158378122826 345 172 211
169 0.3527579215880939 0.18316758745212705 0.06743105969431173 0.06374039976386747 270 478 220
170 0.826844460544435 0.7306881827717397 0.0006769147742335946 0.06274707836650961 91 74 455
171 0.8466567146046423 0.6286983728053247 0.0890108979578752 -0.18372872945260355 31 302 201
172 0.9990082274440061 0.6272918243633434 -0.4853281411221774 -2.6398043757588034 241 265 526
173 0.9988467137897157 0.6277038821244572 -2.1611241518776705 1.672386953136776 136 241 509
174 0.43862729642069465 0.5771679348597144 0.38980400882360167 0.01582834767118249 298 376 398
175 0.44191146638895884 0.6302906351311474 -0.10328503191603389 -0.05805537994785226 332 398 255
176 0.22137985618674474 0.9353747061304458 0.07718539349332865 -0.1893032640365444 427 15 525
177 0.19885218398825116 0.7113752722942717 0.1588195085860944 0.21902281550911784 99 129 41
178 0.23081100166763574 0.698538329411493 -0.2772072710266471 0.4224778409056551 129 159 325
179 0.24332016975040877 0.7462825561227191 -0.24540104661893714 0.43122200940257094 40 325 252
180 0.04858602653175677 0.08712830086221952 -0.304364520739564 -0.03273019320848558 209 599 425
181 0.11363851057787595 0.08938413284127332 0.24606444867791843 -0.01754920861407605 425 400 171
182 0.6767058638309638 0.22559242092346102 0.11529780359620379 0.048568736402479495 16 506 584
183 0.6616867207214665 0.26286054184609026 0.1451731947518407 0.13698351600710706 101 16 465
184 0.6792053661518666 0.22554496110448663 -0.2387871338594555 0.05725505113421403 584 222 352
185 0.6882153754932372 0.2509610089092936 -0.32270297406489235 -0.1421612352142665 313 352 512
186 0.6617833717848945 0.26295754410084676 -0.19585511744856474 -0.2055685836398896 380 465 313
187 0.30099250702750824 0.11055661681584737 -0.11293701390746591 0.003490269184780459 223 62 477
188 0.3372179556206426 0.10170720748516936 -0.08871850198932663 -0.08993001066048834 477 564 383
189 0.9286658957770986 0.03710924649984172 0.06804396768256282 -0.1503326376578462 165 454 561
190 0.7438658038081517 0.722077376313522 -0.07587889652271428 -0.26491794157673665 492 417 365
191 0.7872710589112824 0.7760826354395661 -0.05942448269569134 -0.1356884340997233 11 365 348
192 0.8204847081669124 0.7665711924297061 0.05410694461915888 -0.1681757608174017 348 91 19
193 0.4879557440089167 0.711690287826727 -0.010314166881686404 0.14135423456740348 541 567 322
194 0.45104876315410075 0.73783589945978 -0.16329303197565617 0.43409383711547617 411 170 541
195 0.04825314030450453 0.0020370638681813866 -0.14094024176902753 -0.15124060684379437 482 227 65
196 0.07395880214117526 0.9849184639926301 -0.32641311216441427 -0.06286387556342365 65 439 228
197 0.11757217817118892 0.9972846967955726 -0.03672870826920693 -0.018451011551956498 228 596 45
198 0.027264848057059407 0.9563912277534841 0.09681299948998898 -0.6760867059176379 360 303 299
199 1.0271183502470713 0.9561124600359642 0.560948615655572 0.4928640356678237 213 553 360
200 0.027481494641122817 0.9561433428980673 -0.6722077489800838 0.4124592139836611 303 553 469
201 0.2613324864769657 0.9830407098202234 0.3087930071365985 0.08436750117968295 403 525 27
202 0.22160889103113254 0.5285824082368432 1.2180721762722162 -1.069488315951232 157 498 75
203 0.08299691228609142 0.4701215836166454 -0.48381504374637657 -0.3971477003178133 53 102 396
204 0.2223872364673076 0.5297060435495957 -1.387287230764146 1.164501106622986 125 2 585
205 0.22142040659189846 0.5287933286997628 -0.9251502817330575 1.3288435049561613 575 157 2
206 0.18435490315349878 0.5251981413949302 0.13693816011683957 -0.025609515896807267 214 100 575
207 0.13206810516621306 0.7353446686015941 -0.019714181849483925 0.3255014462827388 410 414 339
208 0.14665930327565702 0.7777663077774308 -0.08617069592598003 0.07929784676119489 0 339 296
209 0.08747834023687792 0.38985699577918786 0.04325613409128515 -0.12064150720081379 461 97 547
210 0.03570248742443473 0.3674849396436568 -0.23894842597627086 -0.2537415316056224 131 194 461
211 0.08299966643167923 0.4701244696710266 0.35692229824902527 0.49507557527811963 17 361 102
212 0.07184666809099395 0.48024510820360694 -0.9390096744411449 -1.3369240149450456 154 17 57
213 0.17188465785152385 0.3137822956390235 -0.3141690862323854 0.04497932096225732 28 543 288
214 0.2393585183599543 0.3850333632131307 -0.4327956562577562 0.0764413914111639 521 206 405
215 0.17258664439943683 0.3899378080763676 0.09732166530995734 -0.0017600740309653418 152 487 521
216 0.1521509657150267 0.3564381346312215 -0.050129963721778914 -0.18767905944627739 286 28 487
217 0.06951629892194165 0.3184559170180589 0.10500595393203582 0.07080511454926608 196 186 535
218 0.1590904685079602 0.30555186732428874 -0.12534142595360676 0.18057815989042103 485 253 543
219 0.22492340477783215 0.08055307109678479 0.09127969491373733 0.36287959095937516 529 124 60
220 0.42594356729477784 0.568639614461219 0.40051468401839596 -0.16364418624706129 527 291 160
221 0.43850622772353887 0.5767456644495297 -0.23967866036187163 -1.544484716399367 7 542 119
222 0.4259760403249848 0.5685917302143016 0.006884375778866761 0.41714027148654403 291 138 542
223 0.35625652626863713 0.542243408876631 0.1723191207780861 -0.2926687652643478 289 263 179
224 0.24898576196347372 0.8445714359496155 1.2243021262170841 -1.8238390206120192 71 22 579
225 0.24881877649453996 0.844888502875191 -0.4237392951415364 2.2788925637811124 453 71 144
226 0.7757932821144127 0.3460320568078319 -0.18230695633669747 0.09684341453763956 112 431 145
227 0.7481145746211199 0.3293320356883737 0.0264309713005062 0.2501543666655337 341 418 431
228 0.15002680775471441 0.44496360600778656 -0.0465520278575271 0.23462642245730692 115 152 259
229 0.8251019834550426 0.3275132324978208 0.02181525238231785 -0.051848570922774506 145 490 306
230 1.0068510710851926 0.37746330554213836 0.3114443869467465 -0.46653055550682776 390 423 131
231 0.9329688954975145 0.5548031603042711 0.14655057918068481 -0.012934695241967331 582 301 321
232 0.9348472319586859 0.5577366001446651 0.04323640026733522 -0.1767614996213418 178 321 267
233 0.1055210607477924 0.5861410807058234 0.11895550395407684 -0.1360944513334461 309 94 450
234 0.15353459729929442 0.6249105770550694 0.011562777124662915 -0.41271768849715507 450 314 224
235 0.9668270042285133 0.9225645131617006 -0.1376265254158463 -0.3393645135415547 18 226 213
236 0.24198818395708976 0.11631097591842875 0.2141278238014109 -0.015863258283181376 198 60 378
237 0.35585938237086234 0.9811821008727396 0.019732244657677533 -0.2046567464109028 158 397 148
238 0.36508282279825477 -0.01687531408995208 -0.3642250589672158 -0.2898630358308396 148 151 474
239 0.002886719616111661 0.1349331474575503 -0.316707838860647 -0.04641461130369673 504 209 310
240 -0.0009291505828801019 0.19751084722850196 -0.34773414633870736 0.33876303932173224 35 310 502
241 0.13984560517238565 0.12324857646221227 0.16453413215211654 -0.15548119597363907 472 171 287
242 0.1311532872106264 0.17701494209903115 0.047800632202443794 0.43877575878203956 312 472 185
243 0.8830279660047198 0.4666423289763333 -0.020500099187636955 0.1754590788632937 319 368 33
244 0.9084520353291676 0.46610001863024547 -0.04991128794984423 0.16447573546185534 33 345 335
245 0.43462940203796213 0.4774368838580484 -0.04781534404529886 0.4712512401139346 369 233 592
246 0.24025320519494064 0.7493171494684864 0.2486825236187873 -0.06048286012652615 189 40 208
247 0.1873422000945702 0.8523827250376971 -0.1487830615654051 0.01054476089779044 372 532 449
248 0.24869723534463198 0.844656748887345 0.6035375762147247 -1.0085073899634196 532 565 453
249 0.2565042565148969 0.3279246101312377 -0.34093474605978447 -0.2854140441349573 206 424 273
250 0.4155141334481514 0.5304237011049194 0.018542729157688953 0.06893370804728072 138 199 382
251 0.31816602791319143 0.9113232155168896 1.433952307467053 0.5598147982124272 528 413 391
252 0.31799620105666926 0.9112718102572681 -0.926576831567264 1.144575091226608 147 354 413
253 0.2564489814198605 0.8458472867632487 -0.33155963616998685 0.0006213437750424156 546 579 594
254 0.2583419921571413 0.860315350830973 -0.341656038291456 -0.11433887946686594 187 546 147
255 0.6235048919229753 0.933131718689988 0.0012986219738442273 0.3396145845449561 279 110 297
256 0.5839277018046415 0.8386066144349305 -0.6725578240285149 -1.1821461958585773 285 52 76
257 0.5840121879010706 0.8387565117061905 0.12348777449141006 0.7597856549086137 76 555 419
258 0.5673321062867669 0.7759829804386835 -0.14144957861256247 -0.026692877422296313 429 183 435
259 0.5834088886205894 0.7816663981591168 -0.24538980916699593 -0.05850043990895948 441 435 215
260 0.5840190784075935 0.8384796664353608 0.7994773783653029 -1.1611042002895215 324 441 555
261 0.5542878033990772 0.8131945915927985 -0.1530035695362919 -0.054650338768280626 67 93 569
262 0.5838765389700871 0.838647396313326 -0.809986130596884 1.3090523961226075 52 569 324
263 0.2573564224858907 0.860547324385685 0.06932114567700237 -0.21004183444611746 15 144 187
264 0.13241822631942393 0.8713601361415765 0.28640189247974845 -0.1403448184056355 212 457 395
265 0.1555483115551186 0.8168437879773038 0.2595016529135033 -0.18543280158855305 457 274 589
266 0.0743703437351985 0.8875385870786368 -0.1133222501947806 0.05028854138666716 261 578 212
267 0.32595846463164446 0.1970282026955329 0.4022218672711242 -0.09263257903791011 244 270 82
268 0.48554016366237784 0.5578311055117007 -0.05709784173246746 -0.04559111213553457 105 156 323
269 0.48722490900643795 0.5254256753149269 -0.07121126882614348 0.11149563564072373 238 326 156
270 0.29687856852781036 0.9777005443617316 0.45785734786862875 0.04769899197842875 27 242 533
271 0.914518761846872 0.6060471347160036 -0.676702865785991 -1.7632635080223718 516 277 505
272 0.8868148143108932 0.5637599488748213 0.10272343253792116 -0.1705863166001631 225 254 516
273 0.9147475577957784 0.6061612824378555 -0.08217886512479561 0.6002465852811799 277 178 430
274 0.777065764885108 0.030046978000742734 0.2813675108875868 0.1407430377103891 44 373 344
275 0.7293141134947964 0.0703890904964208 0.32697615032217797 0.13115107055927666 489 44 123
276 0.10964557484864915 0.5741125190621972 0.006719380260533647 0.13320087706436556 94 68 353
277 0.052308258656738695 0.8694423463590375 0.023725557976583822 0.16571942880461155 150 374 578
278 0.058947071559806385 0.8039254486727578 0.09223383723444556 -0.23966904433292413 563 175 374
279 0.26257142987765286 0.7865119981308508 0.2506914370536961 0.004959372669477435 32 208 544
280 0.26915908688771256 0.7857749899902856 0.029006851781643306 0.026461160172741582 544 598 142
281 0.6942223537008014 0.717682822757225 0.21046101944532936 -0.12567805823815448 559 463 492
282 0.007798109214273341 0.7499634304832921 0.0487838941552049 -0.4981655650927036 576 495 234
283 0.010807980388106472 0.7512943017313803 -0.2891181937955678 -0.6657345735881087 234 122 563
284 0.24195029977568797 0.11633397018213479 0.05614491912294024 -0.3683393854980515 389 198 59
285 0.1829335340677274 0.10705453549875596 -0.6096747505338149 1.1072261639147187 216 169 389
286 0.37430003210826057 0.5214316189843777 0.030596306044294863 0.012291360290683784 263 249 199
287 0.27369294520425363 0.31301866952113605 -0.261945970816968 -0.35402399553574604 273 356 84
288 0.33273463132046993 0.304606460772081 0.23510361019107862 -0.3881678152517498 84 113 207
289 0.2800275365308557 0.16458053814631876 0.18846712142306377 -0.2166475887577235 442 223 244
290 0.2600670859477989 0.16737448526537105 0.20762854907596662 -0.18755176960094655 451 428 442
291 0.2274843796522139 0.2322414903588467 0.016374422130704946 0.34455079431922053 566 451 356
292 0.5396808059708358 0.49801339234155495 0.05107031464390843 -0.033701456209067615 326 3 355
293 0.7931258533727118 0.7036327271321273 -0.12460099341193853 -0.02560389331107693 501 139 74
294 0.7943506880202957 0.6664818588346723 -0.12301473797937668 -0.020527528288294405 466 31 139
295 0.7439199697452091 0.7219011175094531 -0.16193438793392964 0.015594002489034003 417 351 501
296 0.7058280764083076 0.693878335779901 0.15981431282507952 0.045703949999587046 377 64 351
297 0.842452878674423 0.5720887235433347 0.06491449842938035 -0.22737319353705043 302 37 570
298 0.1719361781598317 0.6025412240698595 -0.1369936296347074 -0.18760012814034166 314 20 524
299 0.15392260483162792 0.5711272907783798 0.05209966208452599 0.10105570269480779 353 214 20
300 0.6504110953346367 0.5814761663907175 -0.020106393980312554 -0.07530164790325866 416 519 283
301 0.6695707255076268 0.4514639129897212 0.2092161478946513 -0.16188696679844336 367 42 268
302 0.6489984590094429 0.5577225402027213 -0.023254717249066026 0.0015951795440116712 519 538 488
303 0.4384341283367042 0.5768860846214686 0.25811597508613915 -0.6878911702599575 160 595 298
304 0.6130276872483358 0.6030077803292605 -0.004774541872976101 -0.10170868036674108 155 416 545
305 0.4386947722753218 0.5769555690844399 -0.17744719104739823 0.6934229043287048 46 119 105
306 0.43854798434971953 0.5769805242275385 -1.3683727108595891 -1.6399618862992376 376 55 46
307 0.4385315012499393 0.5770665835530312 0.4604278455841351 2.6773784659518576 595 7 55
308 0.5800572225643267 0.5782748022294473 0.18550913236103916 0.009266226674853328 177 305 155
309 0.537546918148313 0.5945072485451688 0.021799133331779075 0.062454199450945325 556 323 177
310 0.20333300626871625 0.7412040512866319 0.06016913876860652 -0.1337017392633033 493 41 189
311 0.9774855104173832 0.6922917817010921 -0.17865078617840258 -0.14804548732760825 317 496 548
312 0.009821149856953475 0.7348115573146973 0.2594642440516878 0.09513386611413512 495 548 388
313 0.9808876475145784 0.6769153843827485 -0.19019974345502177 0.07471200776099085 496 491 130
314 0.24201416944591095 0.11636362471047913 0.14954395456060876 -0.6451884313916564 59 271 428
315 0.1828174604751334 0.10694502514659339 -0.7130843854199348 -1.363389306657868 287 432 216
316 0.18298593965701537 0.10694492793626012 1.4462453360955139 -0.23161620557414758 432 437 169
317 0.1840454418752184 0.0903780110844791 0.006483344069940777 0.3146255568575729 437 394 529
318 0.21865976016784755 0.2357562553985736 -0.07649329988868026 0.37885598200282367 86 566 593
319 0.11606886352363775 0.7712460471713689 0.09799156798495634 -0.14602620640458142 175 479 266
320 0.1429102049033609 0.7814992271321592 0.11069436183647197 -0.12063465885947533 266 0 274
321 0.16791266257578788 0.47410607537852806 0.1056858595240408 -0.2504296596592299 9 47 100
322 0.12884285119015204 0.4532783760574534 0.029754267018983205 -0.1801134171712862 396 586 9
323 0.12897029819649838 0.4518005813600478 -7.055686330331712e-05 0.1861553464328758 586 508 115
324 0.16472765647005416 0.6966092655065698 0.11898068780213933 0.17355494819071282 414 224 99
325 0.09862800520637514 0.4343746878857688 -0.24109917121843769 1.5277148589416552 109 357 508
326 0.09866100715970605 0.4342008833151356 1.4199833993919826 -0.2533339321197751 278 547 357
327 0.09854154824865573 0.43427725249937765 -0.9571279364342308 -0.8279520720741841 361 278 109
328 0.1695753305317169 0.22305426852558802 -0.31603923436596126 0.24846488408392098 30 185 86
329 0.14838761172355028 0.24826997200812528 -0.15149250118251523 0.010672565609048945 530 30 253
330 0.24201303695946033 0.1163637711130875 -0.5668849938458062 0.561605445046525 271 378 210
331 0.1555951129619048 0.8168359913160326 -0.31475669859810623 -0.08993733701165686 589 387 372
332 0.24888337791688667 0.8444864676271436 -0.7074402150566462 0.7276468451920554 565 32 22
333 0.8454522871354675 0.34221864112944766 -0.10302252523297639 -0.15799775168745533 306 464 536
334 0.9654335695173316 0.3258320147355078 0.22775121233387097 0.17414053601894075 51 514 539
335 1.0049275855479682 0.3606198398879078 0.35994512301296133 0.25580426145366264 423 539 480
336 0.15581129998329069 0.7808496421805016 -0.18544621047111853 0.04002356241566973 296 493 387
337 1.0271897130897898 0.24203209019495725 0.09668079184455003 -0.22312332537133273 573 264 399
338 0.031947097422177675 0.22343360016822839 -0.11739795212351023 0.3896489717686302 264 494 36
339 0.28879177787650656 0.09887841012949847 -0.09720355631515076 0.04800808986460403 210 43 62
340 0.9057419702036672 -0.0230887248107614 -0.12479371286344687 -0.44043785563108173 481 551 168
341 0.9132078640608612 -0.05271307998711651 -0.05257459016749788 -0.6499143546251362 551 89 557
342 0.929596201992187 0.9291757155326315 -0.34645895458096376 -0.18365928326768977 557 95 18
343 0.29362019377121834 0.05802702705739782 -0.10520163976068808 0.03410878801624051 43 334 21
344 0.326413599797967 0.002085415450873245 0.025409313542112955 -0.21557626656010243 533 158 276
345 0.3256796415410695 0.041034851753220775 -0.013941768226000129 -0.006114257017353353 21 276 246
346 0.3439363830029587 0.05230789762053883 -0.15702455655186576 -0.0941622266270592 564 246 446
347 0.3850983400385495 0.02450745854913063 -0.31332164085462466 -0.03121733496702639 446 474 237
348 0.2163020818235784 0.2987007552622084 -0.10073081743722234 -0.08989427535688321 288 593 424
349 0.9970224232351208 0.24783478416448013 0.3920442841892635 -0.2385928385417735 514 135 573
350 0.9905243075456259 0.21825134807636057 0.375463632927564 -0.3931754215605321 78 143 135
351 0.0046220637090941125 0.2076671767260747 -0.41311091578816184 0.22278433854661106 143 502 494
352 0.8367694952287803 0.4156588556865309 -0.15507832171191005 0.07640040128320535 436 536 368
353 0.5962314362265894 0.5255063174759983 -0.21173923916290027 0.32687812404758043 81 515 440
354 0.08849402594301296 0.23561322275814806 -0.0747190160438338 -0.03731103238868716 549 571 530
355 0.594023163814081 0.5368726131161006 0.26313976215011636 -0.37342456583530637 305 362 114
356 0.7131633363199001 0.6108352425970945 0.42340891016814236 0.10291512698469563 283 69 38
357 0.6915596306060202 0.7004510842554683 0.2263126415436023 0.019107069051949033 463 161 377
358 0.8590102887596724 0.5590668147113417 0.03370146141323804 -0.2015073004291157 570 191 225
359 0.7144738024931246 0.6102855006309392 -0.23307080959222154 0.376179963698306 98 69 39
360 0.734617858790134 0.5526860889136356 -0.22225127641051223 0.16796866328383508 39 583 48
361 0.7954355114458 0.5362314295658732 0.3546727127268223 0.016405690694831776 48 195 37
362 0.7268967728541629 0.38860108065134036 -0.09332811502782423 -0.24054087471858665 132 443 470
363 0.7936164658968731 0.974120447825369 -0.12089599075662408 -0.24062831839799992 393 257 422
364 0.7226291288416078 0.63207583499145 0.241115704008657 -0.36209384646473247 64 38 197
365 0.780698127959198 0.009008857026233365 0.6445493613542616 -0.016644642078739256 373 174 258
366 0.5997790160927403 0.5344982660769267 -0.3871707205706232 -0.12231834772488681 114 440 538
367 0.692622288991407 0.5274686448698548 -0.25330665551215326 0.1272381984496196 488 342 583
368 0.7806619339984092 0.009009867761671174 -0.2649026634327252 0.004310510304407879 258 393 434
369 1.0107836334396585 0.5183308076624689 0.13680893570788832 0.17057971979372866 456 188 149
370 0.7645717156401488 0.38734399882045495 -0.00030588864774472313 -0.25557586810776023 470 112 467
371 0.6697355378235649 0.45155672541417324 -0.2510299485370803 -0.5090507323502781 268 315 342
372 0.8316882561651698 0.9555914435800825 -0.03427809763464906 -0.2809442138998475 422 167 481
373 0.5339766169973337 0.6318588428173144 0.01728827497826657 0.06419662371137669 415 556 127
374 0.8068138579437784 0.4260984223670159 0.3300583459320272 -0.012484886735553147 467 436 4
375 0.4808447543136641 0.9801523127301343 -0.08216569924446304 -0.05042084805229052 282 118 597
376 0.4191433515886316 0.03558117099265685 -0.15495843011525956 0.021050305248904166 237 282 590
377 0.7228232704687233 0.6319876135220058 -0.3686731561908848 -0.08534882033430814 197 98 466
378 0.8679243663024271 0.5072910577214753 -0.05806851735568053 0.3503519484943096 346 385 319
379 0.8515623385450919 0.5149005989348912 0.12937331657358886 0.23324445048988895 191 534 385
380 0.8940612290093438 0.5524969868522553 -0.043157278271921395 0.03436724481387099 254 346 582
381 0.8162382968397052 0.5025001166927971 0.29630009973358185 0.18972618961998755 195 4 534
382 0.67215803757439 0.44422673757606684 -0.5837197756132072 -0.010370806944877235 315 229 132
383 0.5905984329423518 0.5274570173165954 0.4209873857505264 0.11197643394120216 362 355 81
384 0.7160047379773913 0.36299308912495853 0.08857136690743062 0.07915988177453759 294 341 443
385 0.9668223347571454 0.9223837415815105 -0.11642481259122907 0.36098551432122217 226 307 150
386 0.0826972783127764 0.2193949427559045 0.09253733682101917 0.3625522656397484 36 312 571
387 0.5535160923582362 0.9973874805012366 0.7184479713137192 -0.5954934418185911 597 560 337
388 0.9345388296751052 0.016132655523357742 0.08306242325895052 -0.17177109040700245 454 168 104
389 1.0181791540110219 0.4850123992588039 0.19601761741538937 0.0786155446297343 366 154 188
390 0.030115325621070922 0.534022132606964 -0.011189056625671157 0.05414118806057466 149 128 581
391 0.05958891660555725 0.2637504584294052 0.0644198687449471 -0.27058048648886945 399 549 186
392 0.5751159705025379 0.6620633728096841 0.022287297007927975 -0.0019980635201921615 336 127 50
393 0.6099122126507877 0.6465795133482616 -0.0077160437761403244 -0.04021643990048673 50 545 161
394 0.6419626757815314 0.065939281048409 -0.0067252377278226305 0.057233585926130814 8 280 489
395 0.5536646354268068 0.9972868360041075 -0.4029063157054685 0.7667299180269798 560 420 500
396 0.6034404306432206 0.0006713923376270615 -0.18150813560491308 -0.15458794036526946 513 347 280
397 0.5536900645660969 -0.002608631703076512 0.10373088065455038 -0.7938038612987242 552 500 513
398 -0.000866764119259914 0.6275466035076387 1.4506375276857346 -0.2618760753576475 272 509 499
399 -0.0015639027618848831 0.6686658511119683 -0.1232873306916682 0.06543879778331263 130 272 24
