996
0 0.029243913211006688 0.6311220920424481 -0.26990828114192844 0.009950255550061904 111 66 359
1 -0.0009899061089776793 0.627858069136192 -0.4365895359253742 0.006165921394882083 499 526 111
2 0.7648508395373576 0.827927535751759 -0.12189399767326137 0.1556113460310371 85 11 327
3 0.8786289845758268 0.8820402408714288 -0.15202274890324663 0.5661372991065672 558 371 384
4 0.8941896361668811 0.9077040901028155 -0.1442116607554278 0.3500340350903741 468 384 182
5 0.9187089823734731 0.9175897469271116 -0.5185518867626915 0.5429761812027771 386 182 307
6 0.9187865287998784 0.9175079581981508 0.26176852768109754 -0.2817090832555407 34 386 95
7 0.041455307607757175 0.6870427777863455 -0.3176908788121713 -0.056774842119300395 517 359 452
8 0.02686600820796021 0.6926796253393814 -0.21828595007933327 -0.07274082620967182 522 24 517
9 0.050046908900521075 0.5961224688254164 -0.22642313995957508 -0.039352303360384866 66 462 309
10 0.3689050726399716 -0.04157868489339863 1.3045361195000782 0.5491748659132577 163 404 151
11 0.35442150484837026 0.9710097347505948 -0.0034929548836659663 -0.09232254995217293 54 379 397
12 0.36861044510776503 0.9582985375362335 -1.7451312909178731 -0.7217011766568726 379 193 163
13 0.8736517639257673 0.21434392466032776 -0.061082913727084076 -0.03568491474537083 10 137 134
14 0.9830321532099284 0.2064594607507181 0.6168900956032841 -0.11986094027027772 591 35 78
15 0.9576342763269912 0.19451442619493675 0.49091134386725077 -0.17360258265652906 134 370 591
16 0.036300307276907334 0.07245560225820732 -0.16118992980651559 0.15851005473466184 133 482 599
17 0.13367848768889987 0.06582396417068227 0.028051732811618102 0.25271125400627703 400 45 394
18 0.5972280622938307 0.43749560189356645 0.14254611865882616 0.15600015168537595 338 447 433
19 0.6223366549355157 0.3905997462292332 0.12319881295685953 0.05116533793869671 447 25 202
20 0.7998140416826419 0.13342056433038516 -0.15855979515477792 -0.09615596444079166 243 269 137
21 0.5176899550803323 0.2380319864446772 0.15636383091099937 -0.3622594599295148 181 6 260
22 0.6029720425802204 0.34636667057760023 0.07568851378980668 -0.0019567791831320847 486 103 25
23 0.5760504280903028 0.227309107516248 -0.20427189315053162 -0.2591630125781119 260 318 26
24 0.5101114732944833 0.20433843154729764 0.22991995737853266 -0.011158440837988337 349 250 6
25 0.5453781595348365 0.1181592192101899 0.21808472180917526 0.2307736467199728 448 23 523
26 0.467312915226992 0.13324075528905652 0.06511681194254493 0.20052224602995494 328 23 190
27 0.46214398288029707 0.17645070386297565 0.06914067443575256 -0.0847125834757545 162 190 349
28 0.9547154740589233 0.692413065790382 -0.06257725431585426 -0.1867930730231615 510 70 317
29 0.9148634443245129 0.680244065465654 0.17179582027793128 0.10285123655529027 402 518 281
30 0.8927362855774863 0.6388742970047221 0.05333888122849295 -0.17873631880105378 201 77 518
31 0.9501012187838977 0.6820082415491454 0.1100074118604022 0.1532351495692197 281 88 70
32 0.9638669977383534 0.6680959437919723 0.125021259664293 0.1948786118588508 88 49 491
33 0.9624885634276996 0.6389946057990725 0.18239923703367023 0.13831993571356005 56 136 49
34 0.8734267186686836 0.887286276398565 0.27183494431121114 0.10837137688970988 218 558 251
35 0.7977201612605025 0.8869662262452251 -0.4445926026690281 0.28693012737643614 483 458 218
36 0.8309137723003495 0.9483841456852949 -0.008574925318416415 0.12783440920399736 459 284 167
37 0.024289883382349955 0.9846057686062235 -0.02840884714971903 -0.08267191965727338 104 299 227
38 0.11754961212728801 0.7384705874089352 0.1252756787195608 0.2965321641013041 452 410 479
39 0.17963822848950203 0.9325302683671977 -0.0009749805129910527 -0.17769736515571566 596 232 427
40 0.3659081151299927 0.9185208743534168 -0.16178995192184242 0.20536480259403245 193 80 13
41 0.3499624729169745 0.8105566427077844 -0.28919518516024034 -0.37389080442817857 184 240 79
42 0.3955797209755442 0.9205478917585374 -0.3826043613874841 0.21553506063254346 404 292 87
43 0.37833881473719183 0.9077928479031991 -0.23325832237963695 0.2881388082992542 13 79 292
44 0.5561356512268865 0.7389601744571634 0.03081212715527748 0.38035300360672597 540 587 183
45 0.5326458276445483 0.8194944809757193 0.4130837713556268 -0.24576554472077738 304 72 67
46 0.48697700029771773 0.6568783647703075 0.040042423543606986 0.025376287876577308 255 415 567
47 0.9384039954321699 0.5481569604000722 0.012435492566242878 0.13986000014371003 301 335 550
48 0.9536776511151183 0.5527439082421153 -0.15524883105558782 1.7875690133602489 267 153 408
49 0.9536851277307092 0.5524079850848158 -0.07573014334903574 -1.7848922743221725 550 456 153
50 0.6198840328570634 -0.05240985251776301 -0.0647964387007205 -0.5234490656896851 347 29 507
51 0.6292539504476696 0.9400029341514455 -0.4855531664238466 -0.17303004064272987 507 297 531
52 0.3486953558119085 0.2582042931128433 0.26924588877874633 -0.3932851967702877 113 82 572
53 0.5242194870462059 0.863412696792556 0.4017840615766488 -0.022308480063237823 121 304 460
54 0.21365814635612035 0.5981005586725354 -0.21190463411757676 -0.15880775375287648 524 125 471
55 0.47025536922117755 0.36759102394212384 -0.005781260886683626 -0.1691327654318453 207 473 497
56 0.00952866137879509 0.7352262443184464 1.4169592797003399 0.014202925889149256 122 388 522
57 0.8453042138743347 0.28773294525167525 -0.17281949135639074 0.25333691776319167 236 10 262
58 0.5062863175720876 0.3299563571587345 -0.025819196086684926 -0.05761886107125136 473 96 486
59 0.48822796495824855 0.2765270364086496 -0.018578904387167583 -0.16928969406859729 173 181 96
60 0.99660076496936 0.5805413378855276 0.12965282701615788 0.051662153027765 265 408 219
61 0.023396491596529068 0.5688198027687099 -0.028130699852857433 0.13449399857701216 219 581 462
62 0.481030514406916 0.4182715133715183 0.05964260335611371 0.29694511849420735 233 497 421
63 0.5430773169928008 0.45237130361026945 0.017175302152727667 0.25103527243053314 421 338 3
64 0.27340194424192377 0.7772904405260763 -0.18157698834092573 0.4242258360570572 598 252 1
65 0.35185393458620023 0.6235091088671283 0.1529766854857506 -0.07607590876701487 117 308 476
66 0.25437158438943913 0.6434018292604599 -0.08582889607366972 -0.025982011681024986 159 471 117
67 0.3891817859206409 0.6555517434679352 0.18442599322709974 -0.08892739877808253 476 332 311
68 0.39230495262275217 0.7270866609826974 0.281289729356371 0.28546358367409486 108 311 63
69 0.2601084321242657 0.039505498243967374 0.2741581545118166 0.2613958154096263 124 403 334
70 0.6747272249436904 0.35823033616100713 -0.03584222085795119 0.033745659738793066 90 120 294
71 0.6715006871674255 0.4446205314248707 0.29175733582006114 0.2116416464038309 42 343 229
72 0.6496370817617763 0.3929470158656493 -0.021244005166121127 0.024910455642679352 202 90 343
73 0.5736047433282397 0.1784014066615123 -0.15451060222937407 -0.20403430507631715 318 503 146
74 0.5651124325505993 0.17389814579495402 0.1449509443030017 -0.03795377154919288 250 14 503
75 0.5682902423977219 0.1509278580303394 0.2712124661218831 -0.02647191644762712 14 448 290
76 0.5540225007264102 -0.002604542783832561 0.10280580733365358 -0.47832777259865883 337 552 192
77 0.5602880035019635 0.09964954077592265 0.13265286091801443 0.3514308309637837 523 192 116
78 0.5684705040743334 0.15089158918187712 -0.20790800818156277 0.07000760739075527 290 329 230
79 0.5779734566845528 0.11194412170800425 -0.07424566864089321 0.2199660439905493 329 116 203
80 0.644540616251301 0.1709950701438035 0.11763377862940294 0.05743818337622386 83 392 506
81 0.58091976707788 0.17049366400942445 -0.21472152597623584 -0.10247274539326723 146 230 83
82 0.6930219971221876 0.1949510563436912 -0.3195172210146424 0.26144357997970324 222 204 574
83 0.6458825313408283 0.16923854060013227 -0.09745086083576271 0.3438556025851802 392 484 204
84 0.7471173929603513 0.1859889202974482 -0.2576266672216221 0.26584389273276443 200 574 407
85 0.7747644430597656 0.137296550941072 -0.06121917243973041 -0.1147364033643461 407 123 243
86 0.6201099962613896 0.10419674458001149 -0.1177002197094712 0.24301257534053988 203 8 484
87 0.8117599924924203 0.05809902568726618 0.864216447392898 -1.7340828997101676 106 61 165
88 0.8115329862282314 0.05837964190684508 -1.4153685445905702 1.0858797723766476 269 12 106
89 0.7934280599485757 0.038963405794104976 -0.42619571756865626 0.4765026503499589 239 434 61
90 0.7934004726928369 0.03898706902170722 0.5523547340650566 -0.4360713241782603 344 239 12
91 0.6411434380154092 0.27117368700151506 0.22794485327048974 0.05264049959818884 26 101 364
92 0.6454123958156793 0.2988847772562198 -0.13635963000023163 -0.15027996594536852 562 380 120
93 0.6448265315596887 0.2988046243427194 0.1980234255001198 -0.10502606863620895 103 364 562
94 0.4218742180826246 0.0989221990665042 -0.1789088779902137 -0.01833034141140999 126 590 328
95 0.3619173617168868 0.12338625509645115 0.02739055024458814 -0.0490211600479018 478 383 126
96 0.9986647004179712 0.13369458588355548 0.280415302133033 0.1565820497134024 370 295 504
97 0.9938082651940484 0.08862967608352536 0.26127859389935004 0.013323806641318825 561 133 295
98 0.9049348162820589 0.7063676379321975 0.25307833467769214 -0.111656876800037 455 402 375
99 0.8812239257849592 0.8052582568465043 -0.1304333835383531 -0.21357299956337172 19 568 371
100 0.929448623232835 0.721430996761375 0.023529782636200203 -0.3020828958505417 176 375 510
101 0.9369784973940875 0.7549978748469284 0.034080153976656646 -0.3993440363114775 568 176 576
102 0.9147511224125102 0.6059212324423788 0.405932073080427 -0.3890254901664546 77 505 350
103 0.9147533854831467 0.6059240051144434 -0.4727404063762969 -0.15722108148117112 350 430 56
104 0.8889861446619145 0.909841344824988 0.24693224042133047 0.10373905002169712 251 221 511
105 0.8889235964413166 0.9101753608531448 0.2754328101315859 -0.057839073407030955 284 511 438
106 0.8943026740397276 0.9123322642176889 0.18808236501447265 -0.2904647195456269 438 588 89
107 0.8929209351995693 0.9096164703434042 0.07544489282439171 0.0778696515255084 235 221 468
108 0.8944396896614615 0.9121582131503689 -0.1639285618706965 0.1467354989359744 588 235 34
109 0.05444169629755251 0.9487723390247633 -0.2000867849877297 0.20963662160367047 469 261 439
110 0.07245753716178154 0.4799589937920477 -0.13134100169216387 -0.43881743029311643 57 53 340
111 0.0639458659831358 0.5235671061490922 -0.09457263513978909 0.06227322824070569 128 340 68
112 0.03335683237397894 0.35939115813133876 -0.1176609246665572 0.30771649256466915 194 480 196
113 0.12590876091208025 0.3524162744364399 0.034748424970754144 -0.14575573109576467 97 275 286
114 0.3716222873083237 0.574509294785494 0.21358239413182822 -0.0837564094469112 308 179 527
115 0.38650706795181694 0.24185847994080328 0.08366509360313579 -0.2791363348797482 572 444 173
116 0.25670681085630864 0.4496307936150986 -0.3054276102865128 0.32095397520248703 205 405 475
117 0.22173344155724156 0.5288669834959371 -0.5499249837831964 0.005953462677406535 585 75 164
118 0.12177031976237923 0.33553701494586713 0.06916130099177131 0.03937113968177641 535 485 275
119 0.9769173076825124 0.42680926595412744 0.10435374647732587 -0.10460356539288007 211 390 366
120 0.38830188467987614 0.20922276518770894 0.05215757825638434 0.002285061029283497 444 220 162
121 0.1659757045338256 0.8900948331397918 -0.0711085051952054 -0.42983672385310534 395 449 232
122 0.6197915390058298 0.4649596868196723 -0.04063463940329193 -0.12135705634852556 515 433 367
123 0.4426476219454951 0.5052156293221315 -0.11860372198246871 0.15045414532288692 382 592 238
124 0.3191204327765065 0.9547091275362302 0.22009930995825489 0.1633810288448334 242 528 54
125 0.4610955840052724 0.9201982020221264 0.05341339731623762 0.2874041671319105 87 121 118
126 0.3673103907965376 0.763950584288071 -0.1718124695629635 -0.2602869398775397 240 92 333
127 0.4140912065815714 0.73836743192957 0.13687115208848177 1.4703696107152957 333 256 520
128 0.36721065525957275 0.7638485216856544 0.3320629058940587 0.2544691700710538 73 108 92
129 0.4140885106505005 0.7381629826275848 0.09835048504362774 -1.472397735655692 63 170 256
130 0.6154960897999044 0.9406431776712145 0.32174033454818174 0.09870862460736873 577 279 29
131 0.5572659258511592 0.8734599017359542 0.02680678803934633 -0.16728606763716236 460 285 217
132 0.5835361825146251 0.936733722258064 0.1714575197098167 0.09699408914931595 420 217 577
133 0.5697730489227881 0.7268506529307268 0.0279458869240079 0.3889958796049475 587 336 107
134 0.6571356448897318 0.7634624547121095 0.028325890244484953 0.0947720429911314 320 559 247
135 0.6022520398838416 0.7607055979917897 -0.3803788149042697 0.05551858417440769 215 107 320
136 0.31147504239010826 0.7939292575723722 -0.04037019538105646 -0.29985993011544254 381 5 184
137 0.31838237738593156 0.9117269696662004 -0.2700483062130022 -1.2157734502758797 391 354 80
138 0.5175523653953582 0.7797236939951453 0.3353219618640324 -0.15620508671265743 401 166 72
139 0.4505143175772445 0.7379337623744125 -0.13334635159915484 1.542729425941909 520 411 401
140 0.5294595582182221 0.7716666409371034 0.08164641723124033 0.013949310803673676 166 537 248
141 0.5300331539863398 0.7411639573434139 0.15446827428267085 0.34820908934030115 322 540 537
142 0.7036580209486482 0.8489303102379032 -0.040367552876785506 -0.32169709483081954 426 180 141
143 0.6785347933818243 0.8428923102333352 0.3761761721565726 -0.2453648343531123 300 358 426
144 0.7077257841010871 0.8391142332932482 -0.2693263752642783 0.23496896702640546 180 554 85
145 0.6836691040246086 0.8253484528529695 0.19315610465253652 0.5375001683322056 358 247 554
146 0.6286739136809749 0.8702336282758273 -0.021116668136311745 -0.06010331121686363 110 419 300
147 0.7976935942179891 0.887002457784607 0.0534021936914042 -0.3894502648268874 293 483 316
148 0.8157312783356513 0.9433196560135788 0.06390126414124175 0.17938826639418703 245 316 459
149 0.7938935335423486 0.9740802232956499 0.3094957423820815 0.22708523437248054 445 245 257
150 0.7762504166127531 0.9798124342552561 0.3483384150571034 0.03717109432754828 412 445 174
151 0.7183823244541166 0.9317400500268187 0.11671604793761503 -0.20796932717614958 531 330 412
152 0.7953250728753246 0.8854972460185213 -0.08126708829535659 0.5245754652668665 580 327 458
153 0.7953249071942131 0.8854975747637367 0.316477227495953 -0.23171759557920898 140 580 293
154 0.7325671200682637 0.8929347097405813 0.10073273465360799 -0.01384278941474193 330 141 140
155 0.3114289268019614 0.7857439512090616 -0.039688944492022316 0.4175295649153088 5 1 73
156 0.28186013975433954 0.803365205973781 -0.16071075685519798 -0.2665382969890828 594 142 381
157 0.5550505445796802 0.7846879246764376 -0.13289168186020328 -0.050974853678387166 93 248 429
158 0.21240669597774553 0.48510010992112584 0.019636461900951474 0.10881662862449737 231 205 498
159 0.16773823282614145 0.47386024893918743 -0.24717698801374893 0.13151695722594425 47 259 231
160 0.29696559820456103 0.5112710202288968 0.19973871064060678 -0.28376269216312533 164 363 289
161 0.3031577233232221 0.4900150637376811 -0.04769094216761083 0.46630133886116365 363 475 331
162 0.36832793009378295 0.5007397386842947 0.24464814757374498 0.4844211965587819 331 369 249
163 0.8302906429709046 0.2921394388790247 -0.05652907725250955 0.21850065333450797 490 406 236
164 0.7401806027140161 0.2727508990977262 0.012183792516551328 -0.001612686373331229 512 58 418
165 0.7637790093146928 0.25480445656540496 -0.1590930484574038 0.12280708186485079 58 200 406
166 0.9207937645312481 0.3486387014129755 0.20557483562666512 0.19087390279448613 409 51 172
167 0.8645060313975469 0.32847147540208266 -0.3106247106754445 -0.0030687605234724913 464 262 409
168 0.9403099186884933 0.4244978748236469 0.14380889812315445 -0.10930008009779613 345 172 211
169 0.35297301656270325 0.18336928028966268 0.06702178638462453 0.062393906014035494 270 478 220
170 0.8268458996047642 0.7308844969185534 0.0002504135787617656 0.06004411690074818 91 74 455
171 0.8469397128639135 0.6281123019457041 0.08789352370919268 -0.18263545120689173 31 302 201
172 0.9990154127343488 0.6278651558976794 0.07187796153087546 0.5866591878630513 241 265 526
173 0.9989939876218609 0.6278933147021815 0.3854374553397921 0.052286558747629455 136 241 509
174 0.4381943764112516 0.5768804200067084 -0.19844176882234318 -0.9846820750219945 298 376 398
175 0.441582093511098 0.630112570594837 -0.10169538267046363 -0.05348436207808227 332 398 255
176 0.22162479592100384 0.9347697562880037 0.07490208731031345 -0.18930981712794726 427 15 525
177 0.1993557050508737 0.7120776817674614 0.1560142806611431 0.21995600965607487 99 129 41
178 0.2299251697372579 0.6998856639534831 -0.2764674600364003 0.41969368883010283 129 159 325
179 0.24253438126345203 0.7476571806961982 -0.2457201486120303 0.428024555382267 40 325 252
180 0.047610276192896 0.08702285600139055 -0.30544330467674463 -0.03314543396693015 209 599 425
181 0.11442808162340036 0.08932702331312513 0.24735619698346145 -0.0181107056435037 425 400 171
182 0.677056527821534 0.2257459020148106 0.10432941537595608 0.04764315563159788 16 506 584
183 0.6616255340998471 0.2627735871813209 0.17003095002928945 0.1607879384594047 101 16 465
184 0.6784410934067887 0.22572460539062844 -0.23882487558760102 0.05474918461298439 584 222 352
185 0.6872009922473639 0.2505392579239429 -0.3115692221583588 -0.12220967987586207 313 352 512
186 0.6616818727480022 0.2628294342887714 -0.22091094407320627 -0.2266991721568915 380 465 313
187 0.3006407318029336 0.11056737297431128 -0.10710008643832758 0.003182681201918669 223 62 477
188 0.33693492323339325 0.1014242784213115 -0.08818885621764139 -0.0870107576267376 477 564 383
189 0.9288832074152273 0.03661767935330536 0.06795135287784859 -0.1558410470114957 165 454 561
190 0.7435102583272318 0.7216090855043219 -0.07302383641077502 -0.2658516828473465 492 417 365
191 0.7870830355059648 0.775652289560495 -0.05785411663628004 -0.133580593114635 11 365 348
192 0.8206536607851277 0.7660366196168846 0.05160351659871942 -0.16600902111307825 348 91 19
193 0.48790845297116425 0.712127419440897 -0.017661484080777612 0.13394669609589904 541 567 322
194 0.4505086241979875 0.7376500344933241 -0.19525420233147378 -1.552357237663538 411 170 541
195 0.047802454449132975 0.0015482846962531424 -0.14072966611489157 -0.15412657261570928 482 227 65
196 0.07291641213790281 0.9847182303802311 -0.32512357459046903 -0.062321166283130225 65 439 228
197 0.11745010658362842 0.9972260558997529 -0.03945149276707305 -0.018208774765771096 228 596 45
198 0.027247623525951177 0.9566898425276659 -0.25796041514214396 2.464512783562813 360 303 299
199 1.0270403392545537 0.9563245963009349 -2.4641729283209504 -1.3686785562622361 213 553 360
200 0.02752635450888754 0.9563728839146214 2.7053947983394284 -0.862094175224049 303 553 469
201 0.26231771866960085 0.9833086302983182 0.30703202619219994 0.08312351154615705 403 525 27
202 0.22173895178408728 0.5288658446885909 -0.017613542262619013 0.2797539908867906 157 498 75
203 0.0828292477116845 0.47030644561430973 -0.4846933739484577 -0.40455931834800296 53 102 396
204 0.22172059020287652 0.5288813900462005 -0.05444432442790084 -0.5503336661227397 125 2 585
205 0.22171992924717082 0.5288870256112194 0.27630851843330306 -0.04888660515829191 575 157 2
206 0.1847742957191053 0.5251440068683465 0.12695923271022203 -0.014375842877223377 214 100 575
207 0.13200713597051403 0.7363836990222546 -0.018455165347319724 0.3239616167341475 410 414 339
208 0.14638034182017645 0.7780153402530877 -0.08817441039463136 0.07634132674974592 0 339 296
209 0.08761623083324963 0.38946834315479884 0.04007775361580812 -0.12150680114841883 461 97 547
210 0.034935971479057026 0.3666704479811821 -0.2400157778255363 -0.2552655806349613 131 194 461
211 0.08276969822363303 0.47024303861056327 0.3672084436219872 0.4975363514844039 17 361 102
212 0.07236094788972225 0.47985295842755504 0.4112506873699172 0.16080392928677356 154 17 57
213 0.17088920576604005 0.3139299979825565 -0.3082374085139339 0.047237280753620325 28 543 288
214 0.23797605287376883 0.38527338974178355 -0.43130574112204556 0.07368881893565771 521 206 405
215 0.1728916950939331 0.38993587723532497 0.09354513760828631 0.0004972737499553403 152 487 521
216 0.1519787969256973 0.3558353027754682 -0.05718271828270005 -0.18902292751865613 286 28 487
217 0.06985424532856442 0.3186800269191819 0.10615365184096781 0.06932267190840058 196 186 535
218 0.15869279417132237 0.30612703901029703 -0.1232624937883009 0.17896358804614376 485 253 543
219 0.22523125811509906 0.08170565095507544 0.10125196445165408 0.35741950718537474 529 124 60
220 0.4265461490131634 0.5690931973170945 0.4042871709717538 -0.18353083851394175 527 291 160
221 0.43815239848713367 0.5765701921325955 -0.7578007444778789 1.4143304343818257 7 542 119
222 0.4266590883381642 0.5689266235848232 -0.001899369973367565 0.4129755627366952 291 138 542
223 0.35681508028587666 0.5413206515479936 0.17657177941998725 -0.2844016116360093 289 263 179
224 0.24948214070179717 0.8448472024482548 -0.39709059596808144 0.2006002848572541 71 22 579
225 0.24947054760511997 0.8448778647607205 0.2758401870117536 -0.3640584430897624 453 71 144
226 0.775215383312753 0.34634156635547597 -0.17900275706139723 0.0966006837022082 112 431 145
227 0.7481972537829007 0.33012340324367934 0.02529266449058376 0.24467238096681498 341 418 431
228 0.14989797806259184 0.4456973256060245 -0.03570232477712043 0.2251347320375574 115 152 259
229 0.8251699090800286 0.32735049756416723 0.020712472015294026 -0.04993849084256041 145 490 306
230 1.0078396157288871 0.3759756478147157 0.30658583293624586 -0.46336175885813846 390 423 131
231 0.9334307052257071 0.554764707294237 0.14205137769188192 -0.011228375174088256 582 301 321
232 0.9349933816489435 0.5572060767359673 0.04703613908953186 -0.16062250214783635 178 321 267
233 0.10590291780309134 0.5856968183081379 0.11968611570573051 -0.14134011148969616 309 94 450
234 0.1535687772056996 0.6236025428490165 0.009856257129903234 -0.40512307258877556 450 314 224
235 0.9664155057933365 0.9226544384315237 -0.1291411206752024 1.6468084237556768 18 226 213
236 0.24181298915835991 0.11583612478592921 0.07974047362083875 0.9763198401807875 198 60 378
237 0.3559054761450591 0.9805270220578315 0.009413483881282048 -0.20466635729937677 158 397 148
238 0.3639429784124843 -0.017791040682943352 -0.35054995364824926 -0.283026668768116 148 151 474
239 0.0018737927595489194 0.13478541628328608 -0.3163518255515363 -0.04597660529202796 504 209 310
240 -0.0020369327039495913 0.19860501008057763 -0.34470669860175995 0.3449239553698913 35 310 502
241 0.14036467075734416 0.12274258663245458 0.16110340353425734 -0.157818969004353 472 171 287
242 0.1312961145548836 0.17842636441423457 0.04169389070107776 0.44318891820327444 312 472 185
243 0.8829633604537066 0.46720418907471084 -0.01989919444500554 0.1756963113191956 319 368 33
244 0.908294858894661 0.46662670205062895 -0.048312418648999156 0.16467297976607842 33 345 335
245 0.434482085206763 0.4789499101566036 -0.044378426974911456 0.47424824102526575 369 233 592
246 0.24104825268919958 0.7491232095387629 0.24824681394731984 -0.06070263311105939 189 40 208
247 0.1868669357178971 0.8523955052709576 -0.1482019770793208 -0.0007110541322408181 372 532 449
248 0.24928879217331226 0.8447841268196252 0.625448989087095 -0.02585654461536007 532 565 453
249 0.25541354885463097 0.3270131260008776 -0.34076637518698494 -0.28430028088666237 206 424 273
250 0.415592008018069 0.5306282043549481 0.03073434354239346 0.05893552659785861 138 199 382
251 0.3184239046423491 0.911844826382865 1.4373335740797826 0.558056871950729 528 413 391
252 0.3182535426174614 0.9117936392990964 -0.919831974084402 1.1483250031662757 147 354 413
253 0.2554063439666803 0.8457877992870277 -0.3154433463568862 -0.019335791648367184 546 579 594
254 0.25743601285812784 0.8599084171231648 -0.35364356304739153 -0.11141419897531561 187 546 147
255 0.6235140104779491 0.9342167909880077 0.004264867972669784 0.3386099612506799 279 110 297
256 0.5835637529005974 0.8384012881927995 0.4766556124581351 -0.8387771717131549 285 52 76
257 0.5835318575664517 0.8384805378892639 -0.233676502972601 0.34958945076808234 76 555 419
258 0.5668827535007275 0.775892914605923 -0.1394728400480605 -0.029491989232688365 429 183 435
259 0.5826335562807657 0.7814749467906426 -0.24111795615677778 -0.06103464018913929 441 435 215
260 0.5835558007399099 0.8383692445852338 0.6213821783913843 0.8951817473217254 324 441 555
261 0.5537984546820087 0.8130183252764289 -0.1519009897033019 -0.056501598885705384 67 93 569
262 0.583396415071506 0.8383612216985719 -1.4222933455797617 -0.6798140459051316 52 569 324
263 0.25737695514233966 0.8599224421993971 0.07550666595061098 -0.2129000428778777 15 144 187
264 0.13331722843620156 0.8708991897519771 0.27594552823306806 -0.14739392692475484 212 457 395
265 0.15543388105970435 0.8164166454048086 0.28428451323960024 -0.1844679820326529 457 274 589
266 0.07400318322230275 0.8876925169106771 -0.11603871197252147 0.04602760950156437 261 578 212
267 0.3272411840960405 0.1967318238959055 0.39954595534852366 -0.09260930737553519 244 270 82
268 0.48535225712246655 0.5576824802763873 -0.06010361305874845 -0.046950721088734326 105 156 323
269 0.4869925101840989 0.5257823489973215 -0.07392496337299548 0.11144438497034947 238 326 156
270 0.2983263131630613 0.9778522980910366 0.44736591792160496 0.047151234999764924 27 242 533
271 0.9147550690894939 0.605843059894814 0.46570894657332496 0.25877517530740374 516 277 505
272 0.887134642897355 0.5632117383381334 0.09664459215547039 -0.1715109733055331 225 254 516
273 0.9147319580500025 0.6058149844878505 -0.2916755515804429 -0.07396481304562945 277 178 430
274 0.7779376657621956 0.03049494085252085 0.26086673446390485 0.1421335132922863 44 373 344
275 0.7303490984231822 0.07081059601503432 0.32011023137767936 0.13220221098397822 489 44 123
276 0.10967198996372707 0.5745397109321833 0.00969521893323666 0.13373817869116733 94 68 353
277 0.05238182910504855 0.8699647900392998 0.02237758554846092 0.161093447609284 150 374 578
278 0.05924357608518305 0.8031638199734827 0.09304059606085602 -0.23648775715479076 563 175 374
279 0.2633673858237454 0.7865214377792457 0.24735031748518432 0.0012043658605132013 32 208 544
280 0.2692487699195988 0.7858558399712404 0.027138684095123766 0.02415539634634256 544 598 142
281 0.694893725515992 0.7172826120250317 0.20924106960973354 -0.12505538826701468 559 463 492
282 0.007935268605522553 0.7483515093469623 0.040320053849504656 -0.5087386719358766 576 495 234
283 0.009896137392517199 0.7491850052871577 -0.2837691749982274 -0.6526417789011474 234 122 563
284 0.2417834438966102 0.11597738694126433 -0.3160250029764569 -0.4527144318249672 389 198 59
285 0.18306214950464317 0.10653743155259751 -0.6114443732200495 1.1069687825941439 216 169 389
286 0.37440009922896134 0.5214612662762563 0.031929281787967945 0.006441036592974569 263 249 199
287 0.27285001785088503 0.311891928844369 -0.2647903243890859 -0.35031335540725017 273 356 84
288 0.33348526899554315 0.3033717586783201 0.23408243954303742 -0.38367723095844575 84 113 207
289 0.2806161127465378 0.16388724379407874 0.17973966898177096 -0.21661862338595572 442 223 244
290 0.2607127160529064 0.16677629637826621 0.19632243192235777 -0.1863512406885537 451 428 442
291 0.22753693497378427 0.23333760189363062 0.01644200140621388 0.3406476989376017 566 451 356
292 0.5398482105526992 0.4979064422522841 0.05342385631101898 -0.03319063843210124 326 3 355
293 0.7927254980320961 0.7035425969680313 -0.12538235311110313 -0.030110380161429973 501 139 74
294 0.7939611907656382 0.6664056711523287 -0.12048573319600742 -0.02695718925860291 466 31 139
295 0.7435218098290007 0.7215717262101863 -0.16031288254493092 0.016593754618803285 417 351 501
296 0.7063183312081369 0.6940245804181928 0.14673093608197352 0.046301591900832495 377 64 351
297 0.842661719827579 0.5713625169630476 0.06559150167451122 -0.22652040382320493 302 37 570
298 0.17149676111624662 0.6019391927650859 -0.1375973800177288 -0.1886049465910089 314 20 524
299 0.154087106394208 0.5714555292238315 0.05074519207615147 0.10394727370521828 353 214 20
300 0.6503435488806166 0.5812350844123788 -0.02308323601707407 -0.07308857859211759 416 519 283
301 0.6694493846710081 0.45037206866202234 -1.5100866058580416 -1.1968403280539746 367 42 268
302 0.6489224634476893 0.5577292032392673 -0.024219289421201218 0.0025864130281938458 519 538 488
303 0.4380968597182498 0.5768591045985376 -0.7963331742584295 1.4390216884849898 160 595 298
304 0.613015386293914 0.6026813838759232 -0.0029830041214928826 -0.1022383198934218 155 416 545
305 0.4382551515499204 0.5765457781912122 -0.2772773418095904 -1.1086082610478565 46 119 105
306 0.4382783549097187 0.5768573160483668 1.0005865329335202 1.750988888698211 376 55 46
307 0.43819775840319586 0.576548362704401 0.3444368712067405 -2.9789847079365535 595 7 55
308 0.5806430974467545 0.578304178950503 0.1808538860337272 0.00908531722076944 177 305 155
309 0.537618446234753 0.5947050935123834 0.022858601816944102 0.06124548992958445 556 323 177
310 0.2035311396618113 0.7407778752888068 0.0635590410164033 -0.1326455403849458 493 41 189
311 0.9769161124687655 0.6918190068524646 -0.176735166779185 -0.14786445470815757 317 496 548
312 0.00929630074341758 0.7352452921961491 -1.7138882708525722 0.2533747509112644 495 548 388
313 0.9802756062660801 0.6771463401029221 -0.1922075174368154 0.06988124003071139 496 491 130
314 0.2419173637076599 0.1160786213048672 -0.3015678881444642 -0.768581804447342 59 271 428
315 0.18294661860047437 0.10642813786167522 -0.7075627777290054 -1.3613244121107437 287 432 216
316 0.18311467177789253 0.10642780539866484 1.4443342443869103 -0.22685015318578589 432 437 169
317 0.18408297153158018 0.09138791833896912 0.008009498099481593 0.31588555434586274 437 394 529
318 0.21841378141608794 0.2369630634854038 -0.07720440866471057 0.37550109740353 86 566 593
319 0.11638461680070421 0.7707769193229952 0.09927517211072434 -0.1470141890169696 175 479 266
320 0.143250522083379 0.7811181050198784 0.10260405008261086 -0.11778179083085649 266 0 274
321 0.16772986677063967 0.4738692352107908 0.11895566493506016 -0.2617530621599833 9 47 100
322 0.12894038415807096 0.4527342013485722 0.03225799843171659 -0.1604844656688878 396 586 9
323 0.12897018728304988 0.4523986804028922 0.001743702014375681 0.18430021988787362 586 508 115
324 0.16510518538512842 0.6971676316695979 0.11704363658826544 0.17536121721395403 414 224 99
325 0.09885877649832264 0.43485038940274645 -0.25280556250554653 1.5278136541324334 109 357 508
326 0.09889221329003164 0.4346766118134145 1.4200164805740905 -0.2472086366828944 278 547 357
327 0.09877209150674464 0.4347520862845313 -0.9595012308446192 -0.835234319080118 361 278 109
328 0.1685694531381163 0.22384441667881433 -0.3127808553826661 0.2454826890374573 30 185 86
329 0.14790682548182862 0.24830172993503852 -0.14906022596794521 0.009231650860419549 530 30 253
330 0.24199571830718106 0.11599030447467032 0.39955736950102444 -0.2208845770705495 271 378 210
331 0.15553431622748856 0.8163997735311217 -0.3385038526906988 -0.08003831983847183 589 387 372
332 0.2493807000036585 0.8447078892652415 0.190351154603181 0.383168760823417 565 32 22
333 0.8451207857554751 0.34171701857321196 -0.10410829559548418 -0.15561143623665785 306 464 536
334 0.9661641885723793 0.32638776714550255 0.22884260666988787 0.17322799999996974 51 514 539
335 1.0060881785704705 0.3614420492910044 0.36521767762809354 0.25796341555917035 423 539 480
336 0.15524218294857656 0.780982073058519 -0.17104329879530367 0.042585349135926265 296 493 387
337 1.0274876117582314 0.24131880913962606 0.08982543389657316 -0.22267426652566868 573 264 399
338 0.03158548816765851 0.22468356072256068 -0.10897378034668836 0.39148985130077474 264 494 36
339 0.28847989128113716 0.09901601791979994 -0.09757172465818531 0.038773575669615035 210 43 62
340 0.9053438351928742 -0.0244892452866377 -0.12416851540020257 -0.43501199517570477 481 551 168
341 0.9130297465707635 -0.05476699874788028 -0.06060015961262266 -0.632784077914117 551 89 557
342 0.9284782056097883 0.9285982052729134 -0.35373494342016976 -0.17708300138752353 557 95 18
343 0.29328426354126563 0.05813877248759858 -0.10478914333478251 0.03563601774780878 43 334 21
344 0.32649683561793963 0.0013885115050022816 0.02655034733733963 -0.21984156231558138 533 158 276
345 0.3256392481294678 0.04101448269733435 -0.011401436045277435 -0.0066079315630407365 21 276 246
346 0.34343892573789053 0.05200448172229926 -0.1540031345503845 -0.09540540649166651 564 246 446
347 0.3841047433267676 0.0244074302638231 -0.3078173438364473 -0.03130504883097629 446 474 237
348 0.21598633457183108 0.2984180040452544 -0.09676618395459968 -0.08693921763058832 288 593 424
349 0.9982786945334987 0.24706393030120427 0.3930927066492229 -0.24303265198921675 514 135 573
350 0.9917298652494125 0.21699555938474993 0.3779327741385008 -0.3916991501984324 78 143 135
351 0.0032975664907507612 0.20837462246953678 -0.41467921249593864 0.21945580908067086 143 502 494
352 0.8362807425496532 0.41591332735880665 -0.15060493789575968 0.08233908103949528 436 536 368
353 0.5955561222814476 0.5265553538471234 -0.21035902460046774 0.32871111418746046 81 515 440
354 0.0882540958303603 0.23549035247555383 -0.07519579021952882 -0.0393714439522741 549 571 530
355 0.5948572053304098 0.5356706476409118 0.25833111925652186 -0.3775914532433422 305 362 114
356 0.7141041906560809 0.6113319332827438 0.405602001801958 0.10412043612413818 283 69 38
357 0.6922826495079573 0.7005138071803259 0.22548515537373914 0.019829926589665092 463 161 377
358 0.8591200782312489 0.5584245991030443 0.03491248921905221 -0.19995933069061333 570 191 225
359 0.7141474714235169 0.6113135880398365 -0.21375090514860057 0.36646600577250676 98 69 39
360 0.7339164695070225 0.5532250011412567 -0.21354030071973895 0.1696964686825897 39 583 48
361 0.7965759474384554 0.5362851675589564 0.3579749323356918 0.01717058231709423 48 195 37
362 0.7266134879006125 0.38783469843930823 -0.08342625062995879 -0.23786555225502326 132 443 470
363 0.7938866607239448 0.9740724608352328 -0.12850562403264273 -0.2476728294065959 393 257 422
364 0.7225510740055544 0.6313118272809686 0.2688315447471474 -0.37107653895305936 64 38 197
365 0.7812212145357142 0.008992547891225902 0.68389720981059 -0.014066135186957193 373 174 258
366 0.5985457655149268 0.5341154732178061 -0.38382111300014343 -0.11715430795616877 114 440 538
367 0.6918328061160829 0.527873694495223 -0.24097847606263656 0.12610293781412096 488 342 583
368 0.7813777406667409 0.008989957347232829 -0.2888822593139807 0.002847453419970239 258 393 434
369 1.0112148274908876 0.5188591296612577 0.1335049088641016 0.16126402574423437 456 188 149
370 0.7645637346817546 0.38652240354662665 -0.004522416469088242 -0.2577530487657409 470 112 467
371 0.6697211047444925 0.4505300592304701 1.4669984594909784 0.5424481362542973 268 315 342
372 0.8315836035849138 0.9547191831094589 -0.03200527577337797 -0.2662294905364515 422 167 481
373 0.5340348279336132 0.6320577536363109 0.019017290520118024 0.06030124732880893 415 556 127
374 0.8078593785914057 0.42605039854404203 0.3236529051708903 -0.01728148284196873 467 436 4
375 0.4805848135208846 0.9799864379119477 -0.08058023276413806 -0.05225950228116005 282 118 597
376 0.41864551150482143 0.03564821751675335 -0.15612467776926486 0.02083874947600428 237 282 590
377 0.7224940297765513 0.631338086789407 -0.39575517046248454 -0.0652129297719524 197 98 466
378 0.8677470548285553 0.5083956630774784 -0.05296686665656747 0.340463021664128 346 385 319
379 0.8519812268364368 0.5156418776357092 0.1322239557427496 0.23017775567513166 191 534 385
380 0.8939129271487258 0.5526102099788243 -0.04926942222260866 0.036300894235008485 254 346 582
381 0.8171813353909123 0.5031163744664279 0.293223377523244 0.19517083851838812 195 4 534
382 0.6716083621391491 0.4446400907092844 -0.6261609255620373 0.04292110681355498 315 229 132
383 0.5919503140266988 0.5278133231744736 0.42380240007459935 0.11069446657040183 362 355 81
384 0.7162874838775215 0.3632507825549907 0.08822443921252532 0.08175120302933436 294 341 443
385 0.9664152130264879 0.9223632202589007 -0.1266694550533282 -1.6258299157129468 226 307 150
386 0.08298841523262634 0.2205602060119647 0.0895250793636615 0.3656229818904677 36 312 571
387 0.5539696811241162 0.9973362492761367 0.5841712457217924 0.10003485081304733 597 560 337
388 0.9348025927813921 0.015585395585192952 0.08181034009957511 -0.1703114631962377 454 168 104
389 1.0188003130547363 0.48523595750134696 0.1923490464128541 0.06255923903908389 366 154 188
390 0.03007912967271429 0.5341915588582216 -0.011348090869778282 0.05189389647164422 149 128 581
391 0.0597977706394857 0.2628938390349593 0.06603216307077275 -0.2650123002989613 399 549 186
392 0.5751848599634792 0.6620560370372779 0.02081338712489611 -0.00256461241132655 336 127 50
393 0.6098922290881358 0.6464530898087079 -0.004901674205415318 -0.03887445157446656 50 545 161
394 0.6419381413188061 0.0661270937419313 -0.008549672081414883 0.060034645310569346 8 280 489
395 0.5540468793601456 0.9973033434518683 0.014256443332176343 0.40476414708010344 560 420 500
396 0.6028612362664554 0.00018364220304026638 -0.1806097438272758 -0.149251195430411 513 347 280
397 0.5540787965070121 -0.0026539300937629563 -0.17734919975051802 -0.09950862595535905 552 500 513
398 -0.0010175060789810036 0.627888114389456 -0.05704246303686036 -0.24610470667057732 272 509 499
399 -0.0019385098220136452 0.6688658097646596 -0.11350938869392202 0.05968014485380202 130 272 24
